Scheme Code;Scheme Name;ISIN Div Payout/ISIN Growth;ISIN Div Reinvestment;Net Asset Value;Repurchase Price;Sale Price;Date

Open Ended Schemes ( Income )


Aditya Birla Sun Life Mutual Fund
120704;Aditya Birla Sun Life MIP - Direct Plan - Growth;INF209K01XB7;;39.5016;39.1066;39.5016;28-Dec-2015
119640;Aditya Birla Sun Life MIP - Direct Plan - Monthly Dividend;INF209K01R21;;13.2370;13.1046;13.2370;28-Dec-2015
100970;Aditya Birla Sun Life MIP - Regular Plan - Growth;INF209K01694;;38.8942;38.5053;38.8942;28-Dec-2015
100971;Aditya Birla Sun Life MIP - Regular Plan - Monthly Dividend;INF209K01702;;12.0004;11.8804;12.0004;28-Dec-2015
101713;Aditya Birla Sun Life MIP II - Saving 5 Plan - Growth - Regular Plan;INF209K01728;;27.5744;27.2987;27.5744;28-Dec-2015
120706;Aditya Birla Sun Life MIP II - Savings 5 Plan - Growth / Payment - Direct Plan;INF209K01XE1;;27.9159;27.6367;27.9159;28-Dec-2015
120549;Aditya Birla Sun Life MIP II - Savings 5 Plan - Monthly Dividend - Direct Plan;INF209K01R39;;13.3312;13.1979;13.3312;28-Dec-2015
101711;Aditya Birla Sun Life MIP II - Savings 5 Plan - Monthly Dividend - Regular Plan;INF209K01736;INF209K01DE3;12.7319;12.6046;12.7319;28-Dec-2015
103184;Aditya Birla Sun Life Monthly Income - Dividend - Regular Plan;INF209K01AX9;INF209K01DX3;12.2766;12.1538;12.2766;28-Dec-2015
120572;Aditya Birla Sun Life Monthly Income - Growth - Direct Plan;INF209K01YH2;;56.1317;55.5704;56.1317;28-Dec-2015
103185;Aditya Birla Sun Life Monthly Income - Growth - Regular Plan;INF209K01AZ4;;55.0130;54.4629;55.0130;28-Dec-2015
120574;Aditya Birla Sun Life Monthly Income - Quarterly Dividend - Direct Plan;INF209K01S20;;12.9041;12.7751;12.9041;28-Dec-2015
103186;Aditya Birla Sun Life Monthly Income - Quarterly Dividend - Regular Plan;INF209K01AY7;INF209K01DY1;12.4734;12.3487;12.4734;28-Dec-2015
120573;Aditya Birla Sun Life Monthly Income- Dividend - Direct Plan;INF209KA1LG5;INF209K01YF6;13.2202;13.0880;13.2202;28-Dec-2015

Bandhan Mutual Fund
108784;BANDHAN Dynamic Bond Fund - Annual Dividend;INF194K01QE9;INF194K01QD1;18.7682;18.7682;18.7682;28-Dec-2015
108554;BANDHAN Dynamic Bond Fund - Quarterly Dividend;INF194K01QB5;INF194K01QA7;12.1042;12.1042;12.1042;28-Dec-2015
108625;IDFC - SSIF - ST -Plan B - Growth;INF194K01HM1;;16.7763;16.7763;16.7763;28-Dec-2015
108759;IDFC - SSIF - ST -Plan B - Monthly Dividend;INF194K01HO7;INF194K01HN9;10.2444;10.2444;10.2444;28-Dec-2015
112366;IDFC - SSIF - Short Term- Plan F Dividend;INF194K01IJ5;INF194K01II7;10.7652;10.7652;10.7652;28-Dec-2015
112367;IDFC - SSIF - Short Term- Plan F Growth;INF194K01IH9;;15.8996;15.8996;15.8996;28-Dec-2015
108786;IDFC Dynamic Bond Fund - Growth;INF194K01PZ6;;29.1981;29.1981;29.1981;28-Dec-2015
118381;IDFC Money Manager Fund - Investment Plan -Direct Plan-Daily Dividend;;INF194K01L81;10.0800;10.0800;10.0800;28-Dec-2015
118377;IDFC Money Manager Fund - Investment Plan -Direct Plan-Monthly Dividend;INF194K01M31;INF194K01M23;10.1820;10.1820;10.1820;28-Dec-2015
118380;IDFC Money Manager Fund - Investment Plan -Direct Plan-Periodic Dividend;INF194K01M64;INF194K01M56;11.2019;11.2019;11.2019;28-Dec-2015
118382;IDFC Money Manager Fund - Investment Plan -Direct Plan-Quarterly Dividend;INF194K01L65;INF194K01L57;10.5261;10.5261;10.5261;28-Dec-2015
118378;IDFC Money Manager Fund - Investment Plan -Direct Plan-Weekly Dividend;;INF194K01M07;10.2536;10.2536;10.2536;28-Dec-2015
118379;IDFC Money Manager Fund - Investment Plan-Direct Plan-Growth;INF194K01L16;;23.1225;23.1225;23.1225;28-Dec-2015
108742;IDFC Money Manager Fund-Investment Plan-Regular Plan-Daily Div.;INF194K01NW8;INF194K01NV0;10.1235;10.1235;10.1235;28-Dec-2015
108736;IDFC Money Manager Fund-Investment Plan-Regular Plan-Growth;INF194K01NO5;;22.9801;22.9801;22.9801;28-Dec-2015
108739;IDFC Money Manager Fund-Investment Plan-Regular Plan-Monthly Div.;INF194K01OC8;INF194K01OB0;10.2446;10.2446;10.2446;28-Dec-2015
108740;IDFC Money Manager Fund-Investment Plan-Regular Plan-Weekly Div.;INF194K01NZ1;INF194K01NY4;10.2323;10.2323;10.2323;28-Dec-2015
116669;IDFC-Money Manager Fund-Investment -Regular Plan-Periodic Div.;INF194K01XL0;INF194K01XM8;11.1884;11.1884;11.1884;28-Dec-2015
109247;IDFC-Money Manager Fund-Investment Plan A-Weekly Div.;INF194K01NM9;INF194K01NL1;10.0899;10.0899;10.0899;28-Dec-2015
108734;IDFC-Money Manager Fund-Investment Plan-Annual Div.;INF194K01NA4;INF194K01MZ3;14.6997;14.6997;14.6997;28-Dec-2015
108732;IDFC-Money Manager Fund-Investment Plan-Growth;INF194K01MY6;;22.3579;22.3579;22.3579;28-Dec-2015
108741;IDFC-Money Manager Fund-Investment Plan-Plan A-Daily Div.;INF194K01NG1;INF194K01NF3;10.0800;10.0800;10.0800;28-Dec-2015
108735;IDFC-Money Manager Fund-Investment Plan-Plan A-Monthly Div.;INF194K01NJ5;INF194K01NI7;10.1039;10.1039;10.1039;28-Dec-2015
108733;IDFC-Money Manager Fund-Investment Plan-Qtrly Div.;INF194K01ND8;INF194K01NC0;10.9686;10.9686;10.9686;28-Dec-2015
111922;IDFC-Money Manager Fund-Treasury  Plan D-Growth;INF194K01MN9;;15.5144;15.5144;15.5144;28-Dec-2015
111923;IDFC-Money Manager Fund-Treasury Plan  D-Daily Dividend;INF194K01MP4;INF194K01MR0;10.0378;10.0378;10.0378;28-Dec-2015
108676;IDFC-Money Manager Fund-Treasury Plan-Plan B - Growth;INF194K01LT8;;23.4755;23.4755;23.4755;28-Dec-2015
108677;IDFC-Money Manager Fund-Treasury Plan-Plan B-Daily Div;INF194K01LY8;INF194K01LX0;10.0703;10.0703;10.0703;28-Dec-2015
108679;IDFC-Money Manager Fund-Treasury Plan-Plan B-Mon Div;INF194K01LV4;INF194K01LU6;12.1612;12.1612;12.1612;28-Dec-2015
108678;IDFC-Money Manager Fund-Treasury Plan-Plan B-Weekly Div;INF194K01MB4;INF194K01MA6;10.4237;10.4237;10.4237;28-Dec-2015
112364;IDFC-Money Manager Fund-Treasury Plan-Plan F  Growth;INF194K01MU4;;15.7627;15.7627;15.7627;28-Dec-2015
111681;IDFC SSIF - MT (Plan B)Inst- Growth Plan;INF194K01KK9;;16.0150;16.0150;16.0150;28-Dec-2015
111680;IDFC SSIF - MT (Plan B) Inst - Dividend;INF194K01KV6;INF194K01KU8;10.6295;10.6295;10.6295;28-Dec-2015
112398;IDFC Super Saver Income Fund- IP-Plan F Growth;INF194K01JQ8;;15.8323;15.8323;15.8323;28-Dec-2015
112396;IDFC Super Saver Income Fund- MT-Plan F Dividend;INF194K01LH3;INF194K01LG5;10.6425;10.6425;10.6425;28-Dec-2015
112397;IDFC Super Saver Income Fund- MT-Plan F Growth;INF194K01LF7;;16.3186;16.3186;16.3186;28-Dec-2015

Baroda BNP Paribas Mutual Fund
112314;Baroda Pioneer PSU Bond Fund - Plan A - Growth Option;INF955L01245;;15.5823;15.5044;15.5823;28-Dec-2015
112345;Baroda Pioneer PSU Bond Fund - Plan A - Monthly Dividend Option;INF955L01252;INF955L01260;10.1576;10.1068;10.1576;28-Dec-2015
112346;Baroda Pioneer PSU Bond Fund - Plan A - Quarterly Dividend Option;INF955L01278;INF955L01286;10.4969;10.4444;10.4969;28-Dec-2015
119317;Baroda Pioneer PSU Bond Fund - Plan B (Direct) - Growth Option;INF955L01AY3;;15.7043;15.6258;15.7043;28-Dec-2015
119316;Baroda Pioneer PSU Bond Fund - Plan B (Direct) - Monthly Dividend Option;INF955L01AW7;;10.1583;10.1075;10.1583;28-Dec-2015

Canara Robeco Mutual Fund
118302;Canara Robeco InDiGo Fund - Direct Plan - Growth;INF760K01FJ9;;14.0045;14.0045;14.0045;28-Dec-2015
118303;Canara Robeco InDiGo Fund - Direct Plan - Quarterly Dividend;INF760K01FK7;INF760K01FL5;10.9607;10.9607;10.9607;28-Dec-2015
113101;Canara Robeco InDiGo Fund - Regular Plan - Growth;INF760K01AJ0;;13.7323;13.7323;13.7323;28-Dec-2015
113100;Canara Robeco InDiGo Fund - Regular Plan - Quarterly Dividend;INF760K01AK8;INF760K01AL6;10.4297;10.4297;10.4297;28-Dec-2015
118312;Canara Robeco Short Term Fund- Direct Plan - Growth;INF760K01GH1;;16.9594;16.9594;16.9594;28-Dec-2015
118313;Canara Robeco Short Term Fund- Direct Plan - Monthly Dividend;INF760K01GI9;INF760K01GJ7;10.1305;10.1305;10.1305;28-Dec-2015
118314;Canara Robeco Short Term Fund- Direct Plan - Weekly Dividend;;INF760K01GK5;10.1305;10.1305;10.1305;28-Dec-2015
111879;Canara Robeco Short Term Fund- Institutional Plan - Growth;INF760K01688;;17.0374;17.0374;17.0374;28-Dec-2015
111883;Canara Robeco Short Term Fund- Regular Plan - Growth;INF760K01720;;16.7650;16.7650;16.7650;28-Dec-2015
111882;Canara Robeco Short Term Fund- Regular Plan - Monthly Dividend;INF760K01704;INF760K01712;10.1298;10.1298;10.1298;28-Dec-2015
112081;Canara Robeco Short Term Fund- Regular Plan - Weekly Dividend;;INF760K01738;10.1298;10.1298;10.1298;28-Dec-2015

Deutsche Mutual Fund
122163;DWS Banking and PSU Debt fund - Bonus;INF223J01VH1;;12.6324;12.6324;12.6324;28-Dec-2015
121269;DWS Banking and PSU Debt fund - Monthly Dividend;INF223J01SU0;INF223J01SV8;10.2674;10.2674;10.2674;28-Dec-2015
122220;DWS Banking and PSU Debt fund - Quarterly Bonus;INF223J01VF5;;10.9601;10.9601;10.9601;28-Dec-2015
122074;DWS Banking and PSU Debt fund - Quarterly Dividend;INF223J01VV2;INF223J01VW0;10.3118;10.3118;10.3118;28-Dec-2015
122073;DWS Banking and PSU Debt fund - Weekly Dividend;INF223J01VT6;INF223J01VU4;10.2994;10.2994;10.2994;28-Dec-2015
121270;DWS Banking and PSU Debt fund -Growth;INF223J01SW6;;12.7394;12.7394;12.7394;28-Dec-2015
122219;DWS Banking and PSU Debt fund- Direct Plan-  Quarterly Bonus;INF223J01VG3;;12.8052;12.8052;12.8052;28-Dec-2015
122164;DWS Banking and PSU Debt fund- Direct Plan-  Regular Bonus;INF223J01VI9;;12.7837;12.7837;12.7837;28-Dec-2015
121267;DWS Banking and PSU Debt fund- Direct Plan- Monthly Dividend;INF223J01SX4;INF223J01SY2;10.3853;10.3853;10.3853;28-Dec-2015
122070;DWS Banking and PSU Debt fund- Direct Plan- Quarterly Dividend;INF223J01WB2;INF223J01WC0;10.5732;10.5732;10.5732;28-Dec-2015
121268;DWS Banking and PSU Debt fund- Direct Plan-Growth;INF223J01SZ9;;12.9042;12.9042;12.9042;28-Dec-2015
122979;DWS Cash Opportunities Fund  -  Annual  Bonus;INF223J01WR8;;11.8473;11.8473;11.8473;28-Dec-2015
116386;DWS CASH OPPORTUNITIES FUND - ANNUAL DIV;INF223J01IZ0;INF223J01JA1;11.1027;11.1027;11.1027;28-Dec-2015
114975;DWS CASH OPPORTUNITIES FUND - Bonus Option;INF223J01AC6;;15.4315;15.4315;15.4315;28-Dec-2015
108195;DWS CASH OPPORTUNITIES FUND - DAILY DIV;;INF223J01AD4;10.0271;10.0271;10.0271;28-Dec-2015
122978;DWS Cash Opportunities Fund - Direct Plan -  Annual  Bonus;INF223J01WS6;;11.9797;11.9797;11.9797;28-Dec-2015
119047;DWS Cash Opportunities Fund - Direct Plan - Daily Dividend;;INF223J01MQ1;10.0271;10.0271;10.0271;28-Dec-2015
119048;DWS Cash Opportunities Fund - Direct Plan - Fortnightly Dividend;INF223J01MR9;INF223J01MS7;10.1644;10.1644;10.1644;28-Dec-2015
119049;DWS Cash Opportunities Fund - Direct Plan - Growth;INF223J01MT5;;20.2618;20.2618;20.2618;28-Dec-2015
122211;DWS Cash Opportunities Fund - Direct Plan - Monthly Bonus;INF223J01VS8;;11.0381;11.0381;11.0381;28-Dec-2015
119045;DWS Cash Opportunities Fund - Direct Plan - Monthly Dividend;INF223J01MU3;INF223J01MV1;10.9781;10.9781;10.9781;28-Dec-2015
119052;DWS Cash Opportunities Fund - Direct Plan - Weekly Dividend;INF223J01MY5;INF223J01MZ2;10.2259;10.2259;10.2259;28-Dec-2015
106036;DWS CASH OPPORTUNITIES FUND - FORTNIGHTLY DIV;INF223J01AE2;INF223J01AF9;10.1627;10.1627;10.1627;28-Dec-2015
105973;DWS CASH OPPORTUNITIES FUND - GR;INF223J01AG7;;19.9443;19.9443;19.9443;28-Dec-2015
122212;DWS CASH OPPORTUNITIES FUND - Monthly Bonus Option;INF223J01VR0;;11.0132;11.0132;11.0132;28-Dec-2015
105974;DWS CASH OPPORTUNITIES FUND - MONTHLY DIV;INF223J01AH5;INF223J01AI3;10.9570;10.9570;10.9570;28-Dec-2015
116385;DWS CASH OPPORTUNITIES FUND - QUARTERLY DIV;INF223J01IV9;INF223J01IW7;10.1595;10.1595;10.1595;28-Dec-2015
106035;DWS CASH OPPORTUNITIES FUND - WEEKLY DIV;INF223J01AJ1;INF223J01AK9;10.1114;10.1114;10.1114;28-Dec-2015
107380;DWS CASH OPPORTUNITIES FUND INSTITUTIONAL -GR;INF223J01978;;18.7268;18.7268;18.7268;28-Dec-2015
108243;DWS CASH OPPORTUNITIES FUND INSTITUTIONAL -Weekly;INF223J01AA0;INF223J01AB8;10.0835;10.0835;10.0835;28-Dec-2015
108244;DWS CASH OPPORTUNITIES FUND INSTITUTIONAL-Daily;;INF223J01945;10.0443;10.0443;10.0443;28-Dec-2015
131138;DWS Corporate Debt Opportunites Fund - Direct Plan - Quarterly Dividend;INF223J019S3;INF223J014T2;10.6999;10.5929;10.6999;28-Dec-2015
131141;DWS Corporate Debt Opportunites Fund - Regular Plan - Quarterly Dividend;INF223J018R7;INF223J013S6;10.4937;10.3888;10.4937;28-Dec-2015
131136;DWS Corporate Debt Opportunities Fund - Direct Plan - Growth;INF223J012T6;;11.5756;11.4598;11.5756;28-Dec-2015
131145;DWS Corporate Debt Opportunities Fund - Regular Plan - Annual Dividend;INF223J010S2;INF223J015S1;11.4436;11.3292;11.4436;28-Dec-2015
131146;DWS Corporate Debt Opportunities Fund - Regular Plan - Dividend;INF223J017R9;INF223J012S8;11.2179;11.1057;11.2179;28-Dec-2015
131143;DWS Corporate Debt Opportunities Fund - Regular Plan - Growth;INF223J011S0;;11.4430;11.3286;11.4430;28-Dec-2015
131144;DWS Corporate Debt Opportunities Fund - Regular Plan - Monthly Dividend;INF223J019R5;INF223J014S4;10.4115;10.3074;10.4115;28-Dec-2015
127093;DWS FIXED MATURITY PLAN - SERIES 47 - DIRECT PLAN -GROWTH;INF223JA1GT3;;11.7484;11.7484;11.7484;28-Dec-2015
127095;DWS FIXED MATURITY PLAN - SERIES 47 - REGULAR PLAN -GROWTH;INF223JA1GP1;;11.6778;11.6778;11.6778;28-Dec-2015
118972;DWS Income Advantage Fund - Direct Plan - Growth;INF223J01NN6;;18.0011;17.7311;18.0011;28-Dec-2015
106882;DWS Income Advantage Fund - Dividend;INF223J01CA6;INF223J01CB4;10.1038;9.9522;10.1038;28-Dec-2015
106881;DWS Income Advantage Fund - Growth;INF223J01BZ5;;17.5147;17.2520;17.5147;28-Dec-2015
126455;DWS Inflation Indexed Bond Fund - Direct Plan - Growth;INF223J01I19;;10.6625;10.6625;10.6625;28-Dec-2015
126461;DWS Inflation Indexed Bond Fund - Direct Plan - Quarterly Dividend;INF223J01H69;INF223J01H93;10.4187;10.4187;10.4187;28-Dec-2015
126447;DWS Inflation Indexed Bond Fund - Direct Plan - Regular Dividend;INF223J01H51;INF223J01H85;10.6623;10.6623;10.6623;28-Dec-2015
126458;DWS Inflation Indexed Bond Fund - Regular Plan - Bonus;INF223J01H44;;10.5162;10.5162;10.5162;28-Dec-2015
126459;DWS Inflation Indexed Bond Fund - Regular Plan - Growth;INF223J01H36;;10.5119;10.5119;10.5119;28-Dec-2015
126462;DWS Inflation Indexed Bond Fund - Regular Plan - Monthly Dividend;INF223J01G94;INF223J01H28;10.4191;10.4191;10.4191;28-Dec-2015
126460;DWS Inflation Indexed Bond Fund - Regular Plan - Quarterly Dividend;INF223J01G86;INF223J01H10;10.5153;10.5153;10.5153;28-Dec-2015
126457;DWS Inflation Indexed Bond Fund - Regular Plan - Regular Dividend;INF223J01G78;INF223J01H02;10.5119;10.5119;10.5119;28-Dec-2015
116381;DWS Low Duration Fund - Annual Dividend;INF223J01JX3;INF223J01JY1;13.1606;13.1277;13.1606;28-Dec-2015
104426;DWS Low Duration Fund - Daily Dividend;;INF223J01CC2;10.3262;10.3004;10.3262;28-Dec-2015
119030;DWS Low Duration Fund - Direct Plan - Annual Dividend;INF223J01OA1;INF223J01OB9;13.2009;13.1679;13.2009;28-Dec-2015
119031;DWS Low Duration Fund - Direct Plan - Daily Dividend;;INF223J01OD5;10.3262;10.3004;10.3262;28-Dec-2015
119033;DWS Low Duration Fund - Direct Plan - Growth;INF223J01OE3;;15.9684;15.9285;15.9684;28-Dec-2015
119034;DWS Low Duration Fund - Direct Plan - Monthly Dividend;INF223J01OF0;INF223J01OG8;11.7558;11.7264;11.7558;28-Dec-2015
119032;DWS Low Duration Fund - Direct Plan - Weekly Dividend;INF223J01OJ2;INF223J01OK0;13.2167;13.1837;13.2167;28-Dec-2015
104425;DWS Low Duration Fund - Growth;;INF223J01CE8;15.5320;15.4932;15.5320;28-Dec-2015
116382;DWS Low Duration Fund - Institutional Plan - Regular Dividend;INF223J01JZ8;INF223J01KA9;10.1741;10.1487;10.1741;28-Dec-2015
104428;DWS Low Duration Fund - Monthly Dividend;INF223J01CF5;INF223J01CG3;11.7473;11.7179;11.7473;28-Dec-2015
110073;DWS Low Duration Fund - Regular Plan - Bonus;INF223J01CJ7;;12.9287;12.8964;12.9287;28-Dec-2015
104234;DWS Low Duration Fund - Regular Plan - Daily Dividend;;INF223J01CK5;12.1416;12.1112;12.1416;28-Dec-2015
103591;DWS Low Duration Fund - Regular Plan - Growth;INF223J01CL3;;19.8236;19.7740;19.8236;28-Dec-2015
103590;DWS Low Duration Fund - Regular Plan - Monthly Dividend;INF223J01CM1;INF223J01CN9;10.3212;10.2954;10.3212;28-Dec-2015
103592;DWS Low Duration Fund - Regular Plan - Weekly Dividend;INF223J01CO7;INF223J01CP4;10.1666;10.1412;10.1666;28-Dec-2015
104427;DWS Low Duration Fund - Weekly Dividend;INF223J01CH1;INF223J01CI9;10.3248;10.2990;10.3248;28-Dec-2015
134405;DWS Medium Term Income Fund - Direct Plan - Monthly Dividend;;;10.2400;10.1376;10.2400;28-Dec-2015
134408;DWS Medium Term Income Fund - Regular Plan - Monthly Dividend;;;10.2425;10.1401;10.2425;28-Dec-2015
127422;DWS Medium Term Income Fund- Direct Plan - Regular Dividend;INF223J01N46;INF223J01N53;11.0121;10.9020;11.0121;28-Dec-2015
127423;DWS Medium Term Income Fund- Direct Plan- Growth;INF223J01N61;;12.3531;12.2296;12.3531;28-Dec-2015
127392;DWS Medium Term Income Fund- Regular Plan - Regular Dividend;INF223J01N12;INF223J01N20;10.8775;10.7687;10.8775;28-Dec-2015
127424;DWS Medium Term Income Fund- Regular Plan- Growth;INF223J01N38;;12.2120;12.0899;12.2120;28-Dec-2015
122688;DWS Premier Bond Fund - Annual Bonus;INF223J01WZ1;;23.6434;23.4070;23.6434;28-Dec-2015
101731;DWS Premier Bond Fund - Annual Dividend;INF223J01CY6;INF223J01CZ3;10.7133;10.6062;10.7133;28-Dec-2015
114973;DWS Premier Bond Fund - Bonus;INF223J01DA4;;14.4282;14.2839;14.4282;28-Dec-2015
118974;DWS Premier Bond Fund - Direct Plan - Annual Dividend;INF223J01OM6;INF223J01OL8;11.5064;11.3913;11.5064;28-Dec-2015
118975;DWS Premier Bond Fund - Direct Plan - Growth;INF223J01OO2;;24.3059;24.0628;24.3059;28-Dec-2015
122221;DWS Premier Bond Fund - Direct Plan - Half-Yearly Bonus;INF223J01WG1;;12.4564;12.3318;12.4564;28-Dec-2015
118976;DWS Premier Bond Fund - Direct Plan - Monthly Dividend;INF223J01OP9;INF223J01OQ7;15.4399;15.2855;15.4399;28-Dec-2015
118977;DWS Premier Bond Fund - Direct Plan - Quarterly Dividend;INF223J01OR5;INF223J01OS3;12.6356;12.5092;12.6356;28-Dec-2015
101732;DWS Premier Bond Fund - Growth;INF223J01DB2;;23.6435;23.4071;23.6435;28-Dec-2015
122222;DWS Premier Bond Fund - Half-Yearly Bonus;INF223J01WF3;;11.0437;10.9333;11.0437;28-Dec-2015
101730;DWS Premier Bond Fund - Monthly Dividend;INF223J01DC0;INF223J01DD8;13.3572;13.2236;13.3572;28-Dec-2015
111723;DWS Premier Bond Fund - Premium Plus Plan - Growth;INF223J01CQ2;;13.9377;13.7983;13.9377;28-Dec-2015
101729;DWS Premier Bond Fund - Quarterly Dividend;INF223J01DE6;INF223J01DF3;11.7987;11.6807;11.7987;28-Dec-2015
122684;DWS Short Maturity Fund - Annual Bonus;INF223J01XB0;;17.7214;17.5885;17.7214;28-Dec-2015
116360;DWS Short Maturity Fund - Annual Dividend;INF223J01KD3;INF223J01KE1;10.7202;10.6398;10.7202;28-Dec-2015
114968;DWS Short Maturity Fund - Bonus;INF223J01DW8;;15.3015;15.1867;15.3015;28-Dec-2015
122683;DWS Short Maturity Fund - Direct Plan - Annual Bonus;INF223J01XC8;;18.1684;18.0321;18.1684;28-Dec-2015
118982;DWS Short Maturity Fund - Direct Plan - Growth;INF223J01OW5;;27.2529;27.0485;27.2529;28-Dec-2015
122218;DWS Short Maturity Fund - Direct Plan - Half Yearly Bonus;INF223J01WI7;;12.1043;12.0135;12.1043;28-Dec-2015
118980;DWS Short Maturity Fund - Direct Plan - Monthly Dividend;INF223J01OX3;INF223J01OY1;12.9882;12.8908;12.9882;28-Dec-2015
118984;DWS Short Maturity Fund - Direct Plan - Weekly Dividend;INF223J01OZ8;INF223J01PA8;10.4639;10.3854;10.4639;28-Dec-2015
101627;DWS Short Maturity Fund - Growth;INF223J01DT4;;26.5824;26.3830;26.5824;28-Dec-2015
122217;DWS Short Maturity Fund - Half Yearly Bonus;INF223J01WH9;;10.7406;10.6600;10.7406;28-Dec-2015
111556;DWS Short Maturity Fund - Institutional Plan - Growth;INF223J01DG1;;17.3986;17.2681;17.3986;28-Dec-2015
101625;DWS Short Maturity Fund - Monthly Dividend;INF223J01DU2;INF223J01DV0;12.6397;12.5449;12.6397;28-Dec-2015
114749;DWS Short Maturity Fund - Premium Plus - Growth;INF223J01DN7;;15.2798;15.1652;15.2798;28-Dec-2015
111872;DWS Short Maturity Fund - Premium Plus - Quarterly Dividend;INF223J01DQ0;INF223J01DR8;10.5459;10.4668;10.5459;28-Dec-2015
111871;DWS Short Maturity Fund - Premium Plus Plan - Monthly Dividend;INF223J01DO5;INF223J01DP2;10.3650;10.2873;10.3650;28-Dec-2015
116347;DWS Short Maturity Fund - Quarterly Dividend;INF223J01KB7;INF223J01KC5;10.4008;10.3228;10.4008;28-Dec-2015
101626;DWS Short Maturity Fund - Weekly Dividend;INF223J01DX6;INF223J01DY4;10.2365;10.1597;10.2365;28-Dec-2015
122678;DWS Ultra Short Term Fund - Annual Bonus;INF223J01XH7;;17.8494;17.8494;17.8494;28-Dec-2015
116374;DWS Ultra Short Term Fund - Annual Dividend;INF223J01JJ2;INF223J01JK0;13.4920;13.4920;13.4920;28-Dec-2015
110071;DWS Ultra Short Term Fund - Bonus;INF223J01FN2;;13.3969;13.3969;13.3969;28-Dec-2015
109301;DWS Ultra Short Term Fund - Daily Dividend;;INF223J01FH4;10.0203;10.0203;10.0203;28-Dec-2015
122677;DWS Ultra Short Term Fund - Direct Plan - Annual Bonus;INF223J01XI5;;11.9404;11.9404;11.9404;28-Dec-2015
119043;DWS Ultra Short Term Fund - Direct Plan - Bonus;INF223J01QK5;;13.4555;13.4555;13.4555;28-Dec-2015
119041;DWS Ultra Short Term Fund - Direct Plan - Daily Dividend;;INF223J01QL3;10.0179;10.0179;10.0179;28-Dec-2015
119038;DWS Ultra Short Term Fund - Direct Plan - Growth;INF223J01QO7;;17.9551;17.9551;17.9551;28-Dec-2015
122208;DWS Ultra Short Term Fund - Direct Plan - Monthly Bonus;INF223J01VK5;;10.6937;10.6937;10.6937;28-Dec-2015
119039;DWS Ultra Short Term Fund - Direct Plan - Monthly Dividend;INF223J01QP4;INF223J01QQ2;10.9097;10.9097;10.9097;28-Dec-2015
119044;DWS Ultra Short Term Fund - Direct Plan - Quarterly Dividend;INF223J01QT6;INF223J01QU4;10.7235;10.7235;10.7235;28-Dec-2015
119042;DWS Ultra Short Term Fund - Direct Plan - Weekly Dividend;INF223J01QR0;INF223J01QS8;10.2759;10.2759;10.2759;28-Dec-2015
112306;DWS Ultra Short Term Fund - Dividend;INF223J01FI2;INF223J01FJ0;12.2588;12.2588;12.2588;28-Dec-2015
109302;DWS Ultra Short Term Fund - Growth;INF223J01FK8;;17.8443;17.8443;17.8443;28-Dec-2015
122207;DWS Ultra Short Term Fund - Monthly Bonus;INF223J01VJ7;;10.9437;10.9437;10.9437;28-Dec-2015
109303;DWS Ultra Short Term Fund - Monthly Dividend;INF223J01FL6;INF223J01FM4;10.6206;10.6206;10.6206;28-Dec-2015
116373;DWS Ultra Short Term Fund - Quarterly Dividend;INF223J01JH6;INF223J01JI4;10.9983;10.9983;10.9983;28-Dec-2015
110072;DWS Ultra Short Term Fund - Regular Plan - Bonus;INF223J01GA7;;14.0591;14.0591;14.0591;28-Dec-2015
107821;DWS Ultra Short Term Fund - Regular Plan - Daily Dividend;;INF223J01FW3;10.0215;10.0215;10.0215;28-Dec-2015
107820;DWS Ultra Short Term Fund - Regular Plan - Growth;INF223J01FX1;;23.3411;23.3411;23.3411;28-Dec-2015
107823;DWS Ultra Short Term Fund - Regular Plan - Monthly Dividend;INF223J01FY9;INF223J01FZ6;10.4748;10.4748;10.4748;28-Dec-2015
107822;DWS Ultra Short Term Fund - Regular Plan - Weekly Dividend;INF223J01GB5;INF223J01GC3;10.5091;10.5091;10.5091;28-Dec-2015
109300;DWS Ultra Short Term Fund - Weekly Dividend;INF223J01FO0;INF223J01FP7;10.0878;10.0878;10.0878;28-Dec-2015

DSP Mutual Fund
111785;DSP BlackRock Strategic Bond Fund - Regular Plan - Daily Dividend;;;1020.7561;1020.7561;1020.7561;28-Dec-2015
105665;DSP BlackRock Strategic Bond Fund - Regular Plan - Dividend;INF740K01QT7;INF740K01QW1;1184.9424;1184.9424;1184.9424;28-Dec-2015
105666;DSP BlackRock Strategic Bond Fund - Regular Plan - Growth;INF740K01QU5;;1890.2332;1890.2332;1890.2332;28-Dec-2015
105664;DSP BlackRock Strategic Bond Fund - Regular Plan - Monthly Dividend;INF740K01698;INF740K01QX9;1033.3451;1033.3451;1033.3451;28-Dec-2015
105877;DSP BlackRock Strategic Bond Fund - Regular Plan - Weekly Dividend;;;1020.7562;1020.7562;1020.7562;28-Dec-2015
104143;DSP BlackRock Ultra Short Fund - Institutional Plan - Daily Dividend Reinvest;;;1004.2306;1004.2306;1004.2306;28-Dec-2015
104142;DSP BlackRock Ultra Short Fund - Institutional Plan - Growth;INF740K01FS2;;2070.2030;2070.2030;2070.2030;28-Dec-2015
103275;DSP Credit Risk Fund - Institutional Plan-Daily Dividend Reinvest;;;1012.2660;1002.1433;1012.2660;28-Dec-2015
103277;DSP Credit Risk Fund - Institutional Plan-Growth;INF740K01FN3;;2199.2182;2177.2260;2199.2182;28-Dec-2015

Edelweiss Mutual Fund
109955;Edelweiss Bond Fund  - Growth Option;INF754K01AH7;;1760.7253;1760.7253;1760.7253;28-Dec-2015
118648;Edelweiss Bond Fund  -Direct Plan- Growth Option;INF754K01CQ4;;1762.5276;1762.5276;1762.5276;28-Dec-2015
109950;Edelweiss Bond Fund - Daily Dividend Option;;INF754K01AL9;1001.6123;1001.6123;1001.6123;28-Dec-2015
109957;Edelweiss Bond Fund - Fortnightly Dividend Option;;INF754K01AN5;1004.8206;1004.8206;1004.8206;28-Dec-2015
109954;Edelweiss Bond Fund - Monthly Dividend Option;INF754K01AI5;INF754K01AK1;1007.1298;1007.1298;1007.1298;28-Dec-2015
109956;Edelweiss Bond Fund - Retail Plan - Daily Dividend Option;;INF754K01AE4;1001.6123;1001.6123;1001.6123;28-Dec-2015
109953;Edelweiss Bond Fund - Retail Plan - Fortnightly Dividend Option;;INF754K01AG9;1004.8556;1004.8556;1004.8556;28-Dec-2015
109949;Edelweiss Bond Fund - Retail Plan - Growth Option;INF754K01AA2;;1702.0220;1702.0220;1702.0220;28-Dec-2015
109958;Edelweiss Bond Fund - Retail Plan - Monthly Dividend Option;INF754K01AB0;INF754K01AD6;1007.5520;1007.5520;1007.5520;28-Dec-2015
109951;Edelweiss Bond Fund - Retail Plan - Weekly Dividend Option;;INF754K01AF1;1002.9521;1002.9521;1002.9521;28-Dec-2015
109952;Edelweiss Bond Fund - Weekly Dividend Option;;INF754K01AM7;1006.9093;1006.9093;1006.9093;28-Dec-2015
118649;Edelweiss Bond Fund -Direct Plan- Daily Dividend Option;;INF754K01CU6;1001.6123;1001.6123;1001.6123;28-Dec-2015
126529;Edelweiss Short Term Income Fund - Bonus Option;INF754K01DX8;;16.8620;16.7777;16.8620;28-Dec-2015
118646;Edelweiss Short Term Income Fund - Direct Plan- Growth Option;;;16.9698;16.8850;16.9698;28-Dec-2015
110287;Edelweiss Short Term Income Fund - Dividend Option;INF754K01830;INF754K01848;12.7004;12.6369;12.7004;28-Dec-2015
110285;Edelweiss Short Term Income Fund - Growth Option;INF754K01822;;16.8620;16.7777;16.8620;28-Dec-2015
110286;Edelweiss Short Term Income Fund - Institutional Plan - Growth Option;INF754K01855;;16.1885;16.1076;16.1885;28-Dec-2015

HDFC Mutual Fund
132851;HDFC Regular Savings Fund - Direct Option - Normal Dividend Option;INF179KA1D58;;11.0857;11.0026;11.0857;28-Dec-2015
132850;HDFC Regular Savings Fund - Regular Option - Normal Dividend Option;INF179KA1D74;;11.1524;11.0688;11.1524;28-Dec-2015
119079;HDFC Regular Savings Fund -Direct Plan - Growth Option;INF179K01YP0;;29.1016;28.8833;29.1016;28-Dec-2015
119078;HDFC Regular Savings Fund -Direct Plan - Monthly Dividend Option;INF179K01YN5;INF179K01YO3;10.3655;10.2878;10.3655;28-Dec-2015
101430;HDFC Regular Savings Fund-GROWTH;INF179K01AY2;;28.8354;28.6191;28.8354;28-Dec-2015
101431;HDFC Regular Savings Fund-Monthly Dividend Option;INF179K01AW6;INF179K01AX4;10.3610;10.2833;10.3610;28-Dec-2015

HSBC Mutual Fund
102257;HSBC MIP - Regular -  Dividend - Monthly;INF336L01057;INF336L01065;11.6249;11.6249;11.6249;28-Dec-2015
102258;HSBC MIP - Regular - Dividend - Quarterly;INF336L01073;INF336L01081;11.9592;11.9592;11.9592;28-Dec-2015
102259;HSBC MIP - Regular - Growth;INF336L01040;;24.9234;24.9234;24.9234;28-Dec-2015
120072;HSBC MIP-Regular Plan-Growth Direct;INF336L01DR4;;25.3583;25.3583;25.3583;28-Dec-2015

ICICI Prudential Mutual Fund
103062;ICICI Prudential Blended Plan B -  Dividend Option - I;INF109K01EA1;INF109K01AQ5;13.7056;13.6713;13.7056;28-Dec-2015
103061;ICICI Prudential Blended Plan B -  Growth Option - I;INF109K01AR3;;21.8334;21.7788;21.8334;28-Dec-2015
114376;ICICI Prudential Blended Plan B -  Monthly Dividend Option - I;INF109K01VV1;INF109K01ID6;10.2299;10.2043;10.2299;28-Dec-2015
114238;ICICI Prudential Blended Plan B - Daily Dividend Option - I;INF109K01VW9;;11.3823;11.3538;11.3823;28-Dec-2015
120302;ICICI Prudential Blended Plan B - Direct Plan -  Dividend Option - I;INF109K015J6;INF109K016J4;16.1519;16.1115;16.1519;28-Dec-2015
120300;ICICI Prudential Blended Plan B - Direct Plan -  Growth Option - I;INF109K017J2;;21.9297;21.8749;21.9297;28-Dec-2015
120301;ICICI Prudential Blended Plan B - Direct Plan -  Monthly Dividend Option - I;INF109K018J0;INF109K019J8;10.2715;10.2458;10.2715;28-Dec-2015
123542;ICICI Prudential Blended Plan B - Direct Plan - Quarterly Dividend Option - I;INF109KA1CK7;INF109KA1CJ9;10.7078;10.6810;10.7078;28-Dec-2015
131149;ICICI Prudential Blended Plan B - Half Yearly Dividend Option - I;INF109KA1M39;INF109KA1M21;10.3818;10.3558;10.3818;28-Dec-2015
132979;ICICI Prudential Blended Plan B - option I-Bonus;INF109KA1392;;10.9066;10.8793;10.9066;28-Dec-2015
120303;ICICI Prudential Blended Plan B-Direct Plan -  Daily Dividend Option - I;INF109K014J9;;10.9572;10.9298;10.9572;28-Dec-2015
101098;ICICI Prudential Child Care Plan Study - Cumulative;INF109K01597;;55.9856;55.4257;55.9856;28-Dec-2015
120691;ICICI Prudential Child Care Plan Study - Direct Plan- Cumulative;INF109K01Y56;;57.6096;57.0335;57.6096;28-Dec-2015
131621;ICICI Prudential Dynamic Bond Fund - Annual Dividend;INF109KA15C5;INF109KA14C8;10.4050;10.4050;10.4050;28-Dec-2015
122613;ICICI Prudential Dynamic Bond Fund - Bonus;INF109KA1350;;16.3742;16.3742;16.3742;28-Dec-2015
113055;ICICI Prudential Dynamic Bond Fund - Daily Dividend;INF109K01PJ8;;10.0920;10.0920;10.0920;28-Dec-2015
120584;ICICI Prudential Dynamic Bond Fund - Direct Plan -  Daily Dividend;INF109K016K2;;10.4737;10.4737;10.4737;28-Dec-2015
120582;ICICI Prudential Dynamic Bond Fund - Direct Plan -  Growth;INF109K017K0;;16.6701;16.6701;16.6701;28-Dec-2015
120581;ICICI Prudential Dynamic Bond Fund - Direct Plan -  Half Yearly Dividend;INF109K018K8;INF109K019K6;10.8133;10.8133;10.8133;28-Dec-2015
120580;ICICI Prudential Dynamic Bond Fund - Direct Plan -  Monthly Dividend;INF109K010L3;INF109K011L1;10.4212;10.4212;10.4212;28-Dec-2015
131620;ICICI Prudential Dynamic Bond Fund - Direct Plan - Annual Dividend;INF109KA17C1;INF109KA16C3;10.5112;10.5112;10.5112;28-Dec-2015
131199;ICICI Prudential Dynamic Bond Fund - Direct Plan - Bonus Option;INF109KA1343;;16.5111;16.5111;16.5111;28-Dec-2015
120583;ICICI Prudential Dynamic Bond Fund - Direct Plan - Quarterly Dividend;INF109K012L9;INF109K013L7;10.3699;10.3699;10.3699;28-Dec-2015
111996;ICICI Prudential Dynamic Bond Fund - Growth;INF109K01CB3;;16.3743;16.3743;16.3743;28-Dec-2015
112005;ICICI Prudential Dynamic Bond Fund - Half Yearly Dividend;INF109K01PK6;INF109K01IY2;10.8958;10.8958;10.8958;28-Dec-2015
111997;ICICI Prudential Dynamic Bond Fund - Monthly Dividend;INF109K01FE0;INF109K01CC1;10.7652;10.7652;10.7652;28-Dec-2015
112002;ICICI Prudential Dynamic Bond Fund - Premium Plus Growth;INF109K01RW7;;16.7255;16.7255;16.7255;28-Dec-2015
111998;ICICI Prudential Dynamic Bond Fund - Quarterly Dividend;INF109K01FF7;INF109K01CD9;10.3512;10.3512;10.3512;28-Dec-2015
106290;ICICI Prudential Interval Fund - Annual Interval Plan I - Retail Dividend;INF109K01KM3;;11.0210;N.A.;N.A.;28-Dec-2015
106292;ICICI Prudential Interval Fund - Annual Interval Plan I - Retail Growth;INF109K01KL5;;19.8792;N.A.;N.A.;28-Dec-2015
130958;ICICI Prudential Interval Fund Annual Interval Plan - I - Direct Plan Bonus;INF109KA1C80;;11.1498;N.A.;N.A.;28-Dec-2015
106291;ICICI Prudential Interval Fund Annual Interval Plan I -  Growth;INF109K01KN1;;15.8859;N.A.;N.A.;28-Dec-2015
120625;ICICI Prudential Interval Fund Annual Interval Plan I - Direct Plan -  Growth;INF109K01K45;;15.9044;N.A.;N.A.;28-Dec-2015
106293;ICICI Prudential Interval Fund Annual Interval Plan I - Dividend;INF109K01KO9;;11.0503;N.A.;N.A.;28-Dec-2015
106762;ICICI Prudential Interval Fund - Annual Interval Plan II - Retail Dividend;INF109K01KQ4;;12.1013;N.A.;N.A.;28-Dec-2015
106763;ICICI Prudential Interval Fund - Annual Interval Plan II - Retail Growth;INF109K01KP6;;19.1778;N.A.;N.A.;28-Dec-2015
120627;ICICI Prudential Interval Fund Annual Interval Plan II - Direct Plan -  Growth;INF109K01K60;;19.8047;N.A.;N.A.;28-Dec-2015
106761;ICICI Prudential Interval Fund Annual Interval Plan II - Growth;INF109K01KR2;;19.7811;N.A.;N.A.;28-Dec-2015
106778;ICICI Prudential Interval Fund - Annual Interval Plan III - Retail Dividend;INF109K01KU6;;11.8824;N.A.;N.A.;28-Dec-2015
106777;ICICI Prudential Interval Fund - Annual Interval Plan III - Retail Growth;INF109K01KT8;;19.2105;N.A.;N.A.;28-Dec-2015
120629;ICICI Prudential Interval Fund Annual Interval Plan III - Direct Plan -  Growth;INF109K01K86;;15.5927;N.A.;N.A.;28-Dec-2015
106779;ICICI Prudential Interval Fund Annual Interval Plan III - Growth;INF109K01KV4;;15.5714;N.A.;N.A.;28-Dec-2015
106832;ICICI Prudential Interval Fund - Annual Interval Plan IV - Retail Dividend;INF109K01KI1;;11.7472;N.A.;N.A.;28-Dec-2015
106833;ICICI Prudential Interval Fund - Annual Interval Plan IV - Retail Growth;INF109K01KH3;;19.1914;N.A.;N.A.;28-Dec-2015
120631;ICICI Prudential Interval Fund Annual Interval Plan IV - Direct Plan -  Growth;INF109K01L02;;18.0223;N.A.;N.A.;28-Dec-2015
106831;ICICI Prudential Interval Fund Annual Interval Plan IV - Growth;INF109K01KJ9;;17.9967;N.A.;N.A.;28-Dec-2015
106852;ICICI Prudential Interval Fund - Half Yearly Interval Plan II - Retail Dividend;INF109K01LM1;;10.0758;N.A.;N.A.;28-Dec-2015
106853;ICICI Prudential Interval Fund - Half Yearly Interval Plan II - Retail Growth;INF109K01LL3;;18.2425;N.A.;N.A.;28-Dec-2015
120633;ICICI Prudential Interval Fund Half Yearly Interval Plan II - Direct Plan -  Growth;INF109K01M27;;15.3818;N.A.;N.A.;28-Dec-2015
112291;ICICI Prudential Interval Fund Half Yearly Interval Plan II - Growth;INF109K01LH1;;15.3732;N.A.;N.A.;28-Dec-2015
105650;ICICI Prudential Interval Fund - Monthly Interval Plan I - Retail Dividend;INF109K01ON3;;10.0316;N.A.;N.A.;28-Dec-2015
105651;ICICI Prudential Interval Fund - Monthly Interval Plan I - Retail Growth;INF109K01OM5;;19.0488;N.A.;N.A.;28-Dec-2015
120636;ICICI Prudential Interval Fund Monthly Interval Plan I - Direct Plan -  Growth;INF109K01L28;;12.1221;N.A.;N.A.;28-Dec-2015
109680;ICICI Prudential Interval Fund Monthly Interval Plan I - Dividend;INF109K01OL7;INF109K01OK9;10.0317;N.A.;N.A.;28-Dec-2015
109679;ICICI Prudential Interval Fund Monthly Interval Plan I - Growth;INF109K01OJ1;;12.1064;N.A.;N.A.;28-Dec-2015
105711;ICICI Prudential Interval Fund - Quarterly Interval Plan I - Retail Dividend;INF109K01LU4;;10.0324;N.A.;N.A.;28-Dec-2015
105710;ICICI Prudential Interval Fund - Quarterly Interval Plan I - Retail Growth;INF109K01LT6;;19.7816;N.A.;N.A.;28-Dec-2015
120638;ICICI Prudential Interval Fund Quarterly Interval Plan 1 - Direct Plan -  Growth;INF109K01L69;;15.8467;N.A.;N.A.;28-Dec-2015
120637;ICICI Prudential Interval Fund Quarterly Interval Plan 1 - Direct Plan - Dividend;INF109K01L77;;10.0317;N.A.;N.A.;28-Dec-2015
111405;ICICI Prudential Interval Fund Quarterly Interval Plan 1 - Growth;INF109K01LP4;;15.8203;N.A.;N.A.;28-Dec-2015
111406;ICICI Prudential Interval Fund Quarterly Interval Plan 1 -Dividend;INF109K01LR0;INF109K01LQ2;10.0314;N.A.;N.A.;28-Dec-2015
105907;ICICI Prudential Interval Fund - Quarterly Interval Plan II - Retail Dividend;INF109K01MC0;;10.1679;N.A.;N.A.;28-Dec-2015
105908;ICICI Prudential Interval Fund - Quarterly Interval Plan II - Retail Growth;INF109K01MB2;;19.5751;N.A.;N.A.;28-Dec-2015
120639;ICICI Prudential Interval Fund II Quarterly Interval - Direct Plan -  Growth;INF109K01L85;;17.7904;N.A.;N.A.;28-Dec-2015
110203;ICICI Prudential Interval Fund II Quarterly Interval - Dividend;INF109K01LZ3;INF109K01LY6;10.1417;N.A.;N.A.;28-Dec-2015
110204;ICICI Prudential Interval Fund II Quarterly Interval - Growth;INF109K01LX8;;17.7704;N.A.;N.A.;28-Dec-2015
127399;ICICI Prudential Interval Fund - Quarterly Interval Plan III - Direct Quarterly Dividend Payout;INF109K01N91;;10.0800;N.A.;N.A.;28-Dec-2015
106141;ICICI Prudential Interval Fund - Quarterly Interval Plan III - Retail Dividend;INF109K01MK3;;10.0788;N.A.;N.A.;28-Dec-2015
106142;ICICI Prudential Interval Fund - Quarterly Interval Plan III - Retail Growth;INF109K01MJ5;;18.8921;N.A.;N.A.;28-Dec-2015
120654;ICICI Prudential Interval Fund III Quarterly Interval - Direct Plan -  Dividend;INF109K01M19;;10.2582;N.A.;N.A.;28-Dec-2015
120655;ICICI Prudential Interval Fund III Quarterly Interval - Direct Plan -  Growth;INF109K01M01;;15.8736;N.A.;N.A.;28-Dec-2015
110556;ICICI Prudential Interval Fund III Quarterly Interval - Dividend;INF109K01MH9;INF109K01MG1;10.0789;N.A.;N.A.;28-Dec-2015
110555;ICICI Prudential Interval Fund III Quarterly Interval - Growth;INF109K01MF3;;15.8390;N.A.;N.A.;28-Dec-2015
121129;ICICI Prudential Interval Fund - Series VI - Annual Interval Plan - A - Cumulative;INF109K015G2;;12.8330;N.A.;N.A.;28-Dec-2015
121127;ICICI Prudential Interval Fund - Series VI - Annual Interval Plan - A - Direct Plan - Cumulative;INF109K013G7;;12.8529;N.A.;N.A.;28-Dec-2015
121364;ICICI Prudential Interval Fund - Series VI - Annual Interval Plan - C - Cumulative;INF109K014Q4;;12.7641;N.A.;N.A.;28-Dec-2015
121362;ICICI Prudential Interval Fund - Series VI - Annual Interval Plan - C - Direct Plan - Cumulative;INF109K016Q9;;12.8035;N.A.;N.A.;28-Dec-2015
121441;ICICI Prudential Interval Fund - Series VI - Annual Interval Plan - D - Cumulative;INF109K018Q5;;12.6999;N.A.;N.A.;28-Dec-2015
121440;ICICI Prudential Interval Fund - Series VI - Annual Interval Plan - D - Direct Plan - Cumulative;INF109K010R0;;12.7258;N.A.;N.A.;28-Dec-2015
127238;ICICI Prudential Interval Fund - Series VII - Annual Interval Plan - C - Cumulative;INF109KA1NV1;;11.7815;N.A.;N.A.;28-Dec-2015
127236;ICICI Prudential Interval Fund - Series VII - Annual Interval Plan - C - Direct Plan - Cumulative;INF109KA1NX7;;11.7911;N.A.;N.A.;28-Dec-2015
127235;ICICI Prudential Interval Fund - Series VII - Annual Interval Plan - C - Dividend;INF109KA1NW9;;10.7306;N.A.;N.A.;28-Dec-2015
106828;ICICI Prudential Interval Fund II - Quarterly Interval Plan A - Retail Dividend;INF109K01MO5;;10.0561;N.A.;N.A.;28-Dec-2015
106829;ICICI Prudential Interval Fund II - Quarterly Interval Plan A - Retail Growth;INF109K01MN7;;19.0153;N.A.;N.A.;28-Dec-2015
123645;ICICI Prudential Interval Fund II Quarterly Interval Plan A -  Quarterly Dividend Payout;INF109K01MU2;;10.0561;N.A.;N.A.;28-Dec-2015
120641;ICICI Prudential Interval Fund II Quarterly Interval Plan A - Direct Plan -  Dividend;INF109K01M50;;10.0569;N.A.;N.A.;28-Dec-2015
120642;ICICI Prudential Interval Fund II Quarterly Interval Plan A - Direct Plan -  Growth;INF109K01M43;;12.2728;N.A.;N.A.;28-Dec-2015
110664;ICICI Prudential Interval Fund II Quarterly Interval Plan A - Dividend;INF109K01MT4;INF109K01MS6;10.0562;N.A.;N.A.;28-Dec-2015
110663;ICICI Prudential Interval Fund II Quarterly Interval Plan A - Growth;INF109K01MR8;;12.2415;N.A.;N.A.;28-Dec-2015
106885;ICICI Prudential Interval Fund II - Quarterly Interval Plan B - Retail Dividend;INF109K01MW8;;10.0551;N.A.;N.A.;28-Dec-2015
106886;ICICI Prudential Interval Fund II - Quarterly Interval Plan B - Retail Growth;INF109K01MV0;;18.7574;N.A.;N.A.;28-Dec-2015
120644;ICICI Prudential Interval Fund II Quarterly Interval Plan B - Direct Plan -  Dividend;INF109K01M76;;10.0481;N.A.;N.A.;28-Dec-2015
120643;ICICI Prudential Interval Fund II Quarterly Interval Plan B - Direct Plan -  Growth;INF109K01M68;;12.7638;N.A.;N.A.;28-Dec-2015
111317;ICICI Prudential Interval Fund II Quarterly Interval Plan B - Dividend;INF109K01NB0;INF109K01NA2;10.0443;N.A.;N.A.;28-Dec-2015
111316;ICICI Prudential Interval Fund II Quarterly Interval Plan B - Growth;INF109K01MZ1;;12.7353;N.A.;N.A.;28-Dec-2015
118037;ICICI Prudential Interval Fund II Quarterly Interval Plan B - Quarterly Dividend Payout;INF109K01NC8;;10.0443;N.A.;N.A.;28-Dec-2015
106977;ICICI Prudential Interval Fund II - Quarterly Interval Plan C - Retail Dividend;INF109K01NI5;;10.0209;N.A.;N.A.;28-Dec-2015
106976;ICICI Prudential Interval Fund II - Quarterly Interval Plan C - Retail Growth;INF109K01NH7;;19.5488;N.A.;N.A.;28-Dec-2015
120647;ICICI Prudential Interval Fund II Quarterly Interval Plan C - Direct Plan -  Dividend;INF109K01L51;;10.0212;N.A.;N.A.;28-Dec-2015
120646;ICICI Prudential Interval Fund II Quarterly Interval Plan C - Direct Plan -  Growth;INF109K01L44;;12.3467;N.A.;N.A.;28-Dec-2015
109855;ICICI Prudential Interval Fund II Quarterly Interval Plan C - Dividend;INF109K01NF1;INF109K01NE4;10.0210;N.A.;N.A.;28-Dec-2015
109854;ICICI Prudential Interval Fund II Quarterly Interval Plan C - Growth;INF109K01ND6;;12.3214;N.A.;N.A.;28-Dec-2015
107138;ICICI Prudential Interval Fund II - Quarterly Interval Plan D - Retail Dividend;INF109K01NQ8;;10.2416;N.A.;N.A.;28-Dec-2015
107139;ICICI Prudential Interval Fund II - Quarterly Interval Plan D - Retail Growth;INF109K01NP0;;20.4539;N.A.;N.A.;28-Dec-2015
120651;ICICI Prudential Interval Fund II Quarterly Interval Plan D - Direct Plan -  Dividend;INF109K01M92;;10.1663;N.A.;N.A.;28-Dec-2015
120650;ICICI Prudential Interval Fund II Quarterly Interval Plan D - Direct Plan -  Quarterly Dividend Payout;INF109K01O33;;10.1661;N.A.;N.A.;28-Dec-2015
120649;ICICI Prudential Interval Fund II Quarterly Interval Plan D - Direct Plan - Growth;INF109K01M84;;15.8773;N.A.;N.A.;28-Dec-2015
110014;ICICI Prudential Interval Fund II Quarterly Interval Plan D - Dividend;INF109K01NN5;INF109K01NM7;10.1657;N.A.;N.A.;28-Dec-2015
110013;ICICI Prudential Interval Fund II Quarterly Interval Plan D - Growth;INF109K01NL9;;12.0857;N.A.;N.A.;28-Dec-2015
107309;ICICI Prudential Interval Fund II - Quarterly Interval Plan F - Retail Dividend;INF109K01NU0;;10.1664;N.A.;N.A.;28-Dec-2015
107310;ICICI Prudential Interval Fund II - Quarterly Interval Plan F - Retail Growth;INF109K01NT2;;18.2222;N.A.;N.A.;28-Dec-2015
120652;ICICI Prudential Interval Fund II Quarterly Interval Plan F - Direct Plan -  Growth;INF109K01N00;;15.9830;N.A.;N.A.;28-Dec-2015
110384;ICICI Prudential Interval Fund II Quarterly Interval Plan F - Dividend;INF109K01NZ9;INF109K01NY2;10.0963;N.A.;N.A.;28-Dec-2015
110383;ICICI Prudential Interval Fund II Quarterly Interval Plan F - Growth;INF109K01NX4;;15.9420;N.A.;N.A.;28-Dec-2015
115927;ICICI Prudential Interval Fund II Quarterly Interval Plan F Retail Quarterly Dividend Payout;INF109K01NW6;;10.0967;N.A.;N.A.;28-Dec-2015
110345;ICICI Prudential Interval Fund IV - Quarterly Interval Plan B - Retail Dividend;INF109K01OG7;;10.1309;N.A.;N.A.;28-Dec-2015
110348;ICICI Prudential Interval Fund IV - Quarterly Interval Plan B - Retail Growth;INF109K01OF9;;17.5360;N.A.;N.A.;28-Dec-2015
120624;ICICI Prudential Interval Fund IV Quarterly Interval Plan B - Direct Plan -  Dividend;INF109K01N59;;10.1319;N.A.;N.A.;28-Dec-2015
120623;ICICI Prudential Interval Fund IV Quarterly Interval Plan B - Direct Plan -  Growth;INF109K01N42;;16.1357;N.A.;N.A.;28-Dec-2015
110346;ICICI Prudential Interval Fund IV Quarterly Interval Plan B - Growth;INF109K01OB8;;16.0995;N.A.;N.A.;28-Dec-2015
110347;ICICI Prudential Interval Fund IV Quarterly Interval Plan B -Dividend;INF109K01OD4;INF109K01OE2;10.1308;N.A.;N.A.;28-Dec-2015
110048;ICICI Prudential Interval Fund V - Monthly Interval Plan A - Retail Dividend;INF109K01OU8;;10.0566;N.A.;N.A.;28-Dec-2015
110047;ICICI Prudential Interval Fund V - Monthly Interval Plan A - Retail Growth;INF109K01OS2;;17.9261;N.A.;N.A.;28-Dec-2015
120660;ICICI Prudential Interval Fund V Monthly Interval Plan A - Direct Plan -  Dividend;INF109K01N34;;10.0570;N.A.;N.A.;28-Dec-2015
120661;ICICI Prudential Interval Fund V Monthly Interval Plan A - Direct Plan - Growth;INF109K01N26;;12.5769;N.A.;N.A.;28-Dec-2015
110046;ICICI Prudential Interval Fund V Monthly Interval Plan A - Dividend;INF109K01OR4;INF109K01OQ6;10.0565;N.A.;N.A.;28-Dec-2015
110045;ICICI Prudential Interval Fund V Monthly Interval Plan A - Growth;INF109K01OP8;;12.4343;N.A.;N.A.;28-Dec-2015
120669;ICICI Prudential MIP - Direct Plan -  Dividend Half Yearly;INF109K01T79;INF109K01T87;13.5471;13.4116;13.5471;28-Dec-2015
120667;ICICI Prudential MIP - Direct Plan -  Dividend Monthly;INF109K01T95;INF109K01U01;12.6337;12.5074;12.6337;28-Dec-2015
120666;ICICI Prudential MIP - Direct Plan -  Dividend Quarterly;INF109K01U19;INF109K01U27;13.5431;13.4077;13.5431;28-Dec-2015
120668;ICICI Prudential MIP - Direct Plan -  Growth;INF109K01U35;;40.3632;39.9596;40.3632;28-Dec-2015
130940;ICICI Prudential MIP - Direct Plan Bonus;INF109KA1H44;;11.1223;11.0111;11.1223;28-Dec-2015
100955;ICICI Prudential MIP - Dividend Half Yearly;INF109K01FG5;INF109K01548;12.7359;12.6085;12.7359;28-Dec-2015
100953;ICICI Prudential MIP - Dividend Monthly;INF109K01FH3;INF109K01522;12.3520;12.2285;12.3520;28-Dec-2015
100954;ICICI Prudential MIP - Dividend Quarterly;INF109K01FI1;INF109K01530;13.2215;13.0893;13.2215;28-Dec-2015
100952;ICICI Prudential MIP - Growth;INF109K01555;;39.5384;39.1430;39.5384;28-Dec-2015

Invesco Mutual Fund
120553;Religare Invesco Monthly Income Plan -  Direct Plan - Monthly Dividend;INF205K01TS7;INF205K01TT5;1513.0579;1497.9273;1513.0579;28-Dec-2015
120552;Religare Invesco Monthly Income Plan - Direct Plan - Growth Option;INF205K01TR9;;1513.0579;1497.9273;1513.0579;28-Dec-2015
112886;Religare Invesco Monthly Income Plan - Growth Option;INF205K01TU3;;1476.0545;1461.2940;1476.0545;28-Dec-2015
112884;Religare Invesco Monthly Income Plan - Monthly Dividend;INF205K01TV1;INF205K01TW9;1122.4722;1111.2475;1122.4722;28-Dec-2015

JM Financial Mutual Fund
133415;JM MIP Fund (Direct) - Bonus Option - Principal Units;INF192K01GT2;;23.4662;23.4662;23.4662;28-Dec-2015
120442;JM MIP Fund (Direct) - Dividend Option - Annual Dividend;INF192K01DI2;INF192K01DJ0;18.9176;18.9176;18.9176;28-Dec-2015
120441;JM MIP Fund (Direct) - Dividend Option - Quarterly Dividend;INF192K01DG6;INF192K01DH4;17.6293;17.6293;17.6293;28-Dec-2015
120446;JM MIP Fund (Direct) - Growth Option;INF192K01DK8;;23.3390;23.3390;23.3390;28-Dec-2015
120440;JM MIP Fund (Direct)- Dividend Option - Monthly Dividend;INF192K01DE1;INF192K01DF8;12.6601;12.6601;12.6601;28-Dec-2015
133416;JM MIP Fund - Bonus Option - Principal Units;INF192K01GR6;;22.3582;22.3582;22.3582;28-Dec-2015
102026;JM MIP FUND-Annual Dividend;INF192K01AI8;INF192K01AJ6;17.7671;17.7671;17.7671;28-Dec-2015
102027;JM MIP FUND-Growth;INF192K01AK4;;22.1143;22.1143;22.1143;28-Dec-2015
102024;JM MIP FUND-Monthly Dividend;INF192K01AE7;INF192K01AF4;11.4651;11.4651;11.4651;28-Dec-2015
102025;JM MIP FUND-Quarterly Dividend;INF192K01AG2;INF192K01AH0;16.6634;16.6634;16.6634;28-Dec-2015

JPMorgan Mutual Fund
119881;JPMorgan India Active Bond Fund - Direct Plan - Dividend Option;INF843K01CF8;INF843K01CG6;15.1508;14.9993;15.1508;28-Dec-2015
119883;JPMorgan India Active Bond Fund - Direct Plan - Growth Option;INF843K01CE1;;16.2589;16.0963;16.2589;28-Dec-2015
109183;JPMorgan India Active Bond Fund - Institutional Plan - Dividend Option;INF843K01385;INF843K01393;13.2839;13.1511;13.2839;28-Dec-2015
109176;JPMorgan India Active Bond Fund - Institutional Plan - Growth Option;INF843K01377;;13.307;13.1739;13.307;28-Dec-2015
109184;JPMorgan India Active Bond Fund - Retail Plan - Dividend Option;INF843K01351;INF843K01369;14.8623;14.7137;14.8623;28-Dec-2015
109175;JPMorgan India Active Bond Fund - Retail Plan - Growth Option;INF843K01344;;15.8012;15.6432;15.8012;28-Dec-2015
123905;JPMorgan India Banking and PSU Debt Fund - Direct Plan - Growth Option;INF843K01FC8;;12.4112;12.2871;12.4112;28-Dec-2015
123952;JPMorgan India Banking and PSU Debt Fund - Direct Plan - Monthly Dividend Option;INF843K01FI5;INF843K01FH7;10.3833;10.2795;10.3833;28-Dec-2015
123949;JPMorgan India Banking and PSU Debt Fund - Direct Plan - Weekly Dividend Option;;INF843K01FF1;10.6116;10.5055;10.6116;28-Dec-2015
123903;JPMorgan India Banking and PSU Debt Fund - Regular Plan - Dividend Option;INF843K01FL9;INF843K01FM7;12.3276;12.2043;12.3276;28-Dec-2015
123953;JPMorgan India Banking and PSU Debt Fund - Regular Plan - Fortnightly Dividend Option;;INF843K01FO3;10.4638;10.3592;10.4638;28-Dec-2015
123902;JPMorgan India Banking and PSU Debt Fund - Regular Plan - Growth Option;INF843K01FK1;;12.3277;12.2044;12.3277;28-Dec-2015
123951;JPMorgan India Banking and PSU Debt Fund - Regular Plan - Monthly Dividend Option;INF843K01FQ8;INF843K01FP0;10.3669;10.2632;10.3669;28-Dec-2015
123948;JPMorgan India Banking and PSU Debt Fund - Regular Plan - Weekly Dividend Option;;INF843K01FN5;10.4871;10.3822;10.4871;28-Dec-2015
131221;JPMorgan India Corporate Debt Opportunities Fund - Direct Plan - Bonus Option;INF843K01JJ5;;11.3523;11.182;11.3523;28-Dec-2015
131220;JPMorgan India Corporate Debt Opportunities Fund - Direct Plan - Dividend Option;INF843K01JK3;INF843K01JL1;11.3506;11.1803;11.3506;28-Dec-2015
131219;JPMorgan India Corporate Debt Opportunities Fund - Direct Plan - Growth Option;INF843K01JI7;;11.3489;11.1787;11.3489;28-Dec-2015
131296;JPMorgan India Corporate Debt Opportunities Fund - Regular Plan - Annual Dividend Option;INF843K01KB0;INF843K01JZ1;11.2886;11.1193;11.2886;28-Dec-2015
131223;JPMorgan India Corporate Debt Opportunities Fund - Regular Plan - Dividend Option;INF843K01JU2;INF843K01JV0;11.2886;11.1193;11.2886;28-Dec-2015
131294;JPMorgan India Corporate Debt Opportunities Fund - Regular Plan - Fortnightly Dividend Option;;INF843K01JX6;10.5745;10.4159;10.5745;28-Dec-2015
131222;JPMorgan India Corporate Debt Opportunities Fund - Regular Plan - Growth Option;INF843K01JS6;;11.2886;11.1193;11.2886;28-Dec-2015
131295;JPMorgan India Corporate Debt Opportunities Fund - Regular Plan - Monthly Dividend Option;INF843K01KA2;INF843K01JY4;10.5192;10.3614;10.5192;28-Dec-2015
131293;JPMorgan India Corporate Debt Opportunities Fund - Regular Plan - Weekly Dividend Option;;INF843K01JW8;10.5694;10.4109;10.5694;28-Dec-2015
119890;JPMorgan India Short Term Income Fund - Direct Plan -  Growth Option;INF843K01BX3;;13.71;13.71;13.71;28-Dec-2015
119891;JPMorgan India Short Term Income Fund - Direct Plan - Monthly Dividend Option;INF843K01CD3;INF843K01CC5;8.7486;8.7486;8.7486;28-Dec-2015
117854;JPMorgan India Short Term Income Fund - Regular Plan - Dividend Option;INF843K01971;INF843K01989;10.9028;10.9028;10.9028;28-Dec-2015
112787;JPMorgan India Short Term Income Fund - Regular Plan - Fortnightly Dividend Option;;INF843K01401;8.7287;8.7287;8.7287;28-Dec-2015
112784;JPMorgan India Short Term Income Fund - Regular Plan - Growth Option;INF843K01419;;13.534;13.534;13.534;28-Dec-2015
112789;JPMorgan India Short Term Income Fund - Regular Plan - Monthly Dividend Option;INF843K01435;INF843K01427;8.6831;8.6831;8.6831;28-Dec-2015
112785;JPMorgan India Short Term Income Fund - Regular Plan - Weekly Dividend Option;;INF843K01443;8.6868;8.6868;8.6868;28-Dec-2015
135451;JPMorgan India Short Term Income Fund - Segregated Asset - Growth Option;INF843K01LF9;;11.1243;11.1243;11.1243;28-Dec-2015
119927;JPMorgan India Treasury Fund - Direct Plan - Bonus Option;INF843K01BW5;;11.8832;11.8832;11.8832;28-Dec-2015
119928;JPMorgan India Treasury Fund - Direct Plan - Daily Dividend Option;;INF843K01BN4;9.4191;9.4191;9.4191;28-Dec-2015
119926;JPMorgan India Treasury Fund - Direct Plan - Growth Option;INF843K01BK0;;17.8233;17.8233;17.8233;28-Dec-2015
106563;JPMorgan India Treasury Fund - Retail Plan - Daily Dividend Option;;INF843K01302;9.3747;9.3747;9.3747;28-Dec-2015
106564;JPMorgan India Treasury Fund - Retail Plan - Growth Option;INF843K01294;;15.8714;15.8714;15.8714;28-Dec-2015
109182;JPMorgan India Treasury Fund - Retail Plan - Monthly Dividend Option;;INF843K01336;9.3732;9.3732;9.3732;28-Dec-2015
109180;JPMorgan India Treasury Fund - Retail Plan - Weekly Dividend Option;;INF843K01310;9.41;9.41;9.41;28-Dec-2015
135450;JPMorgan India Treasury Fund - Segregated Asset - Growth Option;INF843K01LE2;;11.1374;11.1374;11.1374;28-Dec-2015
117756;JPMorgan India Treasury Fund - Super Institutional Plan - Annual Dividend Option;INF843K01898;INF843K01880;10.6417;10.6417;10.6417;28-Dec-2015
117755;JPMorgan India Treasury Fund - Super Institutional Plan - Bonus Option;INF843K01906;;11.8362;11.8362;11.8362;28-Dec-2015
110157;JPMorgan India Treasury Fund - Super Institutional Plan - Daily Dividend Option;;INF843K01252;9.3503;9.3503;9.3503;28-Dec-2015
117874;JPMorgan India Treasury Fund - Super Institutional Plan - Dividend Option;INF843K01AF2;INF843K01AG0;12.0059;12.0059;12.0059;28-Dec-2015
110156;JPMorgan India Treasury Fund - Super Institutional Plan - Growth Option;INF843K01245;;17.7532;17.7532;17.7532;28-Dec-2015
110155;JPMorgan India Treasury Fund - Super Institutional Plan - Monthly Dividend Option;INF843K01534;INF843K01286;9.383;9.383;9.383;28-Dec-2015
110158;JPMorgan India Treasury Fund - Super Institutional Plan - Weekly Dividend Option;INF843K01518;INF843K01260;9.4034;9.4034;9.4034;28-Dec-2015

Kotak Mahindra Mutual Fund
102867;Kotak Flexi-Debt - Regular Plan - Dividend;;INF174K01EW9;10.5516;10.5516;10.5516;28-Dec-2015
102868;Kotak Flexi-Debt - Regular Plan - Growth;INF174K01EV1;;22.519;22.519;22.519;28-Dec-2015
102869;Kotak Flexi-Debt- Regular Plan - Daily Dividend;INF174K01EZ2;INF174K01EY5;12.8884;12.8884;12.8884;28-Dec-2015
108372;Kotak Flexi Debt - Regular Plan- Weekly Dividend;;INF174K01EX7;10.0613;10.0613;10.0613;28-Dec-2015
114383;Kotak Multi Asset Allocation Fund-Annual Dividend;INF174K01989;INF174K01955;11.303;11.303;11.303;28-Dec-2015
120159;Kotak Multi Asset Allocation Fund-Annual Dividend - Direct;INF174K01MN1;;12.0835;12.0835;12.0835;28-Dec-2015
114382;Kotak Multi Asset Allocation Fund-Growth;INF174K01922;;14.3587;14.3587;14.3587;28-Dec-2015
120160;Kotak Multi Asset Allocation Fund-Growth - Direct;INF174K01MI1;;14.6674;14.6674;14.6674;28-Dec-2015
114385;Kotak Multi Asset Allocation Fund-Monthly Dividend;INF174K01963;INF174K01930;12.0363;12.0363;12.0363;28-Dec-2015
120161;Kotak Multi Asset Allocation Fund-Monthly Dividend - Direct;INF174K01MJ9;;12.2026;12.2026;12.2026;28-Dec-2015
114384;Kotak Multi Asset Allocation Fund-Quarterly Dividend;INF174K01971;INF174K01948;11.5644;11.5644;11.5644;28-Dec-2015
120162;Kotak Multi Asset Allocation Fund-Quarterly Dividend - Direct;INF174K01ML5;;11.72;11.72;11.72;28-Dec-2015
106734;Kotak Quarterly Interval Plan Series 2 - Dividend;INF174K01BM6;INF174K01BN4;9.9997;9.8997;9.9997;28-Dec-2015
106735;Kotak Quarterly Interval Plan Series 2 - Growth;INF174K01BL8;;17.8202;17.642;17.8202;28-Dec-2015
120170;Kotak Quarterly Interval Plan Series 2 - Growth - Direct;;;17.8323;17.654;17.8323;28-Dec-2015
107092;Kotak Quarterly Interval Plan Series 3 - Dividend;INF174K01BP9;INF174K01BQ7;10.0609;9.9603;10.0609;28-Dec-2015
107093;Kotak Quarterly Interval Plan Series 3 - Growth;INF174K01BO2;;18.6446;18.4582;18.6446;28-Dec-2015
120172;Kotak Quarterly Interval Plan Series 3 - Growth - Direct;;;18.6481;18.4616;18.6481;28-Dec-2015
107486;Kotak Quarterly Interval Plan Series 5-Dividend;INF174K01BV7;INF174K01BW5;10.0467;9.9462;10.0467;28-Dec-2015
120175;Kotak Quarterly Interval Plan Series 5-Dividend - Direct;;;10.0489;9.9484;10.0489;28-Dec-2015
107485;Kotak Quarterly Interval Plan Series 5-Growth;INF174K01BU9;;17.1646;16.993;17.1646;28-Dec-2015
120176;Kotak Quarterly Interval Plan Series 5-Growth - Direct;;;17.1669;16.9952;17.1669;28-Dec-2015
107631;Kotak Quarterly Interval Plan Series 6 - Dividend;INF174K01BY1;INF174K01BZ8;10.0833;9.9825;10.0833;28-Dec-2015
107632;Kotak Quarterly Interval Plan Series 6 - Growth;INF174K01BX3;;18.5706;18.3849;18.5706;28-Dec-2015
120225;Kotak Quarterly Interval Plan Series 6 - Growth - Direct;;;18.6042;18.4182;18.6042;28-Dec-2015
109982;Kotak Quarterly Interval Plan Series 7 - Dividend;INF174K01CB7;INF174K01CC5;10.0535;9.953;10.0535;28-Dec-2015
109981;Kotak Quarterly Interval Plan Series 7 - Growth;INF174K01CA9;;17.3698;17.1961;17.3698;28-Dec-2015
120228;Kotak Quarterly Interval Plan Series 7 - Growth - Direct;;;10.3506;10.2471;10.3506;28-Dec-2015
110569;Kotak Quarterly Interval Plan Series 9 - Dividend;INF174K01CH4;INF174K01CI2;10.075;9.9743;10.075;28-Dec-2015
110570;Kotak Quarterly Interval Plan Series 9 - Growth;INF174K01CG6;;16.642;16.4756;16.642;28-Dec-2015
120233;Kotak Quarterly Interval Plan Series 9 - Growth - Direct;;;16.6443;16.4779;16.6443;28-Dec-2015

Mirae Asset Mutual Fund
118847;Mirae Asset Short Term Bond Fund - Direct Plan - Growth;INF769K01BX0;;15.1759;15.1000;15.1759;28-Dec-2015
118850;Mirae Asset Short Term Bond Fund - Direct Plan - Weekly Dividend;;INF769K01CA6;12.8422;12.7780;12.8422;28-Dec-2015
112017;Mirae Asset Short Term Bond Fund - Regular - Growth Option;INF769K01168;;14.9431;14.8684;14.9431;28-Dec-2015
112020;Mirae Asset Short Term Bond Fund - Regular - Mly Dividend Option;INF769K01226;;10.3331;10.2814;10.3331;28-Dec-2015
112058;Mirae Asset Short Term Bond Fund - Regular - Quarterly Dividend Reinvestment Option;;INF769K01218;12.4614;12.3991;12.4614;28-Dec-2015
112056;Mirae Asset Short Term Bond Fund - Regular - Weekly Dividend Reinvestment Option;;INF769K01184;10.4129;10.3608;10.4129;28-Dec-2015

Nippon India Mutual Fund
124679;Reliance Interval Fund - II - Series 1 -Direct Plan -Growth Option;INF204KA1AI9;;12.0869;12.0869;12.0869;28-Dec-2015
124681;Reliance Interval Fund - II - Series 1 -Dividend Option;INF204KA1AJ7;INF204KA1AK5;10.1229;10.1229;10.1229;28-Dec-2015
124678;Reliance Interval Fund - II - Series 1 -Growth Plan;INF204KA1AL3;;12.0663;12.0663;12.0663;28-Dec-2015
124751;Reliance Interval Fund - II - Series 2 - Direct Plan - Dividend Plan - Dividend Option;INF204KA1AM1;INF204KA1AN9;12.1836;12.1836;12.1836;28-Dec-2015
124749;Reliance Interval Fund - II - Series 2 - Direct Plan - Growth Plan - Growth Option;INF204KA1AO7;;12.1836;12.1836;12.1836;28-Dec-2015
124750;Reliance Interval Fund - II - Series 2 - Dividend Plan - Dividend Option;INF204KA1AP4;INF204KA1AQ2;12.0515;12.0515;12.0515;28-Dec-2015
124748;Reliance Interval Fund - II - Series 2 - Growth Plan - Growth Option;INF204KA1AR0;;12.0515;12.0515;12.0515;28-Dec-2015
124755;Reliance Interval Fund - II - Series 3 - Direct Plan - Dividend Plan - Dividend Option;INF204KA1AS8;INF204KA1AT6;10.1097;10.1097;10.1097;28-Dec-2015
124753;Reliance Interval Fund - II - Series 3 - Direct Plan - Growth Plan - Growth Option;INF204KA1AU4;;12.0201;12.0201;12.0201;28-Dec-2015
124754;Reliance Interval Fund - II - Series 3 - Dividend Plan - Dividend Option;INF204KA1AV2;INF204KA1AW0;10.1077;10.1077;10.1077;28-Dec-2015
124752;Reliance Interval Fund - II - Series 3 - Growth Plan - Growth Option;INF204KA1AX8;;11.9820;11.9820;11.9820;28-Dec-2015
124876;Reliance Interval Fund - II - Series 4-Direct Plan-Growth Plan -Growth Option;INF204KA1BA4;;11.9504;11.9504;11.9504;28-Dec-2015
124877;Reliance Interval Fund - II - Series 4-Dividend Plan -Dividend Option;INF204KA1BB2;INF204KA1BC0;10.0967;10.0967;10.0967;28-Dec-2015
124874;Reliance Interval Fund - II - Series 4-Growth Plan-Growth Option;INF204KA1BD8;;11.9322;11.9322;11.9322;28-Dec-2015
120954;Reliance Yearly Interval Fund - Series 2 - Direct Plan - Dividend Plan - Dividend Option;INF204K01R83;INF204K01R91;10.7700;10.7700;10.7700;28-Dec-2015
120955;Reliance Yearly Interval Fund - Series 2 - Direct Plan - Growth Plan - Growth Option;INF204K01R75;-;12.8958;12.8958;12.8958;28-Dec-2015
120957;Reliance Yearly Interval Fund - Series 2 - Dividend Plan - Dividend Option;INF204K01R59;INF204K01R67;10.7607;10.7607;10.7607;28-Dec-2015
120956;Reliance Yearly Interval Fund - Series 2 - Growth Plan - Growth Option;INF204K01R42;-;12.8711;12.8711;12.8711;28-Dec-2015
121701;Reliance Yearly Interval Fund - Series 5 - Direct Plan - Growth Plan - Growth Option;INF204K01T57;-;12.6843;12.6843;12.6843;28-Dec-2015
121699;Reliance Yearly Interval Fund - Series 5 - Growth Plan - Growth Option;INF204K01T24;-;12.6521;12.6521;12.6521;28-Dec-2015
122653;Reliance Yearly Interval Fund - Series 8 - Direct Plan - Growth Plan - Growth Option;INF204K01V38;;12.3395;12.3395;12.3395;28-Dec-2015
122655;Reliance Yearly Interval Fund - Series 8 - Dividend Plan - Dividend Option;INF204K01V12;INF204K01V20;10.4259;10.4259;10.4259;28-Dec-2015
122652;Reliance Yearly Interval Fund - Series 8 - Growth Plan - Growth Option;INF204K01V04;;12.3205;12.3205;12.3205;28-Dec-2015
122726;Reliance Yearly Interval Fund - Series 9 - Direct Plan - Growth Plan - Growth Option;INF204K01V95;;12.2951;12.2951;12.2951;28-Dec-2015
122727;Reliance Yearly Interval Fund - Series 9 - Dividend Plan - Dividend Option;INF204K01V79;INF204K01V87;10.3771;10.3771;10.3771;28-Dec-2015
122729;Reliance Yearly Interval Fund - Series 9 - Growth Plan - Growth Option;INF204K01V61;;12.2748;12.2748;12.2748;28-Dec-2015

PGIM India Mutual Fund
119947;DHFL Pramerica Credit Opportunities Fund - Direct Plan- Growth Option;INF663L01997;;1487.7179;1457.9635;1487.7179;28-Dec-2015
119948;DHFL Pramerica Credit Opportunities Fund - Direct Plan-Dividend Option;INF663L01AB1;INF663L01AA3;1183.7036;1160.0295;1183.7036;28-Dec-2015
116045;DHFL Pramerica Credit Opportunities Fund - Dividend Option;INF663L01450;INF663L01468;1059.1874;1038.0037;1059.1874;28-Dec-2015
116044;DHFL Pramerica Credit Opportunities Fund - Growth Option;INF663L01443;;1466.7578;1437.4226;1466.7578;28-Dec-2015
120098;DHFL Pramerica Dynamic Monthly Income Fund - Direct Plan-Growth Option;INF663L01963;;14.0809;13.9401;14.0809;28-Dec-2015
114805;DHFL Pramerica Dynamic Monthly Income Fund - Dividend Option;INF663L01336;INF663L01328;9.9285;9.8292;9.9285;28-Dec-2015
114804;DHFL Pramerica Dynamic Monthly Income Fund - Growth Option;INF663L01310;;13.7661;13.6284;13.7661;28-Dec-2015
127967;DHFL Pramerica Income Fund - Direct Plan- Growth Option;INF663L01EP3;;1209.2497;1209.2497;1209.2497;28-Dec-2015
127969;DHFL Pramerica Income Fund - Regular Plan - Growth Option;INF663L01EU3;;1200.6346;1200.6346;1200.6346;28-Dec-2015
116725;DHFL PRAMERICA SHORT TERM FLOATING RATE FUND - DAILY DIVIDEND  OPTION;;INF663L01567;1010.2400;1010.2400;1010.2400;28-Dec-2015
120107;DHFL PRAMERICA SHORT TERM FLOATING RATE FUND - DIRECT PLAN - DAILY DIVIDEND OPTION;;INF663L01AL0;1001.7950;1001.7950;1001.7950;28-Dec-2015
120108;DHFL PRAMERICA SHORT TERM FLOATING RATE FUND - DIRECT PLAN - GROWTH OPTION;INF663L01AK2;;1388.5090;1388.5090;1388.5090;28-Dec-2015
116685;DHFL PRAMERICA SHORT TERM FLOATING RATE FUND - GROWTH;INF663L01559;;1381.4264;1381.4264;1381.4264;28-Dec-2015
120113;DHFL Pramerica Short Term Income Fund - Direct Plan-Growth Option;INF663L01898;;1536.1204;1531.5120;1536.1204;28-Dec-2015
114584;DHFL Pramerica Short Term Income Fund - Fortnightly Dividend Option;;INF663L01237;1022.2558;1019.1890;1022.2558;28-Dec-2015
114587;DHFL Pramerica Short Term Income Fund - Growth Option;INF663L01211;;1513.5409;1509.0003;1513.5409;28-Dec-2015
114585;DHFL Pramerica Short Term Income Fund - Monthly Dividend Option;INF663L01260;INF663L01245;1004.1812;1001.1687;1004.1812;28-Dec-2015
115702;DHFL Pramerica Short Term Income Fund - Quarterly Dividend Opt;INF663L01278;INF663L01252;1019.7377;1016.6785;1019.7377;28-Dec-2015
114583;DHFL Pramerica Short Term Income Fund - Weekly Dividend Option;;INF663L01229;1102.6885;1099.3804;1102.6885;28-Dec-2015
122263;DHFL Pramerica Short Term Income Fund-Bonus Option;INF663L01BJ2;;1514.1063;1509.5640;1514.1063;28-Dec-2015
120119;DHFL Pramerica Treasury Advantage Fund - Direct Plan-Growth Option;INF663L01823;;1487.6763;1476.5187;1487.6763;28-Dec-2015
115616;DHFL Pramerica Treasury Advantage Fund - Fortnightly Dividend Opt;INF663L01427;INF663L01401;1004.4500;996.9166;1004.4500;28-Dec-2015
115340;DHFL Pramerica Treasury Advantage Fund - Growth Option;INF663L01377;;1473.8835;1462.8294;1473.8835;28-Dec-2015
115339;DHFL Pramerica Treasury Advantage Fund - Monthly Dividend Option;INF663L01435;INF663L01419;1007.4509;999.8950;1007.4509;28-Dec-2015
115337;DHFL Pramerica Treasury Advantage Fund - Weekly Dividend Option;;INF663L01393;1002.1119;994.5961;1002.1119;28-Dec-2015
113360;DHFL Pramerica Ultra Short Term Bond Fund - Daily Dividend Option;;INF663L01153;1005.0000;1005.0000;1005.0000;28-Dec-2015
120128;DHFL Pramerica Ultra Short Term Bond Fund - Direct Plan-Daily Dividend Option;;INF663L01708;1002.4000;1002.4000;1002.4000;28-Dec-2015
120129;DHFL Pramerica Ultra Short Term Bond Fund - Direct Plan-Growth Option;INF663L01690;;1595.2483;1595.2483;1595.2483;28-Dec-2015
120130;DHFL Pramerica Ultra Short Term Bond Fund - Direct Plan-Monthly Dividend Option;INF663L01757;INF663L01732;1006.4593;1006.4593;1006.4593;28-Dec-2015
120127;DHFL Pramerica Ultra Short Term Bond Fund - Direct Plan-Weekly Dividend Option;;INF663L01716;1002.1084;1002.1084;1002.1084;28-Dec-2015
113357;DHFL Pramerica Ultra Short Term Bond Fund - Fortnightly Dividend Option;INF663L01195;INF663L01179;1008.4278;1008.4278;1008.4278;28-Dec-2015
113359;DHFL Pramerica Ultra Short Term Bond Fund - Growth Option;INF663L01146;;1563.6621;1563.6621;1563.6621;28-Dec-2015
113358;DHFL Pramerica Ultra Short Term Bond Fund - Monthly Dividend Option;INF663L01203;INF663L01187;1005.0596;1005.0596;1005.0596;28-Dec-2015
113356;DHFL Pramerica Ultra Short Term Bond Fund - Weekly Dividend Option;;INF663L01161;1001.0635;1001.0635;1001.0635;28-Dec-2015
122262;DHFL Pramerica Ultra Short Term Bond Fund-Bonus Option;INF663L01BH6;;1563.6032;1563.6032;1563.6032;28-Dec-2015

Principal Mutual Fund
119481;Principal Bank CD Fund - Direct Plan - Dividend Option-Monthly;INF173K01HW4;INF173K01HX2;1126.8898;1115.6209;1126.8898;28-Dec-2015
119480;Principal Bank CD Fund - Direct Plan - Growth Option;INF173K01HV6;;1920.1838;1900.9820;1920.1838;28-Dec-2015
106891;Principal Bank CD Fund - Growth Option;INF173K01BE5;;1897.4507;1878.4762;1897.4507;28-Dec-2015
106892;Principal Bank CD Fund -Div Option-monthly;INF173K01BF2;INF173K01BG0;1125.7142;1114.4571;1125.7142;28-Dec-2015

SBI Mutual Fund
132787;SBI INFLATION INDEXED BOND FUND - DIRECT PLAN - DIVIDEND;INF200K018V3;INF200K019V1;10.35;10.35;10.35;28-Dec-2015
132783;SBI INFLATION INDEXED BOND FUND - DIRECT PLAN - GROWTH;INF200K017V5;;10.3448;10.3448;10.3448;28-Dec-2015
132785;SBI INFLATION INDEXED BOND FUND - REGULAR PLAN - DIVIDEND;INF200K015V9;INF200K016V7;10.2858;10.2858;10.2858;28-Dec-2015
132784;SBI INFLATION INDEXED BOND FUND - REGULAR PLAN - GROWTH;INF200K014V2;;10.2859;10.2859;10.2859;28-Dec-2015

Tata Mutual Fund
106136;Tata Treasury Manager Fund Super High Investment Plan Growth;INF277K01AG1;;1710.2891;1710.2891;1710.2891;28-Dec-2015

Taurus Mutual Fund
113073;Taurus MIP Advantage - Dividend Option;INF044D01AD7;INF044D01AE5;10.2291;10.1268;10.2291;28-Dec-2015
113072;Taurus MIP Advantage - Growth Option;INF044D01AG0;;14.4933;14.3484;14.4933;28-Dec-2015
118886;Taurus MIP Advantage-Direct Plan-Dividend Option;INF044D01CU7;INF044D01CV5;10.4751;10.3703;10.4751;28-Dec-2015
118885;Taurus MIP Advantage-Direct Plan-Growth Option;INF044D01CT9;;14.9135;14.7644;14.9135;28-Dec-2015

UTI Mutual Fund
100648;UTI - CRTS 81 - Dividend Option;;;142.2947;142.2947;142.2947;28-Dec-2015
120787;UTI - CRTS 81 - Dividend Option- Direct;;;144.0761;144.0761;144.0761;28-Dec-2015
104588;UTI - CRTS 81 - Growth Option;;;285.6549;285.6549;285.6549;28-Dec-2015
120788;UTI - CRTS 81 - Growth Option- Direct;;;288.7601;288.7601;288.7601;28-Dec-2015
101608;UTI - MIS-Growth;INF789F01AA8;;29.294;29.294;29.294;28-Dec-2015
120776;UTI - MIS-Growth-Direct;INF789F01UV2;;29.8142;29.8142;29.8142;28-Dec-2015
101607;UTI - MIS-Income;INF789F01984;INF789F01992;12.0495;12.0495;12.0495;28-Dec-2015
120775;UTI - MIS-Income-Direct;INF789F01UT6;INF789F01UU4;12.2927;12.2927;12.2927;28-Dec-2015
112067;UTI Smart Woman Savings Plan - Dividend Option;;;30.2733;30.2733;30.2733;28-Dec-2015
120774;UTI Smart Woman Savings Plan - Dividend Option- Direct;;;30.7548;30.7548;30.7548;28-Dec-2015
112066;UTI Smart Woman Savings Plan - Growth Option;;;30.2733;30.2733;30.2733;28-Dec-2015
120773;UTI Smart Woman Savings Plan - Growth Option- Direct;;;30.7533;30.7533;30.7533;28-Dec-2015

Open Ended Schemes ( Growth )


Aditya Birla Sun Life Mutual Fund
120528;Aditya Birla Sun Life Buy India Fund - Dividend - Direct Plan;INF209K01P31;INF209K01UO6;43.28;43.06;43.28;28-Dec-2015
103169;Aditya Birla Sun Life Buy India Fund - Dividend - Regular Plan;INF209K01116;INF209K01CC9;38.29;38.10;38.29;28-Dec-2015
120529;Aditya Birla Sun Life Buy India Fund - Growth - Direct Plan;INF209K01UP3;;98.61;98.12;98.61;28-Dec-2015
103170;Aditya Birla Sun Life Buy India Fund - Growth - Regular Plan;INF209K01124;;96.96;96.48;96.96;28-Dec-2015
119617;Aditya Birla Sun Life India Opportunities Fund - Dividend - Direct Plan;INF209K01P98;;35.62;35.26;35.62;28-Dec-2015
100065;Aditya Birla Sun Life India Opportunities Fund - Dividend - Regular Plan;INF209K01280;INF209K01CK2;26.23;25.97;26.23;28-Dec-2015
119618;Aditya Birla Sun Life India Opportunities Fund - Growth - Direct Plan;INF209K01VR7;;118.38;117.20;118.38;28-Dec-2015
100066;Aditya Birla Sun Life India Opportunities Fund - Growth - Regular Plan;INF209K01298;;116.29;115.13;116.29;28-Dec-2015
119537;Aditya Birla Sun Life India Reforms Fund - Dividend - Direct Plan;INF209K01ZA4;;13.85;13.71;13.85;28-Dec-2015
119536;Aditya Birla Sun Life India Reforms Fund - Growth - Direct Plan;INF209K01YZ4;;13.85;13.71;13.85;28-Dec-2015
112922;Aditya Birla Sun Life India Reforms Fund-DIVIDEND;INF209K01EL6;INF209K01EM4;11.42;11.31;11.42;28-Dec-2015
112921;Aditya Birla Sun Life India Reforms Fund-GROWTH;INF209K01EK8;;13.63;13.49;13.63;28-Dec-2015
119521;Aditya Birla Sun Life Long Term Advantage - Dividend - Direct Plan;INF209K01WJ2;;24.67;24.42;24.67;28-Dec-2015
119520;Aditya Birla Sun Life Long Term Advantage - Growth - Direct Plan;INF209K01WK0;;26.70;26.43;26.70;28-Dec-2015
104339;Aditya Birla Sun Life Long Term Fund- Growth Option;INF209K01SD3;;26.10;25.84;26.10;28-Dec-2015
104338;Aditya Birla Sun Life Long Term Fund-Dividend Option;INF209K01SE1;INF209K01SF8;19.45;19.26;19.45;28-Dec-2015
107505;Aditya Birla Sun Life Special Situations Fund - Dividend;INF209K01553;INF209K01CX5;14.8758;14.7270;14.8758;28-Dec-2015
119547;Aditya Birla Sun Life Special Situations Fund - Dividend - Direct Plan;INF209K01R05;INF209K01WX3;18.0883;17.9074;18.0883;28-Dec-2015
107504;Aditya Birla Sun Life Special Situations Fund - Growth;INF209K01561;;17.7683;17.5906;17.7683;28-Dec-2015
119546;Aditya Birla Sun Life Special Situations Fund - Growth - Direct Plan;INF209K01WW5;;18.1006;17.9196;18.1006;28-Dec-2015

Bandhan Mutual Fund
112068;IDFC Equity Fund -Plan B- Dividend;INF194K01243;INF194K01250;12.9849;12.9849;12.9849;28-Dec-2015
112069;IDFC Equity Fund -Plan B-Growth;INF194K01235;;18.6707;18.6707;18.6707;28-Dec-2015
111866;IDFC Imperial Equity Fund-Plan B - Dividend;INF194K01441;INF194K01458;12.9197;12.9197;12.9197;28-Dec-2015
111865;IDFC Imperial Equity Fund-Plan B - Growth;INF194K01433;;22.1196;22.1196;22.1196;28-Dec-2015
111861;IDFC Premier Equity Fund-Plan B - Dividend;INF194K01375;INF194K01383;28.0244;28.0244;28.0244;28-Dec-2015
111862;IDFC Premier Equity Fund_Plan B - Growth;INF194K01425;;53.3543;53.3543;53.3543;28-Dec-2015

Deutsche Mutual Fund
114965;DWS ALPHA EQUITY FUND - BONUS OPTION;INF223J01895;;16.52;16.35;16.52;28-Dec-2015
118938;DWS Alpha Equity Fund - Direct Plan - Bonus;INF223J01MM0;;16.82;16.65;16.82;28-Dec-2015
118937;DWS Alpha Equity Fund - Direct Plan - Dividend;INF223J01MJ6;INF223J01MK4;19.10;18.91;19.10;28-Dec-2015
118936;DWS Alpha Equity Fund - Direct Plan - Growth;INF223J01ML2;;126.22;124.96;126.22;28-Dec-2015
101628;DWS Alpha Equity Fund - Dividend;INF223J01218;INF223J01226;18.51;18.32;18.51;28-Dec-2015
101629;DWS Alpha Equity Fund - Growth;INF223J01234;;122.67;121.44;122.67;28-Dec-2015
111920;DWS Alpha Equity Fund Wealth Plan - Growth Option;INF223J01267;;25.54;25.28;25.54;28-Dec-2015
111919;DWS Alpha Equity Fund Wealth Plan -Dividend Option;INF223J01242;INF223J01259;13.92;13.78;13.92;28-Dec-2015
131026;DWS Arbitrage Fund - Direct Plan - Annual Dividend;INF223J012N9;INF223J017N8;11.1665;11.1107;11.1665;28-Dec-2015
130994;DWS Arbitrage Fund - Direct Plan - Growth;INF223J013N7;;11.1665;11.1107;11.1665;28-Dec-2015
131024;DWS Arbitrage Fund - Direct Plan - Monthly Dividend;INF223J011N1;INF223J016N0;10.5210;10.4684;10.5210;28-Dec-2015
131025;DWS Arbitrage Fund - Direct Plan - Quarterly Dividend;INF223J010N3;INF223J015N2;10.5421;10.4894;10.5421;28-Dec-2015
131023;DWS Arbitrage Fund - Direct Plan - Regular Dividend;INF223J019M6;INF223J014N5;10.9241;10.8695;10.9241;28-Dec-2015
131031;DWS Arbitrage Fund - Regular Plan - Annual Dividend;INF223J012M1;INF223J016M2;11.0927;11.0372;11.0927;28-Dec-2015
131022;DWS Arbitrage Fund - Regular Plan - Growth;INF223J019N4;;11.0898;11.0344;11.0898;28-Dec-2015
131029;DWS Arbitrage Fund - Regular Plan - Monthly Dividend;INF223J011M3;;10.4268;10.3747;10.4268;28-Dec-2015
131030;DWS Arbitrage Fund - Regular Plan - Quarterly Dividend;INF223J010M5;INF223J014M7;10.4130;10.3609;10.4130;28-Dec-2015
131033;DWS Arbitrage Fund - Regular Plan - Regular Dividend;INF223J019L8;INF223J013M9;10.7214;10.6678;10.7214;28-Dec-2015
102195;DWS Equity Income Fund - Annual Dividend option;INF223J01EZ9;INF223J01FA9;13.5206;13.3854;13.5206;28-Dec-2015
118964;DWS Equity Income Fund - Direct Plan - Annual Dividend;INF223J01QA6;INF223J01QB4;14.8210;14.6728;14.8210;28-Dec-2015
118965;DWS Equity Income Fund - Direct Plan - Growth;INF223J01QD0;;26.1168;25.8556;26.1168;28-Dec-2015
118966;DWS Equity Income Fund - Direct Plan - Monthly Dividend;INF223J01QE8;INF223J01QF5;11.8512;11.7327;11.8512;28-Dec-2015
118967;DWS Equity Income Fund - Direct Plan - Quarterly Dividend;INF223J01QG3;INF223J01QH1;11.7238;11.6066;11.7238;28-Dec-2015
102196;DWS Equity Income Fund - Growth Option;INF223J01FB7;;25.3378;25.0844;25.3378;28-Dec-2015
102193;DWS Equity Income Fund - Monthly Dividend option;INF223J01FC5;INF223J01FD3;11.6934;11.5765;11.6934;28-Dec-2015
102194;DWS Equity Income Fund - Quarterly  Dividend;INF223J01FE1;INF223J01FF8;11.4258;11.3115;11.4258;28-Dec-2015
114964;DWS INVESTMENT OPPORTUNITY FUND - BONUS OPTION;INF223J01903;;15.85;15.69;15.85;28-Dec-2015
118940;DWS Investment Opportunity Fund - Direct Plan - Dividend;INF223J01QV2;INF223J01QW0;21.86;21.64;21.86;28-Dec-2015
118939;DWS Investment Opportunity Fund - Direct Plan - Growth;INF223J01QX8;;57.01;56.44;57.01;28-Dec-2015
102203;DWS Investment Opportunity Fund - Dividend Option;INF223J01275;INF223J01283;14.27;14.13;14.27;28-Dec-2015
102204;DWS Investment Opportunity Fund - Growth Option;INF223J01291;;55.29;54.74;55.29;28-Dec-2015
111918;DWS Investment Opportunity Fund Wealth Plan- Dividend Option;INF223J01309;INF223J01317;19.15;18.96;19.15;28-Dec-2015
111917;DWS Investment Opportunity Fund Wealth Plan- Growth Option;INF223J01325;;25.01;24.76;25.01;28-Dec-2015

DSP Mutual Fund
105876;DSP BlackRock Equity Fund - Institutional Plan - Growth;INF740K01FY0;;22.038;21.818;22.038;28-Dec-2015
107354;DSP BlackRock Technology.com   Fund - Regular Plan - Dividend;INF740K01193;INF740K01201;32.352;32.028;32.352;28-Dec-2015
100090;DSP BlackRock Technology.com   Fund - Regular Plan - Growth;INF740K01219;;55.992;55.432;55.992;28-Dec-2015
119246;DSP BlackRock Technology.com Fund - Direct Plan - Dividend;INF740K01PP7;INF740K01PQ5;40.734;40.327;40.734;28-Dec-2015
119245;DSP BlackRock Technology.com Fund - Direct Plan - Growth;INF740K01PO0;;56.898;56.329;56.898;28-Dec-2015
105871;DSP Top 100 Equity Fund - Institutional  Plan - Dividend;INF740K01GG5;INF740K01GF7;15.388;15.234;15.388;28-Dec-2015
105872;DSP Top 100 Equity Fund - Institutional  Plan - Growth;INF740K01GE0;;21.436;21.222;21.436;28-Dec-2015

Edelweiss Mutual Fund
118645;Edelweiss Emerging Leaders Fund - Direct Plan- Dividend;INF754K01CJ9;INF754K01CK7;21.72;21.50;21.72;28-Dec-2015
118644;Edelweiss Emerging Leaders Fund - Direct Plan- Growth;INF754K01CM3;;22.40;22.18;22.40;28-Dec-2015
115632;Edelweiss Emerging Leaders Fund - Dividend;INF754K01772;INF754K01780;20.55;20.34;20.55;28-Dec-2015
115631;Edelweiss Emerging Leaders Fund - Growth;INF754K01764;;22.08;21.86;22.08;28-Dec-2015
118639;Edelweiss Equity Savings Advantage Fund - Direct Plan- Dividend Option;INF754K01DF5;INF754K01DH1;11.62;11.56;11.62;28-Dec-2015
112402;Edelweiss Equity Savings Advantage Fund - Dividend Option;INF754K01483;INF754K01509;11.61;11.55;11.61;28-Dec-2015
112387;Edelweiss Equity Savings Advantage Fund - Growth Option;INF754K01475;;15.99;15.91;15.99;28-Dec-2015
118638;Edelweiss Equity Savings Advantage Fund- Direct Plan- Growth Option;INF754K01DE8;;16.16;16.08;16.16;28-Dec-2015

Goldman Sachs Mutual Fund
118605;Goldman Sachs CNX 500 Fund - Direct Plan - Dividend Option;INF457M01083;INF457M01091;17.8335;17.5660;17.8335;28-Dec-2015
118606;Goldman Sachs CNX 500 Fund - Direct Plan - Growth Option;INF457M01075;;28.4937;28.0663;28.4937;28-Dec-2015
115749;Goldman Sachs CNX 500 Fund - Dividend Option;INF732E01201;INF732E01219;17.5284;17.2655;17.5284;28-Dec-2015
115748;Goldman Sachs CNX 500 Fund - Growth Option;INF732E01193;;28.0121;27.5919;28.0121;28-Dec-2015
118600;Goldman Sachs India Equity Fund - Direct Plan -Dividend Option;INF457M01059;INF457M01067;19.65;19.45;19.65;28-Dec-2015
118601;Goldman Sachs India Equity Fund - Direct Plan -Growth Option;INF457M01042;;19.65;19.45;19.65;28-Dec-2015
117992;Goldman Sachs India Equity Fund - Dividend Plan;INF457M01026;INF457M01034;19.27;19.08;19.27;28-Dec-2015
117993;Goldman Sachs India Equity Fund - Growth Plan;INF457M01018;;19.27;19.08;19.27;28-Dec-2015

HDFC Mutual Fund
119064;HDFC Index Fund Sensex Plus Plan-Direct Plan;INF179K01WO7;;343.9589;340.5193;343.9589;28-Dec-2015
101282;HDFC Index Fund-Sensex Plus( FV-Rs32.161);INF179K01LB7;;340.7402;337.3328;340.7402;28-Dec-2015

HSBC Mutual Fund
105227;HSBC Dividend Yield Equity Fund - Dividend;INF336L01BC0;INF336L01BB2;15.7381;15.7381;15.7381;28-Dec-2015
105228;HSBC Dividend Yield Equity Fund - Growth;INF336L01BD8;;15.7381;15.7381;15.7381;28-Dec-2015
120080;HSBC Dividend Yield Equity Fund-Dividend Direct;INF336L01EK7;INF336L01EL5;16.0755;16.0755;16.0755;28-Dec-2015
120081;HSBC Dividend Yield Equity Fund-Growth Direct;INF336L01EM3;;16.0755;16.0755;16.0755;28-Dec-2015

ICICI Prudential Mutual Fund
103028;ICICI Prudential Blended Plan A -  Dividend;INF109K01DZ0;INF109K01AO0;13.6363;13.5681;13.6363;28-Dec-2015
103027;ICICI Prudential Blended Plan A - Growth;INF109K01AP7;;22.3617;22.2499;22.3617;28-Dec-2015
120311;ICICI Prudential Blended Plan A-Direct Plan -  Dividend;INF109K013C6;INF109K014C4;13.6887;13.6203;13.6887;28-Dec-2015
120310;ICICI Prudential Blended Plan A-Direct Plan -  Growth;INF109K015C1;;22.6615;22.5482;22.6615;28-Dec-2015

JPMorgan Mutual Fund
133490;JPMorgan India Economic Resurgence Fund - Direct Plan - Dividend Option;INF843K01KL9;INF843K01KM7;9.86;9.761;9.86;28-Dec-2015
133489;JPMorgan India Economic Resurgence Fund - Direct Plan - Growth Option;INF843K01KK1;;9.896;9.797;9.896;28-Dec-2015
133492;JPMorgan India Economic Resurgence Fund - Regular Plan - Dividend Option;INF843K01KO3;INF843K01KP0;9.797;9.699;9.797;28-Dec-2015
133491;JPMorgan India Economic Resurgence Fund - Regular Plan - Growth Option;INF843K01KN5;;9.797;9.699;9.797;28-Dec-2015
119866;JPMorgan India Equity Fund - Direct Plan - Dividend Option;INF843K01AM8;INF843K01AN6;16.676;16.509;16.676;28-Dec-2015
119867;JPMorgan India Equity Fund - Direct Plan - Growth Option;INF843K01AL0;;22.837;22.609;22.837;28-Dec-2015
105583;JPMorgan India Equity Fund - Regular Plan - Dividend Option;INF843K01054;INF843K01062;16.181;16.019;16.181;28-Dec-2015
105582;JPMorgan India Equity Fund - Regular Plan - Growth Option;INF843K01047;;22.064;21.843;22.064;28-Dec-2015
131415;JPMorgan India Equity Income Fund - Direct Plan - Bonus Option;INF843K01KD6;;10.8897;10.7808;10.8897;28-Dec-2015
131413;JPMorgan India Equity Income Fund - Direct Plan - Dividend Option;INF843K01KE4;INF843K01KF1;10.5335;10.4282;10.5335;28-Dec-2015
131412;JPMorgan India Equity Income Fund - Direct Plan - Growth Option;INF843K01KC8;;10.8928;10.7839;10.8928;28-Dec-2015
131417;JPMorgan India Equity Income Fund - Regular Plan - Bonus Option;INF843K01KH7;;10.8281;10.7198;10.8281;28-Dec-2015
131414;JPMorgan India Equity Income Fund - Regular Plan - Dividend Option;INF843K01KI5;INF843K01KJ3;10.3727;10.269;10.3727;28-Dec-2015
131416;JPMorgan India Equity Income Fund - Regular Plan - Growth Option;INF843K01KG9;;10.8273;10.719;10.8273;28-Dec-2015
119868;JPMorgan India Mid and Small Cap Fund - Direct Plan - Dividend Option;INF843K01AP1;INF843K01AQ9;19.35;19.157;19.35;28-Dec-2015
119869;JPMorgan India Mid and Small Cap Fund - Direct Plan - Growth Option;INF843K01AO4;;20.087;19.886;20.087;28-Dec-2015
107302;JPMorgan India Mid and Small Cap Fund - Regular Plan - Dividend Option;INF843K01021;INF843K01039;17.913;17.734;17.913;28-Dec-2015
107301;JPMorgan India Mid and Small Cap Fund - Regular Plan - Growth Option;INF843K01013;;19.43;19.236;19.43;28-Dec-2015
129990;JPMorgan India Top 100 Fund - Direct Plan - Dividend Option;INF843K01IT6;INF843K01IU4;11.368;11.254;11.368;28-Dec-2015
129987;JPMorgan India Top 100 Fund - Direct Plan - Growth Option;INF843K01IS8;;11.432;11.318;11.432;28-Dec-2015
129989;JPMorgan India Top 100 Fund - Regular Plan - Dividend Option;INF843K01IW0;INF843K01IX8;11.223;11.111;11.223;28-Dec-2015
129988;JPMorgan India Top 100 Fund - Regular Plan - Growth Option;INF843K01IV2;;11.223;11.111;11.223;28-Dec-2015

Mirae Asset Mutual Fund
118829;Mirae Asset Global Commodity Stocks - Direct Plan - Dividend;INF769K01BC4;INF769K01BD2;8.828;8.651;8.828;28-Dec-2015
118828;Mirae Asset Global Commodity Stocks - Direct Plan - Growth;INF769K01BB6;;8.897;8.719;8.897;28-Dec-2015
109137;Mirae Asset Global Commodity Stocks - Dividend Option;INF769K01069;INF769K01051;8.677;8.503;8.677;28-Dec-2015
109138;Mirae Asset Global Commodity Stocks - Growth Option;INF769K01044;;8.677;8.503;8.677;28-Dec-2015

Nippon India Mutual Fund
118640;Reliance Focused Large Cap Fund - Direct Plan Dividend Plan;INF204K01XJ1;INF204K01XK9;19.8161;19.6179;19.8161;28-Dec-2015
118641;Reliance Focused Large Cap Fund - Direct Plan Growth Plan - Bonus Option;INF204K01D48;;23.7646;23.5270;23.7646;28-Dec-2015
118643;Reliance Focused Large Cap Fund - Direct Plan Growth Plan - Growth Option;INF204K01XL7;;23.7646;23.5270;23.7646;28-Dec-2015
103749;Reliance Focused Large Cap Fund-Dividend Plan;INF204K01653;INF204K01661;19.6066;19.4105;19.6066;28-Dec-2015
103748;Reliance Focused Large Cap Fund-Growth Plan-Bonus Option;INF204K01679;;23.3154;23.0822;23.3154;28-Dec-2015
103747;Reliance Focused Large Cap Fund-Growth Plan-Growth Option;INF204K01687;;23.3154;23.0822;23.3154;28-Dec-2015

PGIM India Mutual Fund
120088;DHFL Pramerica Dynamic Asset Allocation Fund - Direct Plan-Growth Option;INF663L01765;;12.67;12.54;12.67;28-Dec-2015
114310;DHFL Pramerica Dynamic Asset Allocation Fund - Dividend Option;INF663L01054;INF663L01062;11.53;11.41;11.53;28-Dec-2015
114309;DHFL Pramerica Dynamic Asset Allocation Fund - Growth Option;INF663L01047;;12.49;12.37;12.49;28-Dec-2015
120087;DHFL Pramerica Dynamic Asset Allocation Fund- Direct Plan-Dividend Option;INF663L01781;INF663L01773;11.66;11.54;11.66;28-Dec-2015
120099;DHFL Pramerica Large Cap Equity Fund - Direct Plan-Dividend Option;INF663L01815;INF663L01807;11.65;11.53;11.65;28-Dec-2015
120100;DHFL Pramerica Large Cap Equity Fund - Direct Plan-Growth Option;INF663L01799;;12.61;12.48;12.61;28-Dec-2015
114308;DHFL Pramerica Large Cap Equity Fund - Dividend Option;INF663L01021;INF663L01039;11.48;11.37;11.48;28-Dec-2015
114307;DHFL Pramerica Large Cap Equity Fund - Growth Option;INF663L01013;;12.42;12.30;12.42;28-Dec-2015

Principal Mutual Fund
129726;Principal Index Fund- Midcap- Direct Plan - Dividend Option;INF173K01KM9;INF173K01KO5;14.8252;14.6769;14.8252;28-Dec-2015
129725;Principal Index Fund- Midcap- Direct Plan - Growth;INF173K01KP2;;14.8252;14.6769;14.8252;28-Dec-2015
129727;Principal Index Fund- Midcap- Regular Plan - Dividend Option;INF173K01KI7;INF173K01KK3;14.7016;14.5546;14.7016;28-Dec-2015
129728;Principal Index Fund- Midcap- Regular Plan - Growth;INF173K01KL1;;14.7016;14.5546;14.7016;28-Dec-2015

Sahara Mutual Fund
120373;SAHARA BANKING & FINANCIAL SERVICES FUND- GROWTH - Direct;INF515L01AJ6;;42.6159;42.1897;42.6159;28-Dec-2015
109493;SAHARA BANKING & FINANCIAL SERVICES FUND- GROWTH OPTION;INF515L01494;;42.0677;41.6470;42.0677;28-Dec-2015
120374;SAHARA BANKING & FINANCIAL SERVICES FUND-DIVIDEND - Direct;INF515L01AH0;INF515L01AI8;15.0268;14.8765;15.0268;28-Dec-2015
109494;SAHARA BANKING & FINANCIAL SERVICES FUND-DIVIDEND OPTION;INF515L01478;INF515L01486;14.8727;14.7240;14.8727;28-Dec-2015
101529;Sahara Growth Fund-Dividend;INF515L01155;INF515L01163;32.2900;31.9671;32.2900;28-Dec-2015
120288;Sahara Growth Fund-Dividend- Direct;INF515L01759;INF515L01767;32.6301;32.3038;32.6301;28-Dec-2015
101528;Sahara Growth Fund-Growth;INF515L01171;;111.2684;110.1557;111.2684;28-Dec-2015
120289;Sahara Growth Fund-Growth- Direct;INF515L01775;;115.0890;113.9381;115.0890;28-Dec-2015
120352;Sahara Infrastructure Fund ---FIXED PRICING -Direct-Dividend;INF515L01924;INF515L01932;13.6200;13.4838;13.6200;28-Dec-2015
120353;Sahara Infrastructure Fund ---FIXED PRICING OPTION-Direct-Growth;INF515L01940;;18.5925;18.4066;18.5925;28-Dec-2015
103730;Sahara Infrastructure Fund ---FIXED PRICING OPTION-Dividend Option;INF515L01320;INF515L01338;13.5097;13.3746;13.5097;28-Dec-2015
103731;Sahara Infrastructure Fund ---FIXED PRICING OPTION-Growth Option;INF515L01346;;18.5003;18.3153;18.5003;28-Dec-2015
120354;Sahara Infrastructure Fund ---VARIABLE PRICING OPTION-Direct-Dividend;INF515L01957;INF515L01965;14.9537;14.8042;14.9537;28-Dec-2015
120355;Sahara Infrastructure Fund ---VARIABLE PRICING OPTION-Direct-Growth;INF515L01973;;20.3131;20.1100;20.3131;28-Dec-2015
103732;Sahara Infrastructure Fund ---VARIABLE PRICING OPTION-Dividend Option;INF515L01353;INF515L01361;14.8608;14.7122;14.8608;28-Dec-2015
103733;Sahara Infrastructure Fund ---VARIABLE PRICING OPTION-Growth Option;INF515L01379;;20.2023;20.0003;20.2023;28-Dec-2015
100798;Sahara Midcap Fund-Auto Payout;INF515L01247;;56.2518;55.6893;56.2518;28-Dec-2015
120295;Sahara Midcap Fund-Auto Payout- Direct;INF515L01841;;56.8027;56.2347;56.8027;28-Dec-2015
100799;Sahara Midcap Fund-Bonus;INF515L01254;;56.2518;55.6893;56.2518;28-Dec-2015
120296;Sahara Midcap Fund-Bonus- Direct;INF515L01858;;56.8027;56.2347;56.8027;28-Dec-2015
120298;Sahara Midcap Fund-Dividend -Direct;INF515L01817;INF515L01825;24.9655;24.7158;24.9655;28-Dec-2015
100797;Sahara Midcap Fund-Dividend Plan;INF515L01213;INF515L01221;24.8020;24.5540;24.8020;28-Dec-2015
120297;Sahara Midcap Fund-Growth Option - Direct;INF515L01833;;56.8027;56.2347;56.8027;28-Dec-2015
100796;Sahara Midcap Fund-Growth Plan;INF515L01239;;56.2518;55.6893;56.2518;28-Dec-2015
108320;Sahara Power & Natural Resources Fund - Dividend Option;INF515L01445;INF515L01452;12.2956;12.1726;12.2956;28-Dec-2015
120371;Sahara Power & Natural resources Fund- Growth - Direct;INF515L01AG2;;14.5343;14.3890;14.5343;28-Dec-2015
108321;Sahara Power & Natural resources Fund- Growth Option;INF515L01460;;14.4159;14.2717;14.4159;28-Dec-2015
120370;Sahara Power & Natural Resources Fund-Dividend - Direct;INF515L01AE7;INF515L01AF4;12.4020;12.2780;12.4020;28-Dec-2015
106744;Sahara R.E.A.L Fund - Dividend Option;INF515L01387;INF515L01395;15.5329;15.3776;15.5329;28-Dec-2015
120360;Sahara R.E.A.L Fund - Dividend Option- Direct;INF515L01981;INF515L01999;15.6700;15.5133;15.6700;28-Dec-2015
106745;Sahara R.E.A.L Fund - Growth  Fund;INF515L01403;;15.5306;15.3753;15.5306;28-Dec-2015
120361;Sahara R.E.A.L Fund - Growth  Fund- Direct;INF515L01AA5;;15.9672;15.8075;15.9672;28-Dec-2015
120387;Sahara Star Value Fund-Dividend - Direct;INF515L01AS7;INF515L01AT5;14.4703;14.3256;14.4703;28-Dec-2015
112104;Sahara Star Value Fund-Dividend Option;INF515L01585;INF515L01593;14.3540;14.2105;14.3540;28-Dec-2015
120386;Sahara Star Value Fund-Growth - Direct;INF515L01AU3;;19.7805;19.5827;19.7805;28-Dec-2015
112105;Sahara Star Value Fund-Growth Option;INF515L01601;;18.3988;18.2148;18.3988;28-Dec-2015
120383;Sahara Super 20 Fund - Dividend - Direct;INF515L01AP3;INF515L01AQ1;15.8493;15.6908;15.8493;28-Dec-2015
112036;Sahara Super 20 Fund - Dividend Option;INF515L01551;INF515L01569;15.6671;15.5104;15.6671;28-Dec-2015
120382;Sahara Super 20 Fund - Growth - Direct;INF515L01AR9;;15.9075;15.7484;15.9075;28-Dec-2015
112037;Sahara Super 20 Fund - Growth Option;INF515L01577;;15.6821;15.5253;15.6821;28-Dec-2015
120341;Sahara Wealth Plus Fund-Fixed Pricing Option-Direct-Dividend Option;INF515L01866;INF515L01874;26.0807;25.8199;26.0807;28-Dec-2015
120340;Sahara Wealth Plus Fund-Fixed Pricing Option-Direct-Growth;INF515L01882;;36.6641;36.2975;36.6641;28-Dec-2015
103119;Sahara Wealth Plus Fund-Fixed Pricing Option-Dividend Option;INF515L01262;INF515L01270;25.8791;25.6203;25.8791;28-Dec-2015
103120;Sahara Wealth Plus Fund-Fixed Pricing Option-Growth Option;INF515L01288;;36.3369;35.9735;36.3369;28-Dec-2015
120344;Sahara Wealth Plus Fund-Variable Pricing Option-Direct -Dividend;INF515L01890;INF515L01908;29.0935;28.8026;29.0935;28-Dec-2015
120345;Sahara Wealth Plus Fund-Variable Pricing Option-Direct-Growth;INF515L01916;;40.1977;39.7957;40.1977;28-Dec-2015
103121;Sahara Wealth Plus Fund-Variable Pricing Option-Dividend Option;INF515L01296;INF515L01304;28.8773;28.5885;28.8773;28-Dec-2015
103122;Sahara Wealth Plus Fund-Variable Pricing Option-Growth Option;INF515L01312;;39.8307;39.4324;39.8307;28-Dec-2015

Sundaram Mutual Fund
119600;Sundaram Entertainment Opportunities Fund - Direct Plan - Dividend Option;INF903J01MW6;INF903J01MX4;15.6226;15.4664;15.6226;28-Dec-2015
109130;Sundaram Entertainment Opportunities Fund - Inst  Growth;INF903J01710;;21.7357;21.5183;21.7357;28-Dec-2015
109131;Sundaram Entertainment Opportunities Fund - Regular Dividend;INF903J01660;INF903J01678;15.4369;15.2825;15.4369;28-Dec-2015
109129;Sundaram Entertainment Opportunities Fund - Regular Growth;INF903J01686;;21.0874;20.8765;21.0874;28-Dec-2015
119599;Sundaram Entertainment Opportunities Fund -Direct Plan - Growth Option;INF903J01MY2;;21.3547;21.1412;21.3547;28-Dec-2015
119593;Sundaram Growth Fund - Direct Plan - Dividend Option;INF903J01MQ8;INF903J01MR6;9.7285;9.5339;9.7285;28-Dec-2015
119592;Sundaram Growth Fund - Direct Plan - Growth Option;INF903J01MS4;;109.8367;107.6400;109.8367;28-Dec-2015
112063;Sundaram Growth Fund- Inst Dividend;INF903J01363;INF903J01371;10.2621;10.0569;10.2621;28-Dec-2015
100612;Sundaram Growth Fund-Dividend;INF903J01330;INF903J01348;9.6712;9.4778;9.6712;28-Dec-2015
100613;Sundaram Growth Fund-Growth;INF903J01355;;108.0943;105.9324;108.0943;28-Dec-2015

UTI Mutual Fund
120756;UTI Bluechip Flexicap Fund - Direct Plan - Dividend Option;INF789F01TV4;INF789F01TW2;20.1072;20.1072;20.11;28-Dec-2015
120757;UTI Bluechip Flexicap Fund - Direct Plan - Growth Option;INF789F01TX0;;23.8861;23.8861;23.89;28-Dec-2015
103455;UTI Bluechip Flexicap Fund - Regular Plan - Dividend Option;INF789F01760;INF789F01778;19.9182;19.9182;19.92;28-Dec-2015
103457;UTI Bluechip Flexicap Fund - Regular Plan - Growth option;INF789F01786;;23.6771;23.6771;23.68;28-Dec-2015
131161;UTI Multi Cap Fund - Dividend Option;INF789FA1XV4;INF789FA1XW2;10.6202;10.6202;10.6202;28-Dec-2015
131162;UTI Multi Cap Fund - Dividend Option - Direct;INF789FA1XS0;INF789FA1XT8;10.6974;10.6974;10.6974;28-Dec-2015
131163;UTI Multi Cap Fund - Growth Option;INF789FA1XX0;;10.6202;10.6202;10.6202;28-Dec-2015
131164;UTI Multi Cap Fund - Growth Option - Direct;INF789FA1XU6;;10.6973;10.6973;10.6973;28-Dec-2015

Open Ended Schemes ( Balanced )


HDFC Mutual Fund
100121;HDFC Balanced Fund - Dividend Option;INF179K01376;INF179K01384;27.261;26.988;27.261;28-Dec-2015
100122;HDFC Balanced Fund - Growth Option;INF179K01392;;108.744;107.657;108.744;28-Dec-2015
118932;HDFC Balanced Fund -Direct Plan - Dividend Option;INF179K01UX2;INF179K01UY0;29.331;29.038;29.331;28-Dec-2015
118933;HDFC Balanced Fund -Direct Plan - Growth Option;INF179K01UZ7;;111.069;109.958;111.069;28-Dec-2015
101978;HDFC Prudence Fund - Dividend Option;INF179K01AT2;INF179K01AU0;32.013;31.693;32.013;28-Dec-2015
101977;HDFC Prudence Fund - Growth Option;INF179K01AV8;;375.978;372.218;375.978;28-Dec-2015
118990;HDFC Prudence Fund -Direct Plan - Dividend Option;INF179K01YA2;INF179K01YB0;35.431;35.077;35.431;28-Dec-2015
118991;HDFC Prudence Fund -Direct Plan - Growth Option;INF179K01YC8;;383.036;379.206;383.036;28-Dec-2015

JPMorgan Mutual Fund
134154;JPMorgan India Balanced Advantage Fund - Direct Plan - Dividend Option;INF843K01KS4;INF843K01KT2;9.6151;9.5189;9.6151;28-Dec-2015
134150;JPMorgan India Balanced Advantage Fund - Direct Plan - Growth Option;INF843K01KQ8;;9.7052;9.6081;9.7052;28-Dec-2015
134153;JPMorgan India Balanced Advantage Fund - Regular Plan - Bonus Option;INF843K01KV8;;9.586;9.4901;9.586;28-Dec-2015
134155;JPMorgan India Balanced Advantage Fund - Regular Plan - Dividend Option;INF843K01KW6;INF843K01KX4;9.5859;9.49;9.5859;28-Dec-2015
134152;JPMorgan India Balanced Advantage Fund - Regular Plan - Growth Option;INF843K01KU0;;9.5859;9.49;9.5859;28-Dec-2015

Open Ended Schemes ( Liquid )


Deutsche Mutual Fund
122676;DWS INSTA CASH PLUS FUND - Annual Bonus Option;INF223J01WV0;;114.3325;114.3325;114.3325;28-Dec-2015
116363;DWS Insta Cash Plus Fund - Annual Dividend Option;INF223J01IP1;INF223J01IQ9;122.8080;122.8080;122.8080;28-Dec-2015
106468;DWS INSTA CASH PLUS FUND - BONUS OPTION;INF223J01BQ4;;131.4987;131.4987;131.4987;28-Dec-2015
122675;DWS Insta Cash Plus Fund - Direct Plan -  Annual Bonus Option;INF223J01WW8;;116.5305;116.5305;116.5305;28-Dec-2015
119003;DWS Insta Cash Plus Fund - Direct Plan -  Regular Bonus;INF223J01NQ9;;131.8515;131.8515;131.8515;28-Dec-2015
118997;DWS Insta Cash Plus Fund - Direct Plan - Annual Dividend;INF223J01NO4;INF223J01NP1;132.6074;132.6074;132.6074;28-Dec-2015
118998;DWS Insta Cash Plus Fund - Direct Plan - Daily Dividend;;INF223J01NR7;100.3040;100.3040;100.3040;28-Dec-2015
119000;DWS Insta Cash Plus Fund - Direct Plan - Growth;INF223J01NS5;;192.8016;192.8016;192.8016;28-Dec-2015
119002;DWS Insta Cash Plus Fund - Direct Plan - Weekly Dividend;INF223J01NV9;INF223J01NW7;100.6107;100.6107;100.6107;28-Dec-2015
122205;DWS Insta Cash Plus Fund - Direct Plan -Monthly Bonus;INF223J01VE8;;126.7334;126.7334;126.7334;28-Dec-2015
106470;DWS Insta Cash Plus Fund - Monthly Dividend;INF223J01BR2;INF223J01BS0;104.7305;104.7305;104.7305;28-Dec-2015
105672;DWS INSTA CASH PLUS FUND - Regular Plan BONUS OPTION;INF223J01BH3;;12.2035;12.2035;12.2035;28-Dec-2015
106472;DWS Insta Cash Plus Fund - Weekly Dividend;INF223J01BT8;INF223J01BU6;100.6101;100.6101;100.6101;28-Dec-2015
106471;DWS Insta Cash Plus Fund -Growth;INF223J01BP6;;192.3498;192.3498;192.3498;28-Dec-2015
106467;DWS Insta Cash Plus Fund-Daily Dividend;;INF223J01BO9;100.3040;100.3040;100.3040;28-Dec-2015
101718;DWS Insta Cash Plus Fund-DIVIDEND-Daily Dividend;;INF223J01BI1;10.3010;10.3010;10.3010;28-Dec-2015
101717;DWS Insta Cash Plus Fund-DIVIDEND-MONTHLY DIVIDEND;INF223J01BK7;INF223J01BL5;10.0475;10.0475;10.0475;28-Dec-2015
101716;DWS Insta Cash Plus Fund-DIVIDEND-WEEKLY DIVIDEND;INF223J01BM3;INF223J01BN1;10.3596;10.3596;10.3596;28-Dec-2015
101719;DWS Insta Cash Plus Fund-Growth-GROWTH;INF223J01BJ9;;23.1163;23.1163;23.1163;28-Dec-2015
101722;DWS Insta Cash Plus Fund-Institutional Plan-Daily Dividend;;INF223J01BA8;10.0516;10.0516;10.0516;28-Dec-2015
101721;DWS Insta Cash Plus Fund-Institutional Plan-Growth;INF223J01BB6;;21.9227;21.9227;21.9227;28-Dec-2015
122206;DWS INSTA CASH PLUS FUND-Monthly Bonus Option;INF223J01VD0;;109.7714;109.7714;109.7714;28-Dec-2015
116368;DWS Insta CashPlus Fund - Quarterly Dividend Option;INF223J01IN6;INF223J01IO4;132.1129;132.1129;132.1129;28-Dec-2015
116370;DWS Treasury Fund - Cash Plan - Annual Dividend;INF223J01SF1;INF223J01SG9;139.3938;139.3938;139.3938;28-Dec-2015
114966;DWS Treasury Fund - Cash Plan - Bonus;INF223J01SA2;;135.3593;135.3593;135.3593;28-Dec-2015
112228;DWS Treasury Fund - Cash Plan - Daily Dividend;;INF223J01SB0;100.3910;100.3910;100.3910;28-Dec-2015
119008;DWS Treasury Fund - Cash Plan - Direct Plan - Daily Dividend;;INF223J01PH3;100.3910;100.3910;100.3910;28-Dec-2015
119009;DWS Treasury Fund - Cash Plan - Direct Plan - Growth;INF223J01PI1;;159.9715;159.9715;159.9715;28-Dec-2015
122210;DWS Treasury Fund - Cash Plan - Direct Plan - Monthly Bonus;INF223J01VO7;;126.8255;126.8255;126.8255;28-Dec-2015
119010;DWS Treasury Fund - Cash Plan - Direct Plan - Monthly Dividend;INF223J01PJ9;INF223J01PK7;109.1173;109.1173;109.1173;28-Dec-2015
119013;DWS Treasury Fund - Cash Plan - Direct Plan - Weekly Dividend;INF223J01PN1;INF223J01PO9;109.6632;109.6632;109.6632;28-Dec-2015
112221;DWS Treasury Fund - Cash Plan - Growth;INF223J01SC8;;159.0953;159.0953;159.0953;28-Dec-2015
112227;DWS Treasury Fund - Cash Plan - Institiutional - Daily Dividend;;INF223J01DZ1;100.4970;100.4970;100.4970;28-Dec-2015
112222;DWS Treasury Fund - Cash Plan - Institiutional - Growth;INF223J01EA2;;156.4099;156.4099;156.4099;28-Dec-2015
122209;DWS Treasury Fund - Cash Plan - Monthly Bonus;INF223J01VN9;;126.1107;126.1107;126.1107;28-Dec-2015
112965;DWS Treasury Fund - Cash Plan - Monthly Dividend;INF223J01RW8;INF223J01RX6;107.6441;107.6441;107.6441;28-Dec-2015
116391;DWS Treasury Fund - Cash Plan - Quarterly Dividend;INF223J01SD6;INF223J01SE4;115.7305;115.7305;115.7305;28-Dec-2015
112964;DWS Treasury Fund - Cash Plan - Weekly Dividend;INF223J01RY4;INF223J01RZ1;109.6110;109.6110;109.6110;28-Dec-2015
116395;DWS Treasury Fund - Investment - Annual Dividend;INF223J01KV5;INF223J01KW3;13.9900;13.9900;13.9900;28-Dec-2015
114967;DWS Treasury Fund - Investment - Bonus;INF223J01EW6;;12.2753;12.2753;12.2753;28-Dec-2015
122981;DWS Treasury Fund - Investment - Direct Plan - Annual Bonus;INF223J01XG9;;16.3395;16.3395;16.3395;28-Dec-2015
119022;DWS Treasury Fund - Investment - Direct Plan - Growth;INF223J01PT8;;16.4109;16.4109;16.4109;28-Dec-2015
119026;DWS Treasury Fund - Investment - Direct Plan - Weekly Dividend;INF223J01PY8;INF223J01PZ5;11.0231;11.0231;11.0231;28-Dec-2015
119027;DWS Treasury Fund - Investment - Direct Plan-Monthly Dividend;INF223J01PU6;INF223J01PV4;10.6583;10.6583;10.6583;28-Dec-2015
122213;DWS Treasury Fund - Investment - Quarterly Bonus;INF223J01VP4;;11.6621;11.6621;11.6621;28-Dec-2015
122980;DWS Treasury Fund - Investment Plan - Annual Bonus;INF223J01XF1;;11.2004;11.2004;11.2004;28-Dec-2015
112226;DWS Treasury Fund - Investment Plan - Daily Dividend;;INF223J01EX4;10.2220;10.2220;10.2220;28-Dec-2015
122214;DWS Treasury Fund - Investment Plan - Direct Plan -  Quarterly Bonus;INF223J01VQ2;;10.7289;10.7289;10.7289;28-Dec-2015
119021;DWS Treasury Fund - Investment Plan - Direct Plan - Bonus;INF223J01PP6;;12.3312;12.3312;12.3312;28-Dec-2015
119023;DWS Treasury Fund - Investment Plan - Direct Plan - Daily Dividend;;INF223J01PS0;10.2220;10.2220;10.2220;28-Dec-2015
112223;DWS Treasury Fund - Investment Plan - Growth;INF223J01EY2;;16.3088;16.3088;16.3088;28-Dec-2015
112225;DWS Treasury Fund - Investment Plan - Institiutional - Daily Dividend;;INF223J01EO3;10.0417;10.0417;10.0417;28-Dec-2015
112224;DWS Treasury Fund - Investment Plan - Institiutional - Growth;INF223J01EP0;;15.9150;15.9150;15.9150;28-Dec-2015
112968;DWS Treasury Fund - Investment Plan - Monthly Dividend;INF223J01ES4;INF223J01ET2;10.5967;10.5967;10.5967;28-Dec-2015
116394;DWS Treasury Fund - Investment Plan - Quarterly Dividend;INF223J01KT9;INF223J01KU7;12.3253;12.3253;12.3253;28-Dec-2015
112967;DWS Treasury Fund - Investment Plan - Weekly Dividend;INF223J01EU0;INF223J01EV8;10.0840;10.0840;10.0840;28-Dec-2015

Edelweiss Mutual Fund
109935;Edelweiss Liquid Fund - Daily Dividend Option;;INF754K01BG7;1000.0000;1000.0000;1000.0000;28-Dec-2015
118712;Edelweiss Liquid Fund - Direct Plan- Monthly Dividend Option;INF754K01CY8;INF754K01DA6;1005.1148;1005.1148;1005.1148;28-Dec-2015
118713;Edelweiss Liquid Fund - Direct Plan- Weekly Dividend Option;;INF754K01DC2;1001.7182;1001.7182;1001.7182;28-Dec-2015
109946;Edelweiss Liquid Fund - Growth Option;INF754K01BC6;;1437.3985;1437.3985;1437.3985;28-Dec-2015
109944;Edelweiss Liquid Fund - Monthly Dividend Option;INF754K01BD4;INF754K01BF9;1005.0088;1005.0088;1005.0088;28-Dec-2015
109934;Edelweiss Liquid Fund - Retail Plan - Daily Dividend Option;;INF754K01AS4;1000.0000;1000.0000;1000.0000;28-Dec-2015
109940;Edelweiss Liquid Fund - Retail Plan - Growth Option;INF754K01AO3;;1620.2141;1620.2141;1620.2141;28-Dec-2015
109939;Edelweiss Liquid Fund - Retail Plan - Monthly Dividend Option;INF754K01AP0;INF754K01AR6;1004.4746;1004.4746;1004.4746;28-Dec-2015
109937;Edelweiss Liquid Fund - Retail Plan - Weekly Dividend Option;;INF754K01AT2;1001.4995;1001.4995;1001.4995;28-Dec-2015
109942;Edelweiss Liquid Fund - Weekly Dividend Option;;INF754K01BH5;1001.6715;1001.6715;1001.6715;28-Dec-2015
118637;Edelweiss Liquid Fund-Direct Plan-Daily Dividend Option;;INF754K01DB4;1000.0000;1000.0000;1000.0000;28-Dec-2015
118636;Edelweiss Liquid Fund-Direct Plan-Growth Option;INF754K01CX0;;1441.7358;1441.7358;1441.7358;28-Dec-2015

Invesco Mutual Fund
122792;Religare Invesco Overnight Fund - Bonus Option;INF205K01UY3;;1713.2620;1713.2620;1713.2620;28-Dec-2015
106502;Religare Invesco Overnight Fund - Daily Dividend Reinvestment;;INF205K01HS2;1057.6084;1057.6084;1057.6084;28-Dec-2015
122793;Religare Invesco Overnight Fund - Direct Plan - Bonus Option;INF205K01VH6;;1722.7765;1722.7765;1722.7765;28-Dec-2015
120556;Religare Invesco Overnight Fund - Direct Plan - Daily Dividend Reinvestment;;INF205K01NC4;1000.0100;1000.0100;1000.0100;28-Dec-2015
120557;Religare Invesco Overnight Fund - Direct Plan - Growth;INF205K01ND2;;1722.5332;1722.5332;1722.5332;28-Dec-2015
106501;Religare Invesco Overnight Fund - Growth;INF205K01HR4;;1713.1737;1713.1737;1713.1737;28-Dec-2015

JM Financial Mutual Fund
122314;JM Floater Short Term Fund (Direct) - Bonus Option - Principal Units;INF192K01EV3;;22.8088;22.8088;22.8088;28-Dec-2015
120414;JM Floater Short Term Fund (Direct) - Daily Dividend Option;;INF192K01CF0;10.0887;10.0887;10.0887;28-Dec-2015
120415;JM Floater Short Term Fund (Direct) - Growth Option;INF192K01CG8;;22.7603;22.7603;22.7603;28-Dec-2015
133413;JM Floater Short Term Fund (Direct) - Monthly Dividend Option;INF192K01IT8;INF192K01IU6;10.7241;10.7241;10.7241;28-Dec-2015
133391;JM Floater Short Term Fund - (Direct) - Half Yearly Bonus Option - Principal Units;INF192K01IX0;;22.8248;22.8248;22.8248;28-Dec-2015
122322;JM Floater Short Term Fund - Bonus Option - Principal Units;INF192K01ET7;;22.7241;22.7241;22.7241;28-Dec-2015
101420;JM Floater Short Term Fund - Daily Dividend Option;;INF192K01767;10.0883;10.0883;10.0883;28-Dec-2015
101421;JM Floater Short Term Fund - Growth Option;INF192K01775;;22.6707;22.6707;22.6707;28-Dec-2015
133393;JM Floater Short Term Fund - Half Yearly Bonus Option - Principal Units;INF192K01IV4;;22.7241;22.7241;22.7241;28-Dec-2015
133392;JM Floater Short Term Fund - Monthly Dividend Option;INF192K01IR2;INF192K01IS0;10.8683;10.8683;10.8683;28-Dec-2015

JPMorgan Mutual Fund
119903;JPMorgan India Liquid Fund - Direct Plan - Bonus Option;INF843K01BJ2;;11.1863;11.1863;11.1863;28-Dec-2015
119902;JPMorgan India Liquid Fund - Direct Plan - Daily Dividend Option;;INF843K01BA1;10.0101;10.0101;10.0101;28-Dec-2015
119905;JPMorgan India Liquid Fund - Direct Plan - Growth Option;INF843K01AX5;;19.2274;19.2274;19.2274;28-Dec-2015
106562;JPMorgan India Liquid Fund - Retail Plan - Daily Dividend Option;;INF843K01203;10.019;10.019;10.019;28-Dec-2015
106561;JPMorgan India Liquid Fund - Retail Plan - Growth Option;INF843K01195;;17.4432;17.4432;17.4432;28-Dec-2015
109179;JPMorgan India Liquid Fund - Retail Plan - Monthly Dividend Option;;INF843K01237;10.0844;10.0844;10.0844;28-Dec-2015
109177;JPMorgan India Liquid Fund - Retail Plan - Weekly Dividend Option;;INF843K01211;10.0312;10.0312;10.0312;28-Dec-2015
117751;JPMorgan India Liquid Fund - Super Institutional Plan - Annual Dividend Option;INF843K01831;INF843K01823;13.2569;13.2569;13.2569;28-Dec-2015
117752;JPMorgan India Liquid Fund - Super Institutional Plan - Bonus Option;INF843K01849;;11.1623;11.1623;11.1623;28-Dec-2015
110149;JPMorgan India Liquid Fund - Super Institutional Plan - Daily Dividend Option;;INF843K01153;10.0279;10.0279;10.0279;28-Dec-2015
110152;JPMorgan India Liquid Fund - Super Institutional Plan - Fortnightly Dividend Option;INF843K01492;INF843K01179;10.2077;10.2077;10.2077;28-Dec-2015
110150;JPMorgan India Liquid Fund - Super Institutional Plan - Growth Option;INF843K01146;;19.1615;19.1615;19.1615;28-Dec-2015
110151;JPMorgan India Liquid Fund - Super Institutional Plan - Monthly Dividend Option;INF843K01500;INF843K01187;10.0936;10.0936;10.0936;28-Dec-2015
110153;JPMorgan India Liquid Fund - Super Institutional Plan - Weekly Dividend Option;INF843K01484;INF843K01161;10.1919;10.1919;10.1919;28-Dec-2015

PGIM India Mutual Fund
120102;DHFL Pramerica Liquid Fund - Direct Plan-Daily Dividend Option;;INF663L01633;1000.5500;1000.5500;1000.5500;28-Dec-2015
120104;DHFL Pramerica Liquid Fund - Direct Plan-Growth Option;INF663L01625;;1584.9276;1584.9276;1584.9276;28-Dec-2015
120105;DHFL Pramerica Liquid Fund - Direct Plan-Monthly Dividend Option;INF663L01682;INF663L01666;1000.4433;1000.4433;1000.4433;28-Dec-2015
120106;DHFL Pramerica Liquid Fund - Direct Plan-Weekly Dividend - Option;;INF663L01641;1001.4956;1001.4956;1001.4956;28-Dec-2015
113184;DHFL Pramerica Liquid Fund - Dividend Option - Daily;;INF663L01088;1000.8000;1000.8000;1000.8000;28-Dec-2015
113186;DHFL Pramerica Liquid Fund - Dividend Option - Monthly;INF663L01138;INF663L01112;1000.4108;1000.4108;1000.4108;28-Dec-2015
113183;DHFL Pramerica Liquid Fund - Growth Option;INF663L01070;;1580.8161;1580.8161;1580.8161;28-Dec-2015
113185;DHFL Pramerica Liquid Fund -Dividend Option- Weekly;;INF663L01096;1001.2184;1001.2184;1001.2184;28-Dec-2015
122257;DHFL Pramerica Liquid Fund-Bonus Option;INF663L01BD5;;1580.3211;1580.3211;1580.3211;28-Dec-2015

Sahara Mutual Fund
101397;Sahara Liquid Fund-Fixed Pricing -  Weekly Dividend Option;;INF515L01064;1027.4373;1027.4373;1027.4373;28-Dec-2015
101393;Sahara Liquid Fund-Fixed Pricing - Daily Dividend Option;;INF515L01049;1067.0870;1067.0870;1067.0870;28-Dec-2015
120265;Sahara Liquid Fund-Fixed Pricing - Direct - Weekly Dividend Option;;INF515L01668;1027.4373;1027.4373;1027.4373;28-Dec-2015
120262;Sahara Liquid Fund-Fixed Pricing - Direct -Growth option;INF515L01650;;2612.6251;2612.6251;2612.6251;28-Dec-2015
101394;Sahara Liquid Fund-Fixed Pricing - Growth option;INF515L01056;;2611.2983;2611.2983;2611.2983;28-Dec-2015
101398;Sahara Liquid Fund-Fixed Pricing - Monthly Dividend Option;;INF515L01072;1043.3721;1043.3721;1043.3721;28-Dec-2015
120253;Sahara Liquid Fund-Fixed Pricing -Direct - Daily Dividend Option- Direct;;INF515L01643;1067.0870;1067.0870;1067.0870;28-Dec-2015
120266;Sahara Liquid Fund-Fixed Pricing -Direct - Monthly Dividend Option;;INF515L01676;1043.3721;1043.3721;1043.3721;28-Dec-2015
101399;Sahara Liquid Fund-Variable Pricing - Daily Dividend option;;INF515L01080;1068.3853;1068.3853;1068.3853;28-Dec-2015
101402;Sahara Liquid Fund-Variable Pricing - Growth option;INF515L01114;;2649.8628;2649.8628;2649.8628;28-Dec-2015
101400;Sahara Liquid Fund-Variable Pricing - Weekly Dividend Option;;INF515L01098;1075.3518;1075.3518;1075.3518;28-Dec-2015
120271;Sahara Liquid Fund-Variable Pricing -Direct - Daily Dividend option;;INF515L01684;1038.8267;1038.8267;1038.8267;28-Dec-2015
120280;Sahara Liquid Fund-Variable Pricing -Direct - Growth option;INF515L01718;;2652.1855;2652.1855;2652.1855;28-Dec-2015
120272;Sahara Liquid Fund-Variable Pricing -Direct - Weekly Dividend Option;;INF515L01692;1075.3518;1075.3518;1075.3518;28-Dec-2015
120273;Sahara Liquid Fund-Variable Pricing- Direct - Monthly Dividend Option;;INF515L01700;1055.8972;1055.8972;1055.8972;28-Dec-2015
101401;Sahara Liquid Fund-Variable Pricing- Monthly Dividend Option;;INF515L01106;1084.5927;1084.5927;1084.5927;28-Dec-2015

Tata Mutual Fund
101987;Tata Liquid Fund Reglar Plan - Monthly Dividend;INF277K01LR5;INF277K01LS3;1006.4597;1006.4597;1006.4597;28-Dec-2015
101861;Tata Liquid Fund-Regular Plan  - Weekly Dividend;INF277K016C5;;1001.9086;1001.9086;1001.9086;28-Dec-2015
101984;Tata Liquid High Investment Plan - Daily;;;1114.3379;1114.3379;1114.3379;28-Dec-2015
101860;Tata Liquid High Investment Plan - Growth;INF277K01LN4;;2406.4912;2406.4912;2406.4912;28-Dec-2015
101985;Tata Liquid High Investment Plan - Monthly;INF277K01LO2;INF277K01LP9;1025.6834;1025.6834;1025.6834;28-Dec-2015
101859;Tata Liquid High Investment Plan - Weekly;;;1147.8180;1147.8180;1147.8180;28-Dec-2015
101982;Tata Liquid Retail Investment PLan - Daily;;;1116.8143;1116.8143;1116.8143;28-Dec-2015
101983;Tata Liquid Retail Investment Plan - Fortnightly;;;1147.6934;1147.6934;1147.6934;28-Dec-2015
101858;Tata Liquid Retail Investment Plan - Growth;INF277K01LM6;;3278.6810;3278.6810;3278.6810;28-Dec-2015
103631;Tata Liquidity Management Fund - Regular Plan - Daily Dividend;;;1002.6089;1002.6089;1002.6089;28-Dec-2015
103632;Tata Liquidity Management Fund - Regular Plan - Growth;INF277K01LW5;;1971.2041;1971.2041;1971.2041;28-Dec-2015
103519;Tata Liquidity Management Fund - Regular Plan  -Weekly Dividend;;;1006.6923;1006.6923;1006.6923;28-Dec-2015
119443;Tata Liquidity Management Fund- Direct Plan-Daily Dividend;;;1002.6089;1002.6089;1002.6089;28-Dec-2015
119444;Tata Liquidity Management Fund- Direct Plan-Growth;INF277K01PU0;;1973.9787;1973.9787;1973.9787;28-Dec-2015
119442;Tata Liquidity Management Fund- Direct Plan-Weekly Dividend;;;1006.7333;1006.7333;1006.7333;28-Dec-2015

Open Ended Schemes ( Money Market )


quant Mutual Fund
103094;Escorts Mutual Fund Unclaimed Dundee Balanced Fund;;;0;0;0;28-Dec-2015
103093;Escorts Mutual Fund Unclaimed Dundee Corporate Bond Fund-Annual Dividend;;;0;0;0;28-Dec-2015
103089;Escorts Mutual Fund Unclaimed Dundee Corporate Bond Fund-Appreciation;;;0;0;0;28-Dec-2015
103092;Escorts Mutual Fund Unclaimed Dundee Corporate Bond Fund-Half Yearly Dividend;;;0;0;0;28-Dec-2015
103090;Escorts Mutual Fund Unclaimed Dundee Corporate Bond Fund-Monthly Dividend;;;0;0;0;28-Dec-2015
103091;Escorts Mutual Fund Unclaimed Dundee Corporate Bond Fund-Quarterly Dividend;;;0;0;0;28-Dec-2015
103041;Escorts Mutual Fund Unclaimed Dundee Liquidity Fund-Appreciation;;;0;0;0;28-Dec-2015
103042;Escorts Mutual Fund Unclaimed Dundee Liquidity Fund-Dividend;;;0;0;0;28-Dec-2015
103047;Escorts Mutual Fund Unclaimed Dundee PSU Bond Fund-Annual Dividend;;;0;0;0;28-Dec-2015
103043;Escorts Mutual Fund Unclaimed Dundee PSU Bond Fund-Appreciation;;;0;0;0;28-Dec-2015
103046;Escorts Mutual Fund Unclaimed Dundee PSU Bond Fund-Half Yearly Dividend;;;0;0;0;28-Dec-2015
103044;Escorts Mutual Fund Unclaimed Dundee PSU Bond Fund-Monthly Dividend;;;0;0;0;28-Dec-2015
103045;Escorts Mutual Fund Unclaimed Dundee PSU Bond Fund-Quarterly Dividend;;;0;0;0;28-Dec-2015
103033;Escorts Mutual Fund Unclaimed Dundee Sovereign Trust-Annual Dividend;;;0;0;0;28-Dec-2015
103029;Escorts Mutual Fund Unclaimed Dundee Sovereign Trust-Appreciation;;;0;0;0;28-Dec-2015
103032;Escorts Mutual Fund Unclaimed Dundee Sovereign Trust-Half Yearly Dividend;;;0;0;0;28-Dec-2015
103030;Escorts Mutual Fund Unclaimed Dundee Sovereign Trust-Monthly Dividend;;;0;0;0;28-Dec-2015
103095;Escorts Mutual Fund Unclaimed Dundee Tax Saver Fund;;;0;0;0;28-Dec-2015

Tata Mutual Fund
102152;Tata Money Market Fund Regular (Bonus / Dividend);;;1016.0045;1016.0045;1016.0045;28-Dec-2015
102153;Tata Money Market Fund Regular (Growth);INF277K01LY1;;2300.6346;2300.6346;2300.6346;28-Dec-2015

Open Ended Schemes ( Gilt )


Bandhan Mutual Fund
108752;BANDHAN GSF - Investment Plan - Growth;INF194K01DP3;;29.0154;29.0154;29.0154;28-Dec-2015
108754;BANDHAN GSF - Investment Plan - Half Yearly Dividend;INF194K01DR9;INF194K01DQ1;11.4861;11.4861;11.4861;28-Dec-2015
108643;BANDHAN GSF - Investment Plan - Quarterly Dividend;INF194K01DX7;INF194K01DW9;14.3224;14.3224;14.3224;28-Dec-2015
118764;IDFC  Government Securities Fund - Provident Fund -Direct Plan-Annual Dividend;INF194K01O88;INF194K01O70;12.5982;12.5982;12.5982;28-Dec-2015
118766;IDFC  Government Securities Fund - Provident Fund -Direct Plan-Growth;INF194K01O62;;25.3576;25.3576;25.3576;28-Dec-2015
118765;IDFC  Government Securities Fund - Provident Fund -Direct Plan-Quarterly Dividend;INF194K01P12;INF194K01P04;12.4942;12.4942;12.4942;28-Dec-2015
131392;IDFC GSF -PF -Direct Plan_Periodic Dividend;INF194KA1SF9;INF194KA1SG7;11.6885;11.6885;11.6885;28-Dec-2015
131393;IDFC GSF -PF -Regular Plan_Periodic Dividend;INF194KA1SC6;INF194KA1SD4;11.6526;11.6526;11.6526;28-Dec-2015
108659;IDFC GSF-Provident Fund-Inst Plan B-Growth;INF194K01ET3;;25.5101;25.5101;25.5101;28-Dec-2015
108660;IDFC GSF-Provident Fund-Inst Plan B-Quarterly Dividend;INF194K01EY3;INF194K01EX5;11.3658;11.3658;11.3658;28-Dec-2015
108663;IDFC GSF-Provident Fund-Regular Plan-Annual Dividend;INF194K01EO4;INF194K01EN6;11.3541;11.3541;11.3541;28-Dec-2015
108661;IDFC GSF-Provident Fund-Regular Plan-Growth;INF194K01EM8;;24.9385;24.9385;24.9385;28-Dec-2015
108662;IDFC GSF-Provident Fund-Regular Plan-Quarterly Dividend;INF194K01ER7;INF194K01EQ9;12.1034;12.1034;12.1034;28-Dec-2015

BNP Paribas Mutual Fund
122393;BNP Paribas Government Securities Fund - Annual dividend option;INF251K01JB8;INF251K01JL7;10.3063;10.3063;10.3063;28-Dec-2015
122291;BNP Paribas Government Securities Fund - Calendar quarterly dividend option;INF251K01JC6;INF251K01JM5;10.0570;10.0570;10.0570;28-Dec-2015
122376;BNP Paribas Government Securities Fund - Direct Plan - Annual dividend option;INF251K01JK9;INF251K01JS2;10.4701;10.4701;10.4701;28-Dec-2015
122374;BNP Paribas Government Securities Fund - Direct Plan - Growth Option;INF251K01JG7;;12.7174;12.7174;12.7174;28-Dec-2015
122400;BNP Paribas Government Securities Fund - Direct Plan - Monthly Dividend Option;INF251K01JH5;INF251K01JP8;9.9485;9.9485;9.9485;28-Dec-2015
122289;BNP Paribas Government Securities Fund - Growth Option;INF251K01JF9;;12.4700;12.4700;12.4700;28-Dec-2015
122293;BNP Paribas Government Securities Fund - Half yearly dividend option;INF251K01JD4;INF251K01JN3;9.9617;9.9617;9.9617;28-Dec-2015
122290;BNP Paribas Government Securities Fund -Monthly dividend option;INF251K01JE2;INF251K01JO1;10.0257;10.0257;10.0257;28-Dec-2015

Deutsche Mutual Fund
114974;DWS Gilt Fund - Bonus;INF223J01AR4;;12.8590;12.8590;12.8590;28-Dec-2015
119056;DWS Gilt Fund - Direct Plan - Dividend;INF223J01NB1;INF223J01NC9;13.1373;13.1373;13.1373;28-Dec-2015
119054;DWS Gilt Fund - Direct Plan - Growth;INF223J01ND7;;16.1186;16.1186;16.1186;28-Dec-2015
122224;DWS Gilt Fund - Direct Plan - Half Yearly Bonus;INF223J01VM1;;10.7749;10.7749;10.7749;28-Dec-2015
110703;DWS Gilt Fund - Dividend;INF223J01AO1;INF223J01AP8;13.0830;13.0830;13.0830;28-Dec-2015
110706;DWS Gilt Fund - Growth;INF223J01AQ6;;16.0045;16.0045;16.0045;28-Dec-2015
122223;DWS Gilt Fund - Half Yearly Bonus;INF223J01VL3;;10.6907;10.6907;10.6907;28-Dec-2015

Edelweiss Mutual Fund
112053;Edelweiss Gilt Fund - Dividend Option;INF754K01442;INF754K01467;13.4161;13.4161;13.4161;28-Dec-2015
112054;Edelweiss Gilt Fund - Growth Option;INF754K01434;;13.4161;13.4161;13.4161;28-Dec-2015
118631;Edelweiss Gilt Fund -Direct Plan-Growth Option;;;13.4576;13.4576;13.4576;28-Dec-2015
126522;Edelweiss Gilt Fund-Direct Plan-Bonus Option;INF754K01DO7;;13.4576;13.4576;13.4576;28-Dec-2015

HDFC Mutual Fund
119113;HDFC Gilt Fund Short Term Plan -Direct Plan - Dividend Option;INF179K01VU6;INF179K01VW2;11.5279;11.5279;11.5279;28-Dec-2015
119114;HDFC Gilt Fund Short Term Plan -Direct Plan - Growth Option;INF179K01VV4;;24.3746;24.3746;24.3746;28-Dec-2015
101081;HDFC Gilt Fund-Short Term-Dividend;INF179K01780;INF179K01798;11.4177;11.4177;11.4177;28-Dec-2015
101082;HDFC Gilt Fund-Short Term-Growth;INF179K01806;;24.1675;24.1675;24.1675;28-Dec-2015

ICICI Prudential Mutual Fund
120606;ICICI Prudential Gilt Fund Investment Plan PF Option - Direct Plan - Half Yearly Dividend;INF109K019C3;INF109K010D0;10.6500;10.6500;10.6500;28-Dec-2015
120605;ICICI Prudential Gilt Fund Investment Plan PF Option - Direct Plan -Growth Option;INF109K011D8;;28.4929;28.4929;28.4929;28-Dec-2015
102060;ICICI Prudential Gilt Fund Investment Plan PF Option - Growth;INF109K01JS2;;28.2252;28.2252;28.2252;28-Dec-2015
118019;ICICI Prudential Gilt Fund Investment Plan PF Option - Half Yearly Dividend;INF109K01I15;INF109K01I07;10.9923;10.9923;10.9923;28-Dec-2015
130901;ICICI Prudential Gilt Investment PF Option - Bonus;INF109KA1C31;;11.3530;11.3530;11.3530;28-Dec-2015
130954;ICICI Prudential Gilt Investment PF Option - Direct Plan Bonus;INF109KA1C23;;11.6314;11.6314;11.6314;28-Dec-2015
120610;ICICI Prudential Gilt Fund Treasury Plan PF Option - Direct Plan - Quarterly Dividend;INF109K019D1;INF109K010E8;10.4810;10.4286;10.4810;28-Dec-2015
120611;ICICI Prudential Gilt Fund Treasury Plan PF Option - Direct Plan -Growth Option;INF109K011E6;;20.3133;20.2117;20.3133;28-Dec-2015
102248;ICICI Prudential Gilt Fund Treasury Plan PF Option - Growth;INF109K01KA8;;20.0538;19.9535;20.0538;28-Dec-2015
118022;ICICI Prudential Gilt Fund Treasury Plan PF Option - Quarterly Dividend;INF109K01I49;INF109K01I23;10.4447;10.3925;10.4447;28-Dec-2015
130905;ICICI Prudential Gilt Treasury PF Option - Bonus;INF109KA1C56;;10.4214;10.3693;10.4214;28-Dec-2015

JPMorgan Mutual Fund
127152;JPMorgan India Government Securities Fund - Direct Plan - Growth Option;INF843K01GS2;;12.1895;12.0676;12.1895;28-Dec-2015
127158;JPMorgan India Government Securities Fund - Direct Plan - Weekly Dividend Option;;INF843K01GW4;10.3567;10.2531;10.3567;28-Dec-2015
127164;JPMorgan India Government Securities Fund - Regular Plan - Annual Dividend Option;INF843K01HL5;INF843K01HK7;12.0986;11.9776;12.0986;28-Dec-2015
127155;JPMorgan India Government Securities Fund - Regular Plan - Dividend Option;INF843K01HE0;INF843K01HF7;12.101;11.98;12.101;28-Dec-2015
127151;JPMorgan India Government Securities Fund - Regular Plan - Growth Option;INF843K01HC4;;12.093;11.9721;12.093;28-Dec-2015
127161;JPMorgan India Government Securities Fund - Regular Plan - Monthly Dividend Option;INF843K01HJ9;INF843K01HI1;10.4207;10.3165;10.4207;28-Dec-2015
127157;JPMorgan India Government Securities Fund - Regular Plan - Weekly Dividend Option;;INF843K01HG5;10.3604;10.2568;10.3604;28-Dec-2015

Principal Mutual Fund
119454;Principal Government Securities Fund- Direct Plan - Dividend Option - Quarterly;INF173K01GF1;INF173K01GG9;11.9544;11.9544;11.9544;28-Dec-2015
119456;Principal Government Securities Fund- Direct Plan - Dividend Option- Annually;INF173K01GB0;INF173K01GC8;13.6831;13.6831;13.6831;28-Dec-2015
119453;Principal Government Securities Fund-Direct Plan - Growth Option;INF173K01GE4;;29.3705;29.3705;29.3705;28-Dec-2015
101117;Principal Government Securities Fund-Dividend Option - Quarterly;INF173K01AN8;INF173K01AO6;11.9192;11.9192;11.9192;28-Dec-2015
101119;Principal Government Securities Fund-Dividend Option- Annually;INF173K01AQ1;INF173K01AR9;13.2662;13.2662;13.2662;28-Dec-2015
101118;Principal Government Securities Fund-Growth;INF173K01AM0;;28.9395;28.9395;28.9395;28-Dec-2015

Tata Mutual Fund
101828;Tata Gilt Securities Short Maturity Fund -Regular Fund-Quarterly DIvidend;INF277K01DP6;INF277K01568;11.8971;11.8971;11.8971;28-Dec-2015
101883;Tata Gilt Securities Short Maturity Fund -Regular Plan-Growth;INF277K01576;;22.9474;22.9474;22.9474;28-Dec-2015
119956;Tata Gilt Short Maturity Fund - Direct Plan - Dividend;INF277K01RA8;INF277K01RB6;12.1439;12.1439;12.1439;28-Dec-2015
119955;Tata Gilt Short Maturity Fund - Direct Plan - Growth;INF277K01RC4;;23.3708;23.3708;23.3708;28-Dec-2015

Open Ended Schemes ( ELSS )


Aditya Birla Sun Life Mutual Fund
131741;Aditya Birla Sun Life Tax Savings Fund - Direct Plan - Bonus Option;INF084M01BX0;;50.82;50.82;50.82;28-Dec-2015
131740;Aditya Birla Sun Life Tax Savings Fund - Direct Plan - Dividend Option;INF084M01BV4;INF084M01BW2;25.01;25.01;25.01;28-Dec-2015
131739;Aditya Birla Sun Life Tax Savings Fund - Direct Plan - Growth Option;INF084M01BU6;;50.88;50.88;50.88;28-Dec-2015
131738;Aditya Birla Sun Life Tax Savings Fund - Regular Plan - Bonus Option;INF084M01333;;49.62;49.62;49.62;28-Dec-2015
131737;Aditya Birla Sun Life Tax Savings Fund - Regular Plan - Dividend Option;INF084M01317;INF084M01325;24.44;24.44;24.44;28-Dec-2015
131736;Aditya Birla Sun Life Tax Savings Fund - Regular Plan - Growth Option;INF084M01309;;49.55;49.55;49.55;28-Dec-2015

Deutsche Mutual Fund
114971;DWS Tax Saving Fund - Bonus;INF223J01887;;13.64;13.64;13.64;28-Dec-2015
118948;DWS Tax Saving Fund - Direct Plan - Bonus;INF223J01PD2;;13.83;13.83;13.83;28-Dec-2015
118947;DWS Tax Saving Fund - Direct Plan - Dividend;INF223J01QY6;INF223J01QZ3;20.67;20.67;20.67;28-Dec-2015
118946;DWS Tax Saving Fund - Direct Plan - Growth;INF223J01RA4;;22.20;22.20;22.20;28-Dec-2015
103559;DWS TAX SAVING FUND-DIVIDEND;INF223J01333;INF223J01341;18.66;18.66;18.66;28-Dec-2015
103558;DWS TAX SAVING FUND-GROWTH;INF223J01358;;21.46;21.46;21.46;28-Dec-2015

JPMorgan Mutual Fund
119870;JPMorgan India Tax Advantage Fund - Direct Plan - Dividend Option;INF843K01AS5;INF843K01AT3;23.676;23.676;23.676;28-Dec-2015
119871;JPMorgan India Tax Advantage Fund - Direct Plan - Growth Option;INF843K01AR7;;31.535;31.535;31.535;28-Dec-2015
111678;JPMorgan India Tax Advantage Fund - Regular Plan - Dividend Option;INF843K01112;INF843K01120;22.94;22.94;22.94;28-Dec-2015
111677;JPMorgan India Tax Advantage Fund - Regular Plan - Growth Option;INF843K01104;;30.431;30.431;30.431;28-Dec-2015

L&T Mutual Fund
112537;L&T Tax Saver Fund- Regular Plan - Dividend;INF917K01262;INF917K01270;22.49;22.49;22.49;28-Dec-2015
112538;L&T Tax Saver Fund-Regular Plan - Growth;INF917K01288;;26.23;26.23;26.23;28-Dec-2015

Sahara Mutual Fund
100337;SaharaTax Gain-Dividend;INF515L01189;INF515L01197;13.9721;13.8324;13.9721;28-Dec-2015
120290;SaharaTax Gain-Dividend- Direct;INF515L01783;INF515L01791;14.1071;13.9660;14.1071;28-Dec-2015
100338;SaharaTax Gain-Growth;INF515L01205;;59.6523;59.0558;59.6523;28-Dec-2015
120291;SaharaTax Gain-Growth- direct;INF515L01809;;60.4629;59.8583;60.4629;28-Dec-2015

Open Ended Schemes ( Floating Rate )


HDFC Mutual Fund
134209;HDFC Floating Rate Income Fund - Direct Plan - Normal Dividend Option;INF179KA16J1;;10.5132;10.4606;10.5132;28-Dec-2015
134210;HDFC Floating Rate Income Fund - Regular Plan - Normal Dividend Option;INF179KA17J9;;10.5917;10.5387;10.5917;28-Dec-2015
119112;HDFC Floating Rate Income Fund Long -Direct Plan - Growth Option;INF179K01VN1;;25.7579;25.6291;25.7579;28-Dec-2015
119111;HDFC Floating Rate Income Fund Long -Direct Plan - Weekly Dividend Option;;;10.2679;10.2166;10.2679;28-Dec-2015
101671;HDFC Floating Rate Income Fund-Long Term Plan-GROWTH;INF179K01624;;25.7164;25.5878;25.7164;28-Dec-2015
101670;HDFC Floating Rate Income Fund-Long Term Plan-Weekly Dividend Option;;INF179K01616;10.2679;10.2166;10.2679;28-Dec-2015

HSBC Mutual Fund
120055;HSBC Floating Rate - Long Term Plan - Weekly Dividend Direct;;INF336L01CV8;11.2444;11.2444;11.2444;28-Dec-2015
102831;HSBC Floating Rate Fund - Long Term - Dividend - Monthly;INF336L01701;INF336L01693;11.6284;11.6284;11.6284;28-Dec-2015
102830;HSBC Floating Rate Fund - Long Term - Dividend - Weekly;INF336L01628;INF336L01610;11.2613;11.2613;11.2613;28-Dec-2015
122922;HSBC Floating Rate Fund - Long Term - Dividend -Daily Direct;;INF336L01FR9;10.1022;10.1022;10.1022;28-Dec-2015
102829;HSBC Floating Rate Fund - Long Term - Growth;INF336L01685;;23.0418;23.0418;23.0418;28-Dec-2015
102828;HSBC Floating Rate Fund - Long Term - Regular - Dividend - Monthly;INF336L01669;INF336L01651;10.0512;10.0512;10.0512;28-Dec-2015
111759;HSBC Floating Rate Fund - Long Term - Regular - Dividend - weekly;;INF336L01644;10.0143;10.0143;10.0143;28-Dec-2015
102827;HSBC Floating Rate Fund - Long Term - Regular - Growth;INF336L01636;;21.8129;21.8129;21.8129;28-Dec-2015
122923;HSBC Floating Rate Fund - Long Term -Dividend -Daily;;INF336L01FQ1;10.3946;10.3946;10.3946;28-Dec-2015
120054;HSBC Floating Rate Fund - Long Term Plan - Growth Direct;INF336L01CX4;;23.3882;23.3882;23.3882;28-Dec-2015
120052;HSBC Floating Rate Fund - Long Term Plan - Monthly Dividend Direct;INF336L01CY2;INF336L01CZ9;10.0667;10.0667;10.0667;28-Dec-2015

Open Ended Schemes ( Fund of Funds - Domestic )


Aditya Birla Sun Life Mutual Fund
131902;Aditya Birla Sun Life 5 Star Multi Manager FoF Scheme - Direct Plan - Dividend Option;INF084M01DZ1;INF084M01EA2;9.8158;9.8158;9.8158;28-Dec-2015
131901;Aditya Birla Sun Life 5 Star Multi Manager FoF Scheme - Direct Plan - Growth Option;INF084M01DY4;;26.7801;26.7801;26.7801;28-Dec-2015
131900;Aditya Birla Sun Life 5 Star Multi Manager FoF Scheme - Regular Plan - Dividend Option;INF084M01AR4;INF084M01AS2;22.9440;22.9440;22.9440;28-Dec-2015
131899;Aditya Birla Sun Life 5 Star Multi Manager FoF Scheme - Regular Plan - Growth Option;INF084M01AQ6;;26.5296;26.5296;26.5296;28-Dec-2015
119492;Aditya Birla Sun Life Asset Allocation - Aggressive Plan - Dividend - Direct Plan;INF209K01S12;;48.2200;48.2200;48.2200;28-Dec-2015
119493;Aditya Birla Sun Life Asset Allocation - Aggressive Plan - Growth - Direct Plan;INF209K01YA7;;53.1145;53.1145;53.1145;28-Dec-2015
119491;Aditya Birla Sun Life Asset Allocation - Moderate Plan - Dividend - Direct Plan;INF209KA1LF7;;44.4970;44.4970;44.4970;28-Dec-2015
119495;Aditya Birla Sun Life Asset Allocation - Moderate Plan - Growth - Direct Plan;INF209K01YC3;;44.5229;44.5229;44.5229;28-Dec-2015
102184;Aditya Birla Sun Life Asset Allocation Fund-Aggressive Plan-Dividend Plan;INF209K01AR1;INF209K01DU9;48.2688;48.2688;48.2688;28-Dec-2015
102185;Aditya Birla Sun Life Asset Allocation Fund-Aggressive Plan-Growth Plan;INF209K01AS9;;53.1177;53.1177;53.1177;28-Dec-2015
102188;Aditya Birla Sun Life Asset Allocation Fund-Conservative Plan-Dividend Plan;INF209K01AV3;INF209K01DW5;31.0129;31.0129;31.0129;28-Dec-2015
102189;Aditya Birla Sun Life Asset Allocation Fund-Conservative Plan-Growth Plan;INF209K01AW1;;31.0129;31.0129;31.0129;28-Dec-2015
102186;Aditya Birla Sun Life Asset Allocation Fund-Moderate Plan-Dividend Plan;INF209K01AT7;INF209K01DV7;44.4974;44.4974;44.4974;28-Dec-2015
102187;Aditya Birla Sun Life Asset Allocation Fund-Moderate Plan-Growth Plan;INF209K01AU5;;44.4970;44.4970;44.4970;28-Dec-2015
119494;Aditya Birla Sun Life Asset Allocation-Conservative Plan - Dividend - Direct Plan;;INF209K01YD1;12.6372;12.6372;12.6372;28-Dec-2015
119490;Aditya Birla Sun Life Asset Allocation-Conservative Plan - Growth - Direct Plan;INF209K01YE9;;31.0093;31.0093;31.0093;28-Dec-2015

Open Ended Schemes ( GOLD ETFs )


Goldman Sachs Mutual Fund
115744;Goldman Sachs Gold Exchange Traded Scheme (GS Gold BeES);INF732E01102;;2334.2416;2334.2416;2334.2416;28-Dec-2015

Nippon India Mutual Fund
107015;R * Shares Gold ETF -Dividend Payout Option;INF733I01010;;2270.8236;2270.8236;2270.8236;28-Dec-2015

Open Ended Schemes ( Other ETFs )


Goldman Sachs Mutual Fund
128751;CPSE ETF;INF457M01133;;21.3405;21.3405;21.3405;28-Dec-2015
115731;Goldman Sachs Banking Index Exchange Traded Scheme (GS Bank BeES);INF732E01078;;1710.8276;1710.8276;1710.8276;28-Dec-2015
115750;Goldman Sachs CNX Nifty Shariah Exchange Traded Scheme (GS S&P Shariah BeES);INF732E01128;;184.9348;184.9348;184.9348;28-Dec-2015
115751;Goldman Sachs Hang Seng Exchange Traded Scheme (GS Hang Seng BeES);INF732E01227;;2154.3501;2154.3501;2154.3501;28-Dec-2015
115755;Goldman Sachs Infrastructure Exchange Traded Scheme (GS Infra BeES);INF732E01268;;278.2716;278.2716;278.2716;28-Dec-2015
115730;Goldman Sachs Liquid Exchange Traded Scheme (GS Liquid BeES);;INF732E01037;1000.0000;1000.0000;1000.0000;28-Dec-2015
115728;Goldman Sachs Nifty Exchange Traded Scheme (GS Nifty BeES);INF732E01011;;801.7460;801.7460;801.7460;28-Dec-2015
115729;Goldman Sachs Nifty Junior Exchange Traded Scheme (GS Junior BeES);INF732E01045;;199.6025;199.6025;199.6025;28-Dec-2015
115747;Goldman Sachs PSU Bank Exchange Traded Scheme (GS PSU Bank BeES);INF732E01110;;323.6427;323.6427;323.6427;28-Dec-2015

Nippon India Mutual Fund
108410;R * Shares Banking ETF -Dividend Payout Option;INF733I01028;;1837.7321;1837.7321;1837.7321;28-Dec-2015
125274;R*Shares Nifty ETF;INF204KA1EU6;;81.4576;81.4576;81.4576;28-Dec-2015

Open Ended Schemes ( Fund of Funds - Overseas )


Aditya Birla Sun Life Mutual Fund
132121;Aditya Birla Sun Life Latin America Equity Fund - Direct Plan - Dividend Option;INF084M01EL9;INF084M01EM7;7.10;7.03;7.10;28-Dec-2015
132120;Aditya Birla Sun Life Latin America Equity Fund - Direct Plan - Growth Option;INF084M01EK1;;7.10;7.03;7.10;28-Dec-2015
132117;Aditya Birla Sun Life Latin America Equity Fund - Regular Plan - Dividend Option;INF084M01BG5;INF084M01BH3;7.00;6.93;7.00;28-Dec-2015
132118;Aditya Birla Sun Life Latin America Equity Fund - Regular Plan - Growth Option;INF084M01BF7;;7.00;6.93;7.00;28-Dec-2015

Deutsche Mutual Fund
112854;DWS Global Agribusiness Fund - Dividend;INF223J01AS2;INF223J01AT0;12.91;12.78;12.91;28-Dec-2015
112853;DWS Global Agribusiness Fund - Growth;INF223J01AU8;;13.77;13.63;13.77;28-Dec-2015
114970;DWS Global Agribusiness Offshore Fund - Bonus;INF223J01AV6;;11.49;11.38;11.49;28-Dec-2015
118957;DWS Global Agribusiness Offshore Fund - Direct Plan - Dividend;INF223J01NG0;INF223J01NE5;14.08;13.94;14.08;28-Dec-2015
118958;DWS Global Agribusiness Offshore Fund - Direct Plan - Growth;INF223J01NF2;;14.08;13.94;14.08;28-Dec-2015
118952;DWS Top Euroland Offshore Fund - Direct Plan - Dividend;INF223J01NJ4;INF223J01NK2;9.91;9.81;9.91;28-Dec-2015
118951;DWS Top Euroland Offshore Fund - Direct Plan - Growth;INF223J01NL0;;12.82;12.69;12.82;28-Dec-2015
106668;DWS Top Euroland Offshore Fund - Dividend;INF223J01AW4;INF223J01AX2;11.49;11.38;11.49;28-Dec-2015
106667;DWS Top Euroland Offshore Fund - Growth;INF223J01AY0;;12.53;12.40;12.53;28-Dec-2015

JPMorgan Mutual Fund
119878;JPMorgan ASEAN Equity Off-shore Fund - Direct Plan - Growth Option;INF843K01AW7;;15.138;14.987;15.138;28-Dec-2015
115293;JPMorgan ASEAN Equity Off-shore Fund - Regular Plan - Growth Option;INF843K01609;;14.694;14.547;14.694;28-Dec-2015
130268;JPMorgan Emerging Markets Opportunities Equity Offshore Fund - Direct Plan - Growth Option;INF843K01IZ3;;8.6525;8.566;8.6525;28-Dec-2015
130269;JPMorgan Emerging Markets Opportunities Equity Offshore Fund - Regular Plan - Growth Option;INF843K01IY6;;8.5818;8.496;8.5818;28-Dec-2015
126619;JPMorgan Europe Dynamic Equity Offshore Fund - Growth Option - Direct Plan;INF843K01GI3;;10.272;10.1693;10.272;28-Dec-2015
126618;JPMorgan Europe Dynamic Equity Offshore Fund - Growth Option - Regular Plan;INF843K01GJ1;;10.0997;9.9987;10.0997;28-Dec-2015
119872;JPMorgan Greater China Equity Off-shore Fund - Direct Plan - Growth Option;INF843K01AU1;;19.436;19.242;19.436;28-Dec-2015
112084;JPMorgan Greater China Equity Off-shore Fund - Regular Plan - Growth Option;INF843K01138;;18.901;18.712;18.901;28-Dec-2015
123012;JPMorgan US Value Equity Offshore Fund - Direct Plan - Growth Option;INF843K01EC1;;12.2328;12.1105;12.2328;28-Dec-2015
123011;JPMorgan US Value Equity Offshore Fund - Regular Plan - Growth Option;INF843K01ED9;;11.9593;11.8397;11.9593;28-Dec-2015

L&T Mutual Fund
119419;L&T Global Real Assets Fund-Direct Plan-Dividend Option;INF917K01FM9;INF917K01FL1;17.635;17.459;17.635;28-Dec-2015
119420;L&T Global Real Assets Fund-Direct Plan-Growth Option;INF917K01FN7;;17.635;17.459;17.635;28-Dec-2015
118106;L&T Global Real Assets Fund-Regular Plan - Dividend Option;INF677K01197;INF677K01205;17.194;17.022;17.194;28-Dec-2015
118104;L&T Global Real Assets Fund-Regular Plan-Growth Option;INF677K01189;;17.194;17.022;17.194;28-Dec-2015

Mirae Asset Mutual Fund
118832;Mirae Asset China Advantage Fund - Direct Plan - Dividend;INF769K01BG5;INF769K01BH3;14.691;14.397;14.691;28-Dec-2015
118831;Mirae Asset China Advantage Fund - Direct Plan - Growth;INF769K01BF7;;14.743;14.448;14.743;28-Dec-2015
112147;Mirae Asset China Advantage Fund - Regular Plan Growth Option;INF769K01077;;14.428;14.139;14.428;28-Dec-2015
112148;Mirae Asset China Advatage Fund-Regular Plan Dividend;INF769K01093;INF769K01085;14.428;14.139;14.428;28-Dec-2015

Open Ended Schemes ( Equity Scheme - Multi Cap Fund )


Baroda BNP Paribas Mutual Fund
119354;Baroda BNP Paribas MULTI CAP FUND - Direct Plan - Growth Option;INF955L01AG0;;77.02;76.25;77.02;28-Dec-2015
119353;Baroda BNP Paribas MULTI CAP FUND - Direct Plan - IDCW Option;INF955L01AE5;;32.84;32.51;32.84;28-Dec-2015
102020;Baroda BNP Paribas MULTI CAP FUND - Regular Plan - Growth Option;INF955L01674;;74.96;74.21;74.96;28-Dec-2015
102021;Baroda BNP Paribas MULTI CAP FUND - Regular Plan - IDCW Option;INF955L01658;INF955L01666;33.58;33.24;33.58;28-Dec-2015

BNP Paribas Mutual Fund
119988;BNP Paribas MULTI CAP Fund - Direct Plan - Growth Option;INF251K01HK3;;35.9090;35.9090;35.9090;28-Dec-2015
119987;BNP Paribas MULTI CAP Fund - Direct Plan - Income Distribution cum Capital Withdrawal Option;INF251K01HI7;INF251K01HJ5;15.9550;15.9550;15.9550;28-Dec-2015
113460;BNP PARIBAS MULTI CAP Fund-Growth Option;INF251K01951;;34.5460;34.5460;34.5460;28-Dec-2015
113461;BNP PARIBAS MULTI CAP Fund-Income Distribution cum Capital Withdrawal Option;INF251K01977;INF251K01969;15.3070;15.3070;15.3070;28-Dec-2015

ICICI Prudential Mutual Fund
120599;ICICI Prudential Multicap Fund - Direct Plan -  Growth;INF109K014O9;;204.66;202.61;204.66;28-Dec-2015
120598;ICICI Prudential Multicap Fund - Direct Plan -  IDCW;INF109K012O3;INF109K013O1;26.39;26.13;26.39;28-Dec-2015
101228;ICICI Prudential Multicap Fund - Growth;INF109K01613;;200.91;198.90;200.91;28-Dec-2015
101706;ICICI Prudential Multicap Fund - IDCW;INF109K01FK7;INF109K01621;21.39;21.18;21.39;28-Dec-2015

Invesco Mutual Fund
120413;Invesco India Multicap Fund - Direct Plan - Growth Option;INF205K01MS2;;36.97;36.60;36.97;28-Dec-2015
120412;Invesco India Multicap Fund - Direct Plan - IDCW (Payout / Reinvestment);INF205K01MQ6;INF205K01MR4;33.51;33.17;33.51;28-Dec-2015
107353;Invesco India Multicap Fund - Growth Option;INF205K01DN2;;35.62;35.26;35.62;28-Dec-2015
107352;Invesco India Multicap Fund - IDCW (Payout / Reinvestment);INF205K01DO0;INF205K01DP7;32.30;31.98;32.30;28-Dec-2015

L&T Mutual Fund
119291;L&T Flexicap Fund-Direct Plan-Growth;INF917K01FC0;;61.094;60.483;61.094;28-Dec-2015
119290;L&T Flexicap Fund-Direct Plan-IDCW;INF917K01FB2;INF917K01FA4;32.192;31.870;32.192;28-Dec-2015
118043;L&T Flexicap Fund-Regular Plan-Growth;INF677K01031;;59.931;59.332;59.931;28-Dec-2015
118044;L&T Flexicap Fund-Regular Plan-IDCW;INF677K01049;INF677K01056;29.853;29.554;29.853;28-Dec-2015

Nippon India Mutual Fund
118652;NIPPON INDIA MULTI CAP FUND - DIRECT Plan - IDCW Option;INF204K01XD4;INF204K01XE2;38.8130;38.4249;38.8130;28-Dec-2015
118651;Nippon India Multi Cap Fund - Direct Plan Growth Plan - Bonus Option;INF204K01D55;;75.8793;75.1205;75.8793;28-Dec-2015
118650;Nippon India Multi Cap Fund - Direct Plan Growth Plan - Growth Option;INF204K01XF9;;75.8793;75.1205;75.8793;28-Dec-2015
101163;NIPPON INDIA MULTI CAP FUND - IDCW Option;INF204K01455;INF204K01463;33.3731;33.0394;33.3731;28-Dec-2015
106252;Nippon India Multi Cap Fund Institutional Dividend Plan;INF204K01414;INF204K01422;50.7016;50.1946;50.7016;28-Dec-2015
106253;Nippon India Multi Cap Fund Institutional Plan Growth Plan Growth Option;INF204K01448;;19.7056;19.5085;19.7056;28-Dec-2015
101162;Nippon India Multi Cap Fund-Growth Plan-Bonus Option;INF204K01471;;74.2261;73.4838;74.2261;28-Dec-2015
101161;Nippon India Multi Cap Fund-Growth Plan-Growth Option;INF204K01489;;74.2261;73.4838;74.2261;28-Dec-2015

Principal Mutual Fund
119451;Principal Multi Cap Growth Fund - Direct Plan -Half Yearly Income Distribution CUM Capital Withdrawal Option;INF173K01FN7;INF173K01FO5;40.13;39.73;40.13;28-Dec-2015
100966;Principal Multi Cap Growth Fund- Half Yearly Income Distribution CUM Capital Withdrawal Option;INF173K01957;INF173K01965;37.34;36.97;37.34;28-Dec-2015
119452;Principal Multi Cap Growth Fund-Direct Plan - Growth Option;INF173K01FQ0;;97.14;96.17;97.14;28-Dec-2015
100967;Principal Multi Cap Growth Fund-Growth Option;INF173K01940;;95.38;94.43;95.38;28-Dec-2015

quant Mutual Fund
100631;quant Active Fund-GROWTH OPTION - Regular Plan;INF966L01234;;131.1974;129.8854;131.1974;28-Dec-2015
120823;quant Active Fund-GROWTH OPTION-Direct Plan;INF966L01614;;131.7659;130.4482;131.7659;28-Dec-2015
120822;quant Active Fund-IDCW Option - Direct Plan;INF966L01598;INF966L01606;18.7637;18.5761;18.7637;28-Dec-2015
100630;quant Active Fund-IDCW Option - Regular Plan;INF966L01218;INF966L01226;18.6021;18.4161;18.6021;28-Dec-2015

Open Ended Schemes ( Equity Scheme - Large Cap Fund )


Aditya Birla Sun Life Mutual Fund
119528;Aditya Birla Sun Life Frontline Equity Fund - Growth - Direct Plan;INF209K01YY7;;162.37;159.93;162.37;28-Dec-2015
119527;Aditya Birla Sun Life Frontline Equity Fund-DIRECT - IDCW;INF209K01YX9;INF209K01YW1;36.22;35.68;36.22;28-Dec-2015
103174;Aditya Birla Sun Life Frontline Equity Fund-Growth;INF209K01BR9;;158.32;155.95;158.32;28-Dec-2015
103173;Aditya Birla Sun Life Frontline Equity Fund-Regular - IDCW;INF209K01BO6;INF209K01EC5;24.04;23.68;24.04;28-Dec-2015

Axis Mutual Fund
120465;Axis Bluechip Fund - Direct Plan - Growth;INF846K01DP8;;19.52;19.32;19.52;28-Dec-2015
120466;Axis Bluechip Fund - Direct Plan - IDCW;INF846K01DN3;INF846K01DO1;15.19;15.04;15.19;28-Dec-2015
112277;Axis Bluechip Fund - Regular Plan - Growth;INF846K01164;;18.88;18.69;18.88;28-Dec-2015
112278;Axis Bluechip Fund - Regular Plan - IDCW;INF846K01172;INF846K01180;14.73;14.58;14.73;28-Dec-2015

Bandhan Mutual Fund
108799;BANDHAN Large Cap Fund - Regular Plan - Growth;INF194K01516;;22.6288;22.6288;22.6288;28-Dec-2015
108800;BANDHAN Large Cap Fund - Regular Plan - IDCW;INF194K01490;INF194K01508;13.0404;13.0404;13.0404;28-Dec-2015
118479;BANDHAN Large Cap Fund-Direct Plan-Growth;INF194K01Z44;;23.2209;23.2209;23.2209;28-Dec-2015
118478;BANDHAN Large Cap Fund-Direct Plan-IDCW;INF194K01Z51;INF194K01Z69;15.2154;15.2154;15.2154;28-Dec-2015

Baroda BNP Paribas Mutual Fund
112943;Baroda Large cap Fund - Plan A - Growth Option;INF955L01633;;11.04;10.93;11.04;28-Dec-2015
112944;Baroda Large cap Fund - Plan A - IDCW Option;INF955L01617;INF955L01625;10.16;10.06;10.16;28-Dec-2015
119367;Baroda Large cap Fund - Plan B (Direct) - Growth Option;INF955L01AJ4;;11.24;11.13;11.24;28-Dec-2015
119366;Baroda Large cap Fund - Plan B (Direct) - IDCW Option;INF955L01AH8;;10.37;10.27;10.37;28-Dec-2015

BNP Paribas Mutual Fund
119893;BNP Paribas LARGE CAP Fund - Direct Plan - Growth Option;INF251K01HN7;;68.0400;68.0400;68.0400;28-Dec-2015
119894;BNP Paribas LARGE CAP Fund - Direct Plan - Income Distribution cum Capital Withdrawal Option;INF251K01HL1;INF251K01HM9;16.7800;16.7800;16.7800;28-Dec-2015
113544;BNP PARIBAS LARGE CAP Fund-Growth Option;INF251K01894;;66.2600;66.2600;66.2600;28-Dec-2015
113545;BNP PARIBAS LARGE CAP Fund-Income Distribution cum Capital Withdrawal Option;INF251K01910;INF251K01902;16.3300;16.3300;16.3300;28-Dec-2015

Canara Robeco Mutual Fund
118269;CANARA ROBECO BLUE CHIP EQUITY FUND - DIRECT PLAN - GROWTH OPTION;INF760K01FR2;;17.3400;17.3400;17.3400;28-Dec-2015
118270;CANARA ROBECO BLUE CHIP EQUITY FUND - DIRECT PLAN - IDCW (Payout/Reinvestment);INF760K01FP6;INF760K01FQ4;17.2900;17.2900;17.2900;28-Dec-2015
113221;CANARA ROBECO BLUE CHIP EQUITY FUND - REGULAR PLAN - GROWTH OPTION;INF760K01AR3;;16.9400;16.9400;16.9400;28-Dec-2015
113222;CANARA ROBECO BLUE CHIP EQUITY FUND - REGULAR PLAN - IDCW (Payout/Reinvestment);INF760K01AS1;INF760K01AT9;14.5400;14.5400;14.5400;28-Dec-2015

DSP Mutual Fund
119250;DSP Top 100 Equity Fund - Direct Plan - Growth;INF740K01PR3;;154.920;153.371;154.920;28-Dec-2015
119249;DSP Top 100 Equity Fund - Direct Plan - IDCW;INF740K01PS1;INF740K01PT9;23.990;23.750;23.990;28-Dec-2015
101635;DSP Top 100 Equity Fund - Regular Plan - Growth;INF740K01243;;152.360;150.836;152.360;28-Dec-2015
101636;DSP Top 100 Equity Fund - Regular Plan - IDCW;INF740K01227;INF740K01235;22.309;22.086;22.309;28-Dec-2015

Edelweiss Mutual Fund
118616;Edelweiss Large Cap Fund - Direct Plan - IDCW Option;INF754K01BT0;INF754K01BU8;18.35;18.17;18.35;28-Dec-2015
118617;Edelweiss Large Cap Fund - Direct Plan-Growth option;INF754K01BW4;;25.06;24.81;25.06;28-Dec-2015
111938;Edelweiss Large Cap Fund - Plan B - IDCW Option;INF754K01053;INF754K01061;25.11;24.86;25.11;28-Dec-2015
111939;Edelweiss Large Cap Fund - Plan C - IDCW Option;INF754K01095;INF754K01103;20.01;19.81;20.01;28-Dec-2015
111940;Edelweiss Large Cap Fund - Regular Plan - Growth Option;INF754K01046;;24.69;24.44;24.69;28-Dec-2015
111936;Edelweiss Large Cap Fund - Regular Plan - IDCW Option;INF754K01012;INF754K01020;16.64;16.47;16.64;28-Dec-2015
111935;Edelweiss Large Cap Fund -Plan B - Growth option;INF754K01087;;24.81;24.56;24.81;28-Dec-2015
111937;Edelweiss Large Cap Fund -Plan C - Growth option;INF754K01129;;24.49;24.25;24.49;28-Dec-2015

Franklin Templeton Mutual Fund
118462;Franklin India BLUECHIP FUND - Direct - IDCW ;INF090I01FO5;INF090I01FP2;41.5657;41.15;41.5657;28-Dec-2015
100470;Franklin India BLUECHIP FUND - IDCW ;INF090I01155;INF090I01163;40.4552;40.0506;40.4552;28-Dec-2015
118531;Franklin India Bluechip Fund- Direct - Growth;INF090I01FN7;;353.788;350.2501;353.788;28-Dec-2015
100471;Franklin India Bluechip Fund-Growth;INF090I01171;;345.3305;341.8772;345.3305;28-Dec-2015

Groww Mutual Fund
119133;Groww Largecap Fund (formerly known as Indiabulls Blue Chip Fund) - Direct Plan - Growth Option;INF666M01600;;15.25;15.10;15.25;28-Dec-2015
116547;Groww Largecap Fund (formerly known as Indiabulls Blue Chip Fund) - Regular Plan- Growth Option;INF666M01162;;14.63;14.48;14.63;28-Dec-2015
119134;Groww Largecap Fund (formerly known as Indiabulls Bluechip Fund)- Direct Plan- - Income Distribution cum capital withdrawal Option (Payout & Reinvestment);INF666M01626;INF666M01618;15.25;15.10;15.25;28-Dec-2015
116548;Groww Largecap Fund (formerly known as Indiabulls Bluechip Fund)- Regular Plan- - Income Distribution cum capital withdrawal Option (Payout & Reinvestment);INF666M01188;INF666M01170;14.63;14.48;14.63;28-Dec-2015

HDFC Mutual Fund
119018;HDFC Large Cap Fund - Growth Option - Direct Plan;INF179K01YV8;;330.369;327.065;330.369;28-Dec-2015
102000;HDFC Large Cap Fund - Growth Option - Regular Plan;INF179K01BE2;;324.525;321.280;324.525;28-Dec-2015
119017;HDFC Large Cap Fund - IDCW Option - Direct Plan;INF179K01YT2;INF179K01YU0;48.973;48.483;48.973;28-Dec-2015
102001;HDFC Large Cap Fund - IDCW Option - Regular Plan;INF179K01BC6;INF179K01BD4;48.011;47.531;48.011;28-Dec-2015

HSBC Mutual Fund
120030;HSBC Large Cap Fund - Direct Growth;INF336L01CM7;;146.5209;146.5209;146.5209;28-Dec-2015
120029;HSBC Large Cap Fund - Direct IDCW;INF336L01CK1;INF336L01CL9;26.9276;26.9276;26.9276;28-Dec-2015
101594;HSBC Large Cap Fund - Regular Growth;INF336L01016;;143.2551;143.2551;143.2551;28-Dec-2015
101593;HSBC Large Cap Fund - Regular IDCW;INF336L01024;INF336L01032;26.2116;26.2116;26.2116;28-Dec-2015

ICICI Prudential Mutual Fund
120586;ICICI Prudential Bluechip Fund - Direct Plan - Growth;INF109K016L0;;29.25;28.96;29.25;28-Dec-2015
120585;ICICI Prudential Bluechip Fund - Direct Plan - IDCW;INF109K014L5;INF109K015L2;25.71;25.45;25.71;28-Dec-2015
108466;ICICI Prudential Bluechip Fund - Growth;INF109K01BL4;;28.54;28.25;28.54;28-Dec-2015
108465;ICICI Prudential Bluechip Fund - IDCW;INF109K01EP9;INF109K01BM2;21.47;21.26;21.47;28-Dec-2015
108467;ICICI Prudential Bluechip Fund - Institutional Option - I - Growth;INF109K01BN0;;30.49;30.19;30.49;28-Dec-2015

IDBI Mutual Fund
117311;IDBI India Top 100 Equity Fund Growth;INF397L01869;;18.6800;18.4900;18.6800;28-Dec-2015
118344;IDBI India Top 100 Equity Fund Growth Direct;INF397L01BV2;;19.0000;18.8100;19.0000;28-Dec-2015
117310;IDBI India Top 100 Equity Fund IDCW;INF397L01836;INF397L01844;16.4600;16.3000;16.4600;28-Dec-2015
118448;IDBI India Top 100 Equity Fund IDCW Direct;INF397L01BW0;INF397L01BX8;16.7700;16.6000;16.7700;28-Dec-2015

Invesco Mutual Fund
120392;Invesco India Largecap Fund - Direct Plan - Growth;INF205K01LB0;;21.35;21.14;21.35;28-Dec-2015
120393;Invesco India Largecap Fund - Direct Plan - IDCW (Payout / Reinvestment);INF205K01KZ1;INF205K01LA2;17.14;16.97;17.14;28-Dec-2015
112098;Invesco India Largecap Fund - Growth;INF205K01304;;20.55;20.34;20.55;28-Dec-2015
112099;Invesco India Largecap Fund - IDCW (Payout / Reinvestment);INF205K01320;INF205K01312;16.65;16.48;16.65;28-Dec-2015

JM Financial Mutual Fund
134958;JM Large Cap Fund (Direct) - Annual IDCW;INF192K01JU4;INF192K01JV2;22.0384;22.0384;22.0384;28-Dec-2015
120490;JM Large Cap Fund (Direct) - Growth Option;INF192K01BZ0;;53.7112;53.7112;53.7112;28-Dec-2015
134957;JM Large Cap Fund (Direct) - Half Yearly IDCW ;INF192K01JR0;INF192K01JZ3;22.0384;22.0384;22.0384;28-Dec-2015
120489;JM Large Cap Fund (Direct) - IDCW;INF192K01BX5;INF192K01BY3;21.8217;21.8217;21.8217;28-Dec-2015
134956;JM Large Cap Fund (Direct) - Monthly IDCW ;INF192K01JJ7;INF192K01JK5;22.0384;22.0384;22.0384;28-Dec-2015
134960;JM Large Cap Fund (Direct) - Quarterly IDCW;INF192K01JN9;INF192K01JO7;22.0384;22.0384;22.0384;28-Dec-2015
134961;JM Large Cap Fund (Regular) - Annual IDCW;INF192K01JS8;INF192K01JT6;21.5119;21.5119;21.5119;28-Dec-2015
100219;JM Large Cap Fund (Regular) - Growth Option;INF192K01601;;52.2950;52.2950;52.2950;28-Dec-2015
134955;JM Large Cap Fund (Regular) - Half Yearly IDCW;INF192K01JP4;INF192K01JQ2;21.4491;21.4491;21.4491;28-Dec-2015
100218;JM Large Cap Fund (Regular) - IDCW ;INF192K01585;INF192K01593;21.2872;21.2872;21.2872;28-Dec-2015
134959;JM Large Cap Fund (Regular) - Monthly IDCW;INF192K01JH1;INF192K01JI9;21.5119;21.5119;21.5119;28-Dec-2015
134954;JM Large Cap Fund (Regular) - Quarterly IDCW;INF192K01JL3;INF192K01JM1;21.5119;21.5119;21.5119;28-Dec-2015

Kotak Mahindra Mutual Fund
114458;Kotak Bluechip Fund - Growth;INF174K01153;;170.145;168.444;170.145;28-Dec-2015
120152;Kotak Bluechip Fund - Growth - Direct;INF174K01KW6;;174.331;172.588;174.331;28-Dec-2015
120153;Kotak Bluechip Fund - Payout of Income Distribution cum capital withdrawal option - Direct;INF174K01KY2;INF174K01KX4;34.623;34.277;34.623;28-Dec-2015
114457;Kotak Bluechip Fund - Payout of Income Distribution cumcapital withdrawal option;INF174K01179;INF174K01161;33.522;33.187;33.522;28-Dec-2015

L&T Mutual Fund
119308;L&T India Large Cap Fund - Direct Plan - Growth;INF917K01FQ0;;20.243;20.041;20.243;28-Dec-2015
119314;L&T India Large Cap Fund - Direct Plan- IDCW;INF917K01FP2;INF917K01FO5;16.464;16.299;16.464;28-Dec-2015
118069;L&T India Large Cap Fund - Regular Plan - Growth;INF677K01155;;19.854;19.655;19.854;28-Dec-2015
118070;L&T India Large Cap Fund - Regular Plan - IDCW;INF677K01163;INF677K01171;15.733;15.576;15.733;28-Dec-2015

LIC Mutual Fund
120267;LIC MF Large Cap Fund-Direct Plan-Growth;INF767K01EJ7;;19.8739;19.6752;19.8739;28-Dec-2015
120268;LIC MF Large Cap Fund-Direct Plan-IDCW;INF767K01EI9;INF767K01EK5;16.6595;16.4929;16.6595;28-Dec-2015
106871;LIC MF Large Cap Fund-Regular Plan-Growth;INF767K01105;;19.4693;19.2746;19.4693;28-Dec-2015
100332;LIC MF Large Cap Fund-Regular Plan-IDCW;INF767K01097;INF767K01089;16.3598;16.1962;16.3598;28-Dec-2015

Mirae Asset Mutual Fund
118825;Mirae Asset Large Cap Fund - Direct Plan - Growth;INF769K01AX2;;33.183;32.519;33.183;28-Dec-2015
107578;Mirae Asset Large Cap Fund - Growth Plan;INF769K01010;;32.269;31.624;32.269;28-Dec-2015
118826;Mirae Asset Large Cap Fund Direct IDCW;INF769K01AY0;INF769K01AZ7;24.712;24.218;24.712;28-Dec-2015
107579;Mirae Asset Large Cap Fund Regular IDCW;INF769K01036;INF769K01028;17.994;17.634;17.994;28-Dec-2015

Navi Mutual Fund
135660;Navi Large Cap Equity Fund - Annual IDCW Payout;INF959L01CB9;INF959L01CC7;15.4826;15.4826;15.4826;28-Dec-2015
119149;Navi Large Cap Equity Fund - Direct Plan Normal IDCW Payout;INF959L01601;INF959L01619;13.4583;13.4583;13.4583;28-Dec-2015
135656;Navi Large Cap Equity Fund - Direct Plan Quarterly IDCW;INF959L01BK2;INF959L01BO4;16.0014;16.0014;16.0014;28-Dec-2015
115790;Navi Large Cap Equity Fund - Growth Option;INF959L01080;;16.5599;16.5599;16.5599;28-Dec-2015
135657;Navi Large Cap Equity Fund - Half Yearly IDCW Payout;INF959L01BZ0;INF959L01CA1;15.4834;15.4834;15.4834;28-Dec-2015
115788;Navi Large Cap Equity Fund - Normal IDCW Payout;INF959L01064;INF959L01072;12.9544;12.9544;12.9544;28-Dec-2015
135661;Navi Large Cap Equity Fund - Quarterly IDCW;INF959L01BX5;INF959L01BY3;15.4835;15.4835;15.4835;28-Dec-2015
119148;Navi Large Cap Equity Fund-Direct Plan-Growth Option;INF959L01593;;17.1771;17.1771;17.1771;28-Dec-2015

Nippon India Mutual Fund
106235;Nippon India Large Cap  Fund- Growth Plan -Growth Option;INF204K01562;;23.5493;23.3138;23.5493;28-Dec-2015
118634;NIPPON INDIA LARGE CAP FUND - DIRECT Plan - IDCW Option;INF204K01XG7;INF204K01XH5;17.2977;17.1247;17.2977;28-Dec-2015
118633;Nippon India Large Cap Fund - Direct Plan Growth Plan - Bonus Option;INF204K01D30;;24.0376;23.7972;24.0376;28-Dec-2015
118632;Nippon India Large Cap Fund - Direct Plan Growth Plan - Growth Option;INF204K01XI3;;24.0376;23.7972;24.0376;28-Dec-2015
106236;NIPPON INDIA LARGE CAP FUND - IDCW Option;INF204K01539;INF204K01547;14.5713;14.4256;14.5713;28-Dec-2015
106240;Nippon India Large Cap Fund- Growth Plan Bonus Option;INF204K01554;;23.5493;23.3138;23.5493;28-Dec-2015
106238;Nippon India Large Cap Fund-Institutional Plan Growth Plan Bonus Option;INF204K01513;;24.2041;23.9621;24.2041;28-Dec-2015

SBI Mutual Fund
119585;SBI Blue Chip Fund - Direct Plan - Income Distribution cum Capital Withdrawal Option (IDCW);INF200K01QV8;INF200K01QW6;19.8154;19.6172;19.8154;28-Dec-2015
103616;SBI Blue Chip Fund - Regular Plan - Income Distribution cum Capital Withdrawal Option (IDCW);INF200K01164;INF200K01172;17.0005;16.8305;17.0005;28-Dec-2015
119598;SBI BLUE CHIP FUND-DIRECT PLAN -GROWTH;INF200K01QX4;;28.936;28.6466;28.936;28-Dec-2015
103504;SBI BLUE CHIP FUND-REGULAR PLAN GROWTH;INF200K01180;;28.3488;28.0653;28.3488;28-Dec-2015

Tata Mutual Fund
119160;Tata Large Cap Fund -Direct Plan Growth Option;INF277K01QZ7;;164.6192;162.9730;164.6192;28-Dec-2015
100475;Tata Large Cap Fund -Regular Plan - Growth Option;INF277K01931;;159.9783;158.3785;159.9783;28-Dec-2015
119159;Tata Large Cap Fund- Direct Plan - Payout of IDCW Option;INF277K01QX2;INF277K01QY0;46.1253;45.6640;46.1253;28-Dec-2015
102036;Tata Large Cap Fund- Regular Plan - Payout of IDCW Option;INF277K01EG3;INF277K01923;44.7525;44.3050;44.7525;28-Dec-2015

Taurus Mutual Fund
118870;Taurus Large Cap Fund - Direct Plan - Growth;INF044D01BX3;;62.42;61.80;62.42;28-Dec-2015
118871;Taurus Large Cap Fund - Direct Plan - Payout of Income Distribution cum Capital Withdrawal option;INF044D01BY1;INF044D01BZ8;61.95;61.33;61.95;28-Dec-2015
101209;Taurus Large Cap Fund - Regular Plan - Growth;INF044D01773;;61.21;60.60;61.21;28-Dec-2015
108403;Taurus Large Cap Fund - Regular Plan - Payout of Income Distribution cum Capital Withdrawal option;INF044D01740;INF044D01757;61.21;60.60;61.21;28-Dec-2015

UTI Mutual Fund
120656;UTI Large Cap Fund - Direct Plan - Growth Option;INF789F01US8;;88.1582;88.1582;88.16;28-Dec-2015
120657;UTI Large Cap Fund - Direct Plan - IDCW;INF789F01UQ2;INF789F01UR0;31.2014;31.2014;31.2;28-Dec-2015
100651;UTI Large Cap Fund - Regular Plan - Growth Option;INF789F01976;;87.054;87.054;87.05;28-Dec-2015
100650;UTI Large Cap Fund - Regular Plan - IDCW;INF189A01038;INF789F01950;30.7393;30.7393;30.74;28-Dec-2015

Open Ended Schemes ( Equity Scheme - Large & Mid Cap Fund )


Aditya Birla Sun Life Mutual Fund
119436;Aditya Birla Sun Life Equity Advantage Fund - Growth - Direct Plan;INF209K01VH8;;294.30;291.36;294.30;28-Dec-2015
100033;Aditya Birla Sun Life Equity Advantage Fund - Regular Growth;INF209K01165;;289.99;287.09;289.99;28-Dec-2015
119433;Aditya Birla Sun Life Equity Advantage Fund -Direct - IDCW;INF209K01VG0;INF209K01VI6;96.77;95.80;96.77;28-Dec-2015
100034;Aditya Birla Sun Life Equity Advantage Fund -Regular - IDCW;INF209K01157;INF209K01CE5;85.13;84.28;85.13;28-Dec-2015

Bandhan Mutual Fund
108596;BANDHAN Core Equity Fund - Regular Plan - Growth;INF194K01524;;31.2280;31.2280;31.2280;28-Dec-2015
108597;BANDHAN Core Equity Fund - Regular Plan - IDCW;INF194K01532;INF194K01540;13.6839;13.6839;13.6839;28-Dec-2015
118419;BANDHAN Core Equity Fund-Direct Plan-Growth;INF194K01V89;;32.0836;32.0836;32.0836;28-Dec-2015
118420;BANDHAN Core Equity Fund-Direct Plan-IDCW;INF194K01V97;INF194K01W05;14.6667;14.6667;14.6667;28-Dec-2015
111864;IDFC Core Equity Fund-Plan B- Dividend;INF194K01185;INF194K01193;13.3495;13.3495;13.3495;28-Dec-2015
111863;IDFC Core Equity Fund-Plan B- Growth;INF194K01177;;24.8553;24.8553;24.8553;28-Dec-2015

Bank of India Mutual Fund
110598;BANK OF INDIA Large & Mid Cap  Equity Fund Regular Plan- Quarterly IDCW;INF761K01116;INF761K01124;10.45;10.35;10.45;28-Dec-2015
119349;BANK OF INDIA Large & Mid Cap Equity Fund Direct  Plan- Quarterly IDCW;INF761K01678;INF761K01660;11.30;11.19;11.30;28-Dec-2015
119300;BANK OF INDIA Large & Mid Cap Equity Fund Direct Plan- Bonus;INF761K01629;;14.33;14.19;14.33;28-Dec-2015
119350;BANK OF INDIA Large & Mid Cap Equity Fund Direct Plan-Growth;INF761K01652;;27.59;27.31;27.59;28-Dec-2015
119346;BANK OF INDIA Large & Mid Cap Equity Fund Direct Plan-Regular IDCW;INF761K01645;INF761K01637;13.76;13.62;13.76;28-Dec-2015
110599;BANK OF INDIA Large & Mid Cap Equity Fund Eco Plan- Growth;INF761K01041;;27.61;27.33;0.00;28-Dec-2015
110601;BANK OF INDIA Large & Mid Cap Equity Fund Eco Plan-Bonus;INF761K01017;;27.61;27.33;0.00;28-Dec-2015
110604;BANK OF INDIA Large & Mid Cap Equity Fund Eco Plan-Quarterly IDCW;INF761K01058;INF761K01066;10.09;9.99;0.00;28-Dec-2015
110608;BANK OF INDIA Large & Mid Cap Equity Fund Eco Plan-Regular IDCW;INF761K01025;INF761K01033;13.68;13.54;0.00;28-Dec-2015
110603;BANK OF INDIA Large & Mid Cap Equity Fund Regular Plan- Growth;INF761K01108;;26.75;26.48;26.75;28-Dec-2015
110607;BANK OF INDIA Large & Mid Cap Equity Fund Regular Plan- Regular IDCW;INF761K01082;INF761K01090;11.98;11.86;11.98;28-Dec-2015
110606;BANK OF INDIA Large & Mid Cap Equity Fund Regular Plan-Bonus;INF761K01074;;26.75;26.48;26.75;28-Dec-2015

Canara Robeco Mutual Fund
118278;CANARA ROBECO EMERGING EQUITIES - DIRECT PLAN - GROWTH OPTION;INF760K01EI4;;64.4800;64.4800;64.4800;28-Dec-2015
118277;CANARA ROBECO EMERGING EQUITIES - DIRECT PLAN - IDCW (Payout/Reinvestment);INF760K01EG8;INF760K01EH6;44.1800;44.1800;44.1800;28-Dec-2015
102920;CANARA ROBECO EMERGING EQUITIES - REGULAR PLAN - GROWTH OPTION;INF760K01167;;62.9200;62.9200;62.9200;28-Dec-2015
102921;CANARA ROBECO EMERGING EQUITIES - REGULAR PLAN - IDCW (Payout/Reinvestment);INF760K01175;INF760K01183;35.5600;35.5600;35.5600;28-Dec-2015

DSP Mutual Fund
119218;DSP Equity Opportunities Fund - Direct Plan - Growth;INF740K01PL6;;151.081;149.570;151.081;28-Dec-2015
119219;DSP Equity Opportunities Fund - Direct Plan - IDCW;INF740K01PM4;INF740K01PN2;42.723;42.296;42.723;28-Dec-2015
103819;DSP Equity Opportunities Fund-Regular Plan - Growth;INF740K01094;;148.625;147.139;148.625;28-Dec-2015
103820;DSP Equity Opportunities Fund-Regular Plan - IDCW;INF740K01078;INF740K01086;26.144;25.883;26.144;28-Dec-2015

Franklin Templeton Mutual Fund
118510;Franklin India Equity Advantage Fund - Direct - Growth;INF090I01IN1;;61.687;61.0701;61.687;28-Dec-2015
118509;Franklin India Equity Advantage Fund - Direct - IDCW ;INF090I01IL5;INF090I01IM3;17.425;17.2508;17.425;28-Dec-2015
102883;Franklin India Equity Advantage Fund - Growth Plan;INF090I01205;;60.4669;59.8622;60.4669;28-Dec-2015
102884;Franklin India Equity Advantage Fund - IDCW ;INF090I01189;INF090I01197;17.0413;16.8709;17.0413;28-Dec-2015

HDFC Mutual Fund
130496;HDFC Large and Mid Cap Fund - Growth Option;INF179KA1RT1;;84.412;83.568;84.412;28-Dec-2015
130498;HDFC Large and Mid Cap Fund - Growth Option - Direct Plan;INF179KA1RQ7;;84.952;84.102;84.952;28-Dec-2015
130497;HDFC Large and Mid Cap Fund - IDCW Option;INF179KA1RU9;;21.697;21.480;21.697;28-Dec-2015
130499;HDFC Large and Mid Cap Fund - IDCW Option - Direct Plan;INF179KA1RR5;;21.927;21.708;21.927;28-Dec-2015

ICICI Prudential Mutual Fund
120596;ICICI Prudential Large & Mid Cap Fund - Direct Plan - Growth;INF109K011O5;;241.01;238.60;241.01;28-Dec-2015
120597;ICICI Prudential Large & Mid Cap Fund - Direct Plan - IDCW;INF109K019N0;INF109K010O7;20.74;20.53;20.74;28-Dec-2015
100349;ICICI Prudential Large & Mid Cap Fund - Growth;INF109K01431;;235.51;233.15;235.51;28-Dec-2015
100348;ICICI Prudential Large & Mid Cap Fund - IDCW;INF109K01EQ7;INF109K01449;17.16;16.99;17.16;28-Dec-2015

Invesco Mutual Fund
120357;Invesco India Large & Mid Cap Fund - Direct Plan - Growth;INF205K01MA0;;23.64;23.40;23.64;28-Dec-2015
120356;Invesco India Large & Mid Cap Fund - Direct Plan - IDCW (Payout / Reinvestment);INF205K01LY2;INF205K01LZ9;13.04;12.91;13.04;28-Dec-2015
106144;Invesco India Large & Mid Cap Fund - Growth;INF205K01247;;22.72;22.49;22.72;28-Dec-2015
106143;Invesco India Large & Mid Cap Fund - IDCW (Payout / Reinvestment);INF205K01262;INF205K01254;12.39;12.27;12.39;28-Dec-2015

Kotak Mahindra Mutual Fund
103234;Kotak Equity Opportunities Fund - Growth;INF174K01187;;80.783;79.975;80.783;28-Dec-2015
120158;Kotak Equity Opportunities Fund - Growth - Direct;INF174K01LF9;;82.758;81.93;82.758;28-Dec-2015
103233;Kotak Equity Opportunities Fund - Payout of Income Distribution cum capital withdrawal option;INF174K01203;INF174K01195;22.429;22.205;22.429;28-Dec-2015
120157;Kotak Equity Opportunities Fund - Payout of Income Distribution cum capital withdrawal option - Direct;INF174K01LG7;;23.021;22.791;23.021;28-Dec-2015

L&T Mutual Fund
119398;L&T Large and Midcap Fund- Direct Plan -IDCW;INF917K01FS6;INF917K01FR8;26.887;26.618;26.887;28-Dec-2015
119397;L&T Large and Midcap Fund-Direct Plan-Growth;INF917K01FT4;;35.403;35.049;35.403;28-Dec-2015
118049;L&T Large and Midcap Fund-Regular Plan-Growth;INF677K01098;;34.697;34.350;34.697;28-Dec-2015
118050;L&T Large and Midcap Fund-Regular Plan-IDCW;INF677K01106;INF677K01114;26.288;26.025;26.288;28-Dec-2015

LIC Mutual Fund
133710;LIC MF Large & Mid Cap Fund-Direct Plan-Growth;INF767K01NE9;;9.7105;9.5163;9.7105;28-Dec-2015
133709;LIC MF Large & Mid Cap Fund-Direct Plan-IDCW;INF767K01ND1;INF767K01NF6;9.7084;9.5142;9.7084;28-Dec-2015
133711;LIC MF Large & Mid Cap Fund-Regular Plan-Growth;INF767K01NB5;;9.6708;9.4774;9.6708;28-Dec-2015
133712;LIC MF Large & Mid Cap Fund-Regular Plan-IDCW;INF767K01NA7;INF767K01NC3;9.6708;9.4774;9.6708;28-Dec-2015

Mirae Asset Mutual Fund
118834;Mirae Asset Large & Midcap Fund - Direct Plan - Growth;INF769K01BI1;;32.555;31.904;32.555;28-Dec-2015
118835;Mirae Asset Large & Midcap Fund - Direct Plan - IDCW;INF769K01BJ9;INF769K01BK7;29.741;29.146;29.741;28-Dec-2015
112932;Mirae Asset Large & Midcap Fund - Regular Plan - Growth;INF769K01101;;31.577;30.945;31.577;28-Dec-2015
112931;Mirae Asset Large & Midcap Fund - Regular Plan - IDCW;INF769K01127;INF769K01119;24.443;23.954;24.443;28-Dec-2015

Navi Mutual Fund
135679;Navi Large & Midcap Fund - Direct Normal IDCW Payout;INF959L01CI4;INF959L01CJ2;10.1493;10.1493;10.1493;28-Dec-2015
135680;Navi Large & Midcap Fund - Regular Normal IDCW Payout;INF959L01CL8;INF959L01CM6;10.1393;10.1393;10.1393;28-Dec-2015
135677;Navi Large & Midcap Fund- Direct Plan- Growth Option;INF959L01CH6;;10.1518;10.1518;10.1518;28-Dec-2015
135678;Navi Large & Midcap Fund- Regular Plan- Growth Option;INF959L01CK0;;10.1397;10.1397;10.1397;28-Dec-2015

Nippon India Mutual Fund
118676;NIPPON INDIA VISION FUND - DIRECT Plan - IDCW Option;INF204K01F04;INF204K01F12;45.9467;45.4872;45.9467;28-Dec-2015
118675;Nippon India Vision Fund - Direct Plan Growth Plan - Bonus Option;INF204K01E96;;72.8311;72.1028;72.8311;28-Dec-2015
118678;Nippon India Vision Fund - Direct Plan Growth Plan - Growth Option;INF204K01F20;;429.5463;425.2508;429.5463;28-Dec-2015
100378;NIPPON INDIA VISION FUND - IDCW Option;INF204K01372;INF204K01380;44.9958;44.5458;44.9958;28-Dec-2015
106255;Nippon India Vision Fund Institutional Dividend Plan;INF204K01331;INF204K01349;290.9029;287.9939;290.9029;28-Dec-2015
100379;Nippon India Vision Fund-GROWTH PLAN-Bonus Option;INF204K01398;;71.0584;70.3478;71.0584;28-Dec-2015
100380;Nippon India Vision Fund-GROWTH PLAN-Growth Option;INF204K01406;;421.9077;417.6886;421.9077;28-Dec-2015

Principal Mutual Fund
119441;Principal Emerging Bluechip Fund - Direct Plan - Growth Option;INF173K01EG4;;69.68;68.98;69.68;28-Dec-2015
119440;Principal Emerging Bluechip Fund - Direct Plan - Half Yearly Income Distribution CUM Capital Withdrawal Option;INF173K01EI0;INF173K01EH2;53.05;52.52;53.05;28-Dec-2015
111381;Principal Emerging Bluechip Fund - Growth Option;INF173K01155;;68.14;67.46;68.14;28-Dec-2015
111382;Principal Emerging Bluechip Fund - Half Yearly Income Distribution CUM Capital Withdrawal Option;INF173K01163;INF173K01171;44.15;43.71;44.15;28-Dec-2015

quant Mutual Fund
104515;quant Large & Mid Cap Fund - Bonus Option - Regular Plan;INF966L01424;;26.1441;25.8827;26.1441;28-Dec-2015
120824;quant Large & Mid Cap Fund - Bonus Option-Direct Plan;INF966L01655;;26.1441;25.8827;26.1441;28-Dec-2015
104513;quant Large & Mid Cap Fund - Growth Option;INF966L01341;;26.1051;25.8440;26.1051;28-Dec-2015
120826;quant Large & Mid Cap Fund - Growth Option-Direct Plan;INF966L01648;;26.4081;26.1440;26.4081;28-Dec-2015
120825;quant Large & Mid Cap Fund - IDCW Option - Direct Plan;INF966L01622;INF966L01630;16.0204;15.8602;16.0204;28-Dec-2015
104514;quant Large & Mid Cap Fund - IDCW Option - Regular Plan;INF966L01325;INF966L01333;19.6579;19.4613;19.6579;28-Dec-2015

SBI Mutual Fund
119720;SBI Large & Midcap Fund - Direct Plan - Income Distribution cum Capital Withdrawal Option (IDCW);INF200K01UH9;INF200K01UI7;101.8346;100.8163;101.8346;28-Dec-2015
101530;SBI Large & Midcap Fund - Regular Plan - Income Distribution cum Capital Withdrawal Option (IDCW);INF200K01289;INF200K01297;87.2561;86.3835;87.2561;28-Dec-2015
119721;SBI LARGE & MIDCAP FUND -DIRECT PLAN -Growth;INF200K01UJ5;;160.8421;159.2337;160.8421;28-Dec-2015
103024;SBI LARGE & MIDCAP FUND- REGULAR PLAN -Growth;INF200K01305;;159.1023;157.5113;159.1023;28-Dec-2015

Sundaram Mutual Fund
119565;Sundaram Large and Midcap Direct Plan - Income Distribution cum Capital Withdrawal (IDCW);INF903J01PP3;INF903J01PQ1;17.3077;17.3077;17.3077;28-Dec-2015
119566;Sundaram Large and Midcap Fund Direct Plan - Growth;INF903J01PR9;;23.0699;23.0699;23.0699;28-Dec-2015
105001;Sundaram Large and Midcap Fund Regular Plan - Growth;INF903J01DT1;;22.6666;22.6666;22.6666;28-Dec-2015
105000;Sundaram Large and Midcap Regular Plan - Income Distribution cum Capital Withdrawal (IDCW);INF903J01DU9;INF903J01DV7;17.0203;17.0203;17.0203;28-Dec-2015

Tata Mutual Fund
119202;Tata Large & MId Cap Fund -Direct Plan- Growth Option;INF277K01MK8;;154.9892;153.4393;154.9892;28-Dec-2015
119201;Tata Large & Mid Cap Fund Direct Plan - Payout of IDCW Option;INF277K01MI2;INF277K01MJ0;33.0748;32.7441;33.0748;28-Dec-2015
101823;Tata Large & Mid Cap Fund Regular Plan - Payout of IDCW Option;INF277K01DH3;INF277K01410;32.1465;31.8250;32.1465;28-Dec-2015
101824;Tata Large & Mid Cap Fund- Regular Plan - Growth Option;INF277K01428;;150.8959;149.3869;150.8959;28-Dec-2015

UTI Mutual Fund
120665;UTI Large & Mid Cap Fund - Direct Plan - Growth Option;INF789F01UG3;;47.7907;47.7907;47.79;28-Dec-2015
120664;UTI Large & Mid Cap Fund - Direct Plan - IDCW;INF789F01UE8;INF789F01UF5;31.8964;31.8964;31.9;28-Dec-2015
100664;UTI Large & Mid Cap Fund - Regular Plan - Growth Option;INF789F01869;;47.3033;47.3033;47.3;28-Dec-2015
100663;UTI Large & Mid Cap Fund - Regular Plan - IDCW;INF189A01046;INF789F01851;31.5494;31.5494;31.55;28-Dec-2015

Open Ended Schemes ( Equity Scheme - Mid Cap Fund )


Aditya Birla Sun Life Mutual Fund
119620;Aditya Birla Sun Life Midcap Fund - Growth - Direct Plan;INF209K01Q30;;226.41;223.01;226.41;28-Dec-2015
119619;Aditya Birla Sun Life Midcap Fund -DIRECT - IDCW;INF209K01Q22;;42.51;41.87;42.51;28-Dec-2015
101591;Aditya Birla Sun Life Midcap Fund -REGULAR - IDCW;INF209K01355;INF209K01CN6;31.16;30.69;31.16;28-Dec-2015
101592;Aditya Birla Sun Life MIDCAP Fund-Growth;INF209K01363;;221.25;217.93;221.25;28-Dec-2015

Axis Mutual Fund
120505;Axis Midcap Fund - Direct Plan - Growth;INF846K01EH3;;25.79;25.53;25.79;28-Dec-2015
120504;Axis Midcap Fund - Direct Plan - IDCW;INF846K01EF7;INF846K01EG5;24.04;23.80;24.04;28-Dec-2015
114564;Axis Midcap Fund - Regular Plan - Growth;INF846K01859;;24.87;24.62;24.87;28-Dec-2015
114565;Axis Midcap Fund - Regular Plan - IDCW;INF846K01867;INF846K01875;21.24;21.03;21.24;28-Dec-2015

Baroda BNP Paribas Mutual Fund
113327;Baroda Mid-cap Fund- Plan A - Growth Option;INF955L01609;;7.54;7.46;7.54;28-Dec-2015
113328;Baroda Mid-cap Fund- Plan A - IDCW Option;INF955L01583;INF955L01591;7.54;7.46;7.54;28-Dec-2015
119392;Baroda Mid-cap Fund- Plan B (Direct) - Growth Option;INF955L01AV9;;7.71;7.63;7.71;28-Dec-2015
119313;Baroda Mid-cap Fund-Plan B (Direct)-IDCW Option;INF955L01AT3;;7.71;7.63;7.71;28-Dec-2015

BNP Paribas Mutual Fund
120002;BNP Paribas Mid Cap Fund - Direct Plan - Growth Option;INF251K01HQ0;;26.2550;26.2550;26.2550;28-Dec-2015
120001;BNP Paribas Mid Cap Fund - Direct Plan - Income Distribution cum Capital Withdrawal Option;INF251K01HO5;INF251K01HP2;26.1330;26.1330;26.1330;28-Dec-2015
113566;BNP Paribas Mid Cap Fund-Growth Option;INF251K01AW3;;25.4720;25.4720;25.4720;28-Dec-2015
113567;BNP Paribas Mid Cap Fund-Income Distribution cum Capital Withdrawal Option;INF251K01AX1;INF251K01AY9;25.3680;25.3680;25.3680;28-Dec-2015

DSP Mutual Fund
119071;DSP Midcap Fund - Direct Plan - Growth;INF740K01PX1;;38.134;37.753;38.134;28-Dec-2015
119070;DSP Midcap Fund - Direct Plan - IDCW;INF740K01PY9;INF740K01PZ6;29.712;29.415;29.712;28-Dec-2015
104481;DSP Midcap Fund - Regular Plan - Growth;INF740K01128;;37.419;37.045;37.419;28-Dec-2015
104482;DSP Midcap Fund - Regular Plan - IDCW;INF740K01102;INF740K01110;21.352;21.138;21.352;28-Dec-2015

Franklin Templeton Mutual Fund
118533;Franklin India Prima Fund - Direct - Growth;INF090I01FH9;;693.3622;686.4286;693.3622;28-Dec-2015
118532;Franklin India PRIMA FUND - Direct - IDCW ;INF090I01FI7;INF090I01FJ5;58.9213;58.3321;58.9213;28-Dec-2015
100472;Franklin India PRIMA FUND - IDCW ;INF090I01726;INF090I01734;56.8392;56.2708;56.8392;28-Dec-2015
100473;Franklin India Prima Fund-Growth;INF090I01809;;671.6283;664.912;671.6283;28-Dec-2015

HDFC Mutual Fund
118989;HDFC Mid-Cap Opportunities Fund - Growth Option - Direct Plan;INF179K01XQ0;;38.991;38.601;38.991;28-Dec-2015
105758;HDFC Mid-Cap Opportunities Fund - Growth Plan;INF179K01CR2;;38.173;37.791;38.173;28-Dec-2015
118988;HDFC Mid-Cap Opportunities Fund - IDCW Option - Direct Plan;INF179K01XO5;INF179K01XP2;30.387;30.083;30.387;28-Dec-2015
105757;HDFC Mid-Cap Opportunities Fund - IDCW Plan;INF179K01CS0;INF179K01CT8;26.779;26.511;26.779;28-Dec-2015

ICICI Prudential Mutual Fund
120381;ICICI Prudential MidCap Fund - Direct Plan -  Growth;INF109K011N7;;72.37;71.65;72.37;28-Dec-2015
120380;ICICI Prudential MidCap Fund - Direct Plan -  IDCW;INF109K019M2;INF109K010N9;29.25;28.96;29.25;28-Dec-2015
102528;ICICI Prudential MidCap Fund - Growth;INF109K01AN2;;70.70;69.99;70.70;28-Dec-2015
102529;ICICI Prudential MidCap Fund - IDCW;INF109K01EH6;INF109K01AL6;25.32;25.07;25.32;28-Dec-2015

Invesco Mutual Fund
120403;Invesco India Midcap Fund - Direct Plan - Growth Option;INF205K01MV6;;36.08;35.72;36.08;28-Dec-2015
120402;Invesco India Midcap Fund - Direct Plan - IDCW (Payout / Reinvestment);INF205K01MT0;INF205K01MU8;26.83;26.56;26.83;28-Dec-2015
105503;Invesco India Midcap Fund - Growth Option;INF205K01BC9;;34.63;34.28;34.63;28-Dec-2015
105504;Invesco India Midcap Fund - IDCW (Payout / Reinvestment);INF205K01BD7;INF205K01BE5;25.70;25.44;25.70;28-Dec-2015

Kotak Mahindra Mutual Fund
104908;Kotak Emerging Equity Scheme - Growth;INF174K01DS9;;26.564;26.298;26.564;28-Dec-2015
119775;Kotak Emerging Equity Scheme - Growth - Direct;INF174K01LT0;;27.313;27.04;27.313;28-Dec-2015
104907;Kotak Emerging Equity Scheme - Payout of Income Distribution cum capital withdrawal option;INF174K01DU5;INF174K01DT7;20.601;20.395;20.601;28-Dec-2015
119774;Kotak Emerging Equity Scheme - Payout of Income Distribution cum capital withdrawal option - Direct;INF174K01LU8;INF174K01LV6;21.233;21.021;21.233;28-Dec-2015

L&T Mutual Fund
119806;L&T Mid Cap Fund-Direct Plan -IDCW;INF917K01FX6;;38.11;37.73;38.11;28-Dec-2015
119807;L&T Mid Cap Fund-Direct Plan-Growth;INF917K01FZ1;;92.24;91.32;92.24;28-Dec-2015
112496;L&T Mid Cap Fund-Regular Plan-Growth;INF917K01254;;90.14;89.24;90.14;28-Dec-2015
112495;L&T Mid Cap Fund-Regular Plan-IDCW;INF917K01239;INF917K01247;37.21;36.84;37.21;28-Dec-2015

Motilal Oswal Mutual Fund
127044;Motilal Oswal Midcap Fund-Direct - IDCW Payout/Reinvestment;INF247L01460;INF247L01452;19.6184;19.6184;19.6184;28-Dec-2015
127042;Motilal Oswal Midcap Fund-Direct Plan-Growth Option;INF247L01445;;20.6218;20.6218;20.6218;28-Dec-2015
127040;Motilal Oswal Midcap Fund-Regular - IDCW Payout/Reinvestment;INF247L01437;INF247L01429;19.1782;19.1782;19.1782;28-Dec-2015
127039;Motilal Oswal Midcap Fund-Regular Plan-Growth Option;INF247L01411;;20.1724;20.1724;20.1724;28-Dec-2015

Nippon India Mutual Fund
118666;NIPPON INDIA GROWTH FUND - DIRECT Plan - IDCW Option;INF204K01E39;INF204K01E47;76.2920;75.5291;76.2920;28-Dec-2015
118665;Nippon India Growth Fund - Direct Plan Growth Plan - Bonus Option;INF204K01E21;;136.1435;134.7821;136.1435;28-Dec-2015
118668;Nippon India Growth Fund - Direct Plan Growth Plan - Growth Option;INF204K01E54;;819.4623;811.2677;819.4623;28-Dec-2015
100375;NIPPON INDIA GROWTH FUND - IDCW Option;INF204K01299;INF204K01307;65.5867;64.9308;65.5867;28-Dec-2015
106260;NIPPON INDIA GROWTH FUND - INSTITUTIONAL Plan - IDCW Option;INF204K01257;INF204K01265;588.4818;582.5970;588.4818;28-Dec-2015
100376;Nippon India Growth Fund-Growth Plan-Bonus Option;INF204K01315;;133.7290;132.3917;133.7290;28-Dec-2015
100377;Nippon India Growth Fund-Growth Plan-Growth Option;INF204K01323;;803.8760;795.8372;803.8760;28-Dec-2015

PGIM India Mutual Fund
125301;PGIM India Midcap Opportunities Fund - Direct Plan - Dividend Option - Payout;INF663L01DW1;INF663L01DX9;14.05;13.91;14.05;28-Dec-2015
125307;PGIM India Midcap Opportunities Fund - Direct Plan - Growth Option;INF663L01DV3;;15.68;15.52;15.68;28-Dec-2015
125306;PGIM India Midcap Opportunities Fund - Regular Plan - Dividend Option - Payout;INF663L01EA5;INF663L01EB3;13.91;13.77;13.91;28-Dec-2015
125305;PGIM India Midcap Opportunities Fund - Regular Plan - Growth Option;INF663L01DZ4;;15.54;15.38;15.54;28-Dec-2015

quant Mutual Fund
120841;quant Mid Cap Fund - Growth Option - Direct Plan;INF966L01887;;45.1978;44.7458;45.1978;28-Dec-2015
101065;quant Mid Cap Fund - Growth Option - Regular Plan;INF966L01176;;44.9570;44.5074;44.9570;28-Dec-2015
120840;quant Mid Cap Fund - IDCW Option - Direct Plan;INF966L01861;INF966L01879;15.9122;15.7531;15.9122;28-Dec-2015
101066;quant Mid Cap Fund - IDCW Option - Regular Plan;INF966L01150;INF966L01168;15.9131;15.7540;15.9131;28-Dec-2015

SBI Mutual Fund
119716;SBI Magnum MIDCAP FUND - DIRECT PLAN - GROWTH;INF200K01TP4;;62.6766;62.0498;62.6766;28-Dec-2015
119715;SBI Magnum MidCap Fund - Direct Plan - Income Distribution cum Capital Withdrawal Option (IDCW);INF200K01TN9;INF200K01TO7;40.7241;40.3169;40.7241;28-Dec-2015
102941;SBI Magnum MIDCAP FUND - REGULAR PLAN - GROWTH;INF200K01560;;61.3043;60.6913;61.3043;28-Dec-2015
102942;SBI Magnum MidCap Fund - Regular Plan - Income Distribution cum Capital Withdrawal Option (IDCW);INF200K01578;INF200K01586;28.7755;28.4877;28.7755;28-Dec-2015

Sundaram Mutual Fund
119581;Sundaram Mid Cap Fund Direct Plan - Growth;INF903J01MJ3;;353.6810;350.1442;353.6810;28-Dec-2015
119582;Sundaram Mid Cap Fund Direct Plan - Income Distribution cum Capital Withdrawal (IDCW);INF903J01MH7;INF903J01MI5;33.5517;33.2162;33.5517;28-Dec-2015
111941;Sundaram Mid Cap Fund Institutional Plan - Growth;INF903J01207;;361.0345;357.4242;361.0345;28-Dec-2015
111942;Sundaram Mid Cap Fund Institutional Plan - Income Distribution cum Capital Withdrawal (IDCW);INF903J01215;INF903J01223;30.2716;29.9689;30.2716;28-Dec-2015
101539;Sundaram Mid Cap Fund Regular Plan - Growth;INF903J01173;;348.0380;344.5576;348.0380;28-Dec-2015
101538;Sundaram Mid Cap Fund Regular Plan - Income Distribution cum Capital Withdrawal (IDCW);INF903J01181;INF903J01199;32.9458;32.6163;32.9458;28-Dec-2015

Tata Mutual Fund
119182;Tata Mid Cap Growth Fund - Direct Plan Bonus(Growth);INF277K01PV8;;97.1589;96.1873;97.1589;28-Dec-2015
119178;Tata Mid Cap Growth Fund - Direct Plan- Growth Option;INF277K01PY2;;105.8766;104.8178;105.8766;28-Dec-2015
119177;Tata Mid Cap Growth Fund - Direct Plan- IDCW Option;INF277K01PW6;INF277K01PX4;40.3349;39.9316;40.3349;28-Dec-2015
102328;Tata Mid Cap Growth Fund Regular Plan- Growth Option;INF277K01626;;103.4351;102.4007;103.4351;28-Dec-2015
102326;Tata Mid Cap Growth Fund-Regular Plan - IDCW Option;INF277K01DS0;INF277K01642;36.2846;35.9218;36.2846;28-Dec-2015
102329;Tata Mid Cap Growth Fund Regular Plan  - Bonus (Growth);INF277K01634;;96.2874;95.3245;96.2874;28-Dec-2015

Taurus Mutual Fund
118872;Taurus Mid Cap Fund - Direct Plan - Growth;INF044D01CA9;;30.73;30.42;30.73;28-Dec-2015
118873;Taurus Mid Cap Fund - Direct Plan - Payout of Income Distribution cum Capital Withdrawal option;INF044D01CB7;INF044D01CC5;30.68;30.37;30.68;28-Dec-2015
100477;Taurus Mid Cap Fund - Regular Plan - Growth;INF044D01815;;30.30;30.00;30.30;28-Dec-2015
111642;Taurus Mid Cap Fund - Regular Plan - Payout of Income Distribution cum Capital Withdrawal option;INF044D01781;INF044D01799;30.30;30.00;30.30;28-Dec-2015

UTI Mutual Fund
120727;UTI Mid Cap Fund - Direct Plan - IDCW;INF789F01TY8;INF789F01TZ5;47.9897;47.9897;47.99;28-Dec-2015
102393;UTI Mid Cap Fund - Regular Plan - IDCW;INF789F01794;INF789F01802;45.8394;45.8394;45.84;28-Dec-2015
102394;UTI Mid Cap Fund-Growth Option;INF789F01810;;80.2914;80.2914;80.29;28-Dec-2015
120726;UTI Mid Cap Fund-Growth Option- Direct;INF789F01UA6;;81.9632;81.9632;81.96;28-Dec-2015

Open Ended Schemes ( Equity Scheme - Small Cap Fund )


Aditya Birla Sun Life Mutual Fund
105804;Aditya Birla Sun Life Small Cap Fund - GROWTH;INF209K01EN2;;25.7686;25.5109;25.7686;28-Dec-2015
119556;Aditya Birla Sun Life Small Cap Fund - Growth - Direct Plan;INF209K01WN4;;26.4117;26.1476;26.4117;28-Dec-2015
119557;Aditya Birla Sun Life Small Cap Fund -Direct - IDCW;INF209K01WM6;;25.5877;25.3318;25.5877;28-Dec-2015
105805;Aditya Birla Sun Life Small Cap Fund -Regular - IDCW;INF209K01EO0;INF209K01EP7;19.7873;19.5894;19.7873;28-Dec-2015

Axis Mutual Fund
125354;Axis Small Cap Fund - Direct Plan - Growth;INF846K01K35;;20.78;20.78;20.78;28-Dec-2015
125351;Axis Small Cap Fund - Direct Plan - IDCW;INF846K01K43;INF846K01K50;18.70;18.70;18.70;28-Dec-2015
125350;Axis Small Cap Fund - Regular Plan - Growth;INF846K01K01;;20.30;20.30;20.30;28-Dec-2015
125352;Axis Small Cap Fund - Regular Plan - IDCW;INF846K01K19;INF846K01K27;18.23;18.23;18.23;28-Dec-2015

DSP Mutual Fund
119212;DSP Small Cap Fund - Direct Plan - Growth;INF740K01QD1;;44.768;44.320;44.768;28-Dec-2015
119213;DSP Small Cap Fund - Direct Plan - IDCW;INF740K01QE9;INF740K01QF6;27.181;26.909;27.181;28-Dec-2015
105989;DSP Small Cap Fund - Regular - Growth;INF740K01797;;43.876;43.437;43.876;28-Dec-2015
113153;DSP Small Cap Fund - Regular - IDCW;INF740K01805;INF740K01AM6;26.642;26.376;26.642;28-Dec-2015

Franklin Templeton Mutual Fund
118525;Franklin India Smaller Companies Fund - Direct - Growth;INF090I01IQ4;;41.1167;40.7055;41.1167;28-Dec-2015
118524;Franklin India Smaller Companies Fund - Direct - IDCW ;INF090I01IO9;INF090I01IP6;26.4338;26.1695;26.4338;28-Dec-2015
103361;Franklin India Smaller Companies Fund - IDCW ;INF090I01544;INF090I01551;25.5869;25.331;25.5869;28-Dec-2015
103360;Franklin India Smaller Companies Fund-Growth;INF090I01569;;39.8894;39.4905;39.8894;28-Dec-2015

HDFC Mutual Fund
130502;HDFC Small Cap Fund - Growth Option;INF179KA1RZ8;;27.391;27.117;27.391;28-Dec-2015
130503;HDFC Small Cap Fund - Growth Option - Direct Plan;INF179KA1RW5;;28.085;27.804;28.085;28-Dec-2015
130501;HDFC Small Cap Fund - IDCW Option;INF179KA1SA9;INF179KA1SB7;22.080;21.859;22.080;28-Dec-2015
130504;HDFC Small Cap Fund - IDCW Option - Direct Plan;INF179KA1RX3;INF179KA1RY1;22.745;22.518;22.745;28-Dec-2015

ICICI Prudential Mutual Fund
120591;ICICI Prudential Smallcap Fund - Direct Plan - Growth;INF109K015M0;;20.43;20.23;20.43;28-Dec-2015
120870;ICICI Prudential Smallcap Fund - Direct Plan - IDCW;INF109K013M5;INF109K014M3;20.44;20.24;20.44;28-Dec-2015
106823;ICICI Prudential Smallcap Fund - Growth;INF109K01BI0;;20.10;19.90;20.10;28-Dec-2015
106822;ICICI Prudential Smallcap Fund - IDCW;INF109K01FA8;INF109K01BJ8;15.52;15.36;15.52;28-Dec-2015
106821;ICICI Prudential Smallcap Fund - Institutional Growth;INF109K01BK6;;20.10;19.90;20.10;28-Dec-2015

Kotak Mahindra Mutual Fund
102875;Kotak-Small Cap Fund - Growth;INF174K01211;;53.533;52.998;53.533;28-Dec-2015
120164;Kotak-Small Cap Fund - Growth - Direct;INF174K01KT2;;55.166;54.614;55.166;28-Dec-2015
102874;Kotak-Small Cap Fund - Payout of Income Distribution cum capital withdrawal option;INF174K01237;INF174K01229;30.838;30.53;30.838;28-Dec-2015
120163;Kotak-Small Cap Fund - Payout of Income Distribution cum capital withdrawal option - Direct;INF174K01KU0;INF174K01KV8;31.821;31.503;31.821;28-Dec-2015

L&T Mutual Fund
129220;L&T Emerging Businesses Fund - Direct Plan - Growth;INF917K01QA1;;15.766;15.608;15.766;28-Dec-2015
129222;L&T Emerging Businesses Fund - Direct Plan - IDCW;INF917K01PZ0;INF917K01XP5;15.766;15.608;15.766;28-Dec-2015
129223;L&T Emerging Businesses Fund - Regular Plan - Growth;INF917K01QC7;;15.597;15.441;15.597;28-Dec-2015
129221;L&T Emerging Businesses Fund - Regular Plan - IDCW;INF917K01QB9;INF917K01XQ3;15.597;15.441;15.597;28-Dec-2015

Nippon India Mutual Fund
118775;NIPPON INDIA SMALL CAP FUND - Direct Plan - IDCW Option;INF204K01J91;INF204K01K07;23.4609;23.2263;23.4609;28-Dec-2015
118777;Nippon India Small Cap Fund - Direct Plan Growth Plan - Bonus Option;INF204K01J83;;28.2081;27.9260;28.2081;28-Dec-2015
118778;Nippon India Small Cap Fund - Direct Plan Growth Plan - Growth Option;INF204K01K15;;28.2081;27.9260;28.2081;28-Dec-2015
113178;Nippon India Small Cap Fund - Growth Plan - Bonus Option;INF204K01HZ0;;27.5810;27.3052;27.5810;28-Dec-2015
113177;Nippon India Small Cap Fund - Growth Plan - Growth Option;INF204K01HY3;;27.5810;27.3052;27.5810;28-Dec-2015
113179;NIPPON INDIA SMALL CAP FUND - IDCW Option;INF204K01IA1;INF204K01IB9;22.8568;22.6282;22.8568;28-Dec-2015

quant Mutual Fund
100177;quant Small Cap Fund - Growth - Regular Plan;INF966L01AA0;;44.0595;43.8392;44.0595;28-Dec-2015
120828;quant Small Cap Fund - Growth Option - Direct Plan;INF966L01689;;44.4372;44.2150;44.4372;28-Dec-2015
120827;quant Small Cap Fund - IDCW Option - Direct Plan;INF966L01663;INF966L01671;37.6797;37.4913;37.6797;28-Dec-2015
100176;quant Small Cap Fund - IDCW Option - Regular Plan;INF206A01022;INF966L01044;37.3445;37.1578;37.3445;28-Dec-2015

SBI Mutual Fund
125497;SBI Small Cap Fund - Direct Plan - Growth;INF200K01T51;;34.9675;34.6178;34.9675;28-Dec-2015
125496;SBI Small Cap Fund - Direct Plan - Income Distribution cum Capital Withdrawal Option (IDCW);INF200K01T69;INF200K01T77;30.3731;30.0694;30.3731;28-Dec-2015
125494;SBI Small Cap Fund - Regular Plan - Growth;INF200K01T28;;33.9259;33.5866;33.9259;28-Dec-2015
125495;SBI Small Cap Fund - Regular Plan - Income Distribution cum Capital Withdrawal Option (IDCW);INF200K01T36;INF200K01T44;25.5159;25.2607;25.5159;28-Dec-2015

Sundaram Mutual Fund
119589;Sundaram Small Cap Fund Direct Plan - Growth;INF903J01NK9;;74.2375;73.4951;74.2375;28-Dec-2015
119588;Sundaram Small Cap Fund Direct Plan - Income Distribution cum Capital Withdrawal (IDCW);INF903J01NI3;INF903J01NJ1;22.2483;22.0258;22.2483;28-Dec-2015
112064;Sundaram Small Cap Fund Institutional Plan - Growth;INF903J01504;;75.7992;75.0412;75.7992;28-Dec-2015
112207;Sundaram Small Cap Fund Institutional Plan - Income Distribution cum Capital Withdrawal (IDCW);INF903J01488;INF903J01496;22.7587;22.5311;22.7587;28-Dec-2015
100795;Sundaram Small Cap Fund Regular Plan - Growth;INF903J01470;;73.1417;72.4103;73.1417;28-Dec-2015
100794;Sundaram Small Cap Fund Regular Plan - Income Distribution cum Capital Withdrawal (IDCW);INF903J01454;INF903J01462;21.8597;21.6411;21.8597;28-Dec-2015

Union Mutual Fund
129649;Union Small Cap Fund - Direct Plan - Growth Option;INF582M01BU9;;12.54;12.41;12.54;28-Dec-2015
129646;Union Small Cap Fund - Direct Plan - IDCW Option;INF582M01BW5;INF582M01BV7;12.54;12.41;12.54;28-Dec-2015
129647;Union Small Cap Fund - Regular Plan - Growth Option;INF582M01BY1;;12.40;12.28;12.40;28-Dec-2015
129648;Union Small Cap Fund - Regular Plan - IDCW Option;INF582M01CA9;INF582M01BZ8;12.40;12.28;12.40;28-Dec-2015

Open Ended Schemes ( Equity Scheme - Dividend Yield Fund )


Aditya Birla Sun Life Mutual Fund
119507;Aditya Birla Sun Life Dividend Yield Fund - Growth - Direct Plan;INF209K01WA1;;137.63;136.25;137.63;28-Dec-2015
101738;Aditya Birla Sun Life Dividend Yield Fund - Growth - Regular Plan;INF209K01405;;134.54;133.19;134.54;28-Dec-2015
119506;Aditya Birla Sun Life Dividend Yield Fund -DIRECT - IDCW;INF209K01Q55;INF209K01WB9;19.80;19.60;19.80;28-Dec-2015
101737;Aditya Birla Sun Life Dividend Yield Fund -REGULAR - IDCW;INF209K01397;INF209K01CP1;14.90;14.75;14.90;28-Dec-2015

Franklin Templeton Mutual Fund
118527;Templeton India Equity Income Fund - Direct - Growth;INF090I01IT8;;33.4906;33.1557;33.4906;28-Dec-2015
118526;Templeton India EQUITY INCOME FUND - Direct - IDCW ;INF090I01IR2;INF090I01IS0;14.9125;14.7634;14.9125;28-Dec-2015
103679;Templeton India EQUITY INCOME FUND - IDCW ;INF090I01932;INF090I01940;14.6416;14.4952;14.6416;28-Dec-2015
103678;Templeton India Equity Income Fund-Growth Plan;INF090I01957;;32.9518;32.6223;32.9518;28-Dec-2015

ICICI Prudential Mutual Fund
129312;ICICI Prudential Dividend Yield Equity Fund Direct Plan Growth Option;INF109KA1UA0;;12.19;12.07;12.19;28-Dec-2015
129309;ICICI Prudential Dividend Yield Equity Fund Direct Plan IDCW Option;INF109KA1UB8;INF109KA1UC6;11.79;11.67;11.79;28-Dec-2015
129310;ICICI Prudential Dividend Yield Equity Fund Growth Option;INF109KA1TX4;;12.05;11.93;12.05;28-Dec-2015
129311;ICICI Prudential Dividend Yield Equity Fund IDCW Option;INF109KA1TY2;INF109KA1TZ9;11.65;11.53;11.65;28-Dec-2015

Principal Mutual Fund
119438;Principal Dividend Yield Fund - Direct Plan - Growth Option;INF173K01EV3;;35.35;35.00;35.35;28-Dec-2015
119437;Principal Dividend Yield Fund- Direct Plan - Half Yearly Income Distribution CUM Capital Withdrawal Option;INF173K01ES9;INF173K01ET7;23.42;23.19;23.42;28-Dec-2015
102808;Principal Dividend Yield Fund- Half Yearly Income Distribution CUM Capital Withdrawal Plan;INF173K01AD9;INF173K01AE7;22.56;22.33;22.56;28-Dec-2015
102807;Principal Dividend Yield Fund-Growth Plan;INF173K01AC1;;34.76;34.41;34.76;28-Dec-2015

Tata Mutual Fund
102858;Tata Dividend Yield Fund  Regular Plan -( Div);INF277K01DD2;INF277K01337;26.6152;26.3490;26.6152;28-Dec-2015
102859;Tata Dividend Yield Fund Regular Plan;INF277K01345;;58.9049;58.3159;58.9049;28-Dec-2015
119235;Tata Dividend Yield Fund-Direct Plan Dividend;INF277K01MQ5;INF277K01MR3;27.1952;26.9232;27.1952;28-Dec-2015
119234;Tata Dividend Yield Fund-Direct Plan Growth;INF277K01MS1;;60.1179;59.5167;60.1179;28-Dec-2015

UTI Mutual Fund
120750;UTI Dividend Yield Fund - Direct Plan - IDCW;INF789F01SU8;INF789F01SV6;16.4383;16.4383;16.44;28-Dec-2015
103025;UTI Dividend Yield Fund - Regular Plan - IDCW;INF789F01448;INF789F01455;15.3825;15.3825;15.38;28-Dec-2015
103026;UTI-Dividend Yield Fund.-Growth;INF789F01463;;46.4456;46.4456;46.45;28-Dec-2015
120749;UTI-Dividend Yield Fund.-Growth-Direct;INF789F01SW4;;47.3063;47.3063;47.31;28-Dec-2015

Open Ended Schemes ( Equity Scheme - Value Fund )


Aditya Birla Sun Life Mutual Fund
119658;Aditya Birla Sun Life Pure Value Fund - Direct - IDCW;INF209K01WP9;;35.3034;34.9504;35.3034;28-Dec-2015
119659;Aditya Birla Sun Life Pure Value Fund - Growth - Direct Plan;INF209K01WQ7;;40.3339;39.9306;40.3339;28-Dec-2015
108167;Aditya Birla Sun Life Pure Value Fund - Growth Option;INF209K01LF3;;39.4434;39.0490;39.4434;28-Dec-2015
108166;Aditya Birla Sun Life Pure Value Fund - Regular - IDCW;INF209K01LE6;INF209K01LG1;25.5123;25.2572;25.5123;28-Dec-2015

Bandhan Mutual Fund
108909;BANDHAN Sterling Value Fund - Regular Plan - Growth;INF194K01342;;35.4527;35.4527;35.4527;28-Dec-2015
108908;BANDHAN Sterling Value Fund - Regular Plan - IDCW;INF194K01359;INF194K01367;17.5178;17.5178;17.5178;28-Dec-2015
118481;BANDHAN Sterling Value Fund-Direct Plan-Growth;INF194K01Z85;;36.3330;36.3330;36.3330;28-Dec-2015
118480;BANDHAN Sterling Value Fund-Direct Plan-IDCW;INF194K01Z93;INF194K010A2;18.0164;18.0164;18.0164;28-Dec-2015

Franklin Templeton Mutual Fund
118494;Templeton India Value Fund - Direct - Growth;INF090I01GY2;;189.4589;187.5643;189.4589;28-Dec-2015
118493;Templeton India Value Fund - Direct - IDCW ;INF090I01GW6;INF090I01GX4;59.7315;59.1342;59.7315;28-Dec-2015
100496;Templeton India Value Fund - Growth Plan;INF090I01296;;185.9046;184.0456;185.9046;28-Dec-2015
100497;Templeton India Value Fund - IDCW ;INF090I01270;INF090I01288;58.4212;57.837;58.4212;28-Dec-2015

Groww Mutual Fund
135341;Groww Value Fund (formerly known as Indiabulls Value Fund) - Direct Plan - Growth Option;INF666M01BE4;;10.3711;10.2674;10.3711;28-Dec-2015
135343;Groww Value Fund (formerly known as Indiabulls Value Fund) - Regular Plan - Growth Option;INF666M01BH7;;10.3002;10.1972;10.3002;28-Dec-2015
135342;Groww Value Fund (formerly known as Indiabulls Value Fund)- Direct Plan- - Income Distribution cum capital withdrawal Option (Payout & Reinvestment);INF666M01BF1;INF666M01BG9;10.3711;10.2674;10.3711;28-Dec-2015
135344;Groww Value Fund (formerly known as Indiabulls Value Fund)- Regular Plan - Income Distribution cum capital withdrawal Option (Payout & Reinvestment);INF666M01BI5;INF666M01BJ3;10.3002;10.1972;10.3002;28-Dec-2015

HDFC Mutual Fund
118935;HDFC Capital Builder Value Fund - Growth Option - Direct Plan;INF179K01VC4;;207.970;205.890;207.970;28-Dec-2015
101764;HDFC Capital Builder Value Fund - Growth Plan;INF179K01426;;204.684;202.637;204.684;28-Dec-2015
118934;HDFC Capital Builder Value Fund - IDCW Option - Direct Plan;INF179K01VA8;INF179K01VB6;28.793;28.505;28.793;28-Dec-2015
101765;HDFC Capital Builder Value Fund - IDCW Plan;INF179K01400;INF179K01418;28.247;27.965;28.247;28-Dec-2015

ICICI Prudential Mutual Fund
120323;ICICI Prudential Value Discovery Fund - Direct Plan - Growth;INF109K012K1;;116.68;115.51;116.68;28-Dec-2015
120322;ICICI Prudential Value Discovery Fund - Direct Plan - IDCW;INF109K011K3;INF109K010K5;43.51;43.07;43.51;28-Dec-2015
102594;ICICI Prudential Value Discovery Fund - Growth;INF109K01AF8;;113.78;112.64;113.78;28-Dec-2015
102595;ICICI Prudential Value Discovery Fund - IDCW;INF109K01EC7;INF109K01AD3;32.25;31.93;32.25;28-Dec-2015

JM Financial Mutual Fund
120486;JM Value Fund (Direct) - Growth Option;INF192K01BT3;;21.3971;21.3971;21.3971;28-Dec-2015
120485;JM Value Fund (Direct) - IDCW;INF192K01BR7;INF192K01BS5;14.8190;14.8190;14.8190;28-Dec-2015
100254;JM Value Fund (Regular) - Growth Option;INF137A01037;;20.8272;20.8272;20.8272;28-Dec-2015
106168;JM Value Fund (Regular) - IDCW;INF137A01011;INF137A01029;14.5433;14.5433;14.5433;28-Dec-2015

L&T Mutual Fund
119404;L&T India Value Fund-Direct Plan-Growth;INF917K01HD4;;25.990;25.730;25.990;28-Dec-2015
119403;L&T India Value Fund-Direct Plan-IDCW;INF917K01HC6;INF917K01HB8;22.448;22.224;22.448;28-Dec-2015
118102;L&T India Value Fund-Regular Plan-Growth;INF677K01023;;25.444;25.190;25.444;28-Dec-2015
118103;L&T India Value Fund-Regular Plan-IDCW;INF677K01213;INF677K01015;21.919;21.700;21.919;28-Dec-2015

Nippon India Mutual Fund
118782;NIPPON INDIA VALUE FUND - DIRECT Plan - IDCW Option;INF204K01K23;INF204K01K31;30.8396;30.5312;30.8396;28-Dec-2015
118784;Nippon India Value Fund - Direct Plan Growth Plan;INF204K01K49;;55.4350;54.8807;55.4350;28-Dec-2015
103086;NIPPON INDIA VALUE FUND - IDCW Option;INF204K01GC1;INF204K01GD9;25.9039;25.6449;25.9039;28-Dec-2015
103085;Nippon India Value Fund- Growth Plan;INF204K01GB3;;54.2225;53.6803;54.2225;28-Dec-2015

Quantum Mutual Fund
103490;Quantum Long Term Equity Value Fund - Direct Plan Growth Option;INF082J01036;;39.09;37.53;39.09;28-Dec-2015
103491;Quantum Long Term Equity Value Fund - Direct Plan IDCW;INF082J01044;INF082J01051;39.43;37.85;39.43;28-Dec-2015

Tata Mutual Fund
112218;Tata Equity P/E Fund - Regular Plan - Payout of IDCW-Option A(5%);INF277K01DI1;INF277K01436;44.6954;44.2484;44.6954;28-Dec-2015
101672;Tata Equity P/E Fund - Regular Plan -Growth Option;INF277K01451;;86.6487;85.7822;86.6487;28-Dec-2015
119231;Tata Equity P/E Fund -Direct Plan Growth Option;INF277K01ND1;;88.1642;87.2826;88.1642;28-Dec-2015
102428;Tata Equity P/E Fund Regular Plan - Payout of IDCW-Option B(10%);INF277K01DJ9;INF277K01444;44.5842;44.1384;44.5842;28-Dec-2015
119233;Tata Equity P/E Fund- Direct Plan - Payout of IDCW -Option B(10%);INF277K01NB5;INF277K01NC3;45.4543;44.9998;45.4543;28-Dec-2015
119232;Tata Equity P/E Fund- Direct Plan -Payout of IDCW-Option A(5%);INF277K01MZ6;INF277K01NA7;45.6427;45.1863;45.6427;28-Dec-2015

UTI Mutual Fund
120751;UTI Value Fund - Direct Plan - Growth Option;INF789F01VB2;;46.2465;46.2465;46.25;28-Dec-2015
120752;UTI Value Fund - Direct Plan - IDCW;INF789F01UZ3;INF789F01VA4;18.9056;18.9056;18.91;28-Dec-2015
103098;UTI Value Fund - Regular Plan - Growth Option;INF789F01AG5;;45.2187;45.2187;45.22;28-Dec-2015
103097;UTI Value Fund - Regular Plan - IDCW;INF789F01AE0;INF789F01AF7;17.0534;17.0534;17.05;28-Dec-2015

Open Ended Schemes ( Equity Scheme - Contra Fund )


Invesco Mutual Fund
120348;Invesco India Contra Fund - Direct Plan - Growth;INF205K01LE4;;31.82;31.50;31.82;28-Dec-2015
120349;Invesco India Contra Fund - Direct Plan - IDCW (Payout / Reinvestment);INF205K01LC8;INF205K01LD6;24.58;24.33;24.58;28-Dec-2015
105460;Invesco India Contra Fund - Growth;INF205K01189;;30.75;30.44;30.75;28-Dec-2015
105459;Invesco India Contra Fund - IDCW (Payout / Reinvestment);INF205K01205;INF205K01197;23.77;23.53;23.77;28-Dec-2015

Kotak Mahindra Mutual Fund
103040;Kotak India EQ Contra Fund - Growth;INF174K01245;;33.611;33.611;33.611;28-Dec-2015
119769;Kotak India EQ Contra Fund - Growth - Direct;INF174K01KZ9;;34.638;34.638;34.638;28-Dec-2015
103039;Kotak India EQ Contra Fund - Payout of Income Distribution cum capital withdrawal option;INF174K01260;INF174K01252;18.12;18.12;18.12;28-Dec-2015
119768;Kotak India EQ Contra Fund - Payout of Income Distribution cum capital withdrawal option- Direct;INF174K01LA0;;18.837;18.837;18.837;28-Dec-2015

SBI Mutual Fund
119835;SBI CONTRA FUND - DIRECT PLAN - GROWTH;INF200K01RA0;;87.0167;86.1465;87.0167;28-Dec-2015
119724;SBI Contra Fund - Direct Plan - Income Distribution cum Capital Withdrawal Option (IDCW);INF200K01QY2;INF200K01QZ9;25.4433;25.1889;25.4433;28-Dec-2015
100915;SBI Contra Fund - Regular Plan - Income Distribution cum Capital Withdrawal Option (IDCW);INF200K01347;INF200K01354;20.6742;20.4675;20.6742;28-Dec-2015
102414;SBI CONTRA FUND - REGULAR PLAN -GROWTH;INF200K01362;;85.4693;84.6146;85.4693;28-Dec-2015

Open Ended Schemes ( Equity Scheme - Focused Fund )


360 ONE Mutual Fund (Formerly Known as IIFL Mutual Fund)
131581;360 ONE Focused Equity Fund - Direct Plan - Dividend;INF579M01910;INF579M01928;10.8076;10.8076;10.8076;28-Dec-2015
131579;360 ONE Focused Equity Fund - Regular Plan - Dividend;INF579M01886;INF579M01894;10.6517;10.6517;10.6517;28-Dec-2015
131578;360 ONE Focused Equity Fund -Regular Plan - Growth;INF579M01878;;10.6517;10.6517;10.6517;28-Dec-2015
131580;360 ONE Focused Equity Fund-Direct Plan-Growth;INF579M01902;;10.8076;10.8076;10.8076;28-Dec-2015

Aditya Birla Sun Life Mutual Fund
119564;Aditya Birla Sun Life Focused Fund - Growth - Direct Plan;INF209K01WE3;;43.1583;42.7267;43.1583;28-Dec-2015
119563;Aditya Birla Sun Life Focused Fund -Direct - IDCW;INF209K01Q71;INF209K01WF0;24.5859;24.3400;24.5859;28-Dec-2015
103309;Aditya Birla Sun Life Focused Fund -Growth Option;INF209K01462;;42.1492;41.7277;42.1492;28-Dec-2015
103308;Aditya Birla Sun Life Focused Fund -Regular - IDCW;INF209K01454;INF209K01CS5;15.8561;15.6975;15.8561;28-Dec-2015

Axis Mutual Fund
120468;Axis Focused Fund - Direct Plan - Growth Option;INF846K01CQ8;;18.06;17.88;18.06;28-Dec-2015
120467;Axis Focused Fund - Direct Plan - IDCW;INF846K01CO3;INF846K01CP0;17.87;17.69;17.87;28-Dec-2015
117560;Axis Focused Fund - Regular Plan - Growth Option;INF846K01CH7;;17.42;17.25;17.42;28-Dec-2015
117559;Axis Focused Fund - Regular Plan - IDCW;INF846K01CI5;INF846K01CJ3;15.72;15.56;15.72;28-Dec-2015

Bandhan Mutual Fund
108592;BANDHAN Focused Equity Fund - Regular Plan - Growth;INF194K01466;;25.6514;25.6514;25.6514;28-Dec-2015
108593;BANDHAN Focused Equity Fund - Regular Plan - IDCW;INF194K01474;INF194K01482;12.4265;12.4265;12.4265;28-Dec-2015
118421;BANDHAN Focused Equity Fund-Direct Plan-Growth;INF194K01W21;;26.3484;26.3484;26.3484;28-Dec-2015
118422;BANDHAN Focused Equity Fund-Direct Plan-IDCW;INF194K01W39;INF194K01W47;14.5473;14.5473;14.5473;28-Dec-2015

DSP Mutual Fund
119096;DSP Focus Fund - Direct Plan - Growth;INF740K01OB0;;17.284;17.111;17.284;28-Dec-2015
119095;DSP Focus Fund - Direct Plan - IDCW;INF740K01OC8;INF740K01OD6;17.284;17.111;17.284;28-Dec-2015
112901;DSP Focus Fund - Regular Plan - Growth;INF740K01532;;16.974;16.804;16.974;28-Dec-2015
113032;DSP Focus Fund - Regular Plan - IDCW;INF740K01540;INF740K01AC7;15.235;15.083;15.235;28-Dec-2015

Franklin Templeton Mutual Fund
118564;Franklin India Focused Equity Fund - Direct - Growth;INF090I01IW2;;29.717;29.4198;29.717;28-Dec-2015
118563;Franklin India Focused Equity Fund - Direct - IDCW ;INF090I01IU6;INF090I01IV4;22.7061;22.479;22.7061;28-Dec-2015
105817;Franklin India Focused Equity Fund - Growth Plan;INF090I01981;;28.8579;28.5693;28.8579;28-Dec-2015
105816;Franklin India Focused Equity Fund - IDCW ;INF090I01965;INF090I01973;21.9835;21.7637;21.9835;28-Dec-2015

HDFC Mutual Fund
118950;HDFC Focused 30 Fund - Growth Option - Direct Plan;INF179K01VK7;;62.993;62.363;62.993;28-Dec-2015
102760;HDFC Focused 30 Fund - GROWTH PLAN;INF179K01574;;61.918;61.299;61.918;28-Dec-2015
118949;HDFC Focused 30 Fund - IDCW Option - Direct Plan;INF179K01VI1;INF179K01VJ9;21.425;21.211;21.425;28-Dec-2015
102761;HDFC Focused 30 Fund - IDCW PLAN;INF179K01558;INF179K01566;20.946;20.737;20.946;28-Dec-2015

ICICI Prudential Mutual Fund
120722;ICICI Prudential Focused Equity Fund - Direct Plan - Growth;INF109K018N2;;22.43;22.21;22.43;28-Dec-2015
120723;ICICI Prudential Focused Equity Fund - Direct Plan - IDCW;INF109K016N6;INF109K017N4;22.43;22.21;22.43;28-Dec-2015
111957;ICICI Prudential Focused Equity Fund - Growth;INF109K01BZ4;;21.90;21.68;21.90;28-Dec-2015
111958;ICICI Prudential Focused Equity Fund - IDCW;INF109K01FM3;INF109K01CA5;16.87;16.70;16.87;28-Dec-2015

JM Financial Mutual Fund
120488;JM Focused Fund (Direct)  - Growth Option;INF192K01BW7;;5.7697;5.7697;5.7697;28-Dec-2015
120487;JM Focused Fund (Direct) -  IDCW;INF192K01BU1;INF192K01BV9;5.7233;5.7233;5.7233;28-Dec-2015
107410;JM Focused Fund (Regular) - Growth Option;INF192K01577;;5.5963;5.5963;5.5963;28-Dec-2015
107409;JM Focused Fund (Regular) - IDCW;INF192K01551;INF192K01569;5.5961;5.5961;5.5961;28-Dec-2015

Motilal Oswal Mutual Fund
122389;Motilal Oswal Focused 25 Fund (MOF25)- Direct Plan Growth Option;INF247L01189;;16.3958;16.3958;16.3958;28-Dec-2015
122387;Motilal Oswal Focused 25 Fund (MOF25)- Regular Plan Growth Option;INF247L01155;;15.7856;15.7856;15.7856;28-Dec-2015
122390;Motilal Oswal Focused 25 Fund Direct - IDCW Payout/Reinvestment;INF247L01205;INF247L01197;15.1922;15.1922;15.1922;28-Dec-2015
122388;Motilal Oswal Focused 25 Fund Regular - IDCW Payout/Reinvestment;INF247L01171;INF247L01163;14.6196;14.6196;14.6196;28-Dec-2015

Nippon India Mutual Fund
118693;NIPPON INDIA FOCUSED EQUITY FUND - DIRECT Plan - IDCW Option;INF204K01F79;INF204K01F87;23.7955;23.7955;23.7955;28-Dec-2015
118692;Nippon India Focused Equity Fund - Direct Plan Growth Plan - Growth Option;INF204K01F95;;35.2085;35.2085;35.2085;28-Dec-2015
104638;NIPPON INDIA FOCUSED EQUITY FUND - IDCW OPTION;INF204K01GF4;INF204K01GG2;21.1547;21.1547;21.1547;28-Dec-2015
104637;Nippon India Focused Equity Fund -Growth Plan -Growth Option;INF204K01GE7;;34.4767;34.4767;34.4767;28-Dec-2015

Principal Mutual Fund
119464;Principal Focused Multicap Fund- Direct Plan - Growth Option;INF173K01EK6;;46.35;45.89;46.35;28-Dec-2015
119465;Principal Focused Multicap Fund- Direct Plan - Half Yearly Income Distribution CUM Capital Withdrawal Option;INF173K01EM2;INF173K01EL4;27.66;27.38;27.66;28-Dec-2015
103335;Principal Focused Multicap Fund-Growth Option;INF173K01189;;45.49;45.04;45.49;28-Dec-2015
103334;Principal Focused Multicap Fund-Half Yearly Income Distribution CUM Capital Withdrawal Option;INF173K01197;INF173K01205;27.56;27.28;27.56;28-Dec-2015

quant Mutual Fund
109275;quant Focused Fund - Growth Option - Regular Plan;INF966L01374;;23.4155;23.1813;23.4155;28-Dec-2015
120834;quant Focused Fund - Growth Option-Direct Plan;INF966L01853;;23.1655;22.9338;23.1655;28-Dec-2015
120835;quant Focused Fund - IDCW Option - Direct Plan;INF966L01838;INF966L01846;19.2856;19.0927;19.2856;28-Dec-2015
109274;quant Focused Fund - IDCW Option - Regular Plan;INF966L01358;INF966L01366;23.2074;22.9753;23.2074;28-Dec-2015

SBI Mutual Fund
119834;SBI Focused Equity Fund - Direct Plan - Income Distribution cum Capital Withdrawal Option (IDCW);INF200K01RH5;INF200K01RI3;30.6725;30.3658;30.6725;28-Dec-2015
119727;SBI FOCUSED EQUITY FUND - DIRECT PLAN -GROWTH;INF200K01RJ1;;94.5414;93.596;94.5414;28-Dec-2015
102765;SBI Focused Equity Fund - Regular Plan - Income Distribution cum Capital Withdrawal Option (IDCW);INF200K01388;INF200K01396;22.7028;22.4758;22.7028;28-Dec-2015
102756;SBI FOCUSED EQUITY FUND - REGULAR PLAN -GROWTH;INF200K01370;;92.2298;91.3075;92.2298;28-Dec-2015

Sundaram Mutual Fund
119578;Sundaram Select Focus Direct Plan - Growth;INF903J01MV8;;122.8301;122.8301;122.8301;28-Dec-2015
119577;Sundaram Select Focus Direct Plan - Income Distribution cum Capital Withdrawal (IDCW);INF903J01MT2;INF903J01MU0;13.2733;13.2733;13.2733;28-Dec-2015
108305;Sundaram Select Focus Institutional Plan - Growth;INF903J01140;;125.5504;125.5504;125.5504;28-Dec-2015
103953;Sundaram Select Focus Institutional Plan - Income Distribution cum Capital Withdrawal (IDCW);INF903J01157;INF903J01165;13.4242;13.4242;13.4242;28-Dec-2015
101537;Sundaram Select Focus Regular Plan - Growth;INF903J01116;;121.1267;121.1267;121.1267;28-Dec-2015
101536;Sundaram Select Focus Regular Plan - Income Distribution cum Capital Withdrawal (IDCW);INF903J01124;INF903J01132;13.1047;13.1047;13.1047;28-Dec-2015

Open Ended Schemes ( Equity Scheme - Sectoral/ Thematic )


Aditya Birla Sun Life Mutual Fund
125598;Aditya Birla Sun Life Banking and Financial Services Fund - DIRECT - IDCW;INF209K013W3;INF209K015W8;14.05;13.91;14.05;28-Dec-2015
125597;Aditya Birla Sun Life Banking and Financial Services Fund - Direct Plan - Growth;INF209K014W1;;16.59;16.42;16.59;28-Dec-2015
125596;Aditya Birla Sun Life Banking and Financial Services Fund - REGULAR - IDCW;INF209K010W9;INF209K012W5;13.79;13.65;13.79;28-Dec-2015
125595;Aditya Birla Sun Life Banking and Financial Services Fund - Regular Plan - Growth;INF209K011W7;;16.29;16.13;16.29;28-Dec-2015
119576;Aditya Birla Sun Life Commodity Equities Fund - Global Agri Plan - Growth - Direct Plan;INF209K01VL0;;20.3498;20.1463;20.3498;28-Dec-2015
111349;Aditya Birla Sun Life Commodity Equities Fund - Global Agri Plan - Growth - Regular Plan;INF209K01207;;20.0987;19.8977;20.0987;28-Dec-2015
119575;Aditya Birla Sun Life Commodity Equities Fund - Global Agri Plan -Direct - IDCW;INF209K01P64;INF209K01VM8;15.7034;15.5464;15.7034;28-Dec-2015
111348;Aditya Birla Sun Life Commodity Equities Fund - Global Agri Plan -Regular - IDCW;INF209K01199;INF209K01CG0;15.4776;15.3228;15.4776;28-Dec-2015
120539;Aditya Birla Sun Life Digital India Fund - Growth - Direct Plan;INF209K01VF2;;37.25;36.88;37.25;28-Dec-2015
103168;Aditya Birla Sun Life Digital India Fund - Growth - Regular Plan;INF209K01140;;36.45;36.09;36.45;28-Dec-2015
120538;Aditya Birla Sun Life Digital India Fund -DIRECT - IDCW;INF209K01P49;INF209K01VE5;19.09;18.90;19.09;28-Dec-2015
103167;Aditya Birla Sun Life Digital India Fund -Regular - IDCW;INF209K01132;INF209K01CD7;18.59;18.40;18.59;28-Dec-2015
119591;Aditya Birla Sun Life India Gennext Fund - Growth - Direct Plan;INF209K01WC7;;55.18;54.63;55.18;28-Dec-2015
119590;Aditya Birla Sun Life India Gennext Fund -DIRECT - IDCW;INF209K01Q63;;23.49;23.26;23.49;28-Dec-2015
103110;Aditya Birla Sun Life India Gennext Fund -Regular - IDCW;INF209K01439;INF209K01CR7;21.13;20.92;21.13;28-Dec-2015
103111;Aditya Birla Sun Life India Gennext Fund-Growth Option;INF209K01447;;53.80;53.26;53.80;28-Dec-2015
119515;Aditya Birla Sun Life Infrastructure Fund -  Direct - IDCW;INF209K01WG8;;17.84;17.66;17.84;28-Dec-2015
103475;Aditya Birla Sun Life Infrastructure Fund -  Regular - IDCW;INF209K01470;INF209K01CT3;13.92;13.78;13.92;28-Dec-2015
119514;Aditya Birla Sun Life Infrastructure Fund - Growth - Direct Plan;INF209K01WH6;;26.00;25.74;26.00;28-Dec-2015
103476;Aditya Birla Sun Life Infrastructure Fund-Growth;INF209K01504;;25.44;25.19;25.44;28-Dec-2015
119516;Aditya Birla Sun Life International Equity Fund - Direct - IDCW;INF209K01Q89;INF209K01WT1;16.6730;16.5063;16.6730;28-Dec-2015
119517;Aditya Birla Sun Life International Equity Fund - Growth - Direct Plan;INF209K01WS3;;16.6610;16.4944;16.6610;28-Dec-2015
106873;Aditya Birla Sun Life International Equity Fund - Growth - Regular Plan;INF209K01520;;16.3923;16.2284;16.3923;28-Dec-2015
106872;Aditya Birla Sun Life International Equity Fund - Regular - IDCW;INF209K01512;INF209K01CV9;15.0821;14.9313;15.0821;28-Dec-2015
119519;Aditya Birla Sun Life International Equity Fund - Plan B - Direct - IDCW;INF209K01Q97;INF209K01WV7;14.0704;13.9297;14.0704;28-Dec-2015
119518;Aditya Birla Sun Life International Equity Fund - Plan B - Growth - Direct Plan;INF209K01WU9;;14.0778;13.9370;14.0778;28-Dec-2015
106876;Aditya Birla Sun Life International Equity Fund - Plan B - Growth - Regular Plan;INF209K01546;;13.8527;13.7142;13.8527;28-Dec-2015
106875;Aditya Birla Sun Life International Equity Fund - Plan B - Regular - IDCW;INF209K01538;INF209K01CW7;13.8525;13.7140;13.8525;28-Dec-2015
133514;Aditya Birla Sun Life Manufacturing Equity Fund - Direct - IDCW;INF209KA1YL8;INF209KA1YM6;9.95;9.95;9.95;28-Dec-2015
133516;Aditya Birla Sun Life Manufacturing Equity Fund - Direct Plan - Growth;INF209KA1YK0;;9.95;9.95;9.95;28-Dec-2015
133515;Aditya Birla Sun Life Manufacturing Equity Fund - Regular - IDCW;INF209KA1YI4;INF209KA1YJ2;9.88;9.88;9.88;28-Dec-2015
133513;Aditya Birla Sun Life Manufacturing Equity Fund - Regular Plan - Growth;INF209KA1YH6;;9.88;9.88;9.88;28-Dec-2015
119647;Aditya Birla Sun Life MNC Fund - DIRECT - IDCW;INF209K01Q06;INF209K01VU1;203.18;201.15;203.18;28-Dec-2015
119646;Aditya Birla Sun Life MNC Fund - Growth - Direct Plan;INF209K01VT3;;599.38;593.39;599.38;28-Dec-2015
100064;Aditya Birla Sun Life MNC Fund - Growth - Regular Plan;INF209K01322;;585.92;580.06;585.92;28-Dec-2015
100063;Aditya Birla Sun Life MNC Fund - Regular - IDCW;INF209K01314;INF209K01CL0;146.26;144.80;146.26;28-Dec-2015

Bandhan Mutual Fund
114476;BANDHAN Infrastructure Fund - Regular Plan - Growth;INF194K01BY9;;11.2554;11.2554;11.2554;28-Dec-2015
114477;BANDHAN Infrastructure Fund - Regular Plan - IDCW;INF194K01BZ6;INF194K01CA7;11.2603;11.2603;11.2603;28-Dec-2015
118469;BANDHAN Infrastructure Fund-Direct Plan-Growth;INF194K01X46;;11.6124;11.6124;11.6124;28-Dec-2015
118468;BANDHAN Infrastructure Fund-Direct Plan-IDCW;INF194K01X53;INF194K01X61;11.6105;11.6105;11.6105;28-Dec-2015

Bank of India Mutual Fund
119364;BANK OF INDIA Manufacturing & Infrastructure Fund-Direct Plan-Growth;INF761K01702;;12.39;12.27;12.39;28-Dec-2015
119365;BANK OF INDIA Manufacturing & Infrastructure Fund-Direct Plan-Quarterly IDCW;INF761K01728;INF761K01710;12.32;12.20;12.32;28-Dec-2015
119363;BANK OF INDIA Manufacturing & Infrastructure Fund-Direct Plan-Regular IDCW;INF761K01694;INF761K01686;12.32;12.20;12.32;28-Dec-2015
112359;BANK OF INDIA Manufacturing & Infrastructure Fund-Growth;INF761K01199;;12.02;11.90;12.02;28-Dec-2015
112360;BANK OF INDIA Manufacturing & Infrastructure Fund-Quarterly IDCW;INF761K01231;INF761K01223;11.71;11.59;11.71;28-Dec-2015
112361;BANK OF INDIA Manufacturing & Infrastructure Fund-Regular IDCW;INF761K01215;INF761K01207;12.02;11.90;12.02;28-Dec-2015

Baroda BNP Paribas Mutual Fund
119333;Baroda BNP Paribas Banking and Financial Services Fund - Direct - Growth Option;INF955L01971;;14.89;14.74;14.89;28-Dec-2015
119334;Baroda BNP Paribas Banking and Financial Services Fund - Direct - IDCW Option;INF955L01955;;13.86;13.72;13.86;28-Dec-2015
125114;Baroda BNP Paribas Banking And Financial Services Fund - Plan A - Bonus Option;INF955L01DD1;;14.50;14.36;14.50;28-Dec-2015
117549;Baroda BNP Paribas Banking and Financial Services Fund - Regular - Growth Option;INF955L01856;;14.50;14.36;14.50;28-Dec-2015
117547;Baroda BNP Paribas Banking and Financial Services Fund - Regular - IDCW Option;INF955L01831;;13.49;13.36;13.49;28-Dec-2015

Canara Robeco Mutual Fund
118273;CANARA ROBECO CONSUMER TRENDS FUND - DIRECT PLAN - GROWTH OPTION;INF760K01DU1;;25.7600;25.7600;25.7600;28-Dec-2015
118274;CANARA ROBECO CONSUMER TRENDS FUND - DIRECT PLAN - IDCW (Payout/Reinvestment);INF760K01DS5;INF760K01DT3;23.9600;23.9600;23.9600;28-Dec-2015
112150;Canara Robeco Consumer Trends Fund - Institutional Plan - Growth Option;INF760K01217;;25.2200;25.2200;25.2200;28-Dec-2015
112152;CANARA ROBECO CONSUMER TRENDS FUND - REGULAR PLAN - GROWTH OPTION;INF760K01241;;25.2000;25.2000;25.2000;28-Dec-2015
112153;CANARA ROBECO CONSUMER TRENDS FUND - REGULAR PLAN - IDCW (Payout/Reinvestment);INF760K01225;INF760K01233;19.6300;19.6300;19.6300;28-Dec-2015
118267;CANARA ROBECO INFRASTRUCTURE FUND - DIRECT PLAN - GROWTH OPTION;INF760K01FO9;;38.3700;38.3700;38.3700;28-Dec-2015
118268;CANARA ROBECO INFRASTRUCTURE FUND - DIRECT PLAN - IDCW (Payout/Reinvestment);INF760K01FM3;INF760K01FN1;27.6300;27.6300;27.6300;28-Dec-2015
103390;CANARA ROBECO INFRASTRUCTURE FUND - REGULAR PLAN - GROWTH OPTION;INF760K01274;;37.7100;37.7100;37.7100;28-Dec-2015
103389;CANARA ROBECO INFRASTRUCTURE FUND - REGULAR PLAN - IDCW (Payout/Reinvestment);INF760K01258;INF760K01266;24.9700;24.9700;24.9700;28-Dec-2015

DSP Mutual Fund
119247;DSP India T.I.G.E.R. Fund - Direct Plan - Growth;INF740K01PU7;;69.182;68.490;69.182;28-Dec-2015
119248;DSP India T.I.G.E.R. Fund - Direct Plan - IDCW;INF740K01PV5;INF740K01PW3;24.895;24.646;24.895;28-Dec-2015
102434;DSP India T.I.G.E.R. Fund - Regular Plan - Growth;INF740K01151;;68.162;67.480;68.162;28-Dec-2015
102435;DSP India T.I.G.E.R. Fund - Regular Plan - IDCW;INF740K01136;INF740K01144;18.209;18.027;18.209;28-Dec-2015
119028;DSP Natural Resources and New Energy Fund - Direct Plan - Growth;INF740K01QA7;;18.224;18.042;18.224;28-Dec-2015
119029;DSP Natural Resources and New Energy Fund - Direct Plan - IDCW;INF740K01QB5;INF740K01QC3;13.341;13.208;13.341;28-Dec-2015
108202;DSP Natural Resources And New Energy Fund - Regular - Growth;INF740K01060;;17.957;17.777;17.957;28-Dec-2015
108203;DSP Natural Resources And New Energy Fund - Regular Plan - IDCW;INF740K01045;INF740K01052;13.156;13.024;13.156;28-Dec-2015

Franklin Templeton Mutual Fund
118559;Franklin Asian Equity Fund - Direct - Growth;INF090I01IZ5;;15.6398;15.4834;15.6398;28-Dec-2015
118558;Franklin Asian Equity Fund - Direct - IDCW ;INF090I01IX0;INF090I01IY8;11.8826;11.7638;11.8826;28-Dec-2015
106979;Franklin Asian Equity Fund - Growth Plan;INF090I01AB3;;15.3666;15.2129;15.3666;28-Dec-2015
106978;Franklin Asian Equity Fund - IDCW ;INF090I01999;INF090I01AA5;11.6582;11.5416;11.6582;28-Dec-2015
118557;Franklin Build India Fund - Direct - Growth;INF090I01JF5;;29.2644;28.9718;29.2644;28-Dec-2015
118556;Franklin Build India Fund - Direct - IDCW ;INF090I01JD0;INF090I01JE8;21.9704;21.7507;21.9704;28-Dec-2015
112093;Franklin Build India Fund - IDCW ;INF090I01AC1;INF090I01AD9;21.2626;21.05;21.2626;28-Dec-2015
112092;Franklin Build India Fund Growth Plan;INF090I01AE7;;28.3774;28.0936;28.3774;28-Dec-2015
118539;Franklin India Opportunities Fund - Direct - Growth;INF090I01GC8;;55.7861;55.2282;55.7861;28-Dec-2015
118538;Franklin INDIA OPPORTUNITIES FUND - Direct - IDCW ;INF090I01GD6;INF090I01GE4;18.5449;18.3595;18.5449;28-Dec-2015
103151;Franklin India Opportunities Fund - Growth;INF090I01841;;54.9654;54.4157;54.9654;28-Dec-2015
100524;Franklin INDIA OPPORTUNITIES FUND - IDCW ;INF090I01858;INF090I01866;18.2422;18.0598;18.2422;28-Dec-2015
118537;Franklin India Technology Fund - Direct - Growth;INF090I01FE6;;116.0829;114.9221;116.0829;28-Dec-2015
118536;Franklin India Technology Fund - Direct - IDCW ;INF090I01FF3;INF090I01FG1;24.1346;23.8933;24.1346;28-Dec-2015
100521;Franklin India Technology Fund - IDCW ;INF090I01759;INF090I01767;23.7336;23.4963;23.7336;28-Dec-2015
100522;Franklin India Technology Fund-Growth;INF090I01742;;114.2862;113.1433;114.2862;28-Dec-2015

HDFC Mutual Fund
118979;HDFC Infrastructure Fund - Growth Option - Direct Plan;INF179K01WQ2;;16.458;16.293;16.458;28-Dec-2015
107524;HDFC Infrastructure Fund - Growth Plan;INF179K01GF8;;16.058;15.897;16.058;28-Dec-2015
118978;HDFC Infrastructure Fund - IDCW Option - Direct Plan;INF179K01WP4;INF179K01WR0;16.458;16.293;16.458;28-Dec-2015
107525;HDFC Infrastructure Fund - IDCW Plan;INF179K01GE1;INF179K01GG6;14.686;14.539;14.686;28-Dec-2015

ICICI Prudential Mutual Fund
109445;ICICI Prudential Banking and Financial Services Fund -  Growth;INF109K01BU5;;34.80;34.45;34.80;28-Dec-2015
109446;ICICI Prudential Banking and Financial Services Fund -  IDCW;INF109K01DY3;INF109K01BV3;26.49;26.23;26.49;28-Dec-2015
120244;ICICI Prudential Banking and Financial Services Fund - Direct Plan -  Growth;INF109K013J1;;35.70;35.34;35.70;28-Dec-2015
120245;ICICI Prudential Banking and Financial Services Fund - Direct Plan -  IDCW;INF109K011J5;INF109K012J3;34.09;33.75;34.09;28-Dec-2015
120688;ICICI Prudential Exports & Services Fund - Direct Plan - Growth;INF109K01W25;;48.65;47.43;48.65;28-Dec-2015
120687;ICICI Prudential Exports & Services Fund - Direct Plan - IDCW;INF109K01W09;INF109K01W17;36.61;35.69;36.61;28-Dec-2015
103312;ICICI Prudential Exports & Services Fund - Growth;INF109K01BB5;;47.77;46.58;47.77;28-Dec-2015
103313;ICICI Prudential Exports & Services Fund - IDCW;INF109K01FL5;INF109K01BA7;27.80;27.11;27.80;28-Dec-2015
120587;ICICI Prudential FMCG Fund - Direct Plan -  Growth;INF109K01Z14;;163.48;161.85;163.48;28-Dec-2015
120588;ICICI Prudential FMCG Fund - Direct Plan -  IDCW;INF109K01Y98;INF109K01Z06;81.41;80.60;81.41;28-Dec-2015
100352;ICICI Prudential FMCG Fund - Growth;INF109K01415;;160.43;158.83;160.43;28-Dec-2015
100351;ICICI Prudential FMCG Fund - IDCW;INF109K01EO2;INF109K01423;68.03;67.35;68.03;28-Dec-2015
120621;ICICI Prudential Infrastructure Fund - Direct Plan -  Growth;INF109K018M4;;40.55;40.14;40.55;28-Dec-2015
120622;ICICI Prudential Infrastructure Fund - Direct Plan -  IDCW;INF109K016M8;INF109K017M6;14.19;14.05;14.19;28-Dec-2015
103149;ICICI Prudential Infrastructure Fund - Growth;INF109K01AV5;;39.80;39.40;39.80;28-Dec-2015
103150;ICICI Prudential Infrastructure Fund - IDCW;INF109K01FB6;INF109K01AT9;13.34;13.21;13.34;28-Dec-2015
120594;ICICI Prudential Technology Fund - Direct Plan -  Growth;INF109K01Z48;;42.57;42.14;42.57;28-Dec-2015
120595;ICICI Prudential Technology Fund - Direct Plan -  IDCW;INF109K01Z22;INF109K01Z30;42.55;42.12;42.55;28-Dec-2015
100363;ICICI Prudential Technology Fund - Growth;INF109K01506;;41.63;41.21;41.63;28-Dec-2015
115294;ICICI Prudential Technology Fund - IDCW;INF109K01FO9;INF109K01514;32.38;32.06;32.38;28-Dec-2015
120186;ICICI Prudential US Bluechip Equity Fund - Direct Plan -  Growth;INF109K01Z71;;18.26;17.71;18.26;28-Dec-2015
120185;ICICI Prudential US Bluechip Equity Fund - Direct Plan -  IDCW;INF109K01Z55;INF109K01Z63;18.26;17.71;18.26;28-Dec-2015
117620;ICICI Prudential US Bluechip Equity Fund - Growth;INF109K01E35;;17.82;17.29;17.82;28-Dec-2015
117619;ICICI Prudential US Bluechip Equity Fund - IDCW;INF109K01E43;INF109K01E50;17.82;17.29;17.82;28-Dec-2015

Invesco Mutual Fund
120385;Invesco India Financial Services Fund - Direct Plan - Growth;INF205K01KY4;;33.87;33.53;33.87;28-Dec-2015
120384;Invesco India Financial Services Fund - Direct Plan - IDCW (Payout / Reinvestment);INF205K01KW8;INF205K01KX6;19.38;19.19;19.38;28-Dec-2015
108377;Invesco India Financial Services Fund - Regular Plan -  IDCW (Payout / Reinvestment);INF205K01171;INF205K01163;18.52;18.33;18.52;28-Dec-2015
108378;Invesco India Financial Services Fund - Retail Growth;INF205K01155;;32.56;32.23;32.56;28-Dec-2015
120405;Invesco India Infrastructure Fund - Direct Plan - Growth Option;INF205K01MD4;;13.62;13.48;13.62;28-Dec-2015
120404;Invesco India Infrastructure Fund - Direct Plan - IDCW (Payout / Reinvestment);INF205K01MB8;INF205K01MC6;13.61;13.47;13.61;28-Dec-2015
106654;Invesco India Infrastructure Fund - Growth Option;INF205K01CD5;;13.10;12.97;13.10;28-Dec-2015
106653;Invesco India Infrastructure Fund - IDCW (Payout / Reinvestment);INF205K01CE3;INF205K01CF0;13.10;12.97;13.10;28-Dec-2015
120395;Invesco India PSU Equity Fund - Direct Plan - Growth;INF205K01NG5;;14.25;14.11;14.25;28-Dec-2015
120394;Invesco India PSU Equity Fund - Direct Plan - IDCW (Payout / Reinvestment);INF205K01NE0;INF205K01NF7;12.84;12.71;12.84;28-Dec-2015
112171;Invesco India PSU Equity Fund - Growth;INF205K01338;;13.76;13.62;13.76;28-Dec-2015
112173;Invesco India PSU Equity Fund - IDCW (Payout / Reinvestment);INF205K01353;INF205K01346;12.42;12.30;12.42;28-Dec-2015

Kotak Mahindra Mutual Fund
133796;Kotak Infrastructure & Economic Reform Fund - Standard Plan-Growth;INF178L01095;;14.889;14.74;14.889;28-Dec-2015
133799;Kotak Infrastructure & Economic Reform Fund - Standard Plan-Payout of Income Distribution cum capital withdrawal option;INF178L01079;INF178L01087;14.4;14.256;14.4;28-Dec-2015
133801;Kotak Infrastructure & Economic Reform Fund- Direct Plan- Growth Option;INF178L01AL9;;15.328;15.175;15.328;28-Dec-2015
133800;Kotak Infrastructure & Economic Reform Fund- Direct Plan- Payout of Income Distribution cum capital withdrawal option;INF178L01AK1;INF178L01AJ3;15.322;15.169;15.322;28-Dec-2015

L&T Mutual Fund
130825;L&T Business Cycles Fund - Direct Plan - Growth;INF917K01RI2;;11.986;11.866;11.986;28-Dec-2015
130828;L&T Business Cycles Fund - Direct Plan - IDCW;INF917K01RK8;INF917K01RJ0;11.986;11.866;11.986;28-Dec-2015
130827;L&T Business Cycles Fund - Regular Plan - Growth;INF917K01RF8;;11.875;11.756;11.875;28-Dec-2015
130826;L&T Business Cycles Fund - Regular Plan - IDCW;INF917K01RH4;INF917K01RG6;11.875;11.756;11.875;28-Dec-2015
112600;L&T Infrastructure Fund - Regular Plan - Growth;INF917K01536;;10.84;10.73;10.84;28-Dec-2015
112601;L&T Infrastructure Fund - Regular Plan - IDCW;INF917K01544;INF917K01551;10.84;10.73;10.84;28-Dec-2015
119413;L&T Infrastructure Fund -Direct Plan-Growth;INF917K01FW8;;11.05;10.94;11.05;28-Dec-2015
119412;L&T Infrastructure Fund-Direct Plan-IDCW;INF917K01E52;INF917K01FU2;11.05;10.94;11.05;28-Dec-2015

LIC Mutual Fund
134017;LIC MF Banking and Financial Services Fund-Direct Plan-Growth;INF767K01NK6;;8.5999;8.4279;8.5999;28-Dec-2015
133908;LIC MF Banking and Financial Services Fund-Direct Plan-IDCW;INF767K01NJ8;INF767K01NL4;8.5965;8.4246;8.5965;28-Dec-2015
134016;LIC MF Banking and Financial Services Fund-Regular Plan-Growth;INF767K01NH2;;8.5777;8.4061;8.5777;28-Dec-2015
134015;LIC MF Banking and Financial Services Fund-Regular Plan-IDCW;INF767K01NG4;INF767K01NI0;8.5778;8.4062;8.5778;28-Dec-2015
120351;LIC MF Infrastructure Fund-Direct Plan-Growth;INF767K01GW5;;11.5439;11.4285;11.5439;28-Dec-2015
120350;LIC MF Infrastructure Fund-Direct Plan-IDCW;INF767K01GV7;INF767K01GX3;11.5087;11.3936;11.5087;28-Dec-2015
107763;LIC MF Infrastructure Fund-Regular Plan-Growth;INF767K01501;;11.2908;11.1779;11.2908;28-Dec-2015
107764;LIC MF Infrastructure Fund-Regular Plan-IDCW;INF767K01485;INF767K01493;11.2907;11.1778;11.2907;28-Dec-2015

Mirae Asset Mutual Fund
118837;Mirae Asset Great Consumer Fund - Direct Plan - Growth;INF769K01BL5;;22.594;22.142;22.594;28-Dec-2015
114931;Mirae Asset Great Consumer Fund - Regular Plan - Growth option;INF769K01135;;21.806;21.370;21.806;28-Dec-2015
118838;Mirae Asset Great Consumer Fund Direct IDCW;INF769K01BM3;INF769K01BN1;22.533;22.082;22.533;28-Dec-2015
114930;Mirae Asset Great Consumer Fund Regular IDCW;INF769K01150;INF769K01143;15.925;15.607;15.925;28-Dec-2015

Nippon India Mutual Fund
118588;Nippon India Banking & Financial Services Fund - Direct Plan Growth Plan - Bonus Option;INF204K01D22;;169.1585;167.4669;169.1585;28-Dec-2015
118589;Nippon India Banking & Financial Services Fund - Direct Plan Growth Plan - Growth Option;INF204K01XO1;;169.1585;167.4669;169.1585;28-Dec-2015
101864;Nippon India Banking & Financial Services Fund - IDCW Option;INF204K01893;INF204K01901;45.5421;45.0867;45.5421;28-Dec-2015
118591;Nippon India Banking & Financial Services Fund- DIRECT Plan - IDCW Option;INF204K01XM5;INF204K01XN3;52.6130;52.0869;52.6130;28-Dec-2015
101863;Nippon India Banking & Financial Services Fund-Growth Plan-Bonus Option;INF204K01919;;166.6592;164.9926;166.6592;28-Dec-2015
101862;Nippon India Banking & Financial Services Fund-Growth Plan-Growth Option;INF204K01927;;166.6592;164.9926;166.6592;28-Dec-2015
118725;NIPPON INDIA CONSUMPTION FUND - DIRECT Plan - IDCW Option;INF204K01G37;INF204K01G45;29.0604;28.7698;29.0604;28-Dec-2015
118722;Nippon India Consumption Fund - Direct Plan Growth Plan - Bonus;INF204K01G29;;59.7006;59.1036;59.7006;28-Dec-2015
118724;Nippon India Consumption Fund - Direct Plan Growth Plan - Growth Option;INF204K01G52;;59.7006;59.1036;59.7006;28-Dec-2015
102753;NIPPON INDIA CONSUMPTION FUND - IDCW Option;INF204K01AN1;INF204K01AO9;24.7564;24.5088;24.7564;28-Dec-2015
102752;Nippon India Consumption Fund-Growth Plan-Bonus Option;INF204K01AP6;;58.3960;57.8120;58.3960;28-Dec-2015
102751;Nippon India Consumption Fund-Growth Plan-Growth Option;INF204K01AQ4;;58.3960;57.8120;58.3960;28-Dec-2015
130864;NIPPON INDIA - JAPAN EQUITY FUND - DIRECT Plan - IDCW Option;INF204KA1SM3;;10.8812;10.7724;10.8812;28-Dec-2015
130859;NIPPON INDIA - JAPAN EQUITY FUND - IDCW Option;INF204KA1SL5;;10.7836;10.6758;10.7836;28-Dec-2015
130861;Nippon India Japan Equity Fund- Direct Plan- Growth Plan- Bonus Option;INF204KA1SK7;;10.8812;10.7724;10.8812;28-Dec-2015
130860;Nippon India Japan Equity Fund- Direct Plan- Growth Plan- Growth Option;INF204KA1SI1;;10.8812;10.7724;10.8812;28-Dec-2015
130858;Nippon India Japan Equity Fund- Growth Plan- Bonus Option;INF204KA1SJ9;;10.7836;10.6758;10.7836;28-Dec-2015
130863;Nippon India Japan Equity Fund- Growth Plan- Growth Option;INF204KA1SH3;;10.7836;10.6758;10.7836;28-Dec-2015
118756;NIPPON INDIA PHARMA FUND - DIRECT Plan - IDCW Option;INF204K01I35;INF204K01I43;88.1483;87.2668;88.1483;28-Dec-2015
118758;Nippon India Pharma Fund - Direct Plan Growth Plan - Bonus Option;INF204K01I27;;154.1178;152.5766;154.1178;28-Dec-2015
118759;Nippon India Pharma Fund - Direct Plan Growth Plan - Growth Option;INF204K01I50;;154.1178;152.5766;154.1178;28-Dec-2015
102433;NIPPON INDIA PHARMA FUND - IDCW Option;INF204K01935;INF204K01943;78.2183;77.4361;78.2183;28-Dec-2015
102432;Nippon India Pharma Fund-Growth Plan-Bonus Option;INF204K01950;;150.7001;149.1931;150.7001;28-Dec-2015
102431;Nippon India Pharma Fund-Growth Plan-Growth Option;INF204K01968;;150.7001;149.1931;150.7001;28-Dec-2015
118760;NIPPON INDIA POWER & INFRA FUND - DIRECT Plan - IDCW Option;INF204K01I76;INF204K01I84;32.8082;32.4801;32.8082;28-Dec-2015
118762;Nippon India Power & Infra Fund - Direct Plan Growth Plan - Bonus Option;INF204K01I68;;77.0011;76.2311;77.0011;28-Dec-2015
118763;Nippon India Power & Infra Fund - Direct Plan Growth Plan - Growth Option;INF204K01I92;;77.0011;76.2311;77.0011;28-Dec-2015
101264;NIPPON INDIA POWER & INFRA FUND - IDCW Option;INF204K01AB6;INF204K01AC4;32.1195;31.7983;32.1195;28-Dec-2015
101262;Nippon India Power & Infra Fund-Growth Plan -Growth Option;INF204K01AE0;;75.7533;74.9958;75.7533;28-Dec-2015
101263;Nippon India Power & Infra Fund-Growth Plan-Bonus Option;INF204K01AD2;;75.7533;74.9958;75.7533;28-Dec-2015
118767;NIPPON INDIA QUANT FUND - DIRECT Plan - IDCW Option;INF204K01J18;INF204K01J26;11.1137;11.0859;11.1137;28-Dec-2015
118770;Nippon India Quant Fund - Direct Plan Growth Plan - Bonus Option;INF204K01J00;;19.3212;19.2729;19.3212;28-Dec-2015
118769;Nippon India Quant Fund - Direct Plan Growth Plan - Growth Option;INF204K01J34;;19.3212;19.2729;19.3212;28-Dec-2015
108252;NIPPON INDIA QUANT FUND - IDCW Option;INF204K01745;INF204K01752;9.9406;9.9157;9.9406;28-Dec-2015
108249;Nippon India Quant Fund -Growth Plan - Growth Option;INF204K01760;;18.6386;18.5920;18.6386;28-Dec-2015
108258;Nippon India Quant Fund -Growth Plan -Bonus Option;INF204K01737;;18.6386;18.5920;18.6386;28-Dec-2015
134925;NIPPON INDIA - US EQUITY OPPORTUNITIES FUND - Direct Plan - IDCW Option;INF204KA16G3;INF204KA17G1;9.7859;9.6880;9.7859;28-Dec-2015
134924;NIPPON INDIA - US EQUITY OPPORTUNITIES FUND - IDCW Option;INF204KA13G0;INF204KA14G8;9.7412;9.6438;9.7412;28-Dec-2015
134923;Nippon India US Equity Opportunities Fund- Direct Plan- Growth Plan- Growth Option;INF204KA15G5;;9.7859;9.6880;9.7859;28-Dec-2015
134922;Nippon India US Equity Opportunities Fund- Growth Plan- Growth Option;INF204KA12G2;;9.7412;9.6438;9.7412;28-Dec-2015

quant Mutual Fund
106170;quant Infrastructure Fund - Growth Option;INF966L01523;;6.8100;6.7419;6.8100;28-Dec-2015
120833;quant Infrastructure Fund - Growth Option-Direct Plan;INF966L01721;;6.8230;6.7548;6.8230;28-Dec-2015
120832;quant Infrastructure Fund - IDCW Option - Direct Plan;INF966L01705;INF966L01713;6.8365;6.7681;6.8365;28-Dec-2015
106169;quant Infrastructure Fund - IDCW Option - Regular Plan;INF966L01507;INF966L01515;6.7873;6.7194;6.7873;28-Dec-2015

SBI Mutual Fund
133859;SBI BANKING & FINANCIAL SERVICES FUND - DIRECT PLAN - GROWTH;INF200KA1507;;9.262;9.1694;9.262;28-Dec-2015
133857;SBI Banking & Financial Services Fund - Direct Plan - Income Distribution cum Capital Withdrawal Option (IDCW);INF200KA1515;INF200KA1523;9.2592;9.1666;9.2592;28-Dec-2015
133858;SBI BANKING & FINANCIAL SERVICES FUND - REGULAR PLAN - GROWTH;INF200KA1473;;9.2289;9.1366;9.2289;28-Dec-2015
133860;SBI Banking & Financial Services Fund - Regular Plan - Income Distribution cum Capital Withdrawal Option (IDCW);INF200KA1481;INF200KA1499;9.2293;9.137;9.2293;28-Dec-2015
120575;SBI CONSUMPTION OPPORTUNITIES FUND - DIRECT PLAN - GROWTH;INF200K01RM5;;77.4858;77.4858;77.4858;28-Dec-2015
119730;SBI Consumption Opportunities Fund - Direct Plan - Income Distribution cum Capital Withdrawal Option (IDCW);INF200K01RK9;INF200K01RL7;64.4409;64.4409;64.4409;28-Dec-2015
120576;SBI CONSUMPTION OPPORTUNITIES FUND - REGULAR - GROWTH;INF200K01VR6;;75.1801;75.1801;75.1801;28-Dec-2015
100645;SBI Consumption Opportunities Fund - Regular Plan - Income Distribution cum Capital Withdrawal Option (IDCW);INF200K01404;INF200K01412;53.4906;53.4906;53.4906;28-Dec-2015
119708;SBI ESG Exclusionary Strategy Fund - Direct Plan - Income Distribution cum Capital Withdrawal Option (IDCW);INF200K01SC4;INF200K01SD2;37.1966;36.8246;37.1966;28-Dec-2015
119709;SBI ESG Exclusionary Strategy Fund - Direct Plan -Growth;INF200K01SE0;;75.3042;74.5512;75.3042;28-Dec-2015
104523;SBI ESG Exclusionary Strategy Fund - Regular Plan - Growth;INF200K01214;;73.8607;73.1221;73.8607;28-Dec-2015
101295;SBI ESG Exclusionary Strategy Fund - Regular Plan - Income Distribution cum Capital Withdrawal Option (IDCW);INF200K01198;INF200K01206;31.9663;31.6466;31.9663;28-Dec-2015
119782;SBI Healthcare Opportunities Fund - Direct Plan - Income Distribution cum Capital Withdrawal Option (IDCW);INF200K01UN7;INF200K01UO5;128.4969;128.4969;128.4969;28-Dec-2015
119783;SBI HEALTHCARE OPPORTUNITIES FUND - DIRECT PLAN -GROWTH;INF200K01UP2;;156.0175;156.0175;156.0175;28-Dec-2015
100644;SBI Healthcare Opportunities Fund - Regular Plan - Income Distribution cum Capital Withdrawal Option (IDCW);INF200K01453;INF200K01461;113.1803;113.1803;113.1803;28-Dec-2015
102823;SBI HEALTHCARE OPPORTUNITIES FUND - REGULAR PLAN -GROWTH;INF200K01446;;151.5471;151.5471;151.5471;28-Dec-2015
119700;SBI INFRASTRUCTURE FUND -  DIRECT PLAN - GROWTH;INF200K01RS2;;11.3295;11.2162;11.3295;28-Dec-2015
106096;SBI INFRASTRUCTURE FUND -  REGULAR PLAN - GROWTH;INF200K01CT2;;11.1543;11.0428;11.1543;28-Dec-2015
119695;SBI Infrastructure Fund - Direct Plan - Income Distribution cum Capital Withdrawal Option (IDCW);INF200K01RQ6;INF200K01RR4;11.319;11.2058;11.319;28-Dec-2015
106095;SBI Infrastructure Fund - Regular Plan - Income Distribution cum Capital Withdrawal Option (IDCW);INF200K01CU0;INF200K01CV8;11.1552;11.0436;11.1552;28-Dec-2015
119705;SBI Magnum COMMA Fund - DIRECT PLAN - Growth;INF200K01SB6;;23.199;22.967;23.199;28-Dec-2015
119613;SBI Magnum Comma Fund - Direct Plan - Income Distribution cum Capital Withdrawal Option (IDCW);INF200K01RZ7;INF200K01SA8;15.6858;15.5289;15.6858;28-Dec-2015
103145;SBI Magnum COMMA Fund - REGULAR PLAN - Growth;INF200K01339;;22.8025;22.5745;22.8025;28-Dec-2015
103146;SBI Magnum Comma Fund - Regular Plan - Income Distribution cum Capital Withdrawal Option (IDCW);INF200K01313;INF200K01321;15.3999;15.2459;15.3999;28-Dec-2015
119710;SBI Magnum Global Fund - Direct Plan - Income Distribution cum Capital Withdrawal Option (IDCW);INF200K01SL5;INF200K01SM3;58.7283;58.141;58.7283;28-Dec-2015
119711;SBI MAGNUM GLOBAL FUND - DIRECT PLAN -GROWTH;INF200K01SN1;;135.485;134.1302;135.485;28-Dec-2015
103114;SBI Magnum Global Fund - Regular Plan - Income Distribution cum Capital Withdrawal Option (IDCW);INF200K01255;INF200K01263;49.2083;48.7162;49.2083;28-Dec-2015
103034;SBI MAGNUM GLOBAL FUND - REGULAR PLAN -GROWTH;INF200K01271;;132.5789;131.2531;132.5789;28-Dec-2015
119732;SBI PSU Fund - DIRECT PLAN - GROWTH;INF200K01UY4;;9.1755;9.0837;9.1755;28-Dec-2015
119733;SBI PSU Fund - Direct Plan - Income Distribution cum Capital Withdrawal Option (IDCW);INF200K01UW8;INF200K01UX6;9.1675;9.0758;9.1675;28-Dec-2015
112923;SBI PSU Fund - Regular Plan - Income Distribution cum Capital Withdrawal Option (IDCW);INF200K01BD8;INF200K01BE6;9.0427;8.9523;9.0427;28-Dec-2015
113099;SBI PSU Fund - REGULAR PLAN -Growth;INF200K01BC0;;9.044;8.9536;9.044;28-Dec-2015
120578;SBI TECHNOLOGY OPPORTUNITIES FUND - DIRECT PLAN - GROWTH;INF200K01RV6;;48.2926;48.2926;48.2926;28-Dec-2015
119731;SBI Technology Opportunities Fund - Direct Plan - Income Distribution cum Capital Withdrawal Option (IDCW);INF200K01RT0;INF200K01RU8;40.2864;40.2864;40.2864;28-Dec-2015
120577;SBI TECHNOLOGY OPPORTUNITIES FUND - REGULAR PLAN - GROWTH;INF200K01VS4;;46.7806;46.7806;46.7806;28-Dec-2015
100643;SBI Technology Opportunities Fund - Regular Plan - Income Distribution cum Capital Withdrawal Option (IDCW);INF200K01420;INF200K01438;33.0367;33.0367;33.0367;28-Dec-2015

Sundaram Mutual Fund
112295;Sundaram PSU Opportunities Dividend Option;INF903J01892;INF903J01900;10.2586;10.2586;10.2586;28-Dec-2015
112294;Sundaram PSU Opportunities Growth Option;INF903J01884;;11.2661;11.2661;11.2661;28-Dec-2015
119587;Sundaram Select Thematic Funds PSU Opportunities - Direct Plan - Dividend Option;INF903J01NC6;INF903J01ND4;10.4162;10.4162;10.4162;28-Dec-2015
119586;Sundaram Select Thematic Funds PSU Opportunities -Direct Plan - Growth Option;INF903J01NE2;;11.4318;11.4318;11.4318;28-Dec-2015
119595;Sundaram Consumption Fund (Formerly Known as Sundaram Rural and Consumption Fund Direct Plan - Growth);INF903J01NH5;;26.8739;26.6052;26.8739;28-Dec-2015
113373;Sundaram Consumption Fund (Formerly Known as Sundaram Rural and Consumption Fund Institutional Plan - Income Distribution cum Capital Withdrawal (IDCW);INF903J01579;INF903J01587;26.2850;26.0222;26.2850;28-Dec-2015
103743;Sundaram Consumption Fund (Formerly Known as Sundaram Rural and Consumption Fund Regular Plan - Income Distribution cum Capital Withdrawal (IDCW);INF903J01546;INF903J01553;17.7296;17.5523;17.7296;28-Dec-2015
119594;Sundaram Consumption Fund (Formerly Known asSundaram Rural and Consumption Fund Direct Plan - Income Distribution cum Capital Withdrawal (IDCW);INF903J01NF9;INF903J01NG7;17.9745;17.7948;17.9745;28-Dec-2015
102142;Sundaram Consumption Fund(Formerly Known as Sundaram Rural and Consumption Fund Regular Plan - Growth);INF903J01561;;26.5239;26.2587;26.5239;28-Dec-2015
119597;Sundaram Financial Services Opportunities Fund Direct Plan - Growth;INF903J01NB8;;26.8508;26.5823;26.8508;28-Dec-2015
119596;Sundaram Financial Services Opportunities Fund Direct Plan - Income Distribution cum Capital Withdrawal (IDCW);INF903J01MZ9;INF903J01NA0;15.3117;15.1586;15.3117;28-Dec-2015
109061;Sundaram Financial Services Opportunities Fund Institutional Plan - Growth;INF903J01652;;27.6385;27.3621;27.6385;28-Dec-2015
109060;Sundaram Financial Services Opportunities Fund Institutional Plan - Income Distribution cum Capital Withdrawal (IDCW);INF903J01637;INF903J01645;15.5497;15.3942;15.5497;28-Dec-2015
109059;Sundaram Financial Services Opportunities Fund Regular Plan - Growth;INF903J01629;;26.5088;26.2437;26.5088;28-Dec-2015
109058;Sundaram Financial Services Opportunities Fund Regular Plan - Income Distribution cum Capital Withdrawal (IDCW);INF903J01603;INF903J01611;15.0550;14.9045;15.0550;28-Dec-2015
129212;Sundaram Infrastructure Advantage Fund Direct Plan - Growth;INF903J01F92;;25.7659;25.5082;25.7659;28-Dec-2015
129211;Sundaram Infrastructure Advantage Fund Direct Plan - Income Distribution cum Capital Withdrawal (IDCW);INF903J01G00;INF903J01G18;25.7595;25.5019;25.7595;28-Dec-2015
129213;Sundaram Infrastructure Advantage Fund Regular Plan - Growth;INF903J01F68;;25.4087;25.1546;25.4087;28-Dec-2015
129210;Sundaram Infrastructure Advantage Fund Regular Plan - Income Distribution cum Capital Withdrawal (IDCW);INF903J01F76;INF903J01F84;25.4094;25.1553;25.4094;28-Dec-2015

Tata Mutual Fund
119172;Tata Ethical Fund -Direct Plan- Growth Option;INF277K01NG4;;132.2788;130.9560;132.2788;28-Dec-2015
119171;Tata Ethical Fund- Direct Plan - Payout of IDCW Option;INF277K01NE9;INF277K01NF6;79.5237;78.7285;79.5237;28-Dec-2015
101833;Tata Ethical Fund- Regular Plan - Payout of IDCW Option;INF277K01EH1;INF277K01949;67.0839;66.4131;67.0839;28-Dec-2015
100415;Tata Ethical Fund-Regular Plan - Growth Option;INF277K01956;;128.9314;127.6421;128.9314;28-Dec-2015
119243;Tata Infrastructure Fund -Direct Plan -Growth Option;INF277K01PQ8;;42.7610;42.3334;42.7610;28-Dec-2015
101852;TATA Infrastructure Fund Regular Plan - Payout of IDCW Option;INF277K01DY8;INF277K01774;25.6446;25.3882;25.6446;28-Dec-2015
119244;Tata Infrastructure Fund- Direct Plan - Payout of IDCW Option;INF277K01PO3;INF277K01PP0;28.1503;27.8688;28.1503;28-Dec-2015
101766;Tata Infrastructure Fund-Regular Plan- Growth Option;INF277K01782;;42.1552;41.7336;42.1552;28-Dec-2015

Taurus Mutual Fund
118868;Taurus Banking & Financial Services Fund - Direct Plan - Growth;INF044D01CN2;;16.09;15.93;16.09;28-Dec-2015
118869;Taurus Banking & Financial Services Fund - Direct Plan - Payout of Income Distribution cum Capital Withdrawal option;INF044D01CO0;INF044D01CP7;16.04;15.88;16.04;28-Dec-2015
117312;Taurus Banking & Financial Services Fund - Regular Plan - Growth;INF044D01BI4;;15.67;15.51;15.67;28-Dec-2015
117313;Taurus Banking & Financial Services Fund - Regular Plan - Payout of Income Distribution cum Capital Withdrawal option;INF044D01BJ2;INF044D01BK0;14.02;13.88;14.02;28-Dec-2015
111903;Taurus Ethical Fund -  Regular Plan - Bonus Option;INF044D01823;;39.18;38.79;39.18;28-Dec-2015
118876;Taurus Ethical Fund - Direct Plan - Growth;INF044D01CJ0;;39.97;39.57;39.97;28-Dec-2015
118877;Taurus Ethical Fund - Direct Plan - Payout of Income Distribution cum Capital Withdrawal option;INF044D01CK8;INF044D01CL6;26.87;26.60;26.87;28-Dec-2015
111787;Taurus Ethical Fund - Regular Plan - Growth;INF044D01864;;39.18;38.79;39.18;28-Dec-2015
111788;Taurus Ethical Fund - Regular Plan - Payout of Income Distribution cum Capital Withdrawal option;INF044D01831;INF044D01849;26.47;26.21;26.47;28-Dec-2015
118878;Taurus Ethical Fund-Direct Plan-Bonus Option #;INF044D01CM4;;13.13;13.00;13.13;28-Dec-2015
118879;Taurus Infrastructure Fund - Direct Plan - Growth ;INF044D01CD3;;17.21;17.04;17.21;28-Dec-2015
118880;Taurus Infrastructure Fund - Direct Plan - Payout of Income Distribution cum Capital Withdrawal option;INF044D01CE1;INF044D01CF8;16.12;15.96;16.12;28-Dec-2015
105417;Taurus Infrastructure Fund - Regular Plan - Growth;INF044D01906;;16.88;16.71;16.88;28-Dec-2015
105418;Taurus Infrastructure Fund - Regular Plan - Payout of Income Distribution cum Capital Withdrawal option;INF044D01872;INF044D01880;15.87;15.71;15.87;28-Dec-2015

UTI Mutual Fund
120733;UTI Banking and Financial Services Fund - Direct Plan - Growth Option;INF789F01SN3;;63.1687;63.1687;63.17;28-Dec-2015
120732;UTI Banking and Financial Services Fund - Direct Plan - IDCW;INF789F01SL7;INF789F01SM5;26.8292;26.8292;26.83;28-Dec-2015
102401;UTI Banking and Financial Services Fund - Regular Plan - Growth Option;INF789F01372;;61.357;61.357;61.36;28-Dec-2015
102402;UTI Banking and Financial Services Fund - Regular Plan - IDCW;INF789F01356;INF789F01364;26.0007;26.0007;26;28-Dec-2015
100805;UTI Energy Fund-Growth Option;INF789F01497;;11.8439;11.8439;11.84;28-Dec-2015
120770;UTI Energy Fund-Growth Option-Direct;INF789F01SZ7;;11.9951;11.9951;12;28-Dec-2015
100804;UTI Energy Fund-Income Option;INF789F01471;INF789F01489;13.4353;13.4353;13.44;28-Dec-2015
120769;UTI Energy Fund-Income Option-Direct;INF789F01SX2;INF789F01SY0;13.602;13.602;13.6;28-Dec-2015
120782;UTI Healthcare Fund - Direct Plan - Growth Option;INF789F01TO9;;97.408;97.408;97.41;28-Dec-2015
120783;UTI Healthcare Fund - Direct Plan - IDCW;INF789F01TM3;INF789F01TN1;75.2884;75.2884;75.29;28-Dec-2015
100807;UTI Healthcare Fund - Regular Plan - Growth Option;INF789F01695;;95.0323;95.0323;95.03;28-Dec-2015
100806;UTI Healthcare Fund - Regular Plan - IDCW;INF789F01679;INF789F01687;73.4459;73.4459;73.45;28-Dec-2015
120780;UTI India Consumer Fund - Direct Plan - Growth Option;INF789F01VF3;;19.5787;19.5787;19.58;28-Dec-2015
120781;UTI India Consumer Fund - Direct Plan - IDCW;INF789F01VG1;INF789F01VH9;18.3568;18.3568;18.36;28-Dec-2015
106425;UTI India Consumer Fund - Regular Plan - Growth Option;INF789F01CE6;;19.2355;19.2355;19.24;28-Dec-2015
106426;UTI India Consumer Fund - Regular Plan - IDCW;INF789F01CF3;INF789F01CG1;18.0162;18.0162;18.02;28-Dec-2015
120729;UTI Infrastructure Fund - Direct Plan - IDCW;INF789F01TS0;INF789F01TT8;23.2633;23.2633;23.26;28-Dec-2015
102396;UTI Infrastructure Fund - Regular Plan - IDCW;INF789F01737;INF789F01745;22.9698;22.9698;22.97;28-Dec-2015
102395;UTI Infrastructure Fund-Growth Option;INF789F01752;;40.4102;40.4102;40.41;28-Dec-2015
120728;UTI Infrastructure Fund-Growth Option- Direct;INF789F01TU6;;40.9318;40.9318;40.93;28-Dec-2015
120682;UTI - MNC Fund - Growth Option - Direct;INF789F01UD0;;154.4312;154.4312;154.43;28-Dec-2015
100740;UTI - MNC Fund - Regular Plan - Growth Option;INF789F01844;;150.883;150.883;150.88;28-Dec-2015
120681;UTI MNC Fund - Direct Plan - IDCW;INF789F01UB4;INF789F01UC2;88.6415;88.6415;88.64;28-Dec-2015
100739;UTI MNC Fund - Regular Plan - IDCW;INF789F01828;INF789F01836;86.4964;86.4964;86.5;28-Dec-2015
120730;UTI Transportation and Logistics Fund - Direct Plan - IDCW;INF789F01SF9;INF789F01SG7;44.8498;44.8498;44.85;28-Dec-2015
102397;UTI Transportation and Logistics Fund - Regular Plan - IDCW;INF789F01273;INF789F01281;43.6798;43.6798;43.68;28-Dec-2015
102398;UTI-Transpotation and Logistics  Fund-Growth Option;INF789F01299;;87.2631;87.2631;87.26;28-Dec-2015
120731;UTI-Transpotation and Logistics  Fund-Growth Option- Direct;INF789F01SH5;;89.5565;89.5565;89.56;28-Dec-2015

Open Ended Schemes ( Equity Scheme - ELSS )


Aditya Birla Sun Life Mutual Fund
119544;Aditya Birla Sun Life ELSS Tax Saver Fund - Growth - Direct Plan;INF209K01UN8;;22.12;22.12;22.12;28-Dec-2015
107745;Aditya Birla Sun Life ELSS Tax Saver Fund - Growth Option;INF209K01108;;21.62;21.62;21.62;28-Dec-2015
119543;Aditya Birla Sun Life ELSS Tax Saver Fund-DIRECT - IDCW;INF209K01P23;INF209K01UM0;152.65;152.65;152.65;28-Dec-2015
103164;Aditya Birla Sun Life ELSS Tax Saver Fund-Regular - IDCW;INF209K01090;INF209K01CB1;135.52;135.52;135.52;28-Dec-2015
119661;Aditya Birla Sun Life Tax Plan - Direct Plan - Growth Option;INF209K01VV9;;28.03;28.03;28.03;28-Dec-2015
104331;Aditya Birla Sun Life Tax Plan - Regular Plan - Growth Option;INF209K01348;;27.28;27.28;27.28;28-Dec-2015
119660;Aditya Birla Sun Life Tax Plan -DIRECT - IDCW;INF209K01Q14;INF209K01VW7;92.25;92.25;92.25;28-Dec-2015
100067;Aditya Birla Sun Life Tax Plan -Regular - IDCW;INF209K01330;INF209K01CM8;75.79;75.79;75.79;28-Dec-2015

Axis Mutual Fund
120503;Axis ELSS Tax Saver Fund - Direct Plan - Growth Option;INF846K01EW2;;31.5230;31.5230;31.5230;28-Dec-2015
120502;Axis ELSS Tax Saver Fund - Direct Plan - IDCW;INF846K01EX0;INF846K01EY8;26.8557;26.8557;26.8557;28-Dec-2015
112323;Axis ELSS Tax Saver Fund - Regular Plan - Growth;INF846K01131;;30.4032;30.4032;30.4032;28-Dec-2015
112322;Axis ELSS Tax Saver Fund - Regular Plan - IDCW;INF846K01149;INF846K01156;22.2384;22.2384;22.2384;28-Dec-2015

Bandhan Mutual Fund
118473;BANDHAN ELSS Tax Saver Fund - Direct Plan - Growth;INF194K01Y29;;39.5719;39.5719;39.5719;28-Dec-2015
118472;BANDHAN ELSS Tax Saver Fund - Direct Plan - IDCW;INF194K01Y37;INF194K01Y45;17.9650;17.9650;17.9650;28-Dec-2015
111569;BANDHAN ELSS Tax Saver Fund - Regular Plan - Growth;INF194K01292;;38.4400;38.4400;38.4400;28-Dec-2015
111570;BANDHAN ELSS Tax Saver Fund - Regular Plan - IDCW;INF194K01300;INF194K01318;15.4615;15.4615;15.4615;28-Dec-2015

Bank of India Mutual Fund
119351;BANK OF INDIA ELSS Tax Saver -Direct Plan- Growth;INF761K01884;;38.50;38.50;38.50;28-Dec-2015
119352;BANK OF INDIA ELSS Tax Saver -Direct Plan-IDCW;INF761K01876;INF761K01868;20.02;20.02;20.02;28-Dec-2015
111709;BANK OF INDIA ELSS Tax Saver -ECO Plan-Growth;INF761K01157;;38.13;38.13;0.00;28-Dec-2015
111711;BANK OF INDIA ELSS Tax Saver -ECO Plan-IDCW;INF761K01132;INF761K01140;17.38;17.38;0.00;28-Dec-2015
111710;BANK OF INDIA ELSS Tax Saver -Regular Plan- Growth;INF761K01181;;37.05;37.05;37.05;28-Dec-2015
111708;BANK OF INDIA ELSS Tax Saver -Regular Plan-IDCW;INF761K01165;INF761K01173;17.54;17.54;17.54;28-Dec-2015

Baroda BNP Paribas Mutual Fund
100068;BARODA ELSS 96 - Plan A - IDCW;INF955L01641;;29.85;29.85;29.85;28-Dec-2015
119339;BARODA ELSS 96 - Plan B (Direct) - IDCW;INF955L01914;;30.98;30.98;30.98;28-Dec-2015
125111;Baroda ELSS 96 - Plan B (Direct)- Bonus Option;INF955L01DA7;;36.24;36.24;36.24;28-Dec-2015
125110;Baroda ELSS 96 Fund - Plan A- Bonus Option;INF955L01CZ6;;34.74;34.74;34.74;28-Dec-2015
134044;Baroda ELSS 96 Plan A -Growth Option;INF955L01GD4;;34.74;34.74;34.74;28-Dec-2015
134045;Baroda ELSS 96 Plan B(Direct) -Growth Option;INF955L01GE2;;36.24;36.24;36.24;28-Dec-2015

BNP Paribas Mutual Fund
120147;BNP Paribas Long Term Equity Fund - Direct Plan - Growth Option;INF251K01HF3;;29.8840;29.8840;29.8840;28-Dec-2015
120146;BNP Paribas Long Term Equity Fund - Direct Plan - Income Distribution cum Capital Withdrawal Option;INF251K01HH9;INF251K01HG1;16.2600;16.2600;16.2600;28-Dec-2015
113463;BNP Paribas Long Term Equity Fund - Growth Option;INF251K01985;;29.5680;29.5680;29.5680;28-Dec-2015
113464;BNP Paribas Long Term Equity Fund-Income Distribution cum Capital Withdrawal Option;INF251K01AA9;INF251K01993;16.3360;16.3360;16.3360;28-Dec-2015

Canara Robeco Mutual Fund
118285;CANARA ROBECO ELSS TAX SAVER - DIRECT PLAN - GROWTH OPTION;INF760K01EL8;;46.1700;46.1700;46.1700;28-Dec-2015
118286;CANARA ROBECO ELSS TAX SAVER - DIRECT PLAN - IDCW (Payout);INF760K01EJ2;INF760K01EK0;30.8300;30.8300;30.8300;28-Dec-2015
111722;CANARA ROBECO ELSS TAX SAVER - REGULAR PLAN - GROWTH OPTION;INF760K01100;;45.5700;45.5700;45.5700;28-Dec-2015
100593;CANARA ROBECO ELSS TAX SAVER - REGULAR PLAN -IDCW (Payout);INF760K01084;INF760K01092;23.8600;23.8600;23.8600;28-Dec-2015

DSP Mutual Fund
119242;DSP ELSS Tax Saver Fund - Direct Plan - Growth;INF740K01OK1;;32.467;32.467;32.467;28-Dec-2015
119241;DSP ELSS Tax Saver Fund - Direct Plan - IDCW;INF740K01OL9;INF740K01OM7;23.178;23.178;23.178;28-Dec-2015
104772;DSP ELSS Tax Saver Fund - Regular Plan - Growth;INF740K01185;;32.060;32.060;32.060;28-Dec-2015
104773;DSP ELSS Tax Saver Fund - Regular Plan - IDCW;INF740K01169;INF740K01177;14.889;14.889;14.889;28-Dec-2015

Edelweiss Mutual Fund
118619;Edelweiss ELSS Tax Saver Fund - Direct Plan - IDCW Option;INF754K01BX2;INF754K01BY0;19.78;19.78;19.78;28-Dec-2015
118620;Edelweiss ELSS Tax Saver Fund - Direct Plan-Growth Option;INF754K01CA8;;36.59;36.59;36.59;28-Dec-2015
111638;Edelweiss ELSS Tax Saver Fund - Regular Plan - Growth Option;INF754K01517;;35.71;35.71;35.71;28-Dec-2015
111639;Edelweiss ELSS Tax Saver Fund - Regular Plan - IDCW Option;INF754K01525;INF754K01541;17.01;17.01;17.01;28-Dec-2015

Franklin Templeton Mutual Fund
118540;Franklin India ELSS Tax Saver Fund - Direct - Growth;INF090I01JS8;;428.0264;428.0264;428.0264;28-Dec-2015
118541;Franklin India ELSS Tax Saver Fund - Direct - IDCW;INF090I01JT6;INF090I01JU4;44.4465;44.4465;44.4465;28-Dec-2015
100525;Franklin India ELSS Tax Saver Fund - IDCW;INF090I01783;INF090I01791;43.398;43.398;43.398;28-Dec-2015
100526;Franklin India ELSS Tax Saver Fund-Growth;INF090I01775;;418.6265;418.6265;418.6265;28-Dec-2015

HDFC Mutual Fund
119060;HDFC ELSS Tax saver - Growth Option - Direct Plan;INF179K01YS4;;382.761;382.761;382.761;28-Dec-2015
101979;HDFC ELSS Tax saver - Growth Plan;INF179K01BB8;;376.534;376.534;376.534;28-Dec-2015
119059;HDFC ELSS Tax saver - IDCW Option - Direct Plan;INF179K01YQ8;INF179K01YR6;61.962;61.962;61.962;28-Dec-2015
101980;HDFC ELSS Tax saver - IDCW Plan;INF179K01AZ9;INF179K01BA0;60.808;60.808;60.808;28-Dec-2015
118929;HDFC Long Term Advantage Plan - Growth Option - Direct Plan;INF179K01WX8;;233.776;233.776;233.776;28-Dec-2015
100998;HDFC Long Term Advantage Plan - Growth Plan;INF179K01996;;230.198;230.198;230.198;28-Dec-2015
118928;HDFC Long Term Advantage Plan - IDCW Option - Direct Plan;INF179K01WV2;INF179K01WW0;38.687;38.687;38.687;28-Dec-2015
100997;HDFC Long Term Advantage Plan - IDCW Plan;INF179K01970;INF179K01988;38.039;38.039;38.039;28-Dec-2015

HSBC Mutual Fund
104707;HSBC Tax Saver Equity Fund - Growth;INF336L01BA4;;26.3265;26.3265;26.3265;28-Dec-2015
120079;HSBC Tax Saver Equity Fund - Growth Direct;INF336L01EE0;;26.9148;26.9148;26.9148;28-Dec-2015
104706;HSBC Tax Saver Equity Fund - IDCW;INF336L01AZ3;;20.2651;20.2651;20.2651;28-Dec-2015
120078;HSBC Tax Saver Equity Fund - IDCW Direct Plan;INF336L01ER2;;20.7796;20.7796;20.7796;28-Dec-2015

ICICI Prudential Mutual Fund
120592;ICICI Prudential ELSS Tax Saver Fund - Direct Plan - Growth;INF109K01Y31;;279.39;279.39;279.39;28-Dec-2015
120593;ICICI Prudential ELSS Tax Saver Fund - Direct Plan - IDCW;INF109K01Y15;INF109K01Y23;28.90;28.90;28.90;28-Dec-2015
100354;ICICI Prudential ELSS Tax Saver Fund - Growth;INF109K01464;;272.78;272.78;272.78;28-Dec-2015
100353;ICICI Prudential ELSS Tax Saver Fund - IDCW;INF109K01FN1;INF109K01472;23.81;23.81;23.81;28-Dec-2015

IDBI Mutual Fund
123637;IDBI Equity Advantage Fund - Growth Direct;INF397L01EC6;;20.3800;20.3800;20.3800;28-Dec-2015
123638;IDBI Equity Advantage Fund - Growth Regular;INF397L01DY2;;20.0500;20.0500;20.0500;28-Dec-2015
123635;IDBI Equity Advantage Fund - IDCW Direct;INF397L01ED4;INF397L01EE2;17.7800;17.7800;17.7800;28-Dec-2015
123636;IDBI Equity Advantage Fund - IDCW Regular;INF397L01DZ9;INF397L01EA0;17.4600;17.4600;17.4600;28-Dec-2015

Invesco Mutual Fund
120416;Invesco India ELSS Tax Saver Fund - Direct Plan - Growth;INF205K01NT8;;36.63;36.63;36.63;28-Dec-2015
120417;Invesco India ELSS Tax Saver Fund - Direct Plan - IDCW (Payout / Reinvestment);INF205K01NR2;INF205K01NS0;18.29;18.29;18.29;28-Dec-2015
104636;Invesco India ELSS Tax Saver Fund - Growth;INF205K01270;;35.22;35.22;35.22;28-Dec-2015
104635;Invesco India ELSS Tax Saver Fund - IDCW (Payout / Reinvestment);INF205K01296;INF205K01288;17.87;17.87;17.87;28-Dec-2015

JM Financial Mutual Fund
120494;JM ELSS Tax Saver Fund (Direct) - Growth Option;INF192K01CE3;;11.5092;11.5092;11.5092;28-Dec-2015
120493;JM ELSS Tax Saver Fund (Direct) - IDCW;INF192K01CD5;;11.4288;11.4288;11.4288;28-Dec-2015
107288;JM ELSS Tax Saver Fund (Regular) - Growth option;INF192K01650;;11.1596;11.1596;11.1596;28-Dec-2015
107287;JM ELSS Tax Saver Fund (Regular) - IDCW;INF192K01643;;11.1595;11.1595;11.1595;28-Dec-2015

Kotak Mahindra Mutual Fund
103339;Kotak ELSS Tax Saver Fund-Growth;INF174K01369;;29.999;29.999;29.999;28-Dec-2015
119773;Kotak ELSS Tax Saver Fund-Growth - Direct;INF174K01LI3;;31.078;31.078;31.078;28-Dec-2015
103338;Kotak ELSS Tax Saver Fund-Payout of Income Distribution cum capital withdrawal option;INF174K01385;INF174K01377;17.764;17.764;17.764;28-Dec-2015
119772;Kotak ELSS Tax Saver Fund-Payout of Income Distribution cum capital withdrawal option - Direct;INF174K01LJ1;;18.746;18.746;18.746;28-Dec-2015

L&T Mutual Fund
119417;L&T  Tax Advantage Fund-Direct Plan-Growth;INF917K01GP0;;38.009;38.009;38.009;28-Dec-2015
118047;L&T  Tax Advantage Fund-Regular Plan-Growth;INF677K01064;;37.353;37.353;37.353;28-Dec-2015
119418;L&T Tax Advantage Fund-Direct Plan-IDCW;INF917K01GO3;INF917K01GN5;22.993;22.993;22.993;28-Dec-2015
118048;L&T Tax Advantage Fund-Regular Plan-IDCW;INF677K01072;INF677K01080;20.835;20.835;20.835;28-Dec-2015

LIC Mutual Fund
120270;LIC MF ELSS Tax Saver-Direct Plan-Growth;INF767K01EM1;;47.7061;47.7061;47.7061;28-Dec-2015
120269;LIC MF ELSS Tax Saver-Direct Plan-IDCW;INF767K01EL3;INF767K01EN9;15.3317;15.3317;15.3317;28-Dec-2015
100865;LIC MF ELSS Tax Saver-Regular Plan-Growth;INF767K01956;;46.5435;46.5435;46.5435;28-Dec-2015
100864;LIC MF ELSS Tax Saver-Regular Plan-IDCW;INF767K01931;INF767K01949;14.9483;14.9483;14.9483;28-Dec-2015
134878;LIC MF ULIS (10 Yrs. Regular Premium Reducing Cover Half-Yearly)-Direct Plan-IDCW Reinvestment;;INF767K01DR2;14.2051;14.2051;14.2051;28-Dec-2015
134865;LIC MF ULIS (10 Yrs. Regular Premium Reducing Cover Half-Yearly)-Regular Plan-IDCW Reinvestment;;INF767K01998;14.0264;14.0264;14.0264;28-Dec-2015
134876;LIC MF ULIS (10 Yrs. Regular Premium Reducing Cover Monthly)-Direct Plan-IDCW Reinvestment;;INF767K01DQ4;14.2051;14.2051;14.2051;28-Dec-2015
134847;LIC MF ULIS (10 Yrs. Regular Premium Reducing Cover Monthly)-Regular Plan-IDCW Reinvestment;;INF767K01980;14.0264;14.0264;14.0264;28-Dec-2015
134877;LIC MF ULIS (10 Yrs. Regular Premium Reducing Cover Yearly)-Direct Plan-IDCW Reinvestment;;INF767K01DS0;14.2051;14.2051;14.2051;28-Dec-2015
134864;LIC MF ULIS (10 Yrs. Regular Premium Reducing Cover Yearly)-Regular Plan-IDCW Reinvestment;;INF767K01AA4;14.0264;14.0264;14.0264;28-Dec-2015
134879;LIC MF ULIS (10 Yrs. Regular Premium Uniform Cover Half-Yearly)-Direct Plan-IDCW Reinvestment;;INF767K01DU6;14.2051;14.2051;14.2051;28-Dec-2015
134867;LIC MF ULIS (10 Yrs. Regular Premium Uniform Cover Half-Yearly)-Regular Plan-IDCW Reinvestment;;INF767K01AC0;14.0264;14.0264;14.0264;28-Dec-2015
134881;LIC MF ULIS (10 Yrs. Regular Premium Uniform Cover Monthly)-Direct Plan-IDCW Reinvestment;;INF767K01DT8;14.2051;14.2051;14.2051;28-Dec-2015
134863;LIC MF ULIS (10 Yrs. Regular Premium Uniform Cover Monthly)-Regular Plan-IDCW Reinvestment;;INF767K01AB2;14.0264;14.0264;14.0264;28-Dec-2015
134880;LIC MF ULIS (10 Yrs. Regular Premium Uniform Cover Yearly)-Direct Plan-IDCW Reinvestment;;INF767K01DV4;14.2051;14.2051;14.2051;28-Dec-2015
134868;LIC MF ULIS (10 Yrs. Regular Premium Uniform Cover Yearly)-Regular Plan-IDCW Reinvestment;;INF767K01AD8;14.0264;14.0264;14.0264;28-Dec-2015
134875;LIC MF ULIS (10 Yrs. Single Premium)-Direct Plan-IDCW Reinvestment;;INF767K01DP6;14.2051;14.2051;14.2051;28-Dec-2015
134846;LIC MF ULIS (10 Yrs. Single Premium)-Regular Plan-IDCW Reinvestment;;INF767K01972;14.0264;14.0264;14.0264;28-Dec-2015
134882;LIC MF ULIS (15 Yrs. Regular Premium Reducing Cover Half-Yearly)-Direct Plan-IDCW Reinvestment;;INF767K01DX0;14.2051;14.2051;14.2051;28-Dec-2015
134870;LIC MF ULIS (15 Yrs. Regular Premium Reducing Cover Half-Yearly)-Regular Plan-IDCW Reinvestment;;INF767K01AF3;14.0264;14.0264;14.0264;28-Dec-2015
134884;LIC MF ULIS (15 Yrs. Regular Premium Reducing Cover Monthly)-Direct Plan-IDCW Reinvestment;;INF767K01DW2;14.2051;14.2051;14.2051;28-Dec-2015
134869;LIC MF ULIS (15 Yrs. Regular Premium Reducing Cover Monthly)-Regular Plan-IDCW Reinvestment;;INF767K01AE6;14.0264;14.0264;14.0264;28-Dec-2015
134883;LIC MF ULIS (15 Yrs. Regular Premium Reducing Cover Yearly)-Direct Plan-IDCW Reinvestment;;INF767K01DY8;14.2051;14.2051;14.2051;28-Dec-2015
134871;LIC MF ULIS (15 Yrs. Regular Premium Reducing Cover Yearly)-Regular Plan-IDCW Reinvestment;;INF767K01AG1;14.0264;14.0264;14.0264;28-Dec-2015
134885;LIC MF ULIS (15 Yrs. Regular Premium Uniform Cover Half-Yearly)-Direct Plan-IDCW Reinvestment;;INF767K01EA6;14.2051;14.2051;14.2051;28-Dec-2015
134873;LIC MF ULIS (15 Yrs. Regular Premium Uniform Cover Half-Yearly)-Regular Plan-IDCW Reinvestment;;INF767K01AI7;14.0264;14.0264;14.0264;28-Dec-2015
134887;LIC MF ULIS (15 Yrs. Regular Premium Uniform Cover Monthly)-Direct Plan-IDCW Reinvestment;;INF767K01DZ5;14.2051;14.2051;14.2051;28-Dec-2015
134872;LIC MF ULIS (15 Yrs. Regular Premium Uniform Cover Monthly)-Regular Plan-IDCW Reinvestment;;INF767K01AH9;14.0264;14.0264;14.0264;28-Dec-2015
134886;LIC MF ULIS (15 Yrs. Regular Premium Uniform Cover Yearly)-Direct Plan-IDCW Reinvestment;;INF767K01EB4;14.2051;14.2051;14.2051;28-Dec-2015
134874;LIC MF ULIS (15Yrs. Regular Premium Uniform Cover Yearly)-Regular Plan-IDCW Reinvestment;;INF767K01AJ5;14.0264;14.0264;14.0264;28-Dec-2015
120259;LIC MF ULIS (5 Yrs. Single Premium)-Direct Plan-IDCW Reinvestment;;INF767K01DO9;14.2051;14.2051;14.2051;28-Dec-2015
100325;LIC MF ULIS (5 Yrs. Single Premium)-Regular Plan-IDCW Reinvestment;;INF767K01964;14.0264;14.0264;14.0264;28-Dec-2015

Motilal Oswal Mutual Fund
133386;Motilal Oswal ELSS Tax Saver Fund - Direct Plan - Growth Option;INF247L01569;;11.3079;11.3079;11.3079;28-Dec-2015
133383;Motilal Oswal ELSS Tax Saver Fund - IDCW Payout;INF247L01551;;11.1762;11.1762;11.1762;28-Dec-2015
133385;Motilal Oswal ELSS Tax Saver Fund - Regular Plan - Growth Option;INF247L01544;;11.1762;11.1762;11.1762;28-Dec-2015
133384;Motilal Oswal ELSS Tax Saver Fund Direct - IDCW Payout;INF247L01577;;11.3079;11.3079;11.3079;28-Dec-2015

Nippon India Mutual Fund
133866;NIPPON INDIA TAX SAVER (ELSS) FUND - ANNUAL IDCW Option;INF204KA1E04;;9.5209;9.5209;9.5209;28-Dec-2015
133865;NIPPON INDIA TAX SAVER (ELSS) FUND - DIRECT Plan - ANNUAL IDCW Option;INF204KA1E12;;9.4994;9.4994;9.4994;28-Dec-2015
118801;NIPPON INDIA TAX SAVER (ELSS) FUND - DIRECT Plan - IDCW Option;INF204K01L30;INF204K01L48;23.5925;23.5925;23.5925;28-Dec-2015
103197;NIPPON INDIA TAX SAVER (ELSS) FUND - IDCW Option;INF204K01GL2;INF204K01GM0;20.5966;20.5966;20.5966;28-Dec-2015
103196;Nippon India Tax Saver (ELSS) Fund-Growth Plan-Growth Option;INF204K01GK4;;45.0576;45.0576;45.0576;28-Dec-2015
118803;Nippon India Tax Saver Fund - Direct Plan Growth Plan - Growth Option;INF204K01L55;;45.9827;45.9827;45.9827;28-Dec-2015

PGIM India Mutual Fund
135600;PGIM India ELSS Tax Saver Fund - Direct Plan - Dividend Option;INF663L01FO3;;10.16;10.16;10.16;28-Dec-2015
135601;PGIM India ELSS Tax Saver Fund - Direct Plan - Growth Option;INF663L01FN5;;10.16;10.16;10.16;28-Dec-2015
135599;PGIM India ELSS Tax Saver Fund - Regular Plan - Dividend Option;INF663L01FR6;;10.16;10.16;10.16;28-Dec-2015
135598;PGIM India ELSS Tax Saver Fund - Regular Plan - Growth Option;INF663L01FQ8;;10.16;10.16;10.16;28-Dec-2015

Principal Mutual Fund
101815;Principal Personal Tax Saver Fund;INF173K01353;;150.18;150.18;150.18;28-Dec-2015
119486;Principal Personal Tax Saver Fund - Direct Plan;INF173K01FA4;;152.83;152.83;152.83;28-Dec-2015
100156;Principal Tax Savings Fund;INF173K01361;;140.71;140.71;140.71;28-Dec-2015
119489;Principal Tax Savings Fund - Direct Plan;INF173K01HZ7;;142.86;142.86;142.86;28-Dec-2015

quant Mutual Fund
120847;quant ELSS Tax Saver Fund - Growth Option - Direct Plan;INF966L01986;;61.3597;61.3597;61.3597;28-Dec-2015
100175;quant ELSS Tax Saver Fund - Growth Option - Regular Plan;INF966L01135;;60.9058;60.9058;60.9058;28-Dec-2015
120846;quant ELSS Tax Saver Fund - IDCW Option - Direct Plan;INF966L01960;INF966L01127;12.6473;12.6473;12.6473;28-Dec-2015
100174;quant ELSS Tax Saver Fund - IDCW Option - Regular Plan;INF966L01119;;12.4899;12.4899;12.4899;28-Dec-2015

Quantum Mutual Fund
111549;Quantum ELSS Tax Saver Fund - Direct Plan Growth Option;INF082J01069;;38.53;38.53;38.53;28-Dec-2015
111550;Quantum ELSS Tax Saver Fund - Direct Plan IDCW;INF082J01077;INF082J01085;38.53;38.53;38.53;28-Dec-2015

SBI Mutual Fund
119722;SBI Long Term Equity Fund - Direct Plan - Income Distribution cum Capital Withdrawal Option (IDCW);INF200K01UK3;;54.5816;54.5816;54.5816;28-Dec-2015
119723;SBI LONG TERM EQUITY FUND - DIRECT PLAN -GROWTH;INF200K01UM9;;112.0178;112.0178;112.0178;28-Dec-2015
103883;SBI Long Term Equity Fund - Regular Plan - Income Distribution cum Capital Withdrawal Option (IDCW);INF200K01479;;44.0124;44.0124;44.0124;28-Dec-2015
105628;SBI LONG TERM EQUITY FUND - REGULAR PLAN- GROWTH;INF200K01495;;110.3107;110.3107;110.3107;28-Dec-2015

Sundaram Mutual Fund
119549;Sundaram Diversified Equity (ELSS) Direct Plan - Growth;INF903J01NN3;;73.6187;73.6187;73.6187;28-Dec-2015
119548;Sundaram Diversified Equity (ELSS) Direct Plan - Income Distribution cum Capital Withdrawal (IDCW);INF903J01NL7;INF903J01NM5;13.5696;13.5696;13.5696;28-Dec-2015
101853;Sundaram Diversified Equity (ELSS) Regular Plan - Growth;INF903J01538;;72.9099;72.9099;72.9099;28-Dec-2015
100614;Sundaram Diversified Equity (ELSS) Regular Plan - Income Distribution cum Capital Withdrawal (IDCW);INF903J01512;INF903J01520;13.4208;13.4208;13.4208;28-Dec-2015

Tata Mutual Fund
119281;Tata ELSS Tax Saver Fund- Direct Plan - Payout of IDCW Option;INF277K01I94;;80.4036;80.4036;80.4036;28-Dec-2015
100474;Tata ELSS Tax Saver Fund- Regular Plan - Payout of IDCW Option;INF277K01I60;;72.2319;72.2319;72.2319;28-Dec-2015
132756;Tata ELSS Tax Saver Fund-Growth-Direct Plan;INF277K01I86;;12.5272;12.5272;12.5272;28-Dec-2015
132757;Tata ELSS Tax Saver Fund-Growth-Regular Plan;INF277K01I52;;12.2890;12.2890;12.2890;28-Dec-2015

Taurus Mutual Fund
118866;Taurus ELSS Tax Saver Fund - Direct Plan - Growth;INF044D01CG6;INF044D01AA3;53.53;53.53;53.53;28-Dec-2015
118867;Taurus ELSS Tax Saver Fund - Direct Plan - Payout of Income Distribution cum Capital Withdrawal option;INF044D01CH4;INF044D01CI2;24.84;24.84;24.84;28-Dec-2015
100480;Taurus ELSS Tax Saver Fund - Regular Plan - Growth;INF044D01AC9;;52.58;52.58;52.58;28-Dec-2015
108402;Taurus ELSS Tax Saver Fund - Regular Plan - Payout of Income Distribution cum Capital Withdrawal option;INF044D01997;;24.63;24.63;24.63;28-Dec-2015

Union Mutual Fund
119307;Union ELSS Tax Saver Fund - Direct Plan - Growth Option;INF582M01765;;19.81;19.81;19.81;28-Dec-2015
119306;Union ELSS Tax Saver Fund - Direct Plan - IDCW Option;INF582M01781;INF582M01773;19.81;19.81;19.81;28-Dec-2015
116051;Union ELSS Tax Saver Fund - Growth Option;INF582M01302;;19.60;19.60;19.60;28-Dec-2015
116052;Union ELSS Tax Saver Fund - IDCW Option;INF582M01328;INF582M01310;15.39;15.39;15.39;28-Dec-2015

UTI Mutual Fund
120715;UTI ELSS Tax Saver Fund - Direct Plan - Growth Option;INF789F01TF7;;66.1123;66.1123;66.11;28-Dec-2015
120714;UTI ELSS Tax Saver Fund - Direct Plan - IDCW;INF789F01TD2;INF789F01TE0;22.7023;22.7023;22.7;28-Dec-2015
100821;UTI ELSS Tax Saver Fund - Regular Plan - Growth Option;INF789F01547;;64.7423;64.7423;64.74;28-Dec-2015
100820;UTI ELSS Tax Saver Fund - Regular Plan - IDCW;INF789F01521;INF789F01539;20.7181;20.7181;20.72;28-Dec-2015

Open Ended Schemes ( Debt Scheme - Overnight Fund )


HDFC Mutual Fund
119109;HDFC Overnight Fund - Daily IDCW Option - Direct Plan;;INF179KB1HY1;1042.6600;1042.6600;1042.6600;28-Dec-2015
101996;HDFC Overnight Fund - Growth Option;INF179KB1HS3;;2314.9013;2314.9013;2314.9013;28-Dec-2015
119110;HDFC Overnight Fund - Growth Option - Direct Plan;INF179KB1HT1;;2318.8895;2318.8895;2318.8895;28-Dec-2015
101997;HDFC Overnight Fund - IDCW Option (Daily);;INF179KB1IF8;1042.6600;1042.6600;1042.6600;28-Dec-2015

L&T Mutual Fund
118055;L&T Cash Fund - Retail Plan - Growth option;INF677K01AK4;;1895.3268;1885.8502;1895.3268;28-Dec-2015
118062;L&T Cash Fund - Retail Plan - Monthly Dividend Option;INF677K01AN8;INF677K01AO6;1026.5699;1021.4371;1026.5699;28-Dec-2015
118066;L&T Overnight Fund  - Regular Plan - Monthly IDCW;INF917K01EL4;INF917K01EM2;1030.0412;1024.8910;1030.0412;28-Dec-2015
119283;L&T Overnight Fund - Direct Plan - Growth;INF917K01EN0;;1200.7725;1194.7686;1200.7725;28-Dec-2015
119284;L&T Overnight Fund - Direct Plan- Daily IDCW;;INF917K01EO8;1023.3000;1018.1835;1023.3000;28-Dec-2015
119282;L&T Overnight Fund - Direct Plan- Monthly IDCW;INF917K01ER1;;1041.5947;1036.3867;1041.5947;28-Dec-2015
119285;L&T Overnight Fund - Direct Plan- Weekly IDCW;;INF917K01EP5;1001.4242;996.4171;1001.4242;28-Dec-2015
118056;L&T Overnight Fund - Regular Plan - Daily IDCW;;INF917K01EJ8;1023.3000;1018.1835;1023.3000;28-Dec-2015
118058;L&T Overnight Fund - Regular Plan - Growth;INF917K01EI0;;1183.3401;1177.4234;1183.3401;28-Dec-2015
118065;L&T Overnight Fund - Regular Plan - Weekly IDCW;;INF917K01EK6;1000.0318;995.0316;1000.0318;28-Dec-2015

SBI Mutual Fund
119831;SBI Overnight Fund - Direct Plan - Daily Income Distribution cum Capital Withdrawal Option (IDCW);;INF200K01TJ7;1009.91;1007.3852;1009.91;28-Dec-2015
119833;SBI OVERNIGHT FUND - DIRECT PLAN - GROWTH;INF200K01TK5;;2529.6603;2523.3361;2529.6603;28-Dec-2015
119832;SBI Overnight Fund - Direct Plan - Weekly Income Distribution cum Capital Withdrawal Option (IDCW);INF200K01TL3;INF200K01TM1;1031.5819;1029.0029;1031.5819;28-Dec-2015
114297;SBI Overnight Fund - Regular Plan - Daily Income Distribution cum Capital Withdrawal Option (IDCW);;INF200K01LN6;1009.91;1007.3852;1009.91;28-Dec-2015
101206;SBI OVERNIGHT FUND - REGULAR PLAN - GROWTH;INF200K01LQ9;;2517.2999;2511.0067;2517.2999;28-Dec-2015
103140;SBI Overnight Fund - Regular Plan - Weekly Income Distribution cum Capital Withdrawal Option (IDCW);INF200K01LO4;INF200K01LP1;1031.572;1028.9931;1031.572;28-Dec-2015

UTI Mutual Fund
100814;UTI - Overnight  Fund - Regular Plan - Growth Option;INF789F01604;;20.9581;20.9581;20.9581;28-Dec-2015
120785;UTI - Overnight Fund - Direct Plan - Growth Option;INF789FB1S71;;21.014;21.014;21.014;28-Dec-2015
120786;UTI Overnight Fund - Direct Plan - Periodic IDCW;INF789FB1T05;INF789FB1S97;13.5946;13.5946;13.5946;28-Dec-2015
124265;UTI Overnight Fund - Regular Plan - Daily IDCW;;INF789FB1T13;11.4899;11.4899;0;28-Dec-2015
100813;UTI Overnight Fund - Regular Plan - Periodic IDCW;INF789F01588;INF789F01596;13.3721;13.3721;13.3721;28-Dec-2015

Open Ended Schemes ( Debt Scheme - Liquid Fund )


360 ONE Mutual Fund (Formerly Known as IIFL Mutual Fund)
125345;360 ONE LIQUID FUND DIRECT PLAN  GROWTH;INF579M01621;;1181.4699;1181.4699;1181.4699;28-Dec-2015
125342;360 ONE LIQUID FUND REGULAR PLAN  DAILY DIVIDEND REINVESTMENT;;INF579M01563;1000.0000;1000.0000;1000.0000;28-Dec-2015
125259;360 ONE LIQUID FUND REGULAR PLAN  GROWTH;INF579M01506;;1180.2071;1180.2071;1180.2071;28-Dec-2015
125337;360 ONE LIQUID FUND REGULAR PLAN  WEEKLY DIVIDEND;INF579M01514;INF579M01571;1006.1676;1006.1676;1006.1676;28-Dec-2015

Aditya Birla Sun Life Mutual Fund
100047;Aditya Birla Sun Life Liquid Fund - Growth;INF209K01RU9;;237.8241;237.8241;237.8241;28-Dec-2015
119568;Aditya Birla Sun Life Liquid Fund - Growth - Direct Plan;INF209K01VA3;;238.3134;238.3134;238.3134;28-Dec-2015
100046;Aditya Birla Sun Life Liquid Fund -Daily IDCW;INF209K01KQ2;INF209K01SQ5;100.1950;100.1950;100.1950;28-Dec-2015
119569;Aditya Birla Sun Life Liquid Fund -Direct - daily IDCW;INF209K01UZ2;;100.1950;100.1950;100.1950;28-Dec-2015
119571;Aditya Birla Sun Life Liquid Fund -DIRECT - IDCW;INF209K01VD7;;128.9255;128.9255;128.9255;28-Dec-2015
119570;Aditya Birla Sun Life Liquid Fund -Direct - weekly IDCW;INF209K01VC9;;100.2250;100.2250;100.2250;28-Dec-2015
100041;Aditya Birla Sun Life Liquid Fund -Institutional - IDCW;;INF209K01KN9;108.0230;108.0230;108.0230;28-Dec-2015
100048;Aditya Birla Sun Life Liquid Fund -Institutional - weekly  IDCW;INF209KA1LK7;INF209K01KY6;108.0680;108.0680;108.0680;28-Dec-2015
100044;Aditya Birla Sun Life Liquid Fund -Retail - IDCW;;INF209K01KP4;163.6940;163.6940;163.6940;28-Dec-2015
100051;Aditya Birla Sun Life Liquid Fund -weekly IDCW;INF209K01KU4;INF209KA1LJ9;100.2250;100.2250;100.2250;28-Dec-2015
112014;Aditya Birla Sun Life Liquid Fund- Discipline Advantage Plan;INF209K01KZ3;;159.5837;159.5837;159.5837;28-Dec-2015
100043;Aditya Birla Sun Life Liquid Fund-Institutional (Growth);INF209K01RT1;;396.0470;396.0470;396.0470;28-Dec-2015
100042;Aditya Birla Sun Life Liquid Fund-Retail (Growth);INF209K01ME4;;385.9331;385.9331;385.9331;28-Dec-2015

Axis Mutual Fund
128954;Axis Liquid Fund - Direct plan - Bonus Option;INF846K01NH4;;1645.1014;1645.1014;1645.1014;28-Dec-2015
120388;Axis Liquid Fund - Direct Plan - Daily IDCW;;INF846K01DA0;1000.3232;1000.3232;1000.3232;28-Dec-2015
120389;Axis Liquid Fund - Direct Plan - Growth Option;INF846K01CX4;;1645.1877;1645.1877;1645.1877;28-Dec-2015
120391;Axis Liquid Fund - Direct Plan - Monthly IDCW;INF846K01CY2;INF846K01CZ9;1000.1122;1000.1122;1000.1122;28-Dec-2015
120390;Axis Liquid Fund - Direct Plan - Weekly IDCW;INF846K01DB8;INF846K01DC6;1002.0913;1002.0913;1002.0913;28-Dec-2015
112211;Axis Liquid Fund - Regular Plan - Daily IDCW;;INF846K01420;1000.3608;1000.3608;1000.3608;28-Dec-2015
112210;Axis Liquid Fund - Regular Plan - Growth Option;INF846K01412;;1642.0710;1642.0710;1642.0710;28-Dec-2015
112213;Axis Liquid Fund - Regular Plan - Monthly IDCW;INF846K01453;INF846K01461;1000.2327;1000.2327;1000.2327;28-Dec-2015
112212;Axis Liquid Fund - Regular Plan - Weekly IDCW;INF846K01438;INF846K01446;1002.0913;1002.0913;1002.0913;28-Dec-2015
112712;Axis Liquid Fund - Retail Plan - Daily IDCW;;INF846K01362;1000.3232;1000.3232;1000.3232;28-Dec-2015
112713;Axis Liquid Fund - Retail Plan - Growth Option;INF846K01354;;1578.2717;1578.2717;1578.2717;28-Dec-2015
112714;Axis Liquid Fund - Retail Plan - Monthly IDCW;INF846K01396;INF846K01404;1000.1131;1000.1131;1000.1131;28-Dec-2015
112715;Axis Liquid Fund - Retail Plan - Weekly IDCW;INF846K01370;INF846K01388;1000.2738;1000.2738;1000.2738;28-Dec-2015

Bandhan Mutual Fund
108692;BANDHAN LIQUID Fund - Regular Plan - Daily IDCW;INF194K01VZ4;INF194K01VY7;1000.4594;1000.4594;1000.4594;28-Dec-2015
108690;BANDHAN LIQUID Fund - Regular Plan - Growth;INF194K01VX9;;1801.2198;1801.2198;1801.2198;28-Dec-2015
108693;BANDHAN LIQUID Fund - Regular Plan - Monthly IDCW;INF194K01WF4;INF194K01WE7;1006.3927;1006.3927;1006.3927;28-Dec-2015
115489;BANDHAN LIQUID Fund - Regular Plan - Periodic IDCW;INF194K01WC1;INF194K01WB3;1187.8040;1187.8040;1187.8040;28-Dec-2015
108691;BANDHAN LIQUID Fund - Regular Plan - Weekly IDCW;INF194K01WI8;INF194K01WH0;1001.4554;1001.4554;1001.4554;28-Dec-2015
118365;BANDHAN LIQUID Fund -Direct Plan -Monthly IDCW;INF194K01J36;INF194K01J28;1013.3947;1013.3947;1013.3947;28-Dec-2015
118367;BANDHAN LIQUID Fund -Direct Plan -Weekly IDCW;;INF194K01J51;1007.2292;1007.2292;1007.2292;28-Dec-2015
118366;BANDHAN LIQUID Fund -Direct Plan-Daily IDCW;;INF194K01I78;1000.6866;1000.6866;1000.6866;28-Dec-2015
118364;BANDHAN LIQUID Fund -Direct Plan-Growth;INF194K01I60;;1803.7764;1803.7764;1803.7764;28-Dec-2015
118363;BANDHAN LIQUID Fund -Direct Plan-Periodic IDCW;INF194K01J02;INF194K01I94;1114.8213;1114.8213;1114.8213;28-Dec-2015
108779;BANDHAN Liquid Fund-Plan A-Dividend (Daily);INF194K01VC3;INF194K01VB5;1058.1900;1058.1900;1058.1900;28-Dec-2015
108778;BANDHAN Liquid Fund-Plan A-Growth;INF194K01UX1;;2559.5367;2559.5367;2559.5367;28-Dec-2015
115486;BANDHAN Liquid Fund-Plan A-Monthly;INF194K01VF6;INF194K01VE9;1005.5642;1005.5642;1005.5642;28-Dec-2015
108607;BANDHAN Liquid Fund - Plan A-Dividend (Weekly);INF194K01VI0;INF194K01VH2;1001.8889;1001.8889;1001.8889;28-Dec-2015
108781;BANDHAN Liquid Fund - Plan B (G) (Institutional Plan);INF194K01VK6;;2592.4557;2592.4557;2592.4557;28-Dec-2015

Bank of India Mutual Fund
119368;BANK OF INDIA Liquid Fund- Direct Plan- Daily IDCW;;INF761K01CL0;1002.6483;1002.6483;1002.6483;28-Dec-2015
119369;BANK OF INDIA Liquid Fund- Direct Plan- Growth;INF761K01785;;1709.4764;1709.4764;1709.4764;28-Dec-2015
119370;BANK OF INDIA Liquid Fund- Direct Plan- Weekly IDCW;;INF761K01CM8;1061.5518;1061.5518;1061.5518;28-Dec-2015
111971;BANK OF INDIA Liquid Fund- Regular Plan- Daily IDCW;;INF761K01CO4;1002.1069;1002.1069;1002.1069;28-Dec-2015
109254;BANK OF INDIA Liquid Fund- Regular Plan- Growth;INF761K01306;;1704.3650;1704.3650;1704.3650;28-Dec-2015
109255;BANK OF INDIA Liquid Fund- Regular Plan- Weekly IDCW;;INF761K01CP1;1001.3124;1001.3124;1001.3124;28-Dec-2015

Baroda BNP Paribas Mutual Fund
119414;Baroda BNP Paribas LIQUID FUND - DIRECT PLAN - DAILY IDCW OPTION;INF955L01AK2;;1001.1191;1001.1191;1001.1191;28-Dec-2015
119415;Baroda BNP Paribas LIQUID FUND - DIRECT PLAN - GROWTH OPTION;INF955L01AL0;;1703.2785;1703.2785;1703.2785;28-Dec-2015
119416;Baroda BNP Paribas LIQUID FUND - DIRECT PLAN - WEEKLY IDCW OPTION;INF251K01SL8;;1225.8875;1225.8875;1225.8875;28-Dec-2015
125129;Baroda BNP Paribas Liquid Fund - Plan B (Direct) - Bonus Option;INF955L01DS9;;1703.5701;1703.5701;1703.5701;28-Dec-2015
111707;Baroda BNP Paribas LIQUID FUND - Regular Plan - DAILY IDCW OPTION;INF955L01468;INF955L01476;1001.1191;1001.1191;1001.1191;28-Dec-2015
111704;Baroda BNP Paribas LIQUID FUND - Regular Plan - GROWTH OPTION;INF955L01484;;1698.9144;1698.9144;1698.9144;28-Dec-2015
111705;Baroda BNP Paribas LIQUID FUND - Regular Plan - WEEKLY IDCW OPTION;INF251K01SK0;INF955L01500;1001.4427;1001.4427;1001.4427;28-Dec-2015
101408;Baroda BNP Paribas LIQUID FUND- Defunct Plan -Growth Option;INF955L01575;;2520.6120;2520.6120;2520.6120;28-Dec-2015
101407;Baroda BNP Paribas LIQUID FUND-Defunct Plan- IDCW Option;INF955L01559;INF955L01567;2159.5526;2159.5526;2159.5526;28-Dec-2015
101409;Baroda BNP Paribas LIQUID FUND-Defunct Plan-Daily IDCW Option;INF955L01518;INF955L01526;1006.0600;1006.0600;1006.0600;28-Dec-2015

BNP Paribas Mutual Fund
130473;BNP PARIBAS LIQUID FUND - DAILY Income Distribution cum Capital Withdrawal OPTION;;INF251K01NK1;1000.4900;1000.4900;1000.4900;28-Dec-2015
130489;BNP PARIBAS LIQUID Fund - DIRECT PLAN - MONTHLY Income Distribution cum Capital Withdrawal OPTION;INF251K01NR6;INF251K01NS4;1001.0203;1001.0203;1001.0203;28-Dec-2015
130486;BNP PARIBAS LIQUID FUND - DIRECT PLAN -- DAILY Income Distribution cum Capital Withdrawal OPTION;;INF251K01NP0;1000.4900;1000.4900;1000.4900;28-Dec-2015
130472;BNP PARIBAS LIQUID FUND - GROWTH OPTION;INF251K01NJ3;;2276.3146;2276.3146;2276.3146;28-Dec-2015
130476;BNP PARIBAS LIQUID FUND - MONTHLY Income Distribution cum Capital Withdrawal OPTION;INF251K01NM7;INF251K01NN5;1001.0042;1001.0042;1001.0042;28-Dec-2015
130459;BNP PARIBAS LIQUID FUND - REGULAR PLAN - GROWTH OPTION;INF251K01NF1;;2156.7666;2156.7666;2156.7666;28-Dec-2015
130471;BNP PARIBAS LIQUID FUND - REGULAR PLAN - MONTHLY DIVIDEND OPTION;INF251K01NH7;INF251K01NI5;1001.0030;1001.0030;1001.0030;28-Dec-2015
130465;BNP PARIBAS LIQUID FUND - REGULAR PLAN - WEEKLY Income Distribution cum Capital Withdrawal OPTION;;INF251K01NG9;1000.4207;1000.4207;1000.4207;28-Dec-2015
130474;BNP PARIBAS LIQUID FUND - WEEKLY Income Distribution cum Capital Withdrawal OPTION;;INF251K01NL9;1000.4208;1000.4208;1000.4208;28-Dec-2015
130479;BNP PARIBAS LIQUID FUND -- DIRECT PLAN - GROWTH OPTION;INF251K01NO3;;2282.7385;2282.7385;2282.7385;28-Dec-2015
130487;BNP PARIBAS LIQUID FUND -- DIRECT PLAN - WEEKLY Income Distribution cum Capital Withdrawal OPTION;;INF251K01NQ8;1000.4229;1000.4229;1000.4229;28-Dec-2015

Canara Robeco Mutual Fund
118307;CANARA ROBECO LIQUID FUND - DIRECT PLAN - DAILY IDCW (Reinvestment);;INF760K01FS0;1005.5000;1005.5000;1005.5000;28-Dec-2015
118305;CANARA ROBECO LIQUID FUND - DIRECT PLAN - GROWTH OPTION;INF760K01FU6;;1801.7918;1801.7918;1801.7918;28-Dec-2015
118304;CANARA ROBECO LIQUID FUND - DIRECT PLAN - IDCW (Payout/Reinvestment);INF760K01FT8;;1289.9676;1289.9676;1289.9676;28-Dec-2015
118306;CANARA ROBECO LIQUID FUND - DIRECT PLAN - MONTHLY IDCW (Payout/Reinvestment);INF760K01FV4;INF760K01FW2;1006.6692;1006.6692;1006.6692;28-Dec-2015
118308;CANARA ROBECO LIQUID FUND - DIRECT PLAN - WEEKLY IDCW (Payout/Reinvestment);INF760K01FY8;INF760K01FX0;1001.0132;1001.0132;1001.0132;28-Dec-2015
109349;CANARA ROBECO LIQUID FUND - REGULAR PLAN - DAILY IDCW (Reinvestment);;INF760K01CU3;1005.5000;1005.5000;1005.5000;28-Dec-2015
109353;CANARA ROBECO LIQUID FUND - REGULAR PLAN - GROWTH OPTION;INF760K01CW9;;1799.1820;1799.1820;1799.1820;28-Dec-2015
109351;CANARA ROBECO LIQUID FUND - REGULAR PLAN - MONTHLY IDCW (Payout/Reinvestment);INF760K01CX7;INF760K01CY5;1006.6325;1006.6325;1006.6325;28-Dec-2015
109350;CANARA ROBECO LIQUID FUND - REGULAR PLAN - WEEKLY IDCW (Payout/Reinvestment);INF760K01BZ4;INF760K01CZ2;1001.0105;1001.0105;1001.0105;28-Dec-2015
101363;Canara Robeco Liquid Fund- INSTITUTIONAL-Daily Dividend Reinvestment;;INF760K01CC1;1005.5000;1005.5000;1005.5000;28-Dec-2015
101362;Canara Robeco Liquid Fund- INSTITUTIONAL-Growth;INF760K01CD9;;2639.6696;2639.6696;2639.6696;28-Dec-2015
101364;Canara Robeco Liquid Fund-Retail-DRI;;INF760K01CF4;1007.0000;1007.0000;1007.0000;28-Dec-2015
101365;Canara Robeco Liquid Fund-Retail-Growth;INF760K01CH0;;2568.3976;2568.3976;2568.3976;28-Dec-2015
109347;Canara Robeco Liquid Fund-Retail-Monthly Div Reinvest;;INF760K01CI8;1011.9350;1011.9350;1011.9350;28-Dec-2015
109356;Canara Robeco Liquid Fund-Retail-Weekly Div Reinvest;;INF760K01CJ6;1006.4843;1006.4843;1006.4843;28-Dec-2015

DSP Mutual Fund
119125;DSP Liquidity Fund - Direct Plan - Growth;INF740K01QL4;;2122.6234;2122.6234;2122.6234;28-Dec-2015
119124;DSP Liquidity Fund - Direct Plan - IDCW - Daily;;INF740KA1OB6;1000.6027;1000.6027;1000.6027;28-Dec-2015
119123;DSP Liquidity Fund - Direct Plan - IDCW - Weekly;INF740KA1OC4;INF740KA1OD2;1000.7610;1000.7610;1000.7610;28-Dec-2015
103347;DSP Liquidity Fund - Regular Plan - Growth;INF740K01FK9;;2118.2370;2118.2370;2118.2370;28-Dec-2015
103348;DSP Liquidity Fund - Regular Plan - IDCW - Weekly;INF740K01FM5;INF740K01FL7;1000.7577;1000.7577;1000.7577;28-Dec-2015
103349;DSP Liquidity Fund- Regular Plan - IDCW - Daily;;INF740KA1OE0;1000.6027;1000.6027;1000.6027;28-Dec-2015
100943;DSP BlackRock Liquidity Fund - Regular Plan - Daily Dividend;;;10.0120;10.0120;10.0120;28-Dec-2015
100940;DSP BlackRock Liquidity Fund - Regular Plan - Growth;INF740K01CN0;;34.7949;34.7949;34.7949;28-Dec-2015
100941;DSP BlackRock Liquidity Fund - Regular Plan Weekly Dividend;;;12.4129;12.4129;12.4129;28-Dec-2015

Franklin Templeton Mutual Fund
100541;Franklin India Liquid Fund - Regular Plan - Daily - IDCW;;INF090I01BA3;1512.34;1512.34;1512.34;28-Dec-2015
100538;Franklin India Liquid Fund - Regular Plan - Growth;INF090I01BB1;;3550.3062;3550.3062;3550.3062;28-Dec-2015
100537;Franklin India Liquid Fund - Regular Plan - Weekly - IDCW;INF090I01BL0;INF090I01BI6;1244.5467;1244.5467;1244.5467;28-Dec-2015
118577;Franklin India Liquid Fund - Super Institutional - Direct - Growth;INF090I01JV2;;2218.8875;2218.8875;2218.8875;28-Dec-2015
100547;Franklin India Liquid Fund - Super Institutional Plan - Daily - IDCW;;INF090I01BF2;1000.7164;1000.7164;1000.7164;28-Dec-2015
118578;Franklin India Liquid Fund - Super Institutional Plan - Direct - Daily - IDCW;INF090I01JW0;;1001.8518;1001.8518;1001.8518;28-Dec-2015
118579;Franklin India Liquid Fund - Super Institutional Plan - Direct - Weekly - IDCW;INF090I01JX8;INF090I01JY6;1021.5927;1021.5927;1021.5927;28-Dec-2015
100546;Franklin India Liquid Fund - Super Institutional Plan - Growth;INF090I01BG0;;2215.151;2215.151;2215.151;28-Dec-2015
100548;Franklin India Liquid Fund - Super Institutional Plan - Weekly - IDCW;INF090I01BM8;INF090I01BH8;1021.3256;1021.3256;1021.3256;28-Dec-2015
102441;Franklin India Liquid Fund - Institution-Growth;INF090I01BD7;;2283.2936;2283.2936;2283.2936;28-Dec-2015
102443;Franklin India Liquid Fund - Institutional Plan - Daily - IDCW;;INF090I01BC9;1000.673;1000.673;1000.673;28-Dec-2015
102442;Franklin India Liquid Fund - Institutional Plan - Weekly - IDCW;INF090I01BJ4;INF090I01BE5;1054.9133;1054.9133;1054.9133;28-Dec-2015

Groww Mutual Fund
119135;Groww Liquid Fund ( formerly known as Indiabulls Liquid )Fund - Direct Plan - Growth Option;INF666M01451;;1446.1673;1446.1673;1446.1673;28-Dec-2015
119136;Groww Liquid Fund (formerly known as Indiabulls Liquid Fund) - Direct Plan- - Income Distribution cum capital withdrawal Option ( Reinvestment);;INF666M01469;1000.4324;1000.4324;1000.4324;28-Dec-2015
115991;Groww Liquid Fund (formerly known as Indiabulls Liquid Fund) - Regular Plan - Growth Option;INF666M01014;;1442.1291;1442.1291;1442.1291;28-Dec-2015
119139;Groww Liquid Fund (formerly known as Indiabulls Liquid Fund)- Direct Plan- Monthly - Income Distribution cum capital withdrawal Option (Payout & Reinvestment);INF666M01519;INF666M01493;1006.0695;1006.0695;1006.0695;28-Dec-2015
119137;Groww Liquid Fund (formerly known as Indiabulls Liquid Fund)- Direct Plan- Weekly - Income Distribution cum capital withdrawal Option (Payout & Reinvestment);INF666M01527;INF666M01477;1001.5105;1001.5105;1001.5105;28-Dec-2015
115992;Groww Liquid Fund (formerly known as Indiabulls Liquid Fund)- Regular Plan- - Income Distribution cum capital withdrawal Option (Reinvestment);;INF666M01022;1000.5175;1000.5175;1000.5175;28-Dec-2015
115993;Groww Liquid Fund (formerly known as Indiabulls Liquid Fund)- Regular Plan- Weekly - Income Distribution cum capital withdrawal Option (Payout & Reinvestment);INF666M01089;INF666M01030;1001.6058;1001.6058;1001.6058;28-Dec-2015

HDFC Mutual Fund
119091;HDFC Liquid Fund - Growth Option - Direct Plan;INF179KB1HP9;;2929.1325;2929.1325;2929.1325;28-Dec-2015
100868;HDFC Liquid Fund - Growth Plan;INF179KB1HK0;;2924.1474;2924.1474;2924.1474;28-Dec-2015
100875;HDFC Liquid Fund - IDCW Daily;;INF179KB1IC5;1019.8200;1019.8200;1019.8200;28-Dec-2015
119089;HDFC Liquid Fund - IDCW Daily - Direct Plan;;INF179KB1HV7;1019.8200;1019.8200;1019.8200;28-Dec-2015
100876;HDFC Liquid Fund - IDCW Monthly;INF179KB1HM6;INF179KB1HL8;1032.1253;1032.1253;1032.1253;28-Dec-2015
119090;HDFC Liquid Fund - IDCW Monthly - Direct Plan;INF179KB1HO2;INF179KB1HQ7;1032.1647;1032.1647;1032.1647;28-Dec-2015
100874;HDFC Liquid Fund - IDCW Plan Weekly;INF179KB1ID3;;1032.5137;1032.5137;1032.5137;28-Dec-2015
119088;HDFC Liquid Fund - IDCW Weekly - Direct Plan;;;1032.5237;1032.5237;1032.5237;28-Dec-2015
100877;HDFC Liquid Fund-Premium Plan - Dividend-Daily;;INF179K01KN4;1225.9800;1225.9800;1225.9800;28-Dec-2015
100873;HDFC Liquid Fund-PREMIUM- Growth;INF179KB1HN4;;2974.8585;2974.8585;2974.8585;28-Dec-2015

HSBC Mutual Fund
118910;HSBC Cash Fund - Institutional Plan - Growth;INF336L01BT4;;2342.0654;2342.0654;2342.0654;28-Dec-2015
120038;HSBC Liquid Fund -  Growth Direct;INF336L01CC8;;1479.9483;1479.9483;1479.9483;28-Dec-2015
120037;HSBC Liquid Fund - Direct Daily IDCW;;INF336L01CB0;1000.56;1000.56;1000.56;28-Dec-2015
120039;HSBC Liquid Fund - Direct Monthly IDCW;INF336L01BZ1;INF336L01CA2;1006.6911;1006.6911;1006.6911;28-Dec-2015
120040;HSBC Liquid Fund - Direct Weekly IDCW;INF336L01LK2;INF336L01CD6;1111.863;1111.863;1111.863;28-Dec-2015
118907;HSBC Liquid Fund - Growth;INF336L01BL1;;2258.26;2258.26;2258.26;28-Dec-2015
118906;HSBC Liquid Fund - IDCW;;INF336L01BK3;1019.3;1019.3;1019.3;28-Dec-2015
118909;HSBC Liquid Fund - Institutional Daily IDCW;;INF336L01BS6;1102.6985;1102.6985;1102.6985;28-Dec-2015
118901;HSBC Liquid Fund - Regular Daily IDCW;;INF336L01BM9;1000.56;1000.56;1000.56;28-Dec-2015
118902;HSBC Liquid Fund - Regular Growth;INF336L01BN7;;1478.1213;1478.1213;1478.1213;28-Dec-2015
118903;HSBC Liquid Fund - Regular Monthly IDCW;INF336L01BP2;INF336L01BO5;1006.4637;1006.4637;1006.4637;28-Dec-2015
118904;HSBC Liquid Fund - Regular Weekly IDCW;INF336L01LJ4;INF336L01BQ0;1111.836;1111.836;1111.836;28-Dec-2015
118908;HSBC Liquid Fund - Weekly IDCW;;INF336L01BR8;1002.6321;1002.6321;1002.6321;28-Dec-2015

ICICI Prudential Mutual Fund
100357;ICICI Prudential Liquid Fund -Quarterly IDCW;INF109K01UU5;INF109K01UT7;102.2531;102.2531;102.2531;28-Dec-2015
100359;ICICI Prudential Liquid Institutional Plus Fund - Div - Daily;INF109K01VJ6;;118.5152;118.5152;118.5152;28-Dec-2015
130933;ICICI Prudential Liquid Fund - Bonus;INF109KA1G94;;111.0320;111.0320;111.0320;28-Dec-2015
103343;ICICI Prudential Liquid Fund - Daily IDCW;INF109K01VP3;;100.0636;100.0636;100.0636;28-Dec-2015
120198;ICICI Prudential Liquid Fund - Direct Plan -  Annual IDCW;INF109K01P99;INF109K01Q07;102.1651;102.1651;102.1651;28-Dec-2015
120187;ICICI Prudential Liquid Fund - Direct Plan -  Half Yearly IDCW;INF109K01Q56;INF109K01Q64;106.5162;106.5162;106.5162;28-Dec-2015
120191;ICICI Prudential Liquid Fund - Direct Plan -  IDCW Others;INF109K01Q31;INF109K01Q23;110.8554;110.8554;110.8554;28-Dec-2015
120188;ICICI Prudential Liquid Fund - Direct Plan - Daily IDCW;;INF109K01Q15;100.0565;100.0565;100.0565;28-Dec-2015
120197;ICICI Prudential Liquid Fund - Direct Plan - Growth;INF109K01Q49;;219.6991;219.6991;219.6991;28-Dec-2015
120189;ICICI Prudential Liquid Fund - Direct Plan - Monthly IDCW;INF109K01R06;;100.8256;100.8256;100.8256;28-Dec-2015
120196;ICICI Prudential Liquid Fund - Direct Plan - Quarterly IDCW;INF109K01Q72;INF109K01Q80;103.0339;103.0339;103.0339;28-Dec-2015
120190;ICICI Prudential Liquid Fund - Direct Plan - Weekly IDCW;INF109K01Q98;;100.3285;100.3285;100.3285;28-Dec-2015
130934;ICICI Prudential Liquid Fund - Direct Plan Bonus;INF109KA1G86;;111.1255;111.1255;111.1255;28-Dec-2015
103340;ICICI Prudential Liquid Fund - Growth;INF109K01VQ1;;219.3012;219.3012;219.3012;28-Dec-2015
104308;ICICI Prudential Liquid Fund - Half Yearly IDCW;INF109K01UX9;INF109K01UW1;105.4583;105.4583;105.4583;28-Dec-2015
115505;ICICI Prudential Liquid Fund - IDCW Others;INF109K01VU3;INF109K01VT5;110.7758;110.7758;110.7758;28-Dec-2015
103344;ICICI Prudential Liquid Fund - Institutional Option - I;INF109K01VH0;;209.0884;209.0884;209.0884;28-Dec-2015
103342;ICICI Prudential Liquid Fund - Weekly IDCW;INF109K01VS7;;100.3022;100.3022;100.3022;28-Dec-2015
103341;ICICI Prudential Liquid Fund -Monthly IDCW;INF109K01VR9;;100.6695;100.6695;100.6695;28-Dec-2015
112119;ICICI Prudential Liquid Fund-Annual IDCW;INF109K01VD9;INF109K01VC1;102.1436;102.1436;102.1436;28-Dec-2015
101748;ICICI Prudential Liquid Fund - Institutional - Daily - Div;INF109K01VE7;;118.5022;118.5022;118.5022;28-Dec-2015
101754;ICICI Prudential Liquid Fund Retail Daily Dividend;INF109K01UR1;;118.5142;118.5142;118.5142;28-Dec-2015
101750;ICICI Prudential Liquid Fund Retail Growth;INF109K01UQ3;;342.6050;342.6050;342.6050;28-Dec-2015
101755;ICICI Prudential Liquid Fund Retail Monthly Dividend;INF109K01US9;;100.6968;100.6968;100.6968;28-Dec-2015
101752;ICICI Prudential Liquid Fund Retail Weekly Dividend;INF109K01UV3;;118.9829;118.9829;118.9829;28-Dec-2015
101751;ICICI Prudential Liquid Institutional Fund - Growth;INF109K01VF4;;351.3836;351.3836;351.3836;28-Dec-2015

IDBI Mutual Fund
126163;IDBI Liquid Fund Bonus Direct;INF397L01FP5;;1192.7513;1192.7513;1192.7513;28-Dec-2015
126164;IDBI Liquid Fund Bonus Regular;INF397L01FO8;;1189.3257;1189.3257;1189.3257;28-Dec-2015
118345;IDBI Liquid Fund Growth Direct;INF397L01AH3;;1590.3375;1590.3375;1590.3375;28-Dec-2015
113104;IDBI Liquid Fund- Monthly IDCW;INF397L01976;INF397L01968;1003.5287;1003.5287;1003.5287;28-Dec-2015
118449;IDBI Liquid Fund- Monthly IDCW Direct;INF397L01AK7;INF397L01AJ9;1001.6302;1001.6302;1001.6302;28-Dec-2015
113102;IDBI Liquid Fund-Daily IDCW;;INF397L01935;1005.1234;1005.1234;1005.1234;28-Dec-2015
118450;IDBI Liquid Fund-Daily IDCW Direct;;INF397L01AI1;1001.0974;1001.0974;1001.0974;28-Dec-2015
113096;IDBI Liquid Fund-Growth;INF397L01984;;1585.7644;1585.7644;1585.7644;28-Dec-2015
113103;IDBI Liquid Fund-Weekly IDCW;INF397L01950;INF397L01943;1006.2001;1006.2001;1006.2001;28-Dec-2015
118451;IDBI Liquid Fund-Weekly IDCW Direct;INF397L01AM3;INF397L01AL5;1002.5864;1002.5864;1002.5864;28-Dec-2015

Invesco Mutual Fund
122786;Invesco India Liquid Fund - Bonus Option;INF205K01UX5;;2038.7305;2038.7305;2038.7305;28-Dec-2015
104484;Invesco India Liquid Fund - Daily IDCW (Reinvestment);;INF205K01HN3;1001.2154;1001.2154;1001.2154;28-Dec-2015
120537;Invesco India Liquid Fund - Direct Plan - Growth;INF205K01MF9;;2042.6643;2042.6643;2042.6643;28-Dec-2015
120536;Invesco India Liquid Fund - Direct Plan - Monthly IDCW (Payout / Reinvestment);INF205K01MG7;INF205K01MH5;1021.8856;1021.8856;1021.8856;28-Dec-2015
120535;Invesco India Liquid Fund - Direct Plan - Weekly IDCW (Reinvestment);;INF205K01MI3;1000.5000;1000.5000;1000.5000;28-Dec-2015
120534;Invesco India Liquid Fund - Direct Plan- Daily IDCW (Reinvestment);;INF205K01ME2;1000.7900;1000.7900;1000.7900;28-Dec-2015
104486;Invesco India Liquid Fund - Growth;INF205K01HM5;;2038.7264;2038.7264;2038.7264;28-Dec-2015
104492;Invesco India Liquid Fund - Monthly IDCW (Payout / Reinvestment);INF205K01HQ6;INF205K01HP8;1009.3074;1009.3074;1009.3074;28-Dec-2015
104488;Invesco India Liquid Fund - Regular - Growth;INF205K01HG7;;1901.7878;1901.7878;1901.7878;28-Dec-2015
104489;Invesco India Liquid Fund - Regular - Weekly IDCW (Reinvestment);;INF205K01HH5;1000.5972;1000.5972;1000.5972;28-Dec-2015
104485;Invesco India Liquid Fund - Weekly IDCW (Reinvestment);;INF205K01HO1;1000.5000;1000.5000;1000.5000;28-Dec-2015

JM Financial Mutual Fund
100238;JM High Liquidity Fund-Institutional Plan - Daily Dividend;;INF192K01916;10.0159;10.0159;10.0159;28-Dec-2015
120410;JM Liquid Fund (Direct) - Bonus Option - Bonus Option - Principal units;INF192K01CN4;;13.0203;13.0203;13.0203;28-Dec-2015
120411;JM Liquid Fund (Direct) - Daily IDCW;;INF192K01CH6;10.4302;10.4302;10.4302;28-Dec-2015
120406;JM Liquid Fund (Direct) - Growth Option;INF192K01CM6;;40.5757;40.5757;40.5757;28-Dec-2015
120408;JM Liquid Fund (Direct) - Quarterly IDCW;INF192K01CK0;INF192K01CL8;23.0167;23.0167;23.0167;28-Dec-2015
120407;JM Liquid Fund (Direct) - Weekly IDCW;INF192K01CI4;INF192K01CJ2;11.0201;11.0201;11.0201;28-Dec-2015
100244;JM Liquid Fund (Regular) - Quarterly IDCW;INF192K01866;INF192K01874;22.9109;22.9109;22.9109;28-Dec-2015
100247;JM Liquid Fund (Regular) - Super Institutional Plan - Growth Option;INF192K01981;;23.2759;23.2759;23.2759;28-Dec-2015
100233;JM Liquid Fund (Regular) - Weekly IDCW;INF192K01841;INF192K01858;11.0173;11.0173;11.0173;28-Dec-2015
100234;JM Liquid Fund - Growth Option;INF192K01882;;40.4783;40.4783;40.4783;28-Dec-2015
101549;JM Liquid Fund (Regular) - Bonus Option - Principal Units;INF192K01890;;12.9612;12.9612;12.9612;28-Dec-2015
101078;JM Liquid Fund (Regular) - Daily IDCW;;INF192K01833;10.4302;10.4302;10.4302;28-Dec-2015

Kotak Mahindra Mutual Fund
119764;Kotak Liquid Fund - Daily Reinvestment of Income Distribution cum capital withdrawal option - Direct;INF174K01NH1;;1222.81;1222.81;1222.81;28-Dec-2015
119766;Kotak Liquid Fund - Growth - Direct;INF174K01NE8;;3010.6428;3010.6428;3010.6428;28-Dec-2015
119765;Kotak Liquid Fund - Weekly  Payout of Income Distribution cum capital withdrawal option - Direct;INF174K01NF5;INF174K01NG3;1006.5684;1006.5684;1006.5684;28-Dec-2015
100833;Kotak Liquid Fund Regular Plan Daily Reinvestment of Income Distribution cum capital withdrawal option;INF174K01NL3;;1222.81;1222.81;1222.81;28-Dec-2015
100835;Kotak Liquid Fund Regular Plan Growth;INF174K01NI9;;3006.288;3006.288;3006.288;28-Dec-2015
100834;Kotak Liquid Fund Regular Plan Weekly Reinvestment of Income Distribution cum capital withdrawal option Dividend;INF174K01NK5;;1001.4333;1001.4333;1001.4333;28-Dec-2015
100830;Kotak Liquid-Institutional Plan  (Growth);INF174K01FZ9;;2869.8405;2869.8405;2869.8405;28-Dec-2015
100828;Kotak Liquid-Regular (Dividend);;INF174K01FY2;1003.5422;1003.5422;1003.5422;28-Dec-2015
100829;Kotak Liquid-Regular (Growth);INF174K01NM1;;2732.527;2732.527;2732.527;28-Dec-2015

L&T Mutual Fund
122235;L&T Liquid Fund - Direct Plan - Weekly IDCW;;INF917K01HE2;1000.4408;1000.4408;1000.4408;28-Dec-2015
119791;L&T Liquid Fund - Direct Plan -Daily IDCW;INF917K01HG7;;1012.1732;1012.1732;1012.1732;28-Dec-2015
119790;L&T Liquid Fund - Direct Plan -Growth;INF917K01HF9;;2035.2919;2035.2919;2035.2919;28-Dec-2015
112458;L&T Liquid Fund - Regular Plan - Weekly IDCW;INF917K01BK2;INF917K01JG3;1000.9679;1000.9679;1000.9679;28-Dec-2015
129924;L&T Liquid Fund -Regular Plan - Bonus;INF917K01QH6;;2032.1476;2032.1476;2032.1476;28-Dec-2015
112445;L&T Liquid Fund -Regular Plan - Daily IDCW;INF917K01JB4;;1011.6349;1011.6349;1011.6349;28-Dec-2015
112457;L&T Liquid Fund -Regular Plan - Growth;INF917K01JH1;;2032.0168;2032.0168;2032.0168;28-Dec-2015
112442;L&T Liquid Fund-Regular Cumulative;INF917K01BF2;;2832.0925;2832.0925;2832.0925;28-Dec-2015

LIC Mutual Fund
120248;LIC MF Liquid Fund-Direct Plan-Daily IDCW;INF767K01DL5;INF767K01DM3;1098.0000;1098.0000;1098.0000;28-Dec-2015
120249;LIC MF Liquid Fund-Direct Plan-Growth;INF767K01DN1;;2690.5001;2690.5001;2690.5001;28-Dec-2015
101184;LIC MF Liquid Fund-Regular Plan-Daily IDCW;INF767K01IQ3;INF767K01IR1;1098.0000;1098.0000;1098.0000;28-Dec-2015
101185;LIC MF Liquid Fund-Regular Plan-Growth;INF767K01IS9;;2685.5512;2685.5512;2685.5512;28-Dec-2015

Mirae Asset Mutual Fund
118859;Mirae Asset Liquid Fund - Direct Plan - Growth;INF769K01CM1;;1572.1851;1572.1851;1572.1851;28-Dec-2015
118862;Mirae Asset Liquid Fund - Direct Plan - Weekly IDCW;;INF769K01CP4;1202.0673;1202.0673;1202.0673;28-Dec-2015
118861;Mirae Asset Liquid Fund - Direct Plan -Daily IDCW;;INF769K01CO7;1069.0566;1069.0566;1069.0566;28-Dec-2015
118860;Mirae Asset Liquid Fund - Direct Plan -Monthly IDCW;INF769K01CN9;INF769K01CQ2;1000.2000;1000.2000;1000.2000;28-Dec-2015
111647;Mirae Asset Liquid Fund - Regular - Daily IDCW;;INF769K01804;1059.8031;1059.8031;1059.8031;28-Dec-2015
111646;Mirae Asset Liquid Fund - Regular Plan - Growth;INF769K01788;;1559.8811;1559.8811;1559.8811;28-Dec-2015
111645;Mirae Asset Liquid Fund - Regular Plan - Monthly IDCW;INF769K01838;INF769K01820;1151.9008;1151.9008;1151.9008;28-Dec-2015
111644;Mirae Asset Liquid Fund - Regular Plan - Weekly IDCW;;INF769K01812;1146.4719;1146.4719;1146.4719;28-Dec-2015

Navi Mutual Fund
119163;Navi Liquid Fund - Direct Plan Daily IDCW - ReInvestment;;INF959L01GK1;1001.2900;1001.2900;1001.2900;28-Dec-2015
119161;Navi Liquid Fund - Direct Plan Monthly IDCW - Payout;INF959L01GG9;INF959L01GH7;1007.8411;1007.8411;1007.8411;28-Dec-2015
119162;Navi Liquid Fund - Direct Plan Weekly IDCW - Payout;INF959L01GI5;INF959L01GJ3;1001.9170;1001.9170;1001.9170;28-Dec-2015
112645;Navi Liquid Fund - Regular Plan Daily IDCW;;INF959L01GM7;1001.2900;1001.2900;1001.2900;28-Dec-2015
112647;Navi Liquid Fund - Regular Plan Monthly IDCW;INF959L01GN5;INF959L01GO3;1007.6696;1007.6696;1007.6696;28-Dec-2015
112646;Navi Liquid Fund - Regular Plan Weekly IDCW;INF959L01GP0;INF959L01GQ8;1001.9135;1001.9135;1001.9135;28-Dec-2015
119164;Navi Liquid Fund-Direct Plan-Growth Option;INF959L01GF1;;1630.5477;1630.5477;1630.5477;28-Dec-2015
112636;Navi Liquid Fund-Regular Plan-Growth Option;INF959L01GL9;;1627.1691;1627.1691;1627.1691;28-Dec-2015

Nippon India Mutual Fund
100852;NIPPON INDIA LIQUID FUND - DAILY IDCW OPTION;;INF204K01UM1;1528.7400;1528.7400;1528.7400;28-Dec-2015
118695;NIPPON INDIA LIQUID FUND - DIRECT Plan - DAILY IDCW OPTION;;INF204K01ZG2;1528.7400;1528.7400;1528.7400;28-Dec-2015
118696;NIPPON INDIA LIQUID FUND - DIRECT Plan - MONTHLY IDCW OPTION;INF204K01ZI8;INF204K01ZJ6;1589.8977;1589.8977;1589.8977;28-Dec-2015
118698;NIPPON INDIA LIQUID FUND - DIRECT Plan - QUARTERLY IDCW OPTION;INF204K01ZK4;INF204K01ZL2;1007.3328;1007.3328;1007.3328;28-Dec-2015
118700;NIPPON INDIA LIQUID FUND - DIRECT Plan - WEEKLY IDCW OPTION;;INF204K01ZM0;1530.3000;1530.3000;1530.3000;28-Dec-2015
118701;Nippon India Liquid Fund - Direct Plan Growth Plan - Growth Option;INF204K01ZH0;;3619.0857;3619.0857;3619.0857;28-Dec-2015
100855;NIPPON INDIA LIQUID FUND - MONTHLY IDCW OPTION;INF204K01UO7;INF204K01UP4;1586.5612;1586.5612;1586.5612;28-Dec-2015
112340;NIPPON INDIA LIQUID FUND - QUARTERLY IDCW OPTION;INF204K01UQ2;INF204K01UR0;1004.6474;1004.6474;1004.6474;28-Dec-2015
100837;Nippon India Liquid Fund - Retail Option - Growth Plan;INF204K01UL3;;3417.9789;3417.9789;3417.9789;28-Dec-2015
100842;NIPPON INDIA LIQUID FUND - RETAIL Plan - DAILY IDCW OPTION;;INF204K01UJ7;1524.2800;1524.2800;1524.2800;28-Dec-2015
100843;NIPPON INDIA LIQUID FUND - RETAIL plan - MONTHLY IDCW OPTION;INF204K01UT6;INF204K01UU4;1328.8275;1328.8275;1328.8275;28-Dec-2015
100844;NIPPON INDIA LIQUID FUND - RETAIL Plan - QUARTERLY IDCW OPTION;INF204K01UV2;INF204K01UW0;1217.5141;1217.5141;1217.5141;28-Dec-2015
100838;NIPPON INDIA LIQUID FUND - RETAIL Plan - WEEKLY IDCW OPTION;;INF204K01UK5;1034.1700;1034.1700;1034.1700;28-Dec-2015
100853;NIPPON INDIA LIQUID FUND - WEEKLY IDCW OPTION;;INF204K01US8;1530.3000;1530.3000;1530.3000;28-Dec-2015
100851;Nippon India Liquid Fund -Growth Plan;INF204K01UN9;;3610.5046;3610.5046;3610.5046;28-Dec-2015
118610;Reliance Liquid Fund - Cash Plan - Direct Plan - Growth Plan - Growth Option;;;2392.9629;2392.9629;2392.9629;28-Dec-2015
118618;Reliance Liquid Fund - Cash Plan - Direct Plan Daily Dividend Reinvestment Option;;;1114.1500;1114.1500;1114.1500;28-Dec-2015
118609;Reliance Liquid Fund - Cash Plan - Direct Plan Monthly Dividend Plan;;;1004.1767;1004.1767;1004.1767;28-Dec-2015
118612;Reliance Liquid Fund - Cash Plan - Direct Plan Quarterly Dividend Plan;;;1011.0345;1011.0345;1011.0345;28-Dec-2015
118611;Reliance Liquid Fund - Cash Plan - Direct Plan Weekly Dividend Reinvestment Option;;;1091.6900;1091.6900;1091.6900;28-Dec-2015
100849;Reliance Liquid Fund-Cash Plan-Daily Dividend Reinvestment Option;;;1114.1500;1114.1500;1114.1500;28-Dec-2015
100845;Reliance Liquid Fund-Cash Plan-Growth Plan;;;2346.4374;2346.4374;2346.4374;28-Dec-2015
114251;Reliance Liquid Fund-Cash Plan-Monthly Dividend Plan;;;1001.4174;1001.4174;1001.4174;28-Dec-2015
114252;Reliance Liquid Fund-Cash Plan-Quarterly Dividend Plan;;;1004.9620;1004.9620;1004.9620;28-Dec-2015
100848;Reliance Liquid Fund-Cash Plan-Weekly Dividend Reinvestment Option;;;1091.6900;1091.6900;1091.6900;28-Dec-2015

Principal Mutual Fund
100895;Principal Cash Management Fund - Daily Income Distribution CUM Capital Withdrawal;;INF173K01DB7;1000.4682;1000.4682;1000.4682;28-Dec-2015
119468;Principal Cash Management Fund - Direct Plan - Growth Option;INF173K01GU0;;1444.5330;1444.5330;1444.5330;28-Dec-2015
119467;Principal Cash Management Fund - Direct Plan - Income Distribution CUM Capital Withdrawal Option - Daily;;INF173K01GT2;1000.3870;1000.3870;1000.3870;28-Dec-2015
119469;Principal Cash Management Fund - Direct Plan - Income Distribution CUM Capital Withdrawal Option - Weekly;;INF173K01GY2;1007.8176;1007.8176;1007.8176;28-Dec-2015
100897;Principal Cash Management Fund - Monthly Income Distribution CUM Capital Withdrawal Option;INF173K01BV9;INF173K01BW7;1023.8025;1023.8025;1023.8025;28-Dec-2015
100896;Principal Cash Management Fund - Weekly Income Distribution CUM Capital Withdrawal Option;;INF173K01DC5;1007.2756;1007.2756;1007.2756;28-Dec-2015
119466;Principal Cash Management Fund -Direct Plan - Income Distribution CUM Capital Withdrawal Option - Monthly;INF173K01GV8;INF173K01GW6;1023.8289;1023.8289;1023.8289;28-Dec-2015
100898;Principal Cash Management Fund -Growth Option;INF173K01DA9;;1440.8545;1440.8545;1440.8545;28-Dec-2015

quant Mutual Fund
120837;quant Liquid Fund - Growth Option - Direct Plan;INF966L01820;;23.2327;23.2327;23.2327;28-Dec-2015
103225;quant Liquid Fund - Growth Option - Regular Plan;INF966L01317;;23.1254;23.1254;23.1254;28-Dec-2015
120838;quant Liquid Fund - Monthly IDCW Option - Direct Plan;INF966L01796;INF966L01812;15.2672;15.2672;15.2672;28-Dec-2015
103228;quant Liquid Fund - Monthly IDCW Option - Regular Plan;INF966L01291;INF966L01309;15.1736;15.1736;15.1736;28-Dec-2015
120839;quant Liquid Fund - Weekly IDCW Option - Direct Plan;INF966L01788;INF966L01804;13.6578;13.6578;13.6578;28-Dec-2015
103227;quant Liquid Fund - Weekly IDCW Option - Regular Plan;INF966L01499;INF966L01283;13.5649;13.5649;13.5649;28-Dec-2015
120836;quant Liquid Fund-Daily IDCW Option - Direct Plan;;INF966L01770;13.7869;13.7869;13.7869;28-Dec-2015
103226;quant Liquid Fund-Daily IDCW Option - Regular Plan;;INF966L01275;13.7088;13.7088;13.7088;28-Dec-2015

Quantum Mutual Fund
103736;Quantum Liquid Fund - Direct Plan Daily IDCW;;INF082J01135;10.0042;10.0042;10.0042;28-Dec-2015
103734;Quantum Liquid Fund - Direct Plan Growth Option;INF082J01127;;20.7420;20.7420;20.7420;28-Dec-2015
103735;Quantum Liquid Fund - Direct Plan Monthly IDCW;INF082J01143;INF082J01200;10.0041;10.0041;10.0041;28-Dec-2015

SBI Mutual Fund
119804;SBI Liquid Fund - Direct Paln - Fortnightly Income Distribution cum Capital Withdrawal Option (IDCW);INF200K01UR8;INF200K01US6;1013.7235;1013.7235;1013.7235;28-Dec-2015
119805;SBI Liquid Fund - Direct Plan - Daily Income Distribution cum Capital Withdrawal Option (IDCW);;INF200K01UQ0;1003.25;1003.25;1003.25;28-Dec-2015
119799;SBI Liquid Fund - Direct Plan - Weekly Income Distribution cum Capital Withdrawal Option (IDCW);INF200K01UU2;INF200K01UV0;1061.4992;1061.4992;1061.4992;28-Dec-2015
119800;SBI Liquid Fund - DIRECT PLAN -Growth;INF200K01UT4;;2331.2656;2331.2656;2331.2656;28-Dec-2015
105274;SBI Liquid Fund - Institutional - Growth;INF200K01LU1;;2348.699;2348.699;2348.699;28-Dec-2015
105275;SBI Liquid Fund - Institutional Daily Income Distribution cum Capital Withdrawal Option (IDCW);;INF200K01LR7;1003.25;1003.25;1003.25;28-Dec-2015
105279;SBI Liquid Fund - Institutional Fortnightly Income Distribution cum Capital Withdrawal Option (IDCW);INF200K01LS5;INF200K01LT3;1025.0346;1025.0346;1025.0346;28-Dec-2015
105278;SBI Liquid Fund - Institutional Weekly Income Distribution cum Capital Withdrawal Option (IDCW);INF200K01LV9;INF200K01LW7;1060.7865;1060.7865;1060.7865;28-Dec-2015
105281;SBI Liquid Fund - Regular Plan - Daily Income Distribution cum Capital Withdrawal Option (IDCW);;INF200K01LX5;1003.25;1003.25;1003.25;28-Dec-2015
105283;SBI Liquid Fund - Regular Plan - Fortnightly Income Distribution cum Capital Withdrawal Option (IDCW);INF200K01LY3;INF200K01LZ0;1013.7094;1013.7094;1013.7094;28-Dec-2015
105282;SBI Liquid Fund - Regular Plan - Weekly Income Distribution cum Capital Withdrawal Option (IDCW);INF200K01MB9;INF200K01MC7;1061.4961;1061.4961;1061.4961;28-Dec-2015
105280;SBI Liquid Fund - REGULAR PLAN -Growth;INF200K01MA1;;2326.8496;2326.8496;2326.8496;28-Dec-2015

Sundaram Mutual Fund
119690;Sundaram Money Fund Direct Plan - Bonus;INF903J01RL8;;11.2033;11.2033;11.2033;28-Dec-2015
119688;Sundaram Money Fund Direct Plan - Daily Reinvestment of Income Distribution cum Capital Withdrawal (IDCW);;INF903J01QA3;10.1025;10.1025;10.1025;28-Dec-2015
119692;Sundaram Money Fund Direct Plan - Fortnightly Reinvestment of Income Distribution cum Capital Withdrawal (IDCW);;INF903J01QB1;25.7377;25.7377;25.7377;28-Dec-2015
119686;Sundaram Money Fund Direct Plan - Growth;INF903J01QF2;;31.3055;31.3055;31.3055;28-Dec-2015
119687;Sundaram Money Fund Direct Plan - Monthly Income Distribution cum Capital Withdrawal (IDCW);INF903J01QC9;INF903J01QD7;10.6625;10.6625;10.6625;28-Dec-2015
119689;Sundaram Money Fund Direct Plan - Quarterly Reinvestment of Income Distribution cum Capital Withdrawal (IDCW);;INF903J01QE5;31.2620;31.2620;31.2620;28-Dec-2015
119691;Sundaram Money Fund Direct Plan - Weekly Reinvestment of Income Distribution cum Capital Withdrawal (IDCW);;INF903J01QG0;11.4490;11.4490;11.4490;28-Dec-2015
102701;Sundaram Money Fund Institutional Plan - Daily Reinvestment of Income Distribution cum Capital Withdrawal (IDCW);;INF903J01GP2;10.0953;10.0953;10.0953;28-Dec-2015
102703;Sundaram Money Fund Institutional Plan - Growth;INF903J01GN7;;30.4713;30.4713;30.4713;28-Dec-2015
118328;Sundaram Money Fund Regular Plan - Bonus;INF903J01MB0;;11.1691;11.1691;11.1691;28-Dec-2015
103392;Sundaram Money Fund Regular Plan - Daily Reinvestment of Income Distribution cum Capital Withdrawal (IDCW);;INF903J01GW8;10.0953;10.0953;10.0953;28-Dec-2015
103395;Sundaram Money Fund Regular Plan - Fortnightly Reinvestment of Income Distribution cum Capital Withdrawal (IDCW);;INF903J01GY4;10.8901;10.8901;10.8901;28-Dec-2015
103397;Sundaram Money Fund Regular Plan - Growth;INF903J01GU2;;31.2471;31.2471;31.2471;28-Dec-2015
103396;Sundaram Money Fund Regular Plan - Monthly Income Distribution cum Capital Withdrawal (IDCW);INF903J01GV0;INF903J01GZ1;10.5202;10.5202;10.5202;28-Dec-2015
103393;Sundaram Money Fund Regular Plan - Quarterly Reinvestment of Income Distribution cum Capital Withdrawal (IDCW);;INF903J01HA2;31.2473;31.2473;31.2473;28-Dec-2015
100620;Sundaram Money Fund Retail Plan - Daily Reinvestment of Income Distribution cum Capital Withdrawal (IDCW);;INF903J01GI7;10.0953;10.0953;10.0953;28-Dec-2015
100622;Sundaram Money Fund Retail Plan - Fortnightly Reinvestment of Income Distribution cum Capital Withdrawal (IDCW);;INF903J01GK3;10.8668;10.8668;10.8668;28-Dec-2015
100618;Sundaram Money Fund Retail Plan - Growth;INF903J01GG1;;29.2009;29.2009;29.2009;28-Dec-2015
100623;Sundaram Money Fund Retail Plan - Monthly Income Distribution cum Capital Withdrawal (IDCW);INF903J01GH9;INF903J01GL1;10.5332;10.5332;10.5332;28-Dec-2015
100619;Sundaram Money Fund Retail Plan - Quarterly Reinvestment of Income Distribution cum Capital Withdrawal (IDCW);;INF903J01GM9;11.6617;11.6617;11.6617;28-Dec-2015
100621;Sundaram Money Fund Retail Plan - Weekly Reinvestment of Income Distribution cum Capital Withdrawal (IDCW);;INF903J01GJ5;11.3914;11.3914;11.3914;28-Dec-2015
103394;Sundaram Money Fund Regular Plan - Weekly Reinvestment of Income Distribution cum Capital Withdrawal (IDCW);;INF903J01GX6;11.4331;11.4331;11.4331;28-Dec-2015

Tata Mutual Fund
102672;Tata Liquid Fund -Regular Plan - Growth Option;INF277K01YD8;;2332.3246;2332.3246;2332.3246;28-Dec-2015
119862;Tata Liquid Fund- Direct Plan - Daily Reinvestment of IDCW Option;;INF277K012D2;1001.5187;1001.5187;1001.5187;28-Dec-2015
119861;Tata Liquid Fund- Direct Plan-Growth Option;INF277K01YE6;;2339.0152;2339.0152;2339.0152;28-Dec-2015
101714;Tata Liquid Fund- Regular Plan - Daily Reinvestment of IDCW Option;;INF277K011D4;1001.5157;1001.5157;1001.5157;28-Dec-2015

Taurus Mutual Fund
111915;Taurus Liquid Fund - Regular Plan - SI Growth Option;INF044D01534;;1605.4798;1605.4798;1605.4798;28-Dec-2015
113248;Taurus Liquid Fund - Regular Plan - SI Weekly Dividend Option;;INF044D01526;1000.2363;1000.2363;1000.2363;28-Dec-2015
111703;Taurus Liquid Fund - Regular Plan -SI Daily Dividend Option;;INF044D01518;1000.3136;1000.3136;1000.3136;28-Dec-2015
111760;Taurus Liquid Fund Insti Growth;INF044D01500;;1630.5159;1630.5159;1630.5159;28-Dec-2015
118891;Taurus Liquid Fund-Direct Plan-SI Daily Dividend Option;;INF044D01DI0;1000.3730;1000.3730;1000.3730;28-Dec-2015
118893;Taurus Liquid Fund-Direct Plan-SI Growth Option;INF044D01DK6;;1608.1367;1608.1367;1608.1367;28-Dec-2015
118892;Taurus Liquid Fund-Direct Plan-SI Weekly Dividend Option;;INF044D01DJ8;1000.2374;1000.2374;1000.2374;28-Dec-2015
104240;Taurus Liquid Fund-Dividend;INF044D01542;INF044D01559;1001.2176;1001.2176;1001.2176;28-Dec-2015
104241;Taurus Liquid Fund-Growth;INF044D01575;;1894.8065;1894.8065;1894.8065;28-Dec-2015

Union Mutual Fund
115401;Union Liquid Fund - Daily IDCW Option;;INF582M01021;1000.6489;1000.6489;1000.6489;28-Dec-2015
119301;Union Liquid Fund - Direct Plan - Daily IDCW Option;;INF582M01682;1000.6506;1000.6506;1000.6506;28-Dec-2015
119305;Union Liquid Fund - Direct Plan - Fortnightly IDCW Option;INF582M01724;INF582M01708;1003.9786;1003.9786;1003.9786;28-Dec-2015
119303;Union Liquid Fund - Direct Plan - Growth Option;INF582M01674;;1485.9494;1485.9494;1485.9494;28-Dec-2015
119302;Union Liquid Fund - Direct Plan - Monthly IDCW Option;INF582M01732;INF582M01716;1006.7894;1006.7894;1006.7894;28-Dec-2015
119304;Union Liquid Fund - Direct Plan - Weekly IDCW Option;;INF582M01690;1001.7294;1001.7294;1001.7294;28-Dec-2015
115399;Union Liquid Fund - Fortnightly IDCW Option;INF582M01062;INF582M01047;1003.9236;1003.9236;1003.9236;28-Dec-2015
115398;Union Liquid Fund - Growth Option;INF582M01013;;1482.4730;1482.4730;1482.4730;28-Dec-2015
115400;Union Liquid Fund - Monthly IDCW Option;INF582M01070;INF582M01054;1006.6870;1006.6870;1006.6870;28-Dec-2015
115402;Union Liquid Fund - Weekly IDCW Option;;INF582M01039;1001.7100;1001.7100;1001.7100;28-Dec-2015

UTI Mutual Fund
120558;UTI Liquid Fund - Direct Plan - Daily IDCW (Reinvestment);;INF789F01XP8;1019.4457;1019.4457;1019.4457;28-Dec-2015
120794;UTI Liquid Fund - Direct Plan - Monthly IDCW;INF789F01XR4;INF789F01XS2;1030.8113;1030.8113;1030.8113;28-Dec-2015
120777;UTI Liquid Fund - Direct Plan - Weekly IDCW;;INF789F01XT0;1054.0412;1054.0412;1054.0412;28-Dec-2015
133973;UTI Liquid Fund - Regular Plan - Annual IDCW;INF789FA1J66;INF789FA1J74;1069.784;1069.784;1069.784;28-Dec-2015
102010;UTI Liquid Fund - Regular Plan - Daily IDCW (Reinvestment);;INF789F01PG3;1019.4457;1019.4457;1019.4457;28-Dec-2015
102011;UTI Liquid Fund - Regular Plan - Monthly IDCW;INF789F01PI9;INF789F01PJ7;1030.7808;1030.7808;1030.7808;28-Dec-2015
135721;UTI Liquid Fund - Regular Plan - Quarterly IDCW;INF789FA1J25;INF789FA1J33;1010.064;1010.064;0;28-Dec-2015
102013;UTI Liquid Fund - Regular Plan - Weekly IDCW;;INF789F01PK5;1054.0343;1054.0343;1054.0343;28-Dec-2015
120304;UTI-  Liquid Cash Plan - Direct Plan - Growth Option;INF789F01XQ6;;2431.019;2431.019;2431.019;28-Dec-2015
102012;UTI-  Liquid Cash Plan - Regular Plan - Growth Option;INF789F01PH1;;2426.1104;2426.1104;2426.1104;28-Dec-2015
102008;UTI-  Liquid Cash Plan- Discontinued - Regular Plan - Monthly Dividend Option;INF789F01BC2;INF789F01BA6;1171.6834;1171.6834;0;28-Dec-2015
102009;UTI-  Liquid Cash Plan- Discontinued - Regular Plan -Growth;INF789F01BB4;;2313.0494;2313.0494;0;28-Dec-2015
102007;UTI-  Liquid Cash Plan- Discontinued -Regular Plan Periodic Dividend Option;;INF789F01AZ5;1137.2239;1137.2239;0;28-Dec-2015

Open Ended Schemes ( Debt Scheme - Ultra Short Duration Fund )


Aditya Birla Sun Life Mutual Fund
112016;Aditya Birla Sun Life Savings Fund - Discipline Advantage Plan;INF209K01JT8;;163.8653;163.8653;163.8653;28-Dec-2015
119501;Aditya Birla Sun Life Savings Fund - Growth - Direct Plan;INF209K01UR9;;287.1027;287.1027;287.1027;28-Dec-2015
101317;Aditya Birla Sun Life Savings Fund - Growth - Regular Plan;INF209K01LZ1;;286.2560;286.2560;286.2560;28-Dec-2015
119500;Aditya Birla Sun Life Savings Fund-DIRECT - DAILY IDCW;INF209K01UQ1;;100.2972;100.2972;100.2972;28-Dec-2015
119499;Aditya Birla Sun Life Savings Fund-DIRECT - WEEKLY IDCW;INF209K01US7;;100.2210;100.2210;100.2210;28-Dec-2015
105888;Aditya Birla Sun Life Savings Fund-Regular - DAILY IDCW;INF209K01LY4;;100.2970;100.2970;100.2970;28-Dec-2015
105887;Aditya Birla Sun Life Savings Fund-Regular - weekly IDCW;INF209K01MA2;;100.2173;100.2173;100.2173;28-Dec-2015
109108;Aditya Birla Sun Life Savings Fund-Retail - Daily IDCW;INF209K01MB0;;100.2963;100.2963;100.2963;28-Dec-2015
101316;Aditya Birla Sun Life Savings Fund-Retail Growth;INF209K01MC8;;276.9840;276.9840;276.9840;28-Dec-2015
105881;Aditya Birla Sun Life Savings Fund-Weekly - retail IDCW;INF209K01MD6;;100.2173;100.2173;100.2173;28-Dec-2015

Bank of India Mutual Fund
119380;BANK OF INDIA Ultra Short Duration Fund- Direct Plan- Daily IDCW;;INF761K01CT3;1002.9232;1002.9232;1002.9232;28-Dec-2015
119379;BANK OF INDIA Ultra Short Duration Fund- Direct Plan- Growth;INF761K01892;;1762.2521;1762.2521;1762.2521;28-Dec-2015
119381;BANK OF INDIA Ultra Short Duration Fund- Direct Plan- Weekly IDCW;;INF761K01CU1;1005.4022;1005.4022;1005.4022;28-Dec-2015
126389;BANK OF INDIA Ultra Short Duration Fund- Direct Plan-Bonus;INF761K01CS5;;1759.7851;1759.7851;1759.7851;28-Dec-2015
111970;BANK OF INDIA Ultra Short Duration Fund- Regular Plan- Daily IDCW;;INF761K01CW7;1002.9232;1002.9232;1002.9232;28-Dec-2015
109269;BANK OF INDIA Ultra Short Duration Fund- Regular Plan- Growth;INF761K01298;;1747.9754;1747.9754;1747.9754;28-Dec-2015
109264;BANK OF INDIA Ultra Short Duration Fund- Regular Plan- Weekly IDCW;;INF761K01CX5;1005.3566;1005.3566;1005.3566;28-Dec-2015

Canara Robeco Mutual Fund
118315;CANARA ROBECO ULTRA SHORT TERM FUND - DIRECT PLAN - DAILY IDCW (Reinvestment);;INF760K01GL3;1240.7100;1240.7100;1240.7100;28-Dec-2015
118317;CANARA ROBECO ULTRA SHORT TERM FUND - DIRECT PLAN - GROWTH OPTION;INF760K01GM1;;2270.4194;2270.4194;2270.4194;28-Dec-2015
118319;CANARA ROBECO ULTRA SHORT TERM FUND - DIRECT PLAN - IDCW (Payout/Reinvestment);INF760K01GN9;;1300.2829;1300.2829;1300.2829;28-Dec-2015
118318;CANARA ROBECO ULTRA SHORT TERM FUND - DIRECT PLAN - MONTHLY IDCW (Payout/Reinvestment);INF760K01GP4;INF760K01GO7;1005.9748;1005.9748;1005.9748;28-Dec-2015
118316;CANARA ROBECO ULTRA SHORT TERM FUND - DIRECT PLAN - WEEKLY IDCW (Payout/Reinvestment);INF760K01GQ2;INF760K01GR0;1241.9981;1241.9981;1241.9981;28-Dec-2015
106326;Canara Robeco Ultra Short Term Fund - Institutional Plan- Daily Dividend Reinvestment Option;;INF760K01DR7;1240.7100;1240.7100;1240.7100;28-Dec-2015
106330;Canara Robeco Ultra Short Term Fund - Institutional Plan- Growth option;INF760K01CN8;;2409.7716;2409.7716;2409.7716;28-Dec-2015
109372;CANARA ROBECO ULTRA SHORT TERM FUND - REGULAR PLAN - DAILY IDCW (Reinvestment);;INF760K01DA3;1240.7100;1240.7100;1240.7100;28-Dec-2015
109371;CANARA ROBECO ULTRA SHORT TERM FUND - REGULAR PLAN - GROWTH OPTION;INF760K01DC9;;2256.3621;2256.3621;2256.3621;28-Dec-2015
109370;CANARA ROBECO ULTRA SHORT TERM FUND - REGULAR PLAN - MONTHLY IDCW (Payout/Reinvestment);INF760K01CA5;INF760K01DD7;1006.1307;1006.1307;1006.1307;28-Dec-2015
109366;CANARA ROBECO ULTRA SHORT TERM FUND - REGULAR PLAN - WEEKLY IDCW (Payout/Reinvestment);INF760K01DE5;INF760K01DF2;1241.8793;1241.8793;1241.8793;28-Dec-2015
106325;Canara Robeco Ultra Short Term Fund - Retail Plan- Daily Dividend Reinvestment Option;;INF760K01CP3;1240.7100;1240.7100;1240.7100;28-Dec-2015
106329;Canara Robeco Ultra Short Term Fund - Retail Plan- Growth Option;INF760K01CR9;;2349.3641;2349.3641;2349.3641;28-Dec-2015
106324;Canara Robeco Ultra Short Term Fund - Retail Plan- Income option;INF760K01DQ9;INF760K01548;1616.9181;1616.9181;1616.9181;28-Dec-2015
109361;Canara Robeco Ultra Short Term Fund - Retail Plan- Monthly Div Reinvest;;INF760K01CS7;1247.0217;1247.0217;1247.0217;28-Dec-2015
109359;Canara Robeco Ultra Short Term Fund - Retail Plan- Weekly Div Reinvest;;INF760K01CT5;1241.8268;1241.8268;1241.8268;28-Dec-2015

DSP Mutual Fund
119205;DSP Ultra Short Fund - Direct Plan - Growth;INF740K01ON5;;2027.0367;2027.0367;2027.0367;28-Dec-2015
119206;DSP Ultra Short Fund - Direct Plan - IDCW;INF740K01OQ8;INF740K01OR6;1075.3363;1075.3363;1075.3363;28-Dec-2015
119203;DSP Ultra Short Fund - Direct Plan - IDCW - Daily;;INF740KA1NT0;1004.2306;1004.2306;1004.2306;28-Dec-2015
119204;DSP Ultra Short Fund - Direct Plan - IDCW - Monthly;INF740K01OO3;INF740K01OP0;1038.4669;1038.4669;1038.4669;28-Dec-2015
119207;DSP Ultra Short Fund - Direct Plan - IDCW - Weekly;INF740KA1NU8;INF740KA1NV6;1004.0500;1004.0500;1004.0500;28-Dec-2015
104138;DSP Ultra Short Fund - Regular Plan - Growth;INF740K01QQ3;;1996.2646;1996.2646;1996.2646;28-Dec-2015
104140;DSP Ultra Short Fund - Regular Plan - IDCW - Daily Reinvest;;INF740KA1NW4;1004.2306;1004.2306;1004.2306;28-Dec-2015
117063;DSP Ultra Short Fund - Regular Plan - IDCW - Monthly;INF740K01QS9;INF740K01QR1;1036.0680;1036.0680;1036.0680;28-Dec-2015
117995;DSP Ultra Short Fund - Regular Plan - IDCW - Payout;INF740K01MK5;;1070.9394;1070.9394;1070.9394;28-Dec-2015
104139;DSP Ultra Short Fund - Regular Plan - IDCW - Weekly Reinvest;;;1004.0497;1004.0497;1004.0497;28-Dec-2015

Franklin Templeton Mutual Fund
107248;Franklin India Ultra Short Bond Fund - Institutional - Growth;INF090I01CG8;;19.4199;19.4199;19.4199;28-Dec-2015
107251;Franklin India Ultra Short Bond Fund - Institutional Plan - Daily - IDCW;;INF090I01CD5;10.0015;10.0015;10.0015;28-Dec-2015
107247;Franklin India Ultra Short Bond Fund - Retail - Growth;INF090I01CK0;;19.1103;19.1103;19.1103;28-Dec-2015
107252;Franklin India Ultra Short Bond Fund - Retail Plan - Daily - IDCW;;INF090I01CH6;10.0512;10.0512;10.0512;28-Dec-2015
109575;Franklin India Ultra Short Bond Fund - Retail Plan - Weekly - IDCW;INF090I01CI4;INF090I01CJ2;10.1134;10.1134;10.1134;28-Dec-2015
107249;Franklin India Ultra Short Bond Fund - Super Institutional - Growth;INF090I01CN4;;19.8354;19.8354;19.8354;28-Dec-2015
107250;Franklin India Ultra Short Bond Fund - Super Institutional Plan - Daily - IDCW;;INF090I01CL8;10.0762;10.0762;10.0762;28-Dec-2015
118560;Franklin India Ultra Short Bond Fund - Super Institutional Plan - Direct - Growth;INF090I01JA6;;19.8731;19.8731;19.8731;28-Dec-2015
109576;Franklin India Ultra Short Bond Fund - Super Institutional Plan - Weekly - IDCW;INF090I01CM6;;10.0839;10.0839;10.0839;28-Dec-2015
118561;Franklin India Ultra Short Bond Fund Super Institutional Plan - Direct - Daily - IDCW;INF090I01JB4;;10.0598;10.0598;10.0598;28-Dec-2015
118562;Franklin India Ultra Short Bond Fund Super Institutional Plan - Direct - Weekly - IDCW;INF090I01JC2;;10.0984;10.0984;10.0984;28-Dec-2015

Groww Mutual Fund
116610;Indiabulls Ultra Short Term Fund - Daily Dividend Option;;INF666M01196;1002.1120;1002.1120;1002.1120;28-Dec-2015
119144;Indiabulls Ultra Short Term Fund - Direct Plan - Daily Dividend Option;;INF666M01634;1004.3508;1004.3508;1004.3508;28-Dec-2015
119146;Indiabulls Ultra Short Term Fund - Direct Plan - Fortnightly Dividend Option;INF666M01584;INF666M01550;1004.6352;1004.6352;1004.6352;28-Dec-2015
119143;Indiabulls Ultra Short Term Fund - Direct Plan - Growth Option;INF666M01535;;1443.4195;1443.4195;1443.4195;28-Dec-2015
119147;Indiabulls Ultra Short Term Fund - Direct Plan - Monthly Dividend Option;INF666M01592;INF666M01568;1007.3346;1007.3346;1007.3346;28-Dec-2015
119145;Indiabulls Ultra Short Term Fund - Direct Plan - Weekly Dividend Option;INF666M01576;INF666M01543;1001.2487;1001.2487;1001.2487;28-Dec-2015
116424;Indiabulls Ultra Short Term Fund - Growth Option;INF666M01097;;1422.7912;1422.7912;1422.7912;28-Dec-2015
116427;Indiabulls Ultra Short Term Fund - Monthly Dividend Option;INF666M01154;INF666M01121;1007.1547;1007.1547;1007.1547;28-Dec-2015
116425;Indiabulls Ultra Short Term Fund - Weekly Dividend Option;INF666M01139;INF666M01105;1001.1894;1001.1894;1001.1894;28-Dec-2015

ICICI Prudential Mutual Fund
120676;ICICI Prudential Ultra Short Term Fund - Direct Plan -  Growth;INF109K01T04;;14.9322;14.7829;14.9322;28-Dec-2015
120678;ICICI Prudential Ultra Short Term Fund - Direct Plan -  Half Yearly IDCW;INF109K01T12;INF109K01T20;10.8456;10.7371;10.8456;28-Dec-2015
120677;ICICI Prudential Ultra Short Term Fund - Direct Plan -  Monthly IDCW;INF109K01T38;INF109K01T46;10.7276;10.6203;10.7276;28-Dec-2015
120675;ICICI Prudential Ultra Short Term Fund - Direct Plan -  Quarterly IDCW;INF109K01T53;INF109K01T61;10.8043;10.6963;10.8043;28-Dec-2015
130942;ICICI Prudential Ultra Short Term Fund - Direct Plan Bonus;INF109KA1H69;;11.1556;11.0440;11.1556;28-Dec-2015
115092;ICICI Prudential Ultra Short Term Fund - Growth;INF109K01TP7;;14.6312;14.4849;14.6312;28-Dec-2015
115093;ICICI Prudential Ultra Short Term Fund - Half Yearly IDCW;INF109K01TV5;INF109K01TU7;10.7773;10.6695;10.7773;28-Dec-2015
115094;ICICI Prudential Ultra Short Term Fund - Monthly IDCW;INF109K01TR3;INF109K01TQ5;10.6614;10.5548;10.6614;28-Dec-2015
115091;ICICI Prudential Ultra Short Term Fund - Quarterly IDCW;INF109K01TT9;INF109K01TS1;10.6745;10.5678;10.6745;28-Dec-2015

IDBI Mutual Fund
126166;IDBI UST Bonus Direct;INF397L01FN0;;1583.4223;1583.4223;1583.4223;28-Dec-2015
126165;IDBI UST Bonus Regular;INF397L01FM2;;1566.9806;1566.9806;1566.9806;28-Dec-2015
113252;IDBI UST Daily IDCW;;INF397L01695;1007.7776;1007.7776;1007.7776;28-Dec-2015
118459;IDBI UST Daily IDCW Direct;;INF397L01AQ4;1026.4547;1026.4547;1026.4547;28-Dec-2015
113251;IDBI UST Growth;INF397L01745;;1566.9372;1566.9372;1566.9372;28-Dec-2015
118350;IDBI UST Growth Direct;INF397L01AV4;;1584.1946;1584.1946;1584.1946;28-Dec-2015
113254;IDBI UST Monthly IDCW;INF397L01711;INF397L01703;1028.0927;1028.0927;1028.0927;28-Dec-2015
118460;IDBI UST Monthly IDCW Direct;INF397L01AS0;INF397L01AR2;1190.6756;1190.6756;1190.6756;28-Dec-2015
113253;IDBI UST Weekly IDCW;INF397L01737;INF397L01729;1025.8585;1025.8585;1025.8585;28-Dec-2015
118461;IDBI UST Weekly IDCW Direct;INF397L01AU6;INF397L01AT8;1032.5444;1032.5444;1032.5444;28-Dec-2015

Invesco Mutual Fund
122802;Invesco India Medium Term Bond Fund - Bonus Option;INF205K01VD5;;1488.6373;1488.6373;1488.6373;28-Dec-2015
114361;Invesco India Ultra Short Duration Fund - Annual IDCW (Payout / Reinvestment);INF205K01TD9;INF205K01TE7;1245.0753;1245.0753;1245.0753;28-Dec-2015
120543;Invesco India Ultra Short Duration Fund - Direct Plan - Annual IDCW (Payout / Reinvestment);INF205K01TF4;INF205K01TG2;1161.2472;1161.2472;1161.2472;28-Dec-2015
120541;Invesco India Ultra Short Duration Fund - Direct Plan - Growth;INF205K01TH0;;1514.7996;1514.7996;1514.7996;28-Dec-2015
120542;Invesco India Ultra Short Duration Fund - Direct Plan - Monthly IDCW (Payout / Reinvestment);INF205K01TI8;INF205K01TJ6;1192.2188;1192.2188;1192.2188;28-Dec-2015
120544;Invesco India Ultra Short Duration Fund - Direct Plan - Quarterly IDCW (Payout / Reinvestment);INF205K01TK4;INF205K01TL2;1029.7636;1029.7636;1029.7636;28-Dec-2015
114359;Invesco India Ultra Short Duration Fund - Growth;INF205K01TM0;;1488.5257;1488.5257;1488.5257;28-Dec-2015
114362;Invesco India Ultra Short Duration Fund - Monthly IDCW (Payout / Reinvestment);INF205K01TN8;INF205K01TO6;1021.0284;1021.0284;1021.0284;28-Dec-2015
114360;Invesco India Ultra Short Duration Fund - Quarterly IDCW (Payout / Reinvestment);INF205K01TP3;INF205K01TQ1;1180.8719;1180.8719;1180.8719;28-Dec-2015
122803;Religare Invesco Medium Term Bond Fund - Direct Plan - Bonus Option;INF205K01VM6;;1513.7980;1513.7980;1513.7980;28-Dec-2015

JM Financial Mutual Fund
120459;JM Money Manager Fund - Super Plan (Direct) - Daily Dividend Option;;;10.0419;10.0419;10.0419;28-Dec-2015
120462;JM Money Manager Fund - Super Plan (Direct) - Fortnightly Dividend Option;;;10.3451;10.3451;10.3451;28-Dec-2015
120463;JM Money Manager Fund - Super Plan (Direct) - Growth Option;;;21.2435;21.2435;21.2435;28-Dec-2015
120460;JM Money Manager Fund - Super Plan (Direct) - Weekly Dividend Option;;;10.6701;10.6701;10.6701;28-Dec-2015
122319;JM Money Manager Fund - Super Plan - Bonus Option - Principal Units;;;11.7693;11.7693;11.7693;28-Dec-2015
104270;JM Money Manager Fund - Super Plan - Dividend option - Daily dividend;;;10.0333;10.0333;10.0333;28-Dec-2015
106100;JM Money Manager Fund - Super Plan - Dividend option - Fortnightly;;;10.3287;10.3287;10.3287;28-Dec-2015
106099;JM Money Manager Fund - Super Plan - Dividend option - Weekly dividend;;;10.6551;10.6551;10.6551;28-Dec-2015
104269;JM Money Manager Fund - Super Plan - Growth Plan;;;21.1258;21.1258;21.1258;28-Dec-2015
122320;JM Money Manager Fund - Super Plus Plan (Direct) - Bonus Option - Principal units;;;12.6713;12.6713;12.6713;28-Dec-2015
120464;JM Money Manager Fund - Super Plus Plan (Direct) - Daily Dividend Option;;;10.0284;10.0284;10.0284;28-Dec-2015
120456;JM Money Manager Fund - Super Plus Plan (Direct) - Fortnightly Dividend Option;;;10.3806;10.3806;10.3806;28-Dec-2015
120461;JM Money Manager Fund - Super Plus Plan (Direct) - Growth Option;;;21.0346;21.0346;21.0346;28-Dec-2015
120453;JM Money Manager Fund - Super Plus Plan (Direct) - Weekly Dividend Option;;;10.6678;10.6678;10.6678;28-Dec-2015
122321;JM Money Manager Fund - Super Plus Plan - Bonus Option - Principal units;;;12.6334;12.6334;12.6334;28-Dec-2015
104268;JM Money Manager Fund - Super Plus Plan - Dividend option - Daily dividend;;;10.0208;10.0208;10.0208;28-Dec-2015
106103;JM Money Manager Fund - Super Plus Plan - Dividend option - Fortnightly;;;10.3652;10.3652;10.3652;28-Dec-2015
106102;JM Money Manager Fund - Super Plus Plan - Dividend option - Weekly dividend;;;10.6518;10.6518;10.6518;28-Dec-2015
104267;JM Money Manager Fund - Super Plus Plan - Growth option;;;20.9714;20.9714;20.9714;28-Dec-2015
122318;JM Money Manger Fund - Super Plan (Direct) Bonus Option Principal Units;;;11.8094;11.8094;11.8094;28-Dec-2015
122316;JM Ultra Short Duration Fund (Direct) - Bonus Option - Principal Units;INF192K01FD8;;20.8848;20.8848;20.8848;28-Dec-2015
120457;JM Ultra Short Duration Fund (Direct) - Fortnightly Dividend Option;;INF192K01DN2;10.2904;10.2904;10.2904;28-Dec-2015
120458;JM Ultra Short Duration Fund - (Direct) - Growth Option;INF192K01DO0;;20.7868;20.7868;20.7868;28-Dec-2015
120454;JM Ultra Short Duration Fund - (Direct) -Daily Dividend Option;;INF192K01DL6;10.0350;10.0350;10.0350;28-Dec-2015
120455;JM Ultra Short Duration Fund - (Direct) -Weekly Dividend Option;;INF192K01DM4;10.6387;10.6387;10.6387;28-Dec-2015
122317;JM Ultra Short Duration Fund - Bonus Option - Principal Units;INF192K01FB2;;20.7011;20.7011;20.7011;28-Dec-2015
104272;JM Ultra Short Duration Fund - Daily Dividend;;INF192K01AN8;10.0350;10.0350;10.0350;28-Dec-2015
106101;JM Ultra Short Duration Fund - Fortnightly Dividend;;INF192K01AP3;10.2636;10.2636;10.2636;28-Dec-2015
104271;JM Ultra Short Duration Fund - Growth option;INF192K01AQ1;;20.6208;20.6208;20.6208;28-Dec-2015
106104;JM Ultra Short Duration Fund - Weekly Dividend;;INF192K01AO6;10.6224;10.6224;10.6224;28-Dec-2015

Kotak Mahindra Mutual Fund
102591;Kotak Savings Fund -Growth;INF174K01FD6;;23.6449;23.6449;23.6449;28-Dec-2015
102592;Kotak Savings Fund -Monthly Payout of Income Distribution cum capital withdrawal option;INF174K01FH7;;10.1059;10.1059;10.1059;28-Dec-2015
102590;Kotak Savings Fund -Weekly Weekly Reinvestment of Income Distribution cum capital withdrawal option;INF174K01FF1;;10.1558;10.1558;10.1558;28-Dec-2015
119750;Kotak Savings Fund-Growth - Direct;INF174K01JP2;;23.8279;23.8279;23.8279;28-Dec-2015
119751;Kotak Savings Fund-Monthly Payout of Income Distribution cum capital withdrawal option - Direct;INF174K01JQ0;;10.7427;10.7427;10.7427;28-Dec-2015
119752;Kotak Savings Fund-Weekly Weekly Reinvestment of Income Distribution cum capital withdrawal option- Direct;INF174K01JR8;;10.1722;10.1722;10.1722;28-Dec-2015
110575;Kotak Treasury Advantage Fund -Daily Reinvestment of Income Distribution cum capital withdrawal option;INF174K01FE4;;10.0798;10.0798;10.0798;28-Dec-2015
119749;Kotak Treasury Advantage Fund -Daily Reinvestment of Income Distribution cum capital withdrawal option - Direct;INF174K01JT4;;10.0798;10.0798;10.0798;28-Dec-2015

L&T Mutual Fund
129925;L&T Ultra Short Term Fund - Direct Plan - Bonus;INF917K01QK0;;13.2247;13.2247;13.2247;28-Dec-2015
134705;L&T Ultra Short Term Fund - Direct Plan - Semi Annual Dividend;INF917K01HW4;INF917K01HV6;10.3200;10.3200;10.3200;28-Dec-2015
129926;L&T Ultra Short Term Fund - Regular Plan - Bonus;INF917K01QJ2;;13.1139;13.1139;13.1139;28-Dec-2015
112423;L&T Ultra Short Term Fund - Regular Plan - Growth;INF917K01AS7;;24.0420;24.0420;24.0420;28-Dec-2015
112422;L&T Ultra Short Term Fund -Regular - Cumulative;INF917K01AN8;;23.1354;23.1354;23.1354;28-Dec-2015
119848;L&T Ultra Short Term Fund- Direct Plan - Daily IDCW;;INF917K01HX2;10.3495;10.3495;10.3495;28-Dec-2015
119850;L&T Ultra Short Term Fund- Direct Plan- Weekly IDCW;INF917K01HZ7;INF917K01HY0;10.8027;10.8027;10.8027;28-Dec-2015
112425;L&T Ultra Short Term Fund- Regular Plan - Daily IDCW;;INF917K01AX7;10.1689;10.1689;10.1689;28-Dec-2015
119849;L&T Ultra Short Term Fund-Direct Plan - Growth;INF917K01HS2;;24.2449;24.2449;24.2449;28-Dec-2015
112424;L&T Ultra Short Term Fund-Regular Plan - Weekly IDCW;INF917K01AV1;INF917K01AW9;10.6584;10.6584;10.6584;28-Dec-2015
112421;L&T Ultra Short Term Fund-Regular Plan -Monthly Dividend;INF917K01AL2;INF917K01AM0;12.0923;12.0923;12.0923;28-Dec-2015
112461;L&T Ultra Short Term Fund - Regular Plan -Semi Annual IDCW;INF917K01AO6;INF917K01AP3;18.1783;18.1783;18.1783;28-Dec-2015
112475;L&T Ultra Short Term Fund - Regular Plan - Monthly IDCW;INF917K01AQ1;INF917K01AR9;12.6775;12.6775;12.6775;28-Dec-2015
119851;L&T Ultra Short Term Fund-Direct Plan -Monthly IDCW;INF917K01HU8;INF917K01HT0;12.7204;12.7204;12.7204;28-Dec-2015

Motilal Oswal Mutual Fund
124234;Motilal Oswal Ultra Short Term Fund (MOFUSTF) -Direct Plan- Growth;INF247L01247;;11.9471;11.9471;11.9471;28-Dec-2015
124233;Motilal Oswal Ultra Short Term Fund (MOFUSTF)-Regular Plan- Growth;INF247L01213;;11.7671;11.7671;11.7671;28-Dec-2015
124316;Motilal Oswal Ultra Short Term Fund Direct - IDCW Daily Reinvestment;;INF247L01346;10.0000;10.0000;10.0000;28-Dec-2015
124311;Motilal Oswal Ultra Short Term Fund Direct - IDCW Fortnightly Reinvestment;;INF247L01361;10.0261;10.0261;10.0261;28-Dec-2015
124312;Motilal Oswal Ultra Short Term Fund Direct - IDCW Quarterly Payout/Reinvestment;INF247L01403;INF247L01387;10.1890;10.1890;10.1890;28-Dec-2015
124306;Motilal Oswal Ultra Short Term Fund Direct - IDCW Weekly Reinvestment;;INF247L01353;10.0155;10.0155;10.0155;28-Dec-2015
124308;Motilal Oswal Ultra Short Term Fund Direct Plan - IDCW Monthly Payout/Reinvestment;INF247L01395;INF247L01379;10.0486;10.0486;10.0486;28-Dec-2015
124303;Motilal Oswal Ultra Short Term Fund Regular - IDCW Daily Reinvestment;;INF247L01270;10.0000;10.0000;10.0000;28-Dec-2015
124313;Motilal Oswal Ultra Short Term Fund Regular - IDCW Fortnightly Reinvestment;;INF247L01296;10.0243;10.0243;10.0243;28-Dec-2015
124315;Motilal Oswal Ultra Short Term Fund Regular - IDCW Monthly Payout/Reinvestment;INF247L01320;INF247L01304;10.0450;10.0450;10.0450;28-Dec-2015
124305;Motilal Oswal Ultra Short Term Fund Regular - IDCW Quarterly Payout/Reinvestment;INF247L01338;INF247L01312;10.1780;10.1780;10.1780;28-Dec-2015
124310;Motilal Oswal Ultra Short Term Fund Regular - IDCW Weekly Reinvestment;;INF247L01288;10.0121;10.0121;10.0121;28-Dec-2015

Navi Mutual Fund
119185;Navi Ultra Short Term Fund - Direct Plan Daily IDCW - ReInvestment;;INF959L01BL0;1006.6500;1006.6500;1006.6500;28-Dec-2015
119187;Navi Ultra Short Term Fund - Direct Plan Monthly IDCW Payout;INF959L01BF2;INF959L01BG0;1019.1495;1019.1495;1019.1495;28-Dec-2015
119188;Navi Ultra Short Term Fund - Direct Plan Weekly IDCW - Payout;INF959L01BI6;INF959L01BJ4;1005.5750;1005.5750;1005.5750;28-Dec-2015
119186;Navi Ultra Short Term Fund - Direct Plan-Growth Option;INF959L01BC9;;1646.4945;1646.4945;1646.4945;28-Dec-2015
112648;Navi Ultra Short Term Fund - Regular Plan Daily IDCW;;INF959L01BM8;1005.4600;1005.4600;1005.4600;28-Dec-2015
112649;Navi Ultra Short Term Fund - Regular Plan Monthly IDCW;INF959L01BN6;INF959L01BP1;1008.4755;1008.4755;1008.4755;28-Dec-2015
112658;Navi Ultra Short Term Fund - Regular Plan Weekly IDCW;INF959L01BQ9;INF959L01AY5;1004.7683;1004.7683;1004.7683;28-Dec-2015
112408;Navi Ultra Short Term Fund - Regular Plan-Growth Option;INF959L01BH8;;1624.2778;1624.2778;1624.2778;28-Dec-2015

Principal Mutual Fund
119475;Principal Ultra Short Term Fund- Direct Plan - Income Distribution CUM Capital Withdrawal Option - Monthly;INF173K01HK9;INF173K01HJ1;1059.9778;1059.9778;1059.9778;28-Dec-2015
119474;Principal Ultra Short Term Fund- Direct Plan -Growth Option;INF173K01HI3;;1684.3920;1684.3920;1684.3920;28-Dec-2015
107329;Principal Ultra Short Term Fund-Daily Income Distribution CUM Capital Withdrawal Option;;INF173K01CV7;1005.4300;1005.4300;1005.4300;28-Dec-2015
107328;Principal Ultra Short Term Fund-Growth Option;INF173K01CU9;;1679.8936;1679.8936;1679.8936;28-Dec-2015
107330;Principal Ultra Short Term Fund-Monthly Income Distribution CUM Capital Withdrawal Option;INF173K01CB9;INF173K01CC7;1059.9279;1059.9279;1059.9279;28-Dec-2015
107332;Principal Ultra Short Term Fund-Weekly Income Distribution CUM Capital Withdrawal Option;;INF173K01CW5;1013.7549;1013.7549;1013.7549;28-Dec-2015

SBI Mutual Fund
119784;SBI Magnum Ultra Short Duration Fund - Direct Plan - Daily Income Distribution cum Capital Withdrawal Option (IDCW);;INF200K01TG3;1675.03;1673.355;1675.03;28-Dec-2015
119828;SBI MAGNUM ULTRA SHORT DURATION FUND - DIRECT PLAN - GROWTH;INF200K01TF5;;3282.2756;3278.9933;3282.2756;28-Dec-2015
119829;SBI Magnum Ultra Short Duration Fund - Direct Plan - Weekly Income Distribution cum Capital Withdrawal Option (IDCW);INF200K01TH1;INF200K01TI9;1078.0283;1076.9503;1078.0283;28-Dec-2015
105080;SBI Magnum Ultra Short Duration Fund - Regular Plan - Daily Income Distribution cum Capital Withdrawal Option (IDCW);;INF200K01LK2;1675.03;1673.355;1675.03;28-Dec-2015
100641;SBI MAGNUM ULTRA SHORT DURATION FUND - REGULAR PLAN - GROWTH;INF200K01LJ4;;3275.4628;3272.1873;3275.4628;28-Dec-2015
103884;SBI Magnum Ultra Short Duration Fund - Regular Plan - Weekly Income Distribution cum Capital Withdrawal Option (IDCW);INF200K01LM8;INF200K01LL0;1078.0248;1076.9468;1078.0248;28-Dec-2015

UTI Mutual Fund
120744;UTI Ultra Short Duration Fund - Direct Plan - Daily IDCW (Reinvestment);INF789F01TG5;INF789F01TH3;1076.8777;1076.8777;1076.8777;28-Dec-2015
121892;UTI Ultra Short Duration Fund - Direct Plan - Flexi IDCW;INF789FB1KQ0;INF789FB1KR8;1250.559;1250.559;1250.559;28-Dec-2015
120746;UTI Ultra Short Duration Fund - Direct Plan - Growth Option;INF789F01TI1;;2431.0564;2431.0564;2431.0564;28-Dec-2015
131444;UTI Ultra Short Duration Fund - Direct Plan - Monthly IDCW;INF789FA1P84;INF789FA1P92;1065.8203;1065.8203;1065.8203;28-Dec-2015
133059;UTI Ultra Short Duration Fund - Direct Plan - Quarterly IDCW;INF789FA1Q00;INF789FA1Q18;1043.9731;1043.9731;1043.9731;28-Dec-2015
120745;UTI Ultra Short Duration Fund - Direct Plan - Weekly IDCW (Reinvestment);INF789FB1S63;;1113.1064;1113.1064;1113.1064;28-Dec-2015
112083;UTI Ultra Short Duration Fund - Discontinued - INSTN GROWTH OPTION;INF789F01PM1;;1682.1344;1682.1344;0;28-Dec-2015
112082;UTI Ultra Short Duration Fund - Discontinued - INSTN PLAN - PERIODIC DIVIDEND OPTION;;INF789F01PL3;1005.0493;1005.0493;0;28-Dec-2015
134484;UTI Ultra Short Duration Fund - Regular Plan - Annual IDCW;INF789FA1P43;INF789FA1P50;1026.2548;1026.2548;1026.2548;28-Dec-2015
109501;UTI Ultra Short Duration Fund - Regular Plan - Daily IDCW (Reinvestment);;INF789F01554;1076.8777;1076.8777;1076.8777;28-Dec-2015
121891;UTI Ultra Short Duration Fund - Regular Plan - Flexi IDCW;INF789FB1KS6;INF789FB1KT4;1196.2557;1196.2557;1196.2557;28-Dec-2015
131511;UTI Ultra Short Duration Fund - Regular Plan - Fortnightly IDCW;INF789FA1O69;INF789FA1O77;1109.1378;1109.1378;1109.1378;28-Dec-2015
102532;UTI Ultra Short Duration Fund - Regular Plan - Growth Option;INF789F01570;;2391.0245;2391.0245;2391.0245;28-Dec-2015
134799;UTI Ultra Short Duration Fund - Regular Plan - Half-Yearly IDCW;INF789FA1P27;INF789FA1P35;1030.3049;1030.3049;0;28-Dec-2015
131445;UTI Ultra Short Duration Fund - Regular Plan - Monthly IDCW;INF789FA1O85;INF789FA1O93;1050.6596;1050.6596;1050.6596;28-Dec-2015
133873;UTI Ultra Short Duration Fund - Regular Plan - Quarterly IDCW;INF789FA1P01;INF789FA1P19;1032.5997;1032.5997;1032.5997;28-Dec-2015
102531;UTI Ultra Short Duration Fund - Regular Plan - Weekly IDCW (Reinvestment);;INF789F01562;1113.0112;1113.0112;1113.0112;28-Dec-2015

Open Ended Schemes ( Debt Scheme - Low Duration Fund )


Aditya Birla Sun Life Mutual Fund
119523;Aditya Birla Sun Life Low duration Fund - Growth - Direct Plan;INF209K01XU7;;364.0904;364.0904;364.0904;28-Dec-2015
103192;Aditya Birla Sun Life Low Duration Fund - Growth Plan;INF209K01LQ0;;355.2322;355.2322;355.2322;28-Dec-2015
103195;Aditya Birla Sun Life Low Duration Fund - Institutional Plan - Growth;INF209K01KE8;;249.0686;249.0686;249.0686;28-Dec-2015
119524;Aditya Birla Sun Life Low Duration Fund -Direct - daily IDCW;INF209K01XW3;;100.3629;100.3629;100.3629;28-Dec-2015
119522;Aditya Birla Sun Life Low Duration Fund -Direct - weekly IDCW;;INF209K01XV5;100.1473;100.1473;100.1473;28-Dec-2015
103191;Aditya Birla Sun Life Low Duration Fund -INSTITUTIONAL - DAILY IDCW;;INF209K01KD0;100.2105;100.2105;100.2105;28-Dec-2015
103194;Aditya Birla Sun Life Low Duration Fund -Institutional - weekly  IDCW;;INF209K01KG3;100.1391;100.1391;100.1391;28-Dec-2015
113307;Aditya Birla Sun Life Low Duration Fund -Regular - DAILY IDCW;;INF209KA1LP6;100.2933;100.2933;100.2933;28-Dec-2015
103193;Aditya Birla Sun Life Low Duration Fund -REGULAR - WEEKLY IDCW;;INF209KA1LQ4;100.1443;100.1443;100.1443;28-Dec-2015

Axis Mutual Fund
128961;Axis Treasury Advantage Fund - Direct Plan - Bonus Option;INF846K01NQ5;;1664.8138;1664.8138;1664.8138;28-Dec-2015
120515;Axis Treasury Advantage Fund - Direct Plan - Daily IDCW;;INF846K01EQ4;1004.6832;1004.6832;1004.6832;28-Dec-2015
120513;Axis Treasury Advantage Fund - Direct Plan - Growth Option;INF846K01EN1;;1666.2702;1666.2702;1666.2702;28-Dec-2015
120516;Axis Treasury Advantage Fund - Direct Plan - Monthly IDCW;INF846K01EO9;INF846K01EP6;1002.1786;1002.1786;1002.1786;28-Dec-2015
120514;Axis Treasury Advantage Fund - Direct Plan - Weekly IDCW;INF846K01ER2;INF846K01ES0;1003.8937;1003.8937;1003.8937;28-Dec-2015
112215;Axis Treasury Advantage Fund - Regular Plan - Daily IDCW;;INF846K01545;1003.8293;1003.8293;1003.8293;28-Dec-2015
112214;Axis Treasury Advantage Fund - Regular Plan - Growth Option;INF846K01537;;1647.6150;1647.6150;1647.6150;28-Dec-2015
112217;Axis Treasury Advantage Fund - Regular Plan - Monthly IDCW;INF846K01578;INF846K01586;1002.1794;1002.1794;1002.1794;28-Dec-2015
112216;Axis Treasury Advantage Fund - Regular Plan - Weekly IDCW;INF846K01552;INF846K01560;1002.6779;1002.6779;1002.6779;28-Dec-2015
112720;Axis Treasury Advantage Fund - Retail Plan - Daily IDCW;;INF846K01487;1003.1061;1003.1061;1003.1061;28-Dec-2015
112717;Axis Treasury Advantage Fund - Retail Plan - Growth Option;INF846K01479;;1561.3298;1561.3298;1561.3298;28-Dec-2015
112718;Axis Treasury Advantage Fund - Retail Plan - Monthly IDCW;INF846K01511;INF846K01529;1002.1805;1002.1805;1002.1805;28-Dec-2015
112719;Axis Treasury Advantage Fund - Retail Plan - Weekly IDCW;INF846K01495;INF846K01503;1002.4512;1002.4512;1002.4512;28-Dec-2015

Bandhan Mutual Fund
108633;BANDHAN Low Duration Fund - Regular Plan - Daily IDCW;INF194K01FW4;INF194K01FV6;10.0197;10.0197;10.0197;28-Dec-2015
108632;BANDHAN Low Duration Fund - Regular Plan - Growth;INF194K01FU8;;20.7489;20.7489;20.7489;28-Dec-2015
108635;BANDHAN Low Duration Fund - Regular Plan - Monthly IDCW;INF194K01FZ7;INF194K01FY0;10.1514;10.1514;10.1514;28-Dec-2015
116020;BANDHAN Low Duration Fund - Regular Plan - Periodic IDCW;INF194K01I29;INF194K01I37;11.2035;11.2035;11.2035;28-Dec-2015
116413;BANDHAN Low Duration Fund - Regular Plan - Quarterly IDCW;INF194K01UR3;INF194K01US1;10.4759;10.4759;10.4759;28-Dec-2015
108634;BANDHAN Low Duration Fund - Regular Plan - Weekly IDCW;INF194K01GC4;INF194K01GB6;10.0406;10.0406;10.0406;28-Dec-2015
118368;BANDHAN Low Duration Fund-Direct Plan-Daily IDCW;;INF194K01J85;10.0551;10.0551;10.0551;28-Dec-2015
118371;BANDHAN Low Duration Fund-Direct Plan-Growth;INF194K01J77;;20.8208;20.8208;20.8208;28-Dec-2015
118372;BANDHAN Low Duration Fund-Direct Plan-Monthly IDCW;INF194K01K17;INF194K01K09;10.1660;10.1660;10.1660;28-Dec-2015
118370;BANDHAN Low Duration Fund-Direct Plan-Periodic IDCW;INF194K01K82;INF194K01K90;11.2089;11.2089;11.2089;28-Dec-2015
118369;BANDHAN Low Duration Fund-Direct Plan-Quarterly IDCW;INF194K01K58;INF194K01K66;10.3802;10.3802;10.3802;28-Dec-2015
118373;BANDHAN Low Duration Fund-Direct Plan-Weekly IDCW;;INF194K01K33;10.0315;10.0315;10.0315;28-Dec-2015

Baroda BNP Paribas Mutual Fund
125137;Baroda Pioneer Treasury Advantage Fund - Plan B (Direct) - Bonus Option;INF955L01EA5;;1710.4115;1710.4115;1710.4115;28-Dec-2015
125136;Baroda Treasury Advantage Fund - Plan A - Bonus Option;INF955L01DZ4;;1683.9671;1683.9671;1683.9671;28-Dec-2015
119309;Baroda Treasury Advantage Fund - Plan B (Direct) - Daily IDCW Option;INF955L01BE3;;1008.8997;1008.8997;1008.8997;28-Dec-2015
119410;Baroda Treasury Advantage Fund - Plan B (Direct) - Growth Option;INF955L01BF0;;1710.5672;1710.5672;1710.5672;28-Dec-2015
119411;Baroda Treasury Advantage Fund - Plan B (Direct) - Monthly IDCW Option;INF955L01BG8;;1001.4348;1001.4348;1001.4348;28-Dec-2015
119439;Baroda Treasury Advantage Fund - Plan B (Direct) - Quarterly IDCW Option;INF955L01BK0;;1031.4245;1031.4245;1031.4245;28-Dec-2015
119409;Baroda Treasury Advantage Fund - Plan B (Direct) - Weekly IDCW Option;INF955L01BI4;;1001.3634;1001.3634;1001.3634;28-Dec-2015
112032;Baroda Treasury Advantage Fund- Plan A- Daily IDCW Option;INF955L01294;INF955L01302;1027.4856;1027.4856;1027.4856;28-Dec-2015
112029;Baroda Treasury Advantage Fund- Plan A- Growth Option;INF955L01310;;1696.1381;1696.1381;1696.1381;28-Dec-2015
112035;Baroda Treasury Advantage Fund- Plan A- Monthly IDCW Option;INF955L01344;INF955L01351;1001.3684;1001.3684;1001.3684;28-Dec-2015
112034;Baroda Treasury Advantage Fund- Plan A- Quarterly IDCW Option;INF955L01BM6;;1029.3420;1029.3420;1029.3420;28-Dec-2015
112033;Baroda Treasury Advantage Fund- Plan A- Weekly IDCW Option;INF955L01328;INF955L01336;1018.3602;1018.3602;1018.3602;28-Dec-2015
112025;Baroda Treasury Advantage Fund- Regular Plan - Daily IDCW Option;INF955L01369;INF955L01377;1002.7120;1002.7120;1002.7120;28-Dec-2015
112031;Baroda Treasury Advantage Fund- Regular Plan - Growth Option;INF955L01385;;1664.5097;1664.5097;1664.5097;28-Dec-2015
112027;Baroda Treasury Advantage Fund- Regular Plan - Monthly IDCW Option;INF955L01393;INF955L01401;1001.1897;1001.1897;1001.1897;28-Dec-2015
112028;Baroda Treasury Advantage Fund- Regular Plan - Quarterly IDCW Option;;;1130.2234;1130.2234;1130.2234;28-Dec-2015
112026;Baroda Treasury Advantage Fund- Regular Plan - Weekly IDCW Option;INF955L01419;INF955L01427;1001.1023;1001.1023;1001.1023;28-Dec-2015

BNP Paribas Mutual Fund
120007;BNP Paribas LOW DURATION Fund - Direct Plan - Daily Income Distribution cum Capital Withdrawal Option;;INF251K01GK5;10.0835;10.0835;10.0835;28-Dec-2015
120008;BNP Paribas LOW DURATION Fund - Direct Plan - Growth Option;INF251K01GJ7;;22.7453;22.7453;22.7453;28-Dec-2015
120009;BNP Paribas LOW DURATION Fund - Direct Plan - Monthly Income Distribution cum Capital Withdrawal Option;INF251K01GN9;INF251K01GO7;10.0000;10.0000;10.0000;28-Dec-2015
120010;BNP Paribas LOW DURATION Fund - Direct Plan - Weekly Income Distribution cum Capital Withdrawal Option;INF251K01GL3;INF251K01GM1;10.0102;10.0102;10.0102;28-Dec-2015
117944;BNP PARIBAS LOW DURATION FUND DAILY Income Distribution cum Capital Withdrawal OPTION;;INF251K01DR7;10.0604;10.0604;10.0604;28-Dec-2015
117945;BNP PARIBAS LOW DURATION FUND GROWTH OPTION;INF251K01DQ9;;22.2699;22.2699;22.2699;28-Dec-2015
117947;BNP PARIBAS LOW DURATION FUND MONTHLY Income Distribution cum Capital Withdrawal OPTION;INF251K01DU1;INF251K01DV9;10.0092;10.0092;10.0092;28-Dec-2015
117946;BNP PARIBAS LOW DURATION FUND WEEKLY Income Distribution cum Capital Withdrawal OPTION;INF251K01DS5;INF251K01DT3;10.0102;10.0102;10.0102;28-Dec-2015
113483;BNP PARIBAS LOW DURATION Fund-Regular Plan- Daily Income Distribution cum Capital Withdrawal Option (Compulsory Reinvestment);;INF251K01DM8;10.0499;10.0499;10.0499;28-Dec-2015
113476;BNP PARIBAS LOW DURATION Fund-Regular Plan-Growth Option;INF251K01DL0;;21.6573;21.6573;21.6573;28-Dec-2015
113478;BNP PARIBAS LOW DURATION Fund-Regular Plan-Monthly Income Distribution cum Capital Withdrawal Option;INF251K01DO4;INF251K01DP1;10.0096;10.0096;10.0096;28-Dec-2015
113477;BNP PARIBAS LOW DURATION Fund-Regular Plan-Weekly Income Distribution cum Capital Withdrawal Option;;INF251K01DN6;10.0102;10.0102;10.0102;28-Dec-2015

Canara Robeco Mutual Fund
118293;CANARA ROBECO SAVINGS FUND - DIRECT PLAN - DAILY IDCW (Reinvestment);;INF760K01EM6;10.2600;10.2600;10.2600;28-Dec-2015
118291;CANARA ROBECO SAVINGS FUND - DIRECT PLAN - GROWTH OPTION;INF760K01ET1;;23.1785;23.1785;23.1785;28-Dec-2015
118292;CANARA ROBECO SAVINGS FUND - DIRECT PLAN - IDCW (Payout/Reinvestment);INF760K01EP9;INF760K01EQ7;20.7583;20.7583;20.7583;28-Dec-2015
118295;CANARA ROBECO SAVINGS FUND - DIRECT PLAN - MONTHLY IDCW (Payout/Reinvestment);INF760K01EN4;INF760K01EO2;10.3163;10.3163;10.3163;28-Dec-2015
118294;CANARA ROBECO SAVINGS FUND - DIRECT PLAN - WEEKLY IDCW (Payout/Reinvestment);INF760K01ER5;INF760K01ES3;10.2707;10.2707;10.2707;28-Dec-2015
104559;CANARA ROBECO SAVINGS FUND - REGULAR PLAN - DAILY IDCW (Reinvestment);;INF760K01803;10.2600;10.2600;10.2600;28-Dec-2015
102913;CANARA ROBECO SAVINGS FUND - REGULAR PLAN - GROWTH OPTION;INF760K01795;;23.0730;23.0730;23.0730;28-Dec-2015
102914;CANARA ROBECO SAVINGS FUND - REGULAR PLAN - IDCW (Payout/Reinvestment);INF760K01779;INF760K01787;20.6643;20.6643;20.6643;28-Dec-2015
113144;CANARA ROBECO SAVINGS FUND - REGULAR PLAN - MONTHLY IDCW (Payout/Reinvestment);INF760K01AM4;INF760K01AN2;10.3150;10.3150;10.3150;28-Dec-2015
102915;CANARA ROBECO SAVINGS FUND - REGULAR PLAN - WEEKLY IDCW (Payout/Reinvestment);INF760K01CB3;INF760K01811;10.2705;10.2705;10.2705;28-Dec-2015

DSP Mutual Fund
133925;DSP Low Duration Fund - Direct Plan - Growth;INF740K013Q1;;10.7332;10.7332;10.7332;28-Dec-2015
133922;DSP Low Duration Fund - Direct Plan - IDCW - Daily;;INF740KA1OL5;10.0414;10.0414;10.0414;28-Dec-2015
133928;DSP Low Duration Fund - Direct Plan - IDCW - Monthly;INF740K014Q9;INF740K015Q6;11.2643;11.2643;11.2643;28-Dec-2015
133924;DSP Low Duration Fund - Direct Plan - IDCW - Quarterly;INF740K016Q4;INF740K017Q2;10.2206;10.2206;10.2206;28-Dec-2015
133923;DSP Low Duration Fund - Direct Plan - IDCW - Weekly;INF740KA1OM3;INF740KA1ON1;10.0414;10.0414;10.0414;28-Dec-2015
133926;DSP Low Duration Fund - Regular Plan - Growth;INF740K018P2;;10.7032;10.7032;10.7032;28-Dec-2015
133919;DSP Low Duration Fund - Regular Plan - IDCW - Daily;;INF740KA1OO9;10.0437;10.0437;10.0437;28-Dec-2015
133920;DSP Low Duration Fund - Regular Plan - IDCW - Monthly;INF740K019P0;INF740K010Q7;10.1877;10.1877;10.1877;28-Dec-2015
133921;DSP Low Duration Fund - Regular Plan - IDCW - Quarterly;INF740K011Q5;INF740K012Q3;10.2110;10.2110;10.2110;28-Dec-2015
133927;DSP Low Duration Fund - Regular Plan - IDCW - Weekly;INF740KA1OP6;INF740KA1OQ4;10.0402;10.0402;10.0402;28-Dec-2015

Franklin Templeton Mutual Fund
118530;Franklin India Low Duration Fund - Direct - Growth;INF090I01HG7;;16.5858;16.5029;16.5858;28-Dec-2015
118528;Franklin India Low Duration Fund - Direct - Monthly - IDCW;INF090I01HC6;INF090I01HD4;10.6256;10.5725;10.6256;28-Dec-2015
118529;Franklin India Low Duration Fund - Direct - Quarterly - IDCW;INF090I01HE2;INF090I01HF9;10.4527;10.4004;10.4527;28-Dec-2015
113135;Franklin India Low Duration Fund - Growth Plan;INF090I01BU1;;16.4456;16.3634;16.4456;28-Dec-2015
100503;Franklin India Low Duration Fund - Monthly - IDCW;INF090I01BQ9;INF090I01BR7;10.5188;10.4662;10.5188;28-Dec-2015
100504;Franklin India Low Duration Fund - Quarterly - IDCW;INF090I01BS5;INF090I01BT3;10.3444;10.2927;10.3444;28-Dec-2015

HDFC Mutual Fund
105548;HDFC Low Duration  Fund - Daily IDCW;;INF179K01434;10.0320;10.0320;10.0320;28-Dec-2015
118945;HDFC Low Duration  Fund - Direct Plan - Daily IDCW;;;10.0315;10.0315;10.0315;28-Dec-2015
118942;HDFC Low Duration  Fund - Direct Plan - Growth;INF179K01VF7;;31.7800;31.7800;31.7800;28-Dec-2015
118943;HDFC Low Duration  Fund - Direct Plan - Monthly IDCW;INF179K01VG5;INF179K01VH3;10.1907;10.1907;10.1907;28-Dec-2015
118944;HDFC Low Duration  Fund - Direct Plan - Weekly IDCW;;;10.0958;10.0958;10.0958;28-Dec-2015
102452;HDFC Low Duration  Fund - Growth;INF179K01442;;31.1092;31.1092;31.1092;28-Dec-2015
105543;HDFC Low Duration  Fund - Monthly IDCW;INF179K01459;INF179K01467;10.0919;10.0919;10.0919;28-Dec-2015
102453;HDFC Low Duration  Fund - Weekly IDCW;INF179K01475;INF179K01483;10.0743;10.0743;10.0743;28-Dec-2015
105547;HDFC Low Duration Fund- Wholesale Daily Dividend;;INF179K01541;10.0415;10.0415;10.0415;28-Dec-2015
105546;HDFC Low Duration Fund- Wholesale Monthly Dividend;INF179K01509;INF179K01517;10.1034;10.1034;10.1034;28-Dec-2015
105545;HDFC Low Duration Fund- Wholesale Weekly Dividend;INF179K01525;;10.0757;10.0757;10.0757;28-Dec-2015
105544;HDFC Low Duration Fund- Wholesale- Growth;INF179K01491;;32.3696;32.3696;32.3696;28-Dec-2015

HSBC Mutual Fund
104344;HSBC Low Duration Fund  - Growth;INF336L01AH1;;13.0974;13.0974;13.0974;28-Dec-2015
104350;HSBC Low Duration Fund  - Regular - Growth;INF336L01AP4;;19.1007;19.1007;19.1007;28-Dec-2015
104342;HSBC Low Duration Fund - Daily IDCW;;INF336L01AO7;10.0021;10.0021;10.0021;28-Dec-2015
120066;HSBC Low Duration Fund - Direct Growth;INF336L01EG5;;13.3442;13.3442;13.3442;28-Dec-2015
120065;HSBC Low Duration Fund - Direct Monthly IDCW;;INF336L01EF7;10.084;10.084;10.084;28-Dec-2015
104349;HSBC Low Duration Fund - Inst.Plus - Daily IDCW;;INF336L01AS8;14.5991;14.5991;14.5991;28-Dec-2015
104352;HSBC Low Duration Fund - Regular Monthly IDCW;;INF336L01AL3;10.0407;10.0407;10.0407;28-Dec-2015
104343;HSBC Low Duration Fund - Weekly IDCW;;INF336L01AQ2;10.0104;10.0104;10.0104;28-Dec-2015

ICICI Prudential Mutual Fund
130900;ICICI Prudential Savings Fund - Bonus;INF109KA1I92;;111.5993;111.5993;111.5993;28-Dec-2015
101618;ICICI Prudential Savings Fund - Daily IDCW;INF109K01738;;105.7358;105.7358;105.7358;28-Dec-2015
120397;ICICI Prudential Savings Fund - Direct Plan - Daily IDCW;;INF109K01O66;105.7358;105.7358;105.7358;28-Dec-2015
122904;ICICI Prudential Savings Fund - Direct Plan - Fortnightly IDCW;INF109K016Y3;INF109K015Y5;101.0267;101.0267;101.0267;28-Dec-2015
120398;ICICI Prudential Savings Fund - Direct Plan - Growth;INF109K01O82;;280.4034;280.4034;280.4034;28-Dec-2015
120399;ICICI Prudential Savings Fund - Direct Plan - IDCW Others;INF109K01O90;INF109K01O74;112.2186;112.2186;112.2186;28-Dec-2015
122651;ICICI Prudential Savings Fund - Direct Plan - Monthly IDCW;INF109K018Y9;INF109K017Y1;101.0934;101.0934;101.0934;28-Dec-2015
122982;ICICI Prudential Savings Fund - Direct Plan - Quarterly IDCW;INF109K010Z3;INF109K019Y7;104.3211;104.3211;104.3211;28-Dec-2015
120396;ICICI Prudential Savings Fund - Direct Plan - Weekly IDCW;INF109K01P08;INF109K01P16;105.6411;105.6411;105.6411;28-Dec-2015
130952;ICICI Prudential Savings Fund - Direct Plan Bonus;INF109KA1I01;;111.6973;111.6973;111.6973;28-Dec-2015
122748;ICICI Prudential Savings Fund - Fortnightly IDCW;INF109K012Z9;INF109K011Z1;100.8611;100.8611;100.8611;28-Dec-2015
101619;ICICI Prudential Savings Fund - Growth;INF109K01746;;279.7264;279.7264;279.7264;28-Dec-2015
115511;ICICI Prudential Savings Fund - IDCW Others;INF109K01WO4;INF109K01WN6;111.7708;111.7708;111.7708;28-Dec-2015
122531;ICICI Prudential Savings Fund - Monthly IDCW;INF109K014Z5;INF109K013Z7;101.0621;101.0621;101.0621;28-Dec-2015
122995;ICICI Prudential Savings Fund - Quarterly IDCW;INF109K016Z0;INF109K015Z2;104.2024;104.2024;104.2024;28-Dec-2015
101617;ICICI Prudential Savings Fund - Weekly IDCW;INF109K01JO1;INF109K01753;105.5923;105.5923;105.5923;28-Dec-2015
111795;ICICI Prudential Savings Fund Retail Daily Dividend;INF109K01EI4;INF109K01BW1;100.3710;100.3710;100.3710;28-Dec-2015
111794;ICICI Prudential Savings Fund Retail Growth;INF109K01BX9;;163.6030;163.6030;163.6030;28-Dec-2015
111793;ICICI Prudential Savings Fund Retail Weekly Dividend;INF109K01EJ2;INF109K01BY7;100.5506;100.5506;100.5506;28-Dec-2015

Invesco Mutual Fund
105025;Invesco India Low Duration Fund - Daily IDCW (Reinvestment);;INF205K01HZ7;1001.7200;1001.7200;1001.7200;28-Dec-2015
120567;Invesco India Low Duration Fund - Direct Plan - Discretionary IDCW (Payout / Reinvestment);INF205K01NW2;INF205K01NX0;1370.1258;1370.1258;1370.1258;28-Dec-2015
120570;Invesco India Low Duration Fund - Direct Plan - Growth;INF205K01NY8;;2061.4639;2061.4639;2061.4639;28-Dec-2015
120571;Invesco India Low Duration Fund - Direct Plan - Monthly IDCW (Payout / Reinvestment);INF205K01NZ5;INF205K01OA6;1052.8155;1052.8155;1052.8155;28-Dec-2015
120568;Invesco India Low Duration Fund - Direct Plan - Weekly IDCW (Payout / Reinvestment);INF205K01OB4;INF205K01OC2;1119.9325;1119.9325;1119.9325;28-Dec-2015
120566;Invesco India Low Duration Fund - Direct Plan -Daily IDCW (Reinvestment);;INF205K01NV4;1017.9037;1017.9037;1017.9037;28-Dec-2015
115458;Invesco India Low Duration Fund - Discretionary IDCW (Payout / Reinvestment);INF205K01IG5;INF205K01IF7;1302.6322;1302.6322;1302.6322;28-Dec-2015
104726;Invesco India Low Duration Fund - Growth;INF205K01HY0;;2040.9416;2040.9416;2040.9416;28-Dec-2015
104729;Invesco India Low Duration Fund - Monthly IDCW (Payout / Reinvestment);INF205K01ID2;INF205K01IC4;1031.8943;1031.8943;1031.8943;28-Dec-2015
104728;Invesco India Low Duration Fund - Regular - Growth;INF205K01HT0;;1918.4854;1918.4854;1918.4854;28-Dec-2015
104723;Invesco India Low Duration Fund - Regular - Monthly IDCW (Reinvestment);;INF205K01HW4;1071.6382;1071.6382;1071.6382;28-Dec-2015
104722;Invesco India Low Duration Fund - Regular - Weekly IDCW (Reinvestment);;INF205K01HV6;1114.6557;1114.6557;1114.6557;28-Dec-2015
105024;Invesco India Low Duration Fund - Regular Daily IDCW (Reinvestment);;INF205K01HU8;1077.8400;1077.8400;1077.8400;28-Dec-2015
104725;Invesco India Low Duration Fund - Weekly IDCW (Payout / Reinvestment);INF205K01IB6;INF205K01IA8;1041.2034;1041.2034;1041.2034;28-Dec-2015
130794;Invesco India Treasury Advantage Fund - Annual Bonus;INF205K01P35;;2040.9261;2040.9261;2040.9261;28-Dec-2015
104727;Invesco India Treasury Advantage Fund - Bonus;INF205K01IE0;;1133.8569;1133.8569;1133.8569;28-Dec-2015
120569;Invesco India Treasury Advantage Fund - Direct Plan - Bonus;INF205K01NU6;;1145.2636;1145.2636;1145.2636;28-Dec-2015
104724;Invesco India Ultra Short Term Fund - Regular - Bonus;INF205K01HX2;;1850.1202;1850.1202;1850.1202;28-Dec-2015

Kotak Mahindra Mutual Fund
133807;Kotak Low Duration - Regular Plan-Weekly Reinvestment of Income Distribution cum capital withdrawal option;INF178L01236;;1016.5892;1006.4233;1016.5892;28-Dec-2015
133812;Kotak Low Duration Fund - Direct Plan- Standard Income Distribution cum capital withdrawal option;INF178L01AZ9;INF178L01AY2;1035.8725;1025.5138;1035.8725;28-Dec-2015
133813;Kotak Low Duration Fund Direct Plan- Bonus Option;INF178L01BB8;;1315.054;1301.9035;1315.054;28-Dec-2015
133810;Kotak Low Duration Fund- Direct Plan- Growth Option;INF178L01AX4;;1809.0314;1790.9411;1809.0314;28-Dec-2015
133811;Kotak Low Duration Fund- Direct Plan- Weekly Reinvestment of Income Distribution cum capital withdrawal option;INF178L01BA0;;1108.8652;1097.7765;1108.8652;28-Dec-2015
133805;Kotak Low Duration Fund- Regular Plan-Growth Option;INF178L01202;;1783.051;1765.2205;1783.051;28-Dec-2015
133809;Kotak Low Duration Fund- Regular Plan-Standard Income Distribution cum capital withdrawal option;INF178L01210;INF178L01228;1020.5875;1010.3816;1020.5875;28-Dec-2015
133802;Kotak Low Duration Fund-Retail Plan-Growth Option;INF178L01160;;1832.1607;1813.8391;1832.1607;28-Dec-2015
133808;Kotak Low Duration Fund-Retail Plan-Monthly Dividend Option;INF178L01186;;1013.8305;1003.6922;1013.8305;28-Dec-2015
133804;Kotak Low Duration Fund-Retail Plan-Weekly Dividend Option;INF178L01194;;1012.36;1002.2364;1012.36;28-Dec-2015

L&T Mutual Fund
134422;L&T Low Duration Fund - Regular Plan - Annual IDCW;INF917K01VX3;INF917K01VW5;10.2998;10.2483;10.2998;28-Dec-2015
119809;L&T Low Duration Fund-Direct Plan-Growth;INF917K01GM7;;15.5564;15.4786;15.5564;28-Dec-2015
119808;L&T Low Duration Fund-Direct Plan-IDCW;INF917K01GK1;;10.6935;10.6400;10.6935;28-Dec-2015
118133;L&T Low Duration Fund-Regular Plan - Growth;INF677K01452;;15.4374;15.3602;15.4374;28-Dec-2015
118134;L&T Low Duration Fund-Regular Plan - IDCW;INF677K01460;INF677K01478;10.5153;10.4627;10.5153;28-Dec-2015

LIC Mutual Fund
120316;LIC MF Low Duration Fund-Direct Plan-Daily IDCW;INF767K01FL0;INF767K01FN6;10.1000;10.1000;10.1000;28-Dec-2015
120315;LIC MF Low Duration Fund-Direct Plan-Growth;INF767K01FM8;;23.1094;23.1094;23.1094;28-Dec-2015
120317;LIC MF Low Duration Fund-Direct Plan-Monthly IDCW;INF767K01FP1;INF767K01FO4;12.2134;12.2134;12.2134;28-Dec-2015
120318;LIC MF Low Duration Fund-Direct Plan-Weekly IDCW;INF767K01JJ6;INF767K01JK4;10.5076;10.5076;10.5076;28-Dec-2015
111676;LIC MF Low Duration Fund-Regular Plan-Daily IDCW;INF767K01AK3;INF767K01AL1;10.1611;10.1611;10.1611;28-Dec-2015
101830;LIC MF Low Duration Fund-Regular Plan-Growth;INF767K01AO5;;22.6081;22.6081;22.6081;28-Dec-2015
101829;LIC MF Low Duration Fund-Regular Plan-Monthly IDCW;INF767K01AM9;INF767K01AN7;10.2548;10.2548;10.2548;28-Dec-2015
111675;LIC MF Low Duration Fund-Regular Plan-Weekly IDCW;INF767K01AP2;INF767K01AQ0;10.1112;10.1112;10.1112;28-Dec-2015

Mirae Asset Mutual Fund
118843;Mirae Asset Low Duration Fund - Direct Plan - Daily IDCW;;INF769K01BR2;1204.2387;1204.2387;1204.2387;28-Dec-2015
118840;Mirae Asset Low Duration Fund - Direct Plan - Growth;INF769K01BO9;;1331.5128;1331.5128;1331.5128;28-Dec-2015
118841;Mirae Asset Low Duration Fund - Direct Plan - Monthly IDCW;INF769K01BP6;INF769K01BT8;1031.7837;1031.7837;1031.7837;28-Dec-2015
118842;Mirae Asset Low Duration Fund - Direct Plan - Quarterly IDCW;INF769K01BQ4;INF769K01BU6;1056.6138;1056.6138;1056.6138;28-Dec-2015
118844;Mirae Asset Low Duration Fund - Direct Plan - Weekly IDCW;;INF769K01BS0;1294.2769;1294.2769;1294.2769;28-Dec-2015
107700;Mirae Asset Low Duration Fund - Regular Plan - Daily IDCW;;INF769K01986;1016.1474;1016.1474;1016.1474;28-Dec-2015
107705;Mirae Asset Low Duration Fund - Regular Plan - Growth;INF769K01937;;1302.2315;1302.2315;1302.2315;28-Dec-2015
107704;Mirae Asset Low Duration Fund - Regular Plan - Monthly IDCW;INF769K01960;INF769K01AA0;1089.6556;1089.6556;1089.6556;28-Dec-2015
107702;Mirae Asset Low Duration Fund - Regular Plan - Quarterly IDCW;INF769K01978;INF769K01AB8;1034.1357;1034.1357;1034.1357;28-Dec-2015
107701;Mirae Asset Low Duration Fund - Regular Plan - Weekly IDCW;;INF769K01994;1106.7472;1106.7472;1106.7472;28-Dec-2015
107698;Mirae Asset Savings Fund-Regular Plan- Daily Dividend;;INF769K01895;1471.6319;1471.6319;1471.6319;28-Dec-2015
107695;Mirae Asset Savings Fund-Regular Plan- Growth;INF769K01846;;1543.9081;1543.9081;1543.9081;28-Dec-2015
107697;Mirae Asset Savings Fund-Regular Plan- Monthly Dividend;INF769K01879;INF769K01911;1475.1703;1475.1703;1475.1703;28-Dec-2015
107696;Mirae Asset Savings Fund-Regular Plan- Weekly Dividend;;INF769K01903;1471.5313;1471.5313;1471.5313;28-Dec-2015

Nippon India Mutual Fund
111747;NIPPON INDIA LOW DURATION FUND - DAILY IDCW Option;;INF204K01EX2;1002.7500;1002.7500;1002.7500;28-Dec-2015
118703;NIPPON INDIA LOW DURATION FUND - DIRECT Plan - DAILY IDCW Option;;INF204K01ZV1;1002.7500;1002.7500;1002.7500;28-Dec-2015
125264;NIPPON INDIA LOW DURATION FUND - DIRECT Plan - IDCW Option;INF204KA1EK7;INF204KA1EL5;1118.3408;1118.3408;1118.3408;28-Dec-2015
118704;NIPPON INDIA LOW DURATION FUND - DIRECT Plan - MONTHLY IDCW Option;INF204K01ZX7;INF204K01ZY5;1014.6573;1014.6573;1014.6573;28-Dec-2015
118705;NIPPON INDIA LOW DURATION FUND - DIRECT Plan - QUARTERLY IDCW Option;INF204K01ZZ2;INF204K01A09;1005.9977;1005.9977;1005.9977;28-Dec-2015
118706;NIPPON INDIA LOW DURATION FUND - DIRECT Plan - WEEKLY IDCW Option;INF204K01A17;;1003.8692;1003.8692;1003.8692;28-Dec-2015
118702;Nippon India Low Duration Fund - Direct Plan Growth Plan - Bonus Option;INF204K01G03;;1191.7857;1191.7857;1191.7857;28-Dec-2015
118709;Nippon India Low Duration Fund - Direct Plan Growth Plan - Growth Option;INF204K01ZU3;;2051.6162;2051.6162;2051.6162;28-Dec-2015
125265;NIPPON INDIA LOW DURATION FUND - IDCW Option;INF204KA1EI1;INF204KA1EJ9;1112.7443;1112.7443;1112.7443;28-Dec-2015
111749;NIPPON INDIA LOW DURATION FUND - MONTHLY IDCW Option;INF204K01EZ7;INF204K01FA7;1011.4539;1011.4539;1011.4539;28-Dec-2015
111750;NIPPON INDIA LOW DURATION FUND - QUARTERLY IDCW Option;INF204K01FB5;INF204K01FC3;1005.1891;1005.1891;1005.1891;28-Dec-2015
111744;NIPPON INDIA LOW DURATION FUND - RETAIL Plan - DAILY IDCW Option;;INF204K01EP8;1002.7500;1002.7500;1002.7500;28-Dec-2015
111748;Nippon India Low Duration Fund - Retail Plan - Growth Plan - Growth Option;INF204K01EN3;;1974.3729;1974.3729;1974.3729;28-Dec-2015
111743;Nippon India Low Duration Fund - Retail Plan - Growth Plan -Bonus Option;INF204K01EO1;;1471.2237;1471.2237;1471.2237;28-Dec-2015
111751;NIPPON INDIA LOW DURATION FUND - RETAIL Plan - MONTHLY IDCW Option;INF204K01ER4;INF204K01ES2;1012.2343;1012.2343;1012.2343;28-Dec-2015
111752;NIPPON INDIA LOW DURATION FUND - RETAIL Plan - QUARTERLY IDCW Option;INF204K01ET0;INF204K01EU8;1024.1870;1024.1870;1024.1870;28-Dec-2015
111745;NIPPON INDIA LOW DURATION FUND - RETAIL Plan - WEEKLY IDCW Option;INF204K01OP7;INF204K01EQ6;1003.9392;1003.9392;1003.9392;28-Dec-2015
111754;NIPPON INDIA LOW DURATION FUND - WEEKLY IDCW Option;INF204K01OO0;INF204K01EY0;1003.8216;1003.8216;1003.8216;28-Dec-2015
111746;Nippon India Low Duration Fund -Growth Plan -Bonus Option;INF204K01EW4;;1177.9721;1177.9721;1177.9721;28-Dec-2015
111753;Nippon India Low Duration Fund- Growth Plan - Growth Option;INF204K01EV6;;2028.8596;2028.8596;2028.8596;28-Dec-2015

Principal Mutual Fund
119445;Principal Low Duration Fund - Direct Plan - Daily Income Distribution CUM Capital Withdrawal Option;;INF173K01FR8;1003.3517;1003.3517;1003.3517;28-Dec-2015
119448;Principal Low Duration Fund - Direct Plan - Growth Option;INF173K01FS6;;2381.5415;2381.5415;2381.5415;28-Dec-2015
119447;Principal Low Duration Fund - Direct Plan - Monthly Income Distribution CUM Capital Withdrawal Option;INF173K01FT4;INF173K01FU2;1142.4356;1142.4356;1142.4356;28-Dec-2015
119446;Principal Low Duration Fund - Direct Plan - Weekly Income Distribution CUM Capital Withdrawal Option;;INF173K01FW8;1004.9588;1004.9588;1004.9588;28-Dec-2015
102723;Principal Low Duration Fund - Weekly Income Distribution CUM Capital Withdrawal Option;;INF173K01DI2;1002.9246;1002.9246;1002.9246;28-Dec-2015
105461;Principal Low Duration Fund -Daily Income Distribution CUM Capital Withdrawal Option;;INF173K01DH4;1003.4214;1003.4214;1003.4214;28-Dec-2015
102722;Principal Low Duration Fund- Growth Option;INF173K01DG6;;2328.2583;2328.2583;2328.2583;28-Dec-2015
102724;Principal Low Duration Fund- Monthly Income Distribution CUM Capital Withdrawal Option;INF173K01DJ0;INF173K01DK8;1140.3447;1140.3447;1140.3447;28-Dec-2015

SBI Mutual Fund
119810;SBI Magnum Low Duration Fund - Direct Plan - Daily Income Distribution cum Capital Withdrawal Option (IDCW);;INF200K01VJ3;1005.7497;1005.7497;1005.7497;28-Dec-2015
119811;SBI Magnum Low Duration Fund - Direct Plan - Fortnightly Income Distribution cum Capital Withdrawal Option (IDCW);INF200K01VK1;INF200K01VL9;1029.8362;1029.8362;1029.8362;28-Dec-2015
119812;SBI MAGNUM LOW DURATION FUND - DIRECT PLAN - GROWTH;INF200K01VM7;;1908.1442;1908.1442;1908.1442;28-Dec-2015
119818;SBI Magnum Low Duration Fund - Direct Plan - Monthly Income Distribution cum Capital Withdrawal Option (IDCW);INF200K01VN5;INF200K01VO3;1072.8944;1072.8944;1072.8944;28-Dec-2015
119819;SBI Magnum Low Duration Fund - Direct Plan - Weekly Income Distribution cum Capital Withdrawal Option (IDCW);INF200K01VP0;INF200K01VQ8;1010.7849;1010.7849;1010.7849;28-Dec-2015
106213;SBI Magnum Low Duration Fund - Regular Plan - Daily Income Distribution cum Capital Withdrawal Option (IDCW);;INF200K01ML8;1004.4318;1004.4318;1004.4318;28-Dec-2015
106215;SBI Magnum Low Duration Fund - Regular Plan - Fornightly Income Distribution cum Capital Withdrawal Option (IDCW);INF200K01MM6;INF200K01MN4;1029.8212;1029.8212;1029.8212;28-Dec-2015
106212;SBI MAGNUM LOW DURATION FUND - REGULAR PLAN - GROWTH;INF200K01MO2;;1903.9578;1903.9578;1903.9578;28-Dec-2015
106216;SBI Magnum Low Duration Fund - Regular Plan - Monthly Income Distribution cum Capital Withdrawal Option (IDCW);INF200K01MP9;INF200K01MQ7;1071.0848;1071.0848;1071.0848;28-Dec-2015
106214;SBI Magnum Low Duration Fund - Regular Plan - Weekly Income Distribution cum Capital Withdrawal Option (IDCW);INF200K01MR5;INF200K01MS3;1010.7849;1010.7849;1010.7849;28-Dec-2015
106221;SBI Short Horizon Debt Fund - Ultra Short Term Fund - Institutional Plan - Daily Income Distribution cum Capital Withdrawal Option (IDCW);;INF200K01MD5;1004.0792;1004.0792;1004.0792;28-Dec-2015
106217;SBI Short Horizon Debt Fund - Ultra Short Term Fund - Institutional Plan - Growth;INF200K01MG8;;1937.1452;1937.1452;1937.1452;28-Dec-2015
106224;SBI Short Horizon Debt Fund - Ultra Short Term Fund - Institutional Plan - Monthly Income Distribution cum Capital Withdrawal Option (IDCW);INF200K01MH6;INF200K01MI4;N.A.;N.A.;N.A.;28-Dec-2015
106222;SBI Short Horizon Debt Fund - Ultra Short Term Fund- Institutional Plan - Weekly Income Distribution cum Capital Withdrawal Option (IDCW);INF200K01MJ2;INF200K01MK0;1005.2608;1005.2608;1005.2608;28-Dec-2015
106223;SBI Short Horizon Debt Fund -Ultra Short Term Fund - Institutional Plan - Fortnightly Income Distribution cum Capital Withdrawal Option (IDCW);INF200K01ME3;INF200K01MF0;N.A.;N.A.;N.A.;28-Dec-2015

Sundaram Mutual Fund
119683;Sundaram Low Duration Fund Direct Plan - Bonus;INF903J01RQ7;;11.7052;11.7052;11.7052;28-Dec-2015
119679;Sundaram Low Duration Fund Direct Plan - Daily Reinvestment of Income Distribution cum Capital Withdrawal (IDCW);;INF903J01QY3;10.0439;10.0439;10.0439;28-Dec-2015
119681;Sundaram Low Duration Fund Direct Plan - Fortnightly Income Distribution cum Capital Withdrawal (IDCW);INF903J01QZ0;INF903J01RA1;11.4006;11.4006;11.4006;28-Dec-2015
119680;Sundaram Low Duration Fund Direct Plan - Growth;INF903J01RB9;;20.4902;20.4902;20.4902;28-Dec-2015
119682;Sundaram Low Duration Fund Direct Plan - Monthly Income Distribution cum Capital Withdrawal (IDCW);INF903J01RR5;INF903J01RG8;11.0315;11.0315;11.0315;28-Dec-2015
119678;Sundaram Low Duration Fund Direct Plan - Quarterly Income Distribution cum Capital Withdrawal (IDCW);INF903J01RC7;INF903J01RD5;11.3871;11.3871;11.3871;28-Dec-2015
119677;Sundaram Low Duration Fund Direct Plan - Weekly Income Distribution cum Capital Withdrawal (IDCW);INF903J01RF0;;11.6691;11.6691;11.6691;28-Dec-2015
105554;Sundaram Low Duration Fund Institutional Plan - Daily Reinvestment of Income Distribution cum Capital Withdrawal (IDCW);;INF903J01RE3;10.0370;10.0370;10.0370;28-Dec-2015
105562;Sundaram Low Duration Fund Institutional Plan - Growth;INF903J01EG6;;19.5292;19.5292;19.5292;28-Dec-2015
105561;Sundaram Low Duration Fund Institutional Plan - Monthly Income Distribution cum Capital Withdrawal (IDCW);INF903J01EH4;INF903J01EL6;10.7736;10.7736;10.7736;28-Dec-2015
118329;Sundaram Low Duration Fund Regular Plan - Bonus;INF903J01MG9;;11.5842;11.5842;11.5842;28-Dec-2015
105565;Sundaram Low Duration Fund Regular Plan - Daily Reinvestment of Income Distribution cum Capital Withdrawal (IDCW);;INF903J01EP7;10.0370;10.0370;10.0370;28-Dec-2015
105557;Sundaram Low Duration Fund Regular Plan - Fortnightly Income Distribution cum Capital Withdrawal (IDCW);INF903J01JP6;INF903J01ER3;11.0092;11.0092;11.0092;28-Dec-2015
105563;Sundaram Low Duration Fund Regular Plan - Growth;INF903J01EN2;;20.2355;20.2355;20.2355;28-Dec-2015
105566;Sundaram Low Duration Fund Regular Plan - Monthly Income Distribution cum Capital Withdrawal (IDCW);INF903J01EO0;INF903J01ES1;10.8759;10.8759;10.8759;28-Dec-2015
105558;Sundaram Low Duration Fund Regular Plan - Quarterly Income Distribution cum Capital Withdrawal (IDCW);INF903J01JQ4;INF903J01ET9;11.3424;11.3424;11.3424;28-Dec-2015
105556;Sundaram Low Duration Fund Regular Plan - Weekly Income Distribution cum Capital Withdrawal (IDCW);INF903J01JO9;INF903J01EQ5;11.6205;11.6205;11.6205;28-Dec-2015
105553;Sundaram Low Duration Fund Retail Plan - Daily Reinvestment of Income Distribution cum Capital Withdrawal (IDCW);;INF903J01EB7;10.0370;10.0370;10.0370;28-Dec-2015
105550;Sundaram Low Duration Fund Retail Plan - Fortnightly Income Distribution cum Capital Withdrawal (IDCW);INF903J01JJ9;INF903J01ED3;10.9058;10.9058;10.9058;28-Dec-2015
105564;Sundaram Low Duration Fund Retail Plan - Growth;INF903J01DZ8;;18.5045;18.5045;18.5045;28-Dec-2015
105551;Sundaram Low Duration Fund Retail Plan - Monthly Income Distribution cum Capital Withdrawal (IDCW);INF903J01EA9;INF903J01EE1;10.6951;10.6951;10.6951;28-Dec-2015
105552;Sundaram Low Duration Fund Retail Plan - Quarterly Income Distribution cum Capital Withdrawal (IDCW);INF903J01JK7;INF903J01EF8;11.1376;11.1376;11.1376;28-Dec-2015
105549;Sundaram Low Duration Fund Retail Plan - Weekly Income Distribution cum Capital Withdrawal (IDCW);INF903J01JI1;INF903J01EC5;11.4763;11.4763;11.4763;28-Dec-2015

Tata Mutual Fund
119863;Tata Treasury Advantage Fund - Direct Plan - Growth Option;INF277K01OK4;;2238.3570;2238.3570;2238.3570;28-Dec-2015
103159;Tata Treasury Advantage Fund - Regular Plan - Growth Option;INF277K01MA9;;2229.1524;2229.1524;2229.1524;28-Dec-2015
119864;Tata Treasury Advantage Fund Direct Plan - Daily Reinvestment of IDCW Option;;INF277K018B3;1003.5316;1003.5316;1003.5316;28-Dec-2015
119957;Tata Treasury Advantage Fund Direct Plan - Periodic Payout of IDCW Option;INF277K01OL2;INF277K01OM0;1419.8974;1419.8974;1419.8974;28-Dec-2015
119865;Tata Treasury Advantage Fund Direct Plan - Weekly Payout of IDCW Option;INF277K019B1;INF277K010C8;1009.2579;1009.2579;1009.2579;28-Dec-2015
103160;Tata Treasury Advantage Fund Regular Plan - Daily Reinvestment of IDCW Option;;INF277K01LZ8;1003.5288;1003.5288;1003.5288;28-Dec-2015
115464;Tata Treasury Advantage Fund Regular Plan - Periodic Payout of IDCW Option;INF277K01MC5;INF277K01ME1;1414.3159;1414.3159;1414.3159;28-Dec-2015
103158;Tata Treasury Advantage Fund Regular Plan - Weekly Payout of IDCW Option;INF277K01MD3;INF277K01MB7;1009.2251;1009.2251;1009.2251;28-Dec-2015

UTI Mutual Fund
120738;UTI Low Duration Fund - Direct Plan - Bonus Option;INF789F01XH5;;1689.9099;1689.9099;1689.9099;28-Dec-2015
120737;UTI Low Duration Fund - Direct Plan - Daily IDCW (Reinvestment);;INF789F01XE2;1002.354;1002.354;1002.354;28-Dec-2015
135191;UTI Low Duration Fund - Direct Plan - Fortnightly IDCW;INF789FA1O02;INF789FA1O10;1080.0473;1080.0473;0;28-Dec-2015
120735;UTI Low Duration Fund - Direct Plan - Growth Option;INF789F01XI3;;2025.8099;2025.8099;2025.8099;28-Dec-2015
120736;UTI Low Duration Fund - Direct Plan - Monthly IDCW;INF789F01XJ1;INF789F01XK9;1027.7876;1027.7876;1027.7876;28-Dec-2015
120734;UTI Low Duration Fund - Direct Plan - Quarterly IDCW;INF789F01XL7;INF789F01XM5;1129.7047;1129.7047;1129.7047;28-Dec-2015
120739;UTI Low Duration Fund - Direct Plan - Weekly IDCW;INF789F01XN3;INF789F01XO1;1011.5311;1011.5311;1011.5311;28-Dec-2015
102538;UTI Low Duration Fund - Discontinued - Annaul Dividend Option;INF789F01OK8;INF789F01OL6;1997.7376;1997.7376;0;28-Dec-2015
105578;UTI Low Duration Fund - Discontinued - Periodic Dividend Plan;;INF789F01349;1050.4568;1050.4568;0;28-Dec-2015
102541;UTI Low Duration Fund - Discontinued - Quarterly Dividend Option;INF789F01OO0;INF789F01OP7;1581.4224;1581.4224;0;28-Dec-2015
102539;UTI Low Duration Fund - Discontinued Bonus Option;INF789F01OM4;;2478.3612;2478.3612;0;28-Dec-2015
105659;UTI Low Duration Fund - Discontinued Flexi Dividend Plan;INF789F01PA6;;1089.24;1089.24;0;28-Dec-2015
102540;UTI Low Duration Fund - Discontinued Growth Option;INF789F01331;;3717.9562;3717.9562;0;28-Dec-2015
105670;UTI Low Duration Fund - Discontinued Monthly Dividend Option;INF789F01OY9;INF789F01OZ6;1086.9761;1086.9761;0;28-Dec-2015
102545;UTI Low Duration Fund - Regular Plan - Bonus Option;INF789F01OS1;;1685.8576;1685.8576;1685.8576;28-Dec-2015
105605;UTI Low Duration Fund - Regular Plan - Daily IDCW (Reinvestment);;INF789F01ON2;1002.3211;1002.3211;1002.3211;28-Dec-2015
133130;UTI Low Duration Fund - Regular Plan - Flexi IDCW;INF789FA1N86;INF789FA1N94;1078.989;1078.989;1078.989;28-Dec-2015
133733;UTI Low Duration Fund - Regular Plan - Fortnightly IDCW;INF789FA1N45;INF789FA1N52;1079.3479;1079.3479;1079.3479;28-Dec-2015
102544;UTI Low Duration Fund - Regular Plan - Growth Option;INF789F01OT9;;2017.0824;2017.0824;2017.0824;28-Dec-2015
105658;UTI Low Duration Fund - Regular Plan - Monthly IDCW;INF789F01OU7;INF789F01OV5;1028.1586;1028.1586;1028.1586;28-Dec-2015
115483;UTI Low Duration Fund - Regular Plan - Quarterly IDCW;INF789F01OW3;INF789F01OX1;1112.4015;1112.4015;1112.4015;28-Dec-2015
105627;UTI Low Duration Fund - Regular Plan - Weekly IDCW;INF789F01PB4;INF789F01PC2;1004.8466;1004.8466;1004.8466;28-Dec-2015

Open Ended Schemes ( Debt Scheme - Money Market Fund )


Aditya Birla Sun Life Mutual Fund
101973;Aditya Birla Sun Life Money Manager Fund - Daily IDCW;;INF209K01SZ6;100.0200;100.0200;100.0200;28-Dec-2015
119513;Aditya Birla Sun Life Money Manager Fund - Direct - daily IDCW;;INF209K01UT5;100.0200;100.0200;100.0200;28-Dec-2015
119512;Aditya Birla Sun Life Money Manager Fund - Direct - weekly IDCW;INF209K01UV1;INF209KA1LM3;100.2857;100.2857;100.2857;28-Dec-2015
101976;Aditya Birla Sun Life Money Manager Fund - Growth;INF209K01RV7;;197.3164;197.3164;197.3164;28-Dec-2015
119511;Aditya Birla Sun Life Money Manager Fund - Growth - Direct Plan;INF209K01UU3;;197.6916;197.6916;197.6916;28-Dec-2015
101972;Aditya Birla Sun Life Money Manager Fund - Retail - Daily IDCW;;INF209K01JZ5;100.0150;100.0150;100.0150;28-Dec-2015
101970;Aditya Birla Sun Life Money Manager Fund - RETAIL - WEEKLY IDCW;;INF209K01JY8;103.9595;103.9595;103.9595;28-Dec-2015
101971;Aditya Birla Sun Life Money Manager Fund - Retail Growth;INF209K01MJ3;;243.1588;243.1588;243.1588;28-Dec-2015
101974;Aditya Birla Sun Life Money Manager Fund - WEEKLY IDCW;;INF209K01SY9;100.2830;100.2830;100.2830;28-Dec-2015

Bandhan Mutual Fund
108757;BANDHAN Money Manager Fund - Regular Plan - Monthly IDCW;INF194K01LO9;INF194K01LN1;10.2637;10.2637;10.2637;28-Dec-2015
108756;BANDHAN Money Manager Fund - Regular Plan - Growth;INF194K01LJ9;;23.1853;23.1853;23.1853;28-Dec-2015
108650;BANDHAN Money Manager Fund - Regular Plan - Daily IDCW;INF194K01LL5;INF194K01LK7;10.0699;10.0699;10.0699;28-Dec-2015
131389;BANDHAN Money Manager Fund - Regular Plan - Periodic IDCW;INF194KA1TG5;INF194KA1TH3;11.1416;11.1416;11.1416;28-Dec-2015
108701;BANDHAN Money Manager Fund - Regular Plan - Weekly IDCW;INF194K01LR2;INF194K01LQ4;10.0744;10.0744;10.0744;28-Dec-2015
118383;BANDHAN Money Manager Fund -Direct Plan-Daily IDCW;;INF194K01M98;10.0699;10.0699;10.0699;28-Dec-2015
118384;BANDHAN Money Manager Fund -Direct Plan-Growth;INF194K01M80;;23.6337;23.6337;23.6337;28-Dec-2015
118385;BANDHAN Money Manager Fund -Direct Plan-Monthly IDCW;INF194K01N22;INF194K01N14;10.2345;10.2345;10.2345;28-Dec-2015
131388;BANDHAN Money Manager Fund -Direct Plan-Periodic IDCW;INF194KA1TJ9;INF194KA1TK7;11.1767;11.1767;11.1767;28-Dec-2015
118386;BANDHAN Money Manager Fund -Direct Plan-Weekly IDCW;;INF194K01N48;10.0474;10.0474;10.0474;28-Dec-2015
108698;BANDHAN-Money Manager Fund - Daily Dividend;INF194K01MF5;INF194K01ME8;10.0378;10.0378;10.0378;28-Dec-2015
108697;BANDHAN-Money Manager Fund - Growth;INF194K01MD0;;17.4570;17.4570;17.4570;28-Dec-2015

DSP Mutual Fund
123288;DSP Savings Fund - Direct Plan -  IDCW - Daily;;INF740KA1PB3;10.0400;10.0400;10.0400;28-Dec-2015
119106;DSP Savings Fund - Direct Plan - Growth;INF740K01NU2;;29.8552;29.8552;29.8552;28-Dec-2015
119108;DSP Savings Fund - Direct Plan - IDCW;INF740K01NV0;INF740K01NX6;11.8201;11.8201;11.8201;28-Dec-2015
119107;DSP Savings Fund - Direct Plan - IDCW - Monthly;INF740K01NT4;INF740K01NW8;10.5532;10.5532;10.5532;28-Dec-2015
100087;DSP Savings Fund - Regular Plan - Growth;INF740K01714;;29.6378;29.6378;29.6378;28-Dec-2015
100088;DSP Savings Fund - Regular Plan - IDCW;INF740K01706;INF740K01AJ2;11.7955;11.7955;11.7955;28-Dec-2015
123287;DSP Savings Fund - Regular Plan - IDCW - Daily;;INF740KA1PC1;10.0564;10.0564;10.0564;28-Dec-2015
100089;DSP Savings Fund - Regular Plan - IDCW - Monthly;INF740K01722;INF740K01AK0;10.5339;10.5339;10.5339;28-Dec-2015

Franklin Templeton Mutual Fund
118506;Franklin India Money Market Fund - Direct - Growth;INF090I01GV8;;27.3366;27.1999;27.3366;28-Dec-2015
101357;Franklin India Money Market Fund - Growth Option;INF090I01CA1;;26.9284;26.7938;26.9284;28-Dec-2015
101359;Franklin India Money Market Fund - Institutional Option - Dividend;INF090I01BW7;INF090I01BV9;10.3756;10.3237;10.3756;28-Dec-2015
122443;Franklin India Money Market Fund Retail Option - Daily - IDCW;;INF090I01KM9;10.0569;10.0066;10.0569;28-Dec-2015
122444;Franklin India Money Market Fund Retail Option - Direct - Daily - IDCW;;INF090I01KN7;10;9.95;10;28-Dec-2015
129437;Franklin India Money Market Fund Retail Option - Direct - Monthly - IDCW;INF090I01LC8;INF090I01LD6;10.3308;10.2791;10.3308;28-Dec-2015
118505;Franklin India Money Market Fund Retail Option - Direct - Quarterly - IDCW;INF090I01GT2;INF090I01GU0;11.2159;11.1598;11.2159;28-Dec-2015
129436;Franklin India Money Market Fund Retail Option - Monthly - IDCW;INF090I01LA2;INF090I01LB0;10.1886;10.1377;10.1886;28-Dec-2015
101356;Franklin India Money Market Fund Retail Option - Quarterly - IDCW;INF090I01BZ0;INF090I01BY3;11.0437;10.9885;11.0437;28-Dec-2015

HDFC Mutual Fund
101994;HDFC Money Market Fund - Daily IDCW Option;;INF179KB1IG6;1063.6400;1063.6400;1063.6400;28-Dec-2015
119093;HDFC Money Market Fund - Daily IDCW Option - Direct Plan;;INF179KB1HZ8;1063.6400;1063.6400;1063.6400;28-Dec-2015
101993;HDFC Money Market Fund - Growth Option;INF179KB1HR5;;3092.2121;3092.2121;3092.2121;28-Dec-2015
119092;HDFC Money Market Fund - Growth Option - Direct Plan;INF179KB1HU9;;3099.6221;3099.6221;3099.6221;28-Dec-2015
101995;HDFC Money Market Fund - Weekly IDCW Option;INF179KB1IH4;INF179KB1II2;1064.6348;1064.6348;1064.6348;28-Dec-2015
119094;HDFC Money Market Fund - Weekly IDCW Option -Direct Plan;INF179KB1IA9;INF179KB1IB7;1064.6929;1064.6929;1064.6929;28-Dec-2015

ICICI Prudential Mutual Fund
130946;ICICI Prudential Money Market Fund - Direct Plan Bonus;INF109KA1H85;;110.3997;110.3997;110.3997;28-Dec-2015
130945;ICICI Prudential Money Market Fund -Bonus;INF109KA1H93;;110.2951;110.2951;110.2951;28-Dec-2015
115328;ICICI Prudential Money Market Fund Dividend;INF109K01I72;;100.1098;100.1098;100.1098;28-Dec-2015
120209;ICICI Prudential Money Market Fund Option - Direct Plan -  Daily IDCW;;INF109K01R22;100.1435;100.1435;100.1435;28-Dec-2015
120210;ICICI Prudential Money Market Fund Option - Direct Plan -  Fortnightly IDCW;INF109K01R55;;100.8647;100.8647;100.8647;28-Dec-2015
120211;ICICI Prudential Money Market Fund Option - Direct Plan -  Growth;INF109K01R14;;205.2817;205.2817;205.2817;28-Dec-2015
120216;ICICI Prudential Money Market Fund Option - Direct Plan -  IDCW Others;INF109K01R30;;104.5057;104.5057;104.5057;28-Dec-2015
120213;ICICI Prudential Money Market Fund Option - Direct Plan -  Monthly IDCW;INF109K01R63;INF109K01R71;101.0144;101.0144;101.0144;28-Dec-2015
120212;ICICI Prudential Money Market Fund Option - Direct Plan -  Weekly IDCW;INF109K01R89;;100.5195;100.5195;100.5195;28-Dec-2015
101221;ICICI Prudential Money Market Fund Retail Growth (erstwhile Cash Option);INF109K01TW3;;228.4498;228.4498;228.4498;28-Dec-2015
103634;ICICI Prudential Money Market Fund Option - Daily IDCW;INF109K01TY9;;100.1295;100.1295;100.1295;28-Dec-2015
103633;ICICI Prudential Money Market Fund Option - Growth;INF109K01TX1;;204.8804;204.8804;204.8804;28-Dec-2015
130013;ICICI Prudential Money Market Fund Option - IDCW Others;INF109K01I64;;104.4624;104.4624;104.4624;28-Dec-2015
103637;ICICI Prudential Money Market Fund Option - Monthly IDCW;INF109K01UC3;INF109K01UB5;100.8600;100.8600;100.8600;28-Dec-2015
103635;ICICI Prudential Money Market Fund Option - Weekly IDCW;INF109K01TZ6;;100.2104;100.2104;100.2104;28-Dec-2015
103636;ICICI Prudential Money Market Fund Option -Fortnightly IDCW;INF109K01UA7;;100.4757;100.4757;100.4757;28-Dec-2015

Invesco Mutual Fund
115515;Invesco India Money Market Fund - Daily IDCW (Reinvestment);;INF205K01RU7;1000.2900;997.7893;1000.2900;28-Dec-2015
120506;Invesco India Money Market Fund - Direct Plan - Daily IDCW (Reinvestment);;INF205K01RV5;1000.2900;997.7893;1000.2900;28-Dec-2015
120508;Invesco India Money Market Fund - Direct Plan - Discretionary IDCW (Payout / Reinvestment);INF205K01RW3;INF205K01RX1;1502.0309;1498.2758;1502.0309;28-Dec-2015
120507;Invesco India Money Market Fund - Direct Plan - Growth;INF205K01RY9;;1707.3645;1703.0961;1707.3645;28-Dec-2015
120509;Invesco India Money Market Fund - Direct Plan - Monthly IDCW (Payout / Reinvestment);INF205K01RZ6;INF205K01SA7;1024.6220;1022.0604;1024.6220;28-Dec-2015
116653;Invesco India Money Market Fund - Discretionary IDCW (Payout / Reinvestment);INF205K01SB5;INF205K01SC3;1696.5992;1692.3577;1696.5992;28-Dec-2015
112123;Invesco India Money Market Fund - Growth;INF205K01SD1;;1694.4167;1690.1807;1694.4167;28-Dec-2015
112125;Invesco India Money Market Fund - Monthly IDCW (Payout / Reinvestment);INF205K01SE9;INF205K01SF6;1024.4050;1021.8440;1024.4050;28-Dec-2015
112120;Invesco India Money Market Fund - Regular - Growth;INF205K01SG4;;1603.1533;1599.1454;1603.1533;28-Dec-2015
112122;Invesco India Money Market Fund - Regular - Monthly IDCW (Payout / Reinvestment);INF205K01SH2;INF205K01SI0;1027.2150;1024.6470;1027.2150;28-Dec-2015
116488;Invesco India Money Market Fund - Regular Plan - Daily IDCW (Reinvestment);;INF205K01UW7;1002.0000;999.4950;1002.0000;28-Dec-2015
122795;Religare Invesco Credit Opportunities Fund - Direct Plan - Bonus Option;INF205K01VI4;;1707.3109;1703.0426;1707.3109;28-Dec-2015

Kotak Mahindra Mutual Fund
106842;Kotak Money Market Fund - (Daily Reinvestment of Income Distribution cum capital withdrawal option);INF174K01ND0;;1011.62;1011.62;1011.62;28-Dec-2015
119745;Kotak Money Market Fund - (Daily Reinvestment of Income Distribution cum capital withdrawal option) - Direct;INF174K01MZ5;;1011.62;1011.62;1011.62;28-Dec-2015
101893;Kotak Money Market Fund - (Growth);INF174K01NA6;;2431.4422;2431.4422;2431.4422;28-Dec-2015
119746;Kotak Money Market Fund - (Growth) - Direct;INF174K01MW2;;2434.9979;2434.9979;2434.9979;28-Dec-2015
101892;Kotak Money market Fund - (Monthly Payout of Income Distribution cum capital withdrawal option);INF174K018O0;INF174K01NB4;1004.2651;1004.2651;1004.2651;28-Dec-2015
119747;Kotak Money Market Fund - (Monthly Payout of Income Distribution cum capital withdrawal option) - Direct;INF174K019O8;INF174K01MX0;1009.6036;1009.6036;1009.6036;28-Dec-2015
101894;Kotak Money Market Fund - (Weekly Reinvestment of Income Distribution cum capital withdrawal option);INF174K01NC2;;1013.4385;1013.4385;1013.4385;28-Dec-2015
119748;Kotak Money Market Fund - (Weekly Reinvestment of Income Distribution cum capital withdrawal option) - Direct;INF174K01MY8;;1015.1152;1015.1152;1015.1152;28-Dec-2015

L&T Mutual Fund
119432;L&T Money Market Fund - Direct Plan - Daily IDCW;;INF917K01FD8;10.8591;10.8048;10.8591;28-Dec-2015
114217;L&T Money Market Fund - Regular Plan - Daily IDCW;;INF917K01AY5;10.8591;10.8048;10.8591;28-Dec-2015
114216;L&T Money Market Fund - Regular Plan - Growth;INF917K01BC9;;14.3650;14.2932;14.3650;28-Dec-2015
114219;L&T Money Market Fund - Regular Plan - Monthly IDCW;INF917K01BB1;INF917K01BA3;11.4109;11.3538;11.4109;28-Dec-2015
114218;L&T Money Market Fund - Regular Plan - Weekly IDCW;;INF917K01AZ2;12.7334;12.6697;12.7334;28-Dec-2015
119431;L&T Money Market Fund -Direct Plan- Growth;INF917K01FE6;;14.4630;14.3907;14.4630;28-Dec-2015
119429;L&T Money Market Fund -Direct Plan- Monthly IDCW;INF917K01FF3;;11.4849;11.4275;11.4849;28-Dec-2015

Nippon India Mutual Fund
103050;NIPPON INDIA MONEY MARKET FUND - DAILY IDCW Option;;INF204K01UY6;1000.5100;1000.5100;1000.5100;28-Dec-2015
118718;NIPPON INDIA MONEY MARKET FUND - DIRECT Plan - DAILY IDCW Option;;INF204K01ZN8;1000.5100;1000.5100;1000.5100;28-Dec-2015
118720;NIPPON INDIA MONEY MARKET FUND - DIRECT Plan - MONTHLY IDCW Option;INF204K01ZQ1;INF204K01ZR9;1001.9405;1001.9405;1001.9405;28-Dec-2015
118716;NIPPON INDIA MONEY MARKET FUND - DIRECT Plan - QUARTERLY IDCW Option;INF204K01ZS7;INF204K01ZT5;1004.4302;1004.4302;1004.4302;28-Dec-2015
118717;NIPPON INDIA MONEY MARKET FUND - DIRECT Plan - WEEKLY IDCW Option;;INF204K01ZO6;1000.5100;1000.5100;1000.5100;28-Dec-2015
118715;Nippon India Money Market Fund - Direct Plan Growth Plan - Bonus Option;INF204K01G11;;1315.4847;1315.4847;1315.4847;28-Dec-2015
118719;Nippon India Money Market Fund - Direct Plan Growth Plan - Growth Option;INF204K01ZP3;;2237.1322;2237.1322;2237.1322;28-Dec-2015
103052;NIPPON INDIA MONEY MARKET FUND - MONTHLY IDCW Option;INF204K01VB2;INF204K01VC0;1001.9224;1001.9224;1001.9224;28-Dec-2015
112341;NIPPON INDIA MONEY MARKET FUND - QUARTERLY IDCW Option;INF204K01VD8;INF204K01VE6;1004.4907;1004.4907;1004.4907;28-Dec-2015
103051;NIPPON INDIA MONEY MARKET FUND - WEEKLY IDCW Option;;INF204K01UZ3;1000.5100;1000.5100;1000.5100;28-Dec-2015
103049;Nippon India Money Market Fund-Growth Plan-Bonus Option;INF204K01UX8;;1312.3881;1312.3881;1312.3881;28-Dec-2015
103048;Nippon India Money Market Fund-Growth Plan-Growth Option;INF204K01VA4;;2231.7264;2231.7264;2231.7264;28-Dec-2015

quant Mutual Fund
103465;Quant Money Market Fund-Dividend Option;INF966L01382;INF966L01390;15.0229;15.0229;15.0229;28-Dec-2015
120844;Quant Money Market Fund-Dividend Option-Direct Plan;INF966L01929;INF966L01937;15.0433;15.0433;15.0433;28-Dec-2015
103464;Quant Money Market Fund-Growth Option;INF966L01408;;23.0033;23.0033;23.0033;28-Dec-2015
120845;Quant Money Market Fund-Growth Option-Direct Plan;INF966L01945;;23.1258;23.1258;23.1258;28-Dec-2015

SBI Mutual Fund
119821;SBI  SAVINGS FUND - DIRECT PLAN - GROWTH;INF200K01SZ5;;23.3199;23.2966;23.3199;28-Dec-2015
102503;SBI  SAVINGS FUND - REGULAR PLAN - GROWTH;INF200K01636;;22.9853;22.9623;22.9853;28-Dec-2015
119820;SBI Savings Fund - Direct Plan - Income Distribution cum Capital Withdrawal Option (IDCW);INF200K01SX0;INF200K01SY8;11.5799;11.5683;11.5799;28-Dec-2015
119822;SBI Savings Fund - Direct Plan Daily Income Distribution cum Capital Withdrawal Option (IDCW);;INF200K01SW2;10.0622;10.0521;10.0622;28-Dec-2015
119823;SBI Savings Fund - Direct Plan Weekly Income Distribution cum Capital Withdrawal Option (IDCW);INF200K01TA6;INF200K01TB4;11.6197;11.6081;11.6197;28-Dec-2015
102504;SBI Savings Fund - Regular Plan - Income Distribution cum Capital Withdrawal Option (IDCW);INF200K01644;INF200K01651;11.4299;11.4185;11.4299;28-Dec-2015
114348;SBI Savings Fund - Regular Plan Daily Income Distribution cum Capital Withdrawal Option (IDCW);;INF200KA1K20;10.0622;10.0521;10.0622;28-Dec-2015
102860;SBI Savings Fund - Regular Plan Weekly Income Distribution cum Capital Withdrawal Option (IDCW);INF200K01669;INF200K01677;11.5300;11.5185;11.5300;28-Dec-2015

Tata Mutual Fund
119423;Tata Liquid Fund- Direct Plan- Monthly Dividend;INF277K01PS4;INF277K01PT2;1006.5248;1006.5248;1006.5248;28-Dec-2015
119422;Tata Liquid Fund- Direct Plan- Weekly Dividend;INF277K013C2;;1001.9202;1001.9202;1001.9202;28-Dec-2015
119421;Tata Money Market Fund- Direct Plan - Daily Reinvestment of IDCW Option;;INF277K011C6;1114.5200;1114.5200;1114.5200;28-Dec-2015
119424;Tata Money Market Fund- Direct Plan- Growth Option;INF277K01PR6;;2739.6699;2739.6699;2739.6699;28-Dec-2015
101986;Tata Money Market Fund- Regular Plan - Daily Reinvestment of IDCW Option;;INF277K014C0;1114.5200;1114.5200;1114.5200;28-Dec-2015
101847;Tata Money Market Fund-Regular Plan - Growth Option;INF277K01LQ7;;2732.9418;2732.9418;2732.9418;28-Dec-2015

UTI Mutual Fund
120299;UTI MMF - Direct Plan - Growth Option;INF789F01XV6;;1663.662;1663.662;1663.662;28-Dec-2015
112077;UTI MMF - Regular Plan - Growth Option;INF789F01PX8;;1659.0252;1659.0252;1659.0252;28-Dec-2015
100724;UTI MMF- Discontinued - Regular Plan - Flexi Dividend Option;;INF789F01BD0;2163.2418;2163.2418;0;28-Dec-2015
100725;UTI MMF- Discontinued - Regular Plan - Periodic Dividend Option;INF789F01BE8;;1996.7693;1996.7693;0;28-Dec-2015
100723;UTI MMF-Discontinued - Regular Plan -Growth;INF789F01BF5;;4009.0172;4009.0172;0;28-Dec-2015
120772;UTI Money Market Fund - Direct Plan - Daily IDCW (Reinvestment);;INF789F01XU8;1003.3854;1003.3854;1003.3854;28-Dec-2015
135606;UTI Money Market Fund - Direct Plan - Fortnightly IDCW;INF789FA1M20;INF789FA1M38;1024.9752;1024.9752;0;28-Dec-2015
133387;UTI Money Market Fund - Direct Plan - Monthly IDCW;INF789FA1M46;INF789FA1M53;1086.3321;1086.3321;1086.3321;28-Dec-2015
120793;UTI Money Market Fund - Direct Plan - Weekly IDCW;INF789F01XW4;INF789F01XX2;1015.5778;1015.5778;1015.5778;28-Dec-2015
112076;UTI Money Market Fund - Regular Plan - Daily IDCW (Reinvestment);;INF789F01PW0;1003.3854;1003.3854;1003.3854;28-Dec-2015
135371;UTI Money Market Fund - Regular Plan - Fortnightly IDCW;INF789FA1L05;INF789FA1L13;1024.7976;1024.7976;0;28-Dec-2015
133484;UTI Money Market Fund - Regular Plan - Monthly IDCW;INF789FA1L21;INF789FA1L39;1064.5838;1064.5838;1064.5838;28-Dec-2015
112635;UTI Money Market Fund - Regular Plan - Weekly IDCW;INF789F01PY6;INF789F01PZ3;1015.5612;1015.5612;1015.5612;28-Dec-2015

Open Ended Schemes ( Debt Scheme - Short Duration Fund )


Aditya Birla Sun Life Mutual Fund
119496;Aditya Birla Sun Life Short Term Fund - DIRECT - IDCW;INF209KA1KQ6;INF209K01XL6;15.6763;15.5195;15.6763;28-Dec-2015
119498;Aditya Birla Sun Life Short Term Fund - Growth - Direct Plan;INF209K01XK8;;24.5207;24.2755;24.5207;28-Dec-2015
101844;Aditya Birla Sun Life Short Term Fund - Growth - Regular Plan;INF209K01942;;24.1662;23.9245;24.1662;28-Dec-2015
101843;Aditya Birla Sun Life Short Term Fund - REGULAR - IDCW;INF209K01975;INF209K01DK0;15.4555;15.3009;15.4555;28-Dec-2015
112356;Aditya Birla Sun Life Short Term Fund - REGULAR - Quarterly IDCW;INF209K01BU3;;10.3393;10.2359;10.3393;28-Dec-2015
119497;Aditya Birla Sun Life Short Term Fund-Quarterly-IDCW-Direct;INF209K01R96;INF209KA1KR4;10.5191;10.4139;10.5191;28-Dec-2015

Axis Mutual Fund
120510;Axis Short Duration Fund - Direct Plan - Growth Option;INF846K01EI1;;16.3713;16.3713;16.3713;28-Dec-2015
120511;Axis Short Duration Fund - Direct Plan - Monthly IDCW;INF846K01EJ9;INF846K01EK7;10.1347;10.1347;10.1347;28-Dec-2015
120512;Axis Short Duration Fund - Direct Plan - Weekly IDCW;INF846K01EL5;INF846K01EM3;10.2449;10.2449;10.2449;28-Dec-2015
128950;Axis Short Duration Fund - Regular Plan - Bonus Option;INF846K01NS1;;16.0433;16.0433;16.0433;28-Dec-2015
112354;Axis Short Duration Fund - Regular Plan - Growth Option;INF846K01644;;15.9567;15.9567;15.9567;28-Dec-2015
112355;Axis Short Duration Fund - Regular Plan - Monthly IDCW;INF846K01651;INF846K01669;10.1366;10.1366;10.1366;28-Dec-2015
133895;Axis Short Duration Fund - Regular Plan - Regular IDCW;INF846K01RJ1;INF846K01RK9;10.6747;10.6747;10.6747;28-Dec-2015
112369;Axis Short Duration Fund - Regular Plan - Weekly IDCW;INF846K01677;INF846K01685;10.1441;10.1441;10.1441;28-Dec-2015
112721;Axis Short Duration Fund - Retail Plan - Growth Option;INF846K01594;;15.7766;15.7766;15.7766;28-Dec-2015
112723;Axis Short Duration Fund - Retail Plan - Monthly IDCW;INF846K01602;INF846K01610;10.0150;10.0150;10.0150;28-Dec-2015
112722;Axis Short Duration Fund - Retail Plan - Weekly IDCW;INF846K01628;INF846K01636;10.1507;10.1507;10.1507;28-Dec-2015

Bandhan Mutual Fund
108713;BANDHAN Bond Fund - Short Term - Regular Plan - Fortnightly IDCW;INF194K01HK5;INF194K01HJ7;10.3534;10.3534;10.3534;28-Dec-2015
131383;BANDHAN Bond Fund - Short Term - Regular Plan - Periodic IDCW;INF194KA1SO1;INF194KA1SP8;11.1864;11.1864;11.1864;28-Dec-2015
108716;BANDHAN Bond Fund - Short Term Plan - Plan B - Fortnightly Dividend;INF194K01HR0;INF194K01HQ2;12.9563;12.9563;12.9563;28-Dec-2015
108714;BANDHAN Bond Fund - Short Term Plan - Plan C  - Fortnightly Dividend;INF194K01HV2;INF194K01HU4;11.2619;11.2619;11.2619;28-Dec-2015
108717;BANDHAN Bond Fund - Short Term Plan - Plan C  - Growth;INF194K01HT6;;17.0009;17.0009;17.0009;28-Dec-2015
108718;BANDHAN Bond Fund - Short Term Plan - Plan C  - Monthly Dividend;INF194K01HY6;INF194K01HX8;13.4007;13.4007;13.4007;28-Dec-2015
108719;BANDHAN Bond Fund - Short Term Plan - Plan D - Growth;INF194K01IA4;;20.0499;20.0499;20.0499;28-Dec-2015
108720;BANDHAN Bond Fund - Short Term Plan - Plan D - Monthly Dividend;INF194K01IF3;INF194K01IE6;16.0223;16.0223;16.0223;28-Dec-2015
108715;BANDHAN Bond Fund - Short Term Plan - Plan D- Fortnightly Dividend;INF194K01IC0;INF194K01IB2;12.0805;12.0805;12.0805;28-Dec-2015
118405;BANDHAN Bond Fund - Short Term-Direct Plan-Fortnightly IDCW;INF194K01U56;INF194K01U49;10.2805;10.2805;10.2805;28-Dec-2015
118407;BANDHAN Bond Fund - Short Term-Direct Plan-Growth;INF194K01U07;;30.7907;30.7907;30.7907;28-Dec-2015
118406;BANDHAN Bond Fund - Short Term-Direct Plan-Monthly IDCW;INF194K01U23;INF194K01U15;10.4059;10.4059;10.4059;28-Dec-2015
131382;BANDHAN Bond Fund - Short Term-Direct Plan-Periodic IDCW;INF194KA1SR4;INF194KA1SS2;10.3420;10.3420;10.3420;28-Dec-2015

Bank of India Mutual Fund
119382;BANK OF INDIA Short Term Income Fund-Direct Plan- Growth;INF761K01736;;16.4306;16.3484;16.4306;28-Dec-2015
119383;BANK OF INDIA Short Term Income Fund-Direct Plan- Monthly IDCW;INF761K01751;INF761K01744;10.3564;10.3046;10.3564;28-Dec-2015
119384;BANK OF INDIA Short Term Income Fund-Direct Plan- Quarterly IDCW;INF761K01777;INF761K01769;10.1222;10.0716;10.1222;28-Dec-2015
111585;BANK OF INDIA Short Term Income Fund-Regular Plan- Growth;INF761K01579;;15.9725;15.8926;15.9725;28-Dec-2015
111589;BANK OF INDIA Short Term Income Fund-Regular Plan- Monthly IDCW;INF761K01595;INF761K01587;10.4691;10.4168;10.4691;28-Dec-2015
111590;BANK OF INDIA Short Term Income Fund-Regular Plan- Quarterly IDCW;INF761K01611;INF761K01603;10.3141;10.2625;10.3141;28-Dec-2015

Baroda BNP Paribas Mutual Fund
119400;Baroda BNP Paribas Short Duration Fund - Direct Plan - Growth Option;INF955L01BD5;;15.6100;15.5944;15.6100;28-Dec-2015
119399;Baroda BNP Paribas Short Duration Fund - Direct Plan - Monthly IDCW Option;INF955L01BB9;;10.0169;10.0069;10.0169;28-Dec-2015
113036;Baroda BNP Paribas Short Duration Fund - Regular Plan - Growth Option;INF955L01153;;15.3644;15.3490;15.3644;28-Dec-2015
113037;Baroda BNP Paribas Short Duration Fund - Regular Plan - Monthly IDCW Option;INF955L01138;INF955L01146;10.0185;10.0085;10.0185;28-Dec-2015

BNP Paribas Mutual Fund
120135;BNP Paribas Short Term Fund - Direct Plan - Daily Income Distribution cum Capital Withdrawal Option;;INF251K01GD0;10.0000;10.0000;10.0000;28-Dec-2015
120131;BNP Paribas Short Term Fund - Direct Plan - Growth Option;INF251K01GC2;;17.1306;17.1306;17.1306;28-Dec-2015
120132;BNP Paribas Short Term Fund - Direct Plan - Monthly Income Distribution cum Capital Withdrawal Option;INF251K01GF5;INF251K01GG3;10.0090;10.0090;10.0090;28-Dec-2015
120133;BNP Paribas Short Term Fund - Direct Plan - Quarterly Income Distribution cum Capital Withdrawal Option;INF251K01GH1;INF251K01GI9;10.0436;10.0436;10.0436;28-Dec-2015
120134;BNP Paribas Short Term Fund - Direct Plan - Weekly Income Distribution cum Capital Withdrawal Option;;INF251K01GE8;10.0000;10.0000;10.0000;28-Dec-2015
117956;BNP PARIBAS SHORT TERM FUND DAILY Income Distribution cum Capital Withdrawal OPTION;;INF251K01CY5;10.0315;10.0315;10.0315;28-Dec-2015
117953;BNP PARIBAS SHORT TERM FUND GROWTH OPTION;INF251K01CX7;;16.8417;16.8417;16.8417;28-Dec-2015
117955;BNP PARIBAS SHORT TERM FUND MONTHLY Income Distribution cum Capital Withdrawal OPTION;INF251K01DA3;INF251K01DB1;10.0078;10.0078;10.0078;28-Dec-2015
117952;BNP PARIBAS SHORT TERM FUND QUARTERLY Income Distribution cum Capital Withdrawal OPTION;INF251K01DC9;INF251K01DD7;10.0304;10.0304;10.0304;28-Dec-2015
117954;BNP PARIBAS SHORT TERM FUND WEEKLY Income Distribution cum Capital Withdrawal OPTION;;INF251K01CZ2;10.0450;10.0450;10.0450;28-Dec-2015
113547;BNP PARIBAS Short Term Fund-Regular Plan-Growth Option;INF251K01CR9;;22.5962;22.5962;22.5962;28-Dec-2015
113548;BNP PARIBAS Short Term Fund-Regular Plan-Monthly Income Distribution cum Capital Withdrawal Option;INF251K01CT5;INF251K01CU3;10.0086;10.0086;10.0086;28-Dec-2015
113557;BNP PARIBAS Short Term Fund-Regular Plan-Quarterly Income Distribution cum Capital Withdrawal Option;INF251K01CV1;INF251K01CW9;10.0336;10.0336;10.0336;28-Dec-2015
113549;BNP PARIBAS Short Term Fund-Regular Plan-Weekly Income Distribution cum Capital Withdrawal Option;;INF251K01CS7;10.0271;10.0271;10.0271;28-Dec-2015

Canara Robeco Mutual Fund
118320;CANARA ROBECO SHORT DURATION FUND - DIRECT PLAN - GROWTH OPTION;INF760K01DX5;;14.1894;14.1894;14.1894;28-Dec-2015
118321;CANARA ROBECO SHORT DURATION FUND - DIRECT PLAN - MONTHLY IDCW (Payout/Reinvestment);INF760K01DV9;INF760K01DW7;14.0096;14.0096;14.0096;28-Dec-2015
118322;CANARA ROBECO SHORT DURATION FUND - DIRECT PLAN - QUARTERLY IDCW (Payout/Reinvestment);INF760K01DY3;INF760K01DZ0;14.1911;14.1911;14.1911;28-Dec-2015
115077;CANARA ROBECO SHORT DURATION FUND - REGULAR PLAN - GROWTH OPTION;INF760K01BM2;;13.8726;13.8726;13.8726;28-Dec-2015
115078;CANARA ROBECO SHORT DURATION FUND - REGULAR PLAN - MONTHLY IDCW (Payout/Reinvestment);INF760K01BO8;INF760K01BN0;13.6922;13.6922;13.6922;28-Dec-2015
115079;CANARA ROBECO SHORT DURATION FUND - REGULAR PLAN - QUARTERLY IDCW (Payout/Reinvestment);INF760K01BQ3;INF760K01BP5;13.8725;13.8725;13.8725;28-Dec-2015

DSP Mutual Fund
119226;DSP Short Term Fund - Direct Plan - Growth;INF740K01NJ5;;25.6352;25.5711;25.6352;28-Dec-2015
119222;DSP Short Term Fund - Direct Plan - IDCW;INF740K01NK3;INF740K01NN7;11.8411;11.8115;11.8411;28-Dec-2015
119224;DSP Short Term Fund - Direct Plan - IDCW - Monthly;INF740K01NL1;INF740K01NM9;11.2809;11.2527;11.2809;28-Dec-2015
119223;DSP Short Term Fund - Direct Plan - IDCW - Weekly;INF740KA1PD9;INF740KA1PE7;10.1800;10.1546;10.1800;28-Dec-2015
101306;DSP Short Term Fund - IDCW - Monthly;INF740K01664;INF740K01AG8;11.2476;11.2195;11.2476;28-Dec-2015
101304;DSP Short Term Fund - Regular Plan - Growth;INF740K01656;;25.2066;25.1436;25.2066;28-Dec-2015
101305;DSP Short Term Fund - Regular Plan - IDCW;INF740K01649;INF740K01AF0;12.0345;12.0044;12.0345;28-Dec-2015
101303;DSP Short Term Fund - Regular Plan - Regular Plan - IDCW - Weekly;INF740KA1PF4;;10.1800;10.1546;10.1800;28-Dec-2015

Franklin Templeton Mutual Fund
118567;Franklin India Short Term Income Plan -  Retail Plan - Direct - Monthly - IDCW;INF090I01GN5;INF090I01GO3;1239.1089;1232.9134;1239.1089;28-Dec-2015
118566;Franklin India Short Term Income Plan -  Retail Plan - Direct - Quarterly - IDCW;INF090I01GL9;INF090I01GM7;1274.3335;1267.9618;1274.3335;28-Dec-2015
118568;Franklin India Short Term Income Plan -  Retail Plan - Direct - Weekly - IDCW;INF090I01GP0;;1113.3876;1107.8207;1113.3876;28-Dec-2015
101236;Franklin India Short Term Income Plan -  Retail Plan - Monthly - IDCW;INF090I01338;INF090I01346;1208.3474;1202.3057;1208.3474;28-Dec-2015
101238;Franklin India Short Term Income Plan -  Retail Plan - Quarterly - IDCW;INF090I01312;INF090I01320;1241.8228;1235.6137;1241.8228;28-Dec-2015
101242;Franklin India Short Term Income Plan -  Retail Plan - Weekly - IDCW;INF090I01353;;1111.0652;1105.5099;1111.0652;28-Dec-2015
118565;Franklin India SHORT TERM INCOME PLAN - Direct - GROWTH;INF090I01GK1;;3127.4271;3111.79;3127.4271;28-Dec-2015
101232;Franklin India Short-Term Income Plan-Growth;INF090I01304;;3049.4432;3034.196;3049.4432;28-Dec-2015
101244;Franklin India Short-Term Income Plan-Institutional Plan - Growth;INF090I01361;;2486.2554;2473.8241;2486.2554;28-Dec-2015
101246;Franklin India Short-Term Income Plan-Institutional Plan - Monthly Dividend;INF090I01387;INF090I01395;1279.627;1273.2289;1279.627;28-Dec-2015

Groww Mutual Fund
123708;Groww Short Duration Fund (formerly known as Indiabulls Short Term Fund )- Regular Plan - Growth Option;INF666M01AJ5;;1224.9896;1224.9896;1224.9896;28-Dec-2015
123704;Groww Short Duration Fund (formerly known as Indiabulls Short Term Fund) - Direct Plan - Growth Option;INF666M01AC0;;1263.2783;1263.2783;1263.2783;28-Dec-2015
123707;Groww Short Duration Fund (formerly known as Indiabulls Short Term Fund)- Direct Plan- Monthly - Income Distribution cum capital withdrawal Option (Payout & Reinvestment);INF666M01AI7;INF666M01AF3;1017.8090;1017.8090;1017.8090;28-Dec-2015
123705;Groww Short Duration Fund (formerly known as Indiabulls Short Term Fund)- Direct Plan- Weekly - Income Distribution cum capital withdrawal Option (Payout & Reinvestment);INF666M01AG1;INF666M01AD8;1006.3170;1006.3170;1006.3170;28-Dec-2015
123711;Groww Short Duration Fund (formerly known as Indiabulls Short Term Fund)- Regular Plan- Monthly - Income Distribution cum capital withdrawal Option (Payout & Reinvestment);INF666M01AP2;INF666M01AM9;1016.4759;1016.4759;1016.4759;28-Dec-2015
123709;Groww Short Duration Fund (formerly known as Indiabulls Short Term Fund)- Regular Plan- Weekly - Income Distribution cum capital withdrawal Option (Payout & Reinvestment);INF666M01AN7;INF666M01AK3;1010.0667;1010.0667;1010.0667;28-Dec-2015

HDFC Mutual Fund
119015;HDFC Short Term  Debt Fund - Fortnightly IDCW - Direct Plan;;;10.1893;10.1638;10.1893;28-Dec-2015
113048;HDFC Short Term  Debt Fund - Fortnightly IDCW Option;INF179K01CV4;INF179K01CW2;10.1286;10.1033;10.1286;28-Dec-2015
113047;HDFC Short Term  Debt Fund - Growth Option;INF179K01CU6;;16.1623;16.1219;16.1623;28-Dec-2015
119016;HDFC Short Term  Debt Fund - Growth Option - Direct Plan;INF179K01YM7;;16.2318;16.1912;16.2318;28-Dec-2015
133367;HDFC Short Term  Debt Fund - Normal IDCW - Direct Plan;INF179KA1Q53;;10.8511;10.8240;10.8511;28-Dec-2015
133368;HDFC Short Term  Debt Fund - Normal IDCW Option;INF179KA1Q79;;10.8670;10.8398;10.8670;28-Dec-2015

HSBC Mutual Fund
108363;HSBC Income Fund - Short Term - Inst. Plus - Growth;INF336L01925;;14.347;14.347;14.347;28-Dec-2015
108254;HSBC Income Fund Short Term Instl Plus Weekly IDCW;;INF336L01958;10.1907;10.1907;10.1907;28-Dec-2015
104429;HSBC Short Duration Fund - Closed (Direct - Monthly IDCW);;INF336L01982;10.2049;10.2049;10.2049;28-Dec-2015
101600;HSBC Short Duration Fund - Closed (Monthly IDCW);INF336L01990;INF336L01AA6;11.1404;11.1404;11.1404;28-Dec-2015
120062;HSBC Short Duration Fund - Direct Growth;INF336L01DL7;;25.0018;25.0018;25.0018;28-Dec-2015
120061;HSBC Short Duration Fund - Direct Monthly IDCW;;INF336L01DN3;10.2314;10.2314;10.2314;28-Dec-2015
120060;HSBC Short Duration Fund - Direct Monthly IDCW (Closed);INF336L01DM5;INF336L01EQ4;11.1919;11.1919;11.1919;28-Dec-2015
104430;HSBC Short Duration Fund - Institutional-Weekly IDCW;;INF336L01AC2;13.2738;13.2738;13.2738;28-Dec-2015
101599;HSBC Short Duration Fund - Regular Growth;INF336L01917;;24.3788;24.3788;24.3788;28-Dec-2015

ICICI Prudential Mutual Fund
122674;ICICI Prudential Short Term Fund - Bonus;INF109KA1376;;30.2170;30.0659;30.2170;28-Dec-2015
122909;ICICI Prudential Short Term Fund - Direct Plan - Bonus;INF109KA1368;;30.7366;30.5829;30.7366;28-Dec-2015
120754;ICICI Prudential Short Term Fund - Direct Plan - Growth Option;INF109K013N3;;30.7366;30.5829;30.7366;28-Dec-2015
131478;ICICI Prudential Short Term Fund - Direct Plan - Half Yearly IDCW;INF109KA1X36;INF109KA1X28;11.2120;11.1559;11.2120;28-Dec-2015
120755;ICICI Prudential Short Term Fund - Direct Plan - Monthly IDCW;INF109K014N1;INF109K015N8;12.3586;12.2968;12.3586;28-Dec-2015
120753;ICICI Prudential Short Term Fund - Direct Plan - Reinvestment of IDCW Fortnightly;INF109K012N5;;12.3404;12.2787;12.3404;28-Dec-2015
101758;ICICI Prudential Short Term Fund - Growth Option;INF109K01654;;30.2170;30.0659;30.2170;28-Dec-2015
131479;ICICI Prudential Short Term Fund - Half Yearly IDCW;INF109KA1X10;INF109KA1X02;10.7982;10.7442;10.7982;28-Dec-2015
101759;ICICI Prudential Short Term Fund - Reinvestment of IDCW Fortnightly;INF109KB12M9;INF109K01662;12.1049;12.0444;12.1049;28-Dec-2015
101165;ICICI Prudential Short Term Fund - Monthly IDCW;INF109K01WL0;INF109K01647;12.1407;12.0800;12.1407;28-Dec-2015
101229;ICICI Prudential Short Term Fund - Institutional Plan - Dividend Monthly;INF109K01WK2;INF109K01670;12.6812;12.6178;12.6812;28-Dec-2015
101231;ICICI Prudential Short Term Fund-Institutional Growth;INF109K01696;;31.2470;31.0908;31.2470;28-Dec-2015
101230;ICICI Prudential Short Term Fund-Institutional Plan-Dividend Fortnightly;INF109K01688;;12.5895;12.5266;12.5895;28-Dec-2015

IDBI Mutual Fund
115005;IDBI Short Term Bond Fund Growth;INF397L01463;;14.8858;14.8858;14.8858;28-Dec-2015
118349;IDBI Short Term Bond Fund Growth Direct;INF397L01BG3;;15.1990;15.1990;15.1990;28-Dec-2015
114999;IDBI Short Term Bond Fund Monthly IDCW;INF397L01406;INF397L01414;10.9004;10.9004;10.9004;28-Dec-2015
118457;IDBI Short Term Bond Fund Monthly IDCW Direct;INF397L01BH1;INF397L01BI9;12.4219;12.4219;12.4219;28-Dec-2015
115000;IDBI Short Term Bond Fund Weekly IDCW;INF397L01430;INF397L01448;10.7177;10.7177;10.7177;28-Dec-2015
118458;IDBI Short Term Bond Fund Weekly IDCW Direct;INF397L01BK5;INF397L01BL3;10.9898;10.9898;10.9898;28-Dec-2015

Invesco Mutual Fund
117973;Invesco India Short Duration Fund - Daily IDCW (Reinvestment);;INF205K01UD7;1010.7392;1010.7392;1010.7392;28-Dec-2015
120559;Invesco India Short Duration Fund - Direct Plan - Daily IDCW (Reinvestment);;INF205K01UE5;1001.0000;1001.0000;1001.0000;28-Dec-2015
120560;Invesco India Short Duration Fund - Direct Plan - Growth;INF205K01UH8;;2009.5820;2009.5820;2009.5820;28-Dec-2015
120561;Invesco India Short Duration Fund - Direct Plan - Monthly IDCW (Payout / Reinvestment);INF205K01UI6;INF205K01UJ4;1847.5397;1847.5397;1847.5397;28-Dec-2015
120563;Invesco India Short Duration Fund - Direct Plan -Discretionary IDCW (Payout / Reinvestment);INF205K01UF2;INF205K01UG0;1417.9715;1417.9715;1417.9715;28-Dec-2015
120562;Invesco India Short Duration Fund - Direct Plan -Weekly IDCW (Reinvestment);;INF205K01UK2;1020.2076;1020.2076;1020.2076;28-Dec-2015
105185;Invesco India Short Duration Fund - Growth;INF205K01UN6;;1950.1665;1950.1665;1950.1665;28-Dec-2015
105191;Invesco India Short Duration Fund - Monthly IDCW (Payout / Reinvestment);INF205K01UO4;INF205K01UP1;1049.6358;1049.6358;1049.6358;28-Dec-2015
105189;Invesco India Short Duration Fund - Plan B - Growth;INF205K01UR7;;1943.1794;1943.1794;1943.1794;28-Dec-2015
105187;Invesco India Short Duration Fund - Plan B - Monthly IDCW (Payout / Reinvestment);INF205K01US5;INF205K01UT3;1292.5726;1292.5726;1292.5726;28-Dec-2015
105192;Invesco India Short Duration Fund - Plan B - Weekly IDCW (Reinvestment);;INF205K01UU1;1016.1078;1016.1078;1016.1078;28-Dec-2015
105190;Invesco India Short Duration Fund - Weekly IDCW (Reinvestment);;INF205K01UV9;1019.5933;1019.5933;1019.5933;28-Dec-2015
116110;Invesco India Short Duration Fund- Discretionary IDCW (Payout / Reinvestment);INF205K01UL0;INF205K01UM8;1266.2416;1266.2416;1266.2416;28-Dec-2015
105186;Invesco India Short Term Fund- Plan B - Daily Dividend;;INF205K01UQ9;1031.8000;1031.8000;1031.8000;28-Dec-2015
122797;Religare Invesco Short Term Fund - Direct Plan - Bonus Option;INF205K01VJ2;;2009.2828;2009.2828;2009.2828;28-Dec-2015

JM Financial Mutual Fund
120469;JM Short Term Fund (Direct) - Daily Dividend Option;;INF192K01DZ6;11.2768;11.2768;11.2768;28-Dec-2015
120470;JM Short Term Fund (Direct) - Dividend Option;INF192K01DX1;INF192K01DY9;10.6002;10.6002;10.6002;28-Dec-2015
120471;JM Short Term Fund (Direct) - Growth Option;INF192K01EA7;;20.8844;20.8844;20.8844;28-Dec-2015
115103;JM Short Term Fund - Daily Dividend Option;;INF192K01BD7;11.0360;11.0360;11.0360;28-Dec-2015
101524;JM Short Term Fund - Dividend Option;INF192K01BE5;INF192K01BF2;10.5646;10.5646;10.5646;28-Dec-2015
101521;JM Short Term Fund - Growth Option;INF192K01BG0;;20.7366;20.7366;20.7366;28-Dec-2015
115090;JM Short Term Fund - Regular Plan - Daily Dividend Option;;INF192K01AZ2;10.9488;10.9488;10.9488;28-Dec-2015
101519;JM Short Term Fund - Regular Plan - Dividend Option;INF192K01BA3;INF192K01BB1;11.6267;11.6267;11.6267;28-Dec-2015
101520;JM Short Term Fund - Regular Plan - Growth Option;INF192K01BC9;;28.3457;28.3457;28.3457;28-Dec-2015

Kotak Mahindra Mutual Fund
101373;Kotak Bond Short Term Plan-(Growth);INF174K01ES7;;27.5825;27.4446;27.5825;28-Dec-2015
119739;Kotak Bond Short Term Plan-(Growth) - Direct;INF174K01JI7;;28.0574;27.9171;28.0574;28-Dec-2015
125253;Kotak Bond Short Term Plan-(Half Yearly Payout of Income Distribution cum capital withdrawal option);INF174K01YP1;INF174K01YQ9;11.0769;11.0215;11.0769;28-Dec-2015
125254;Kotak Bond Short Term Plan-(Half Yearly Payout of Income Distribution cum capital withdrawal option) - Direct;INF174K01YR7;INF174K01YS5;10.4765;10.4241;10.4765;28-Dec-2015
101372;Kotak Bond Short Term Plan-(Payout of Income Distribution cum capital withdrawal option);INF174K01EU3;INF174K01ET5;10.1338;10.0831;10.1338;28-Dec-2015
119738;Kotak Bond Short Term Plan-(Payout of Income Distribution cum capital withdrawal option) - Direct;INF174K01JJ5;;10.2395;10.1883;10.2395;28-Dec-2015

L&T Mutual Fund
134419;L&T Short Term Bond Fund - Direct Plan - Annual IDCW;INF917K01VR5;INF917K01VQ7;10.6394;10.5862;10.6394;28-Dec-2015
119858;L&T Short Term Bond Fund - Direct Plan - Quarterly IDCW;INF917K01IS0;INF917K01IR2;11.1390;11.0833;11.1390;28-Dec-2015
134420;L&T Short Term Bond Fund - Regular Plan - Annual IDCW;INF917K01VT1;INF917K01VS3;10.6282;10.5751;10.6282;28-Dec-2015
116296;L&T Short Term Bond Fund - Regular Plan - Bonus;INF917K01CM6;;14.1836;14.1127;14.1836;28-Dec-2015
116299;L&T Short Term Bond Fund - Regular Plan - Growth;INF917K01CL8;;14.1836;14.1127;14.1836;28-Dec-2015
116297;L&T Short Term Bond Fund - Regular Plan - Monthly IDCW;INF917K01CH6;INF917K01CI4;10.6479;10.5947;10.6479;28-Dec-2015
116298;L&T Short Term Bond Fund - Regular Plan - Quarterly IDCW;INF917K01CJ2;INF917K01CK0;10.9105;10.8559;10.9105;28-Dec-2015
119857;L&T Short Term Bond Fund -Direct Plan -  Monthly IDCW;INF917K01IP6;INF917K01IO9;10.7734;10.7195;10.7734;28-Dec-2015
119856;L&T Short Term Bond Fund -Direct Plan- Growth;INF917K01IQ4;;14.3532;14.2814;14.3532;28-Dec-2015

Navi Mutual Fund
128298;Essel Short Term Fund- Bonus;;INF959L01BS5;12.3028;12.3028;12.3028;28-Dec-2015
128297;Essel Short Term Fund- Direct - Bonus;;INF959L01BR7;16.8251;16.8251;16.8251;28-Dec-2015
119169;Essel Short Term Fund-Direct Plan-Dividend Option-Monthly Dividend;INF959L01791;INF959L01809;11.0341;11.0341;11.0341;28-Dec-2015
119170;Essel Short Term Fund-Direct Plan-Dividend Option-Quarterly Dividend;INF959L01817;INF959L01825;11.0702;11.0702;11.0702;28-Dec-2015
119168;Essel Short Term Fund-Direct Plan-Growth Option;INF959L01783;;16.8236;16.8236;16.8236;28-Dec-2015
113173;Essel Short Term Fund-Dividend Option-Monthly Dividend;INF959L01148;INF959L01155;10.7965;10.7965;10.7965;28-Dec-2015
113211;Essel Short Term Fund-Dividend Option-Quarterly Dividend;INF959L01163;INF959L01171;10.7908;10.7908;10.7908;28-Dec-2015
113172;Essel Short Term Fund-Growth;INF959L01189;;16.4144;16.4144;16.4144;28-Dec-2015

Nippon India Mutual Fund
125269;NIPPON INDIA SHORT TERM FUND - Direct Plan - IDCW Option;INF204KA1ES0;INF204KA1ET8;11.4399;11.4113;11.4399;28-Dec-2015
118797;NIPPON INDIA SHORT TERM FUND - Direct Plan - MONTHLY IDCW Option;INF204K01B40;;11.1329;11.1051;11.1329;28-Dec-2015
118800;NIPPON INDIA SHORT TERM FUND - Direct Plan - QUARTERLY IDCW OPTION;INF204K01B65;INF204K01B73;14.2130;14.1775;14.2130;28-Dec-2015
118796;Nippon India Short Term Fund - Direct Plan Growth Plan - Growth Option;INF204K01B32;;28.1491;28.0787;28.1491;28-Dec-2015
125268;NIPPON INDIA SHORT TERM FUND - IDCW Option;INF204KA1EQ4;INF204KA1ER2;11.2494;11.2213;11.2494;28-Dec-2015
101667;NIPPON INDIA SHORT TERM FUND - MONTHLY IDCW Option;INF204K01FM2;INF204K01FN0;11.0314;11.0038;11.0314;28-Dec-2015
101669;NIPPON INDIA SHORT TERM FUND - QUARTERLY IDCW OPTION;INF204K01FO8;INF204K01FP5;14.0572;14.0221;14.0572;28-Dec-2015
101665;Nippon India Short Term Fund-Growth Plan;INF204K01FL4;;27.6587;27.5896;27.6587;28-Dec-2015

Principal Mutual Fund
119463;Principal Short Term Debt Fund - Direct Plan - Income Distribution CUM Capital Withdrawal Plan - Monthly;INF173K01GQ8;INF173K01GR6;12.8663;12.8020;12.8663;28-Dec-2015
101466;Principal Short Term Debt Fund - Income Distribution CUM Capital Withdrawal Option - Monthly;INF173K01BB1;INF173K01BC9;12.8325;12.7683;12.8325;28-Dec-2015
119462;Principal Short Term Debt Fund- Direct Plan - Growth Option;INF173K01GP0;;26.3866;26.2547;26.3866;28-Dec-2015
101465;Principal Short Term Debt Fund- Growth Plan;INF173K01BA3;;25.8451;25.7159;25.8451;28-Dec-2015

SBI Mutual Fund
106230;SBI Short Horizon Debt Fund - Short Term Fund - Retail Dividend - Fortnightly Income Distribution cum Capital Withdrawal Option (IDCW);INF200K01IA9;INF200K01IB7;10.9899;10.9624;10.9899;28-Dec-2015
106229;SBI Short Horizon Debt Fund - Short Term Fund - Retail Dividend - Monthly Income Distribution cum Capital Withdrawal Option (IDCW);INF200K01IC5;INF200K01ID3;11.1252;11.0974;11.1252;28-Dec-2015
106228;SBI Short Horizon Debt Fund - Short Term Fund - Retail Dividend - Weekly Income Distribution cum Capital Withdrawal Option (IDCW);INF200K01IE1;INF200K01IF8;10.9561;10.9287;10.9561;28-Dec-2015
106227;SBI SHORT HORIZON DEBT FUND-SHORT TERM FUND - RETAIL - GROWTH;INF200K01IG6;;19.1572;19.1093;19.1572;28-Dec-2015
119813;SBI Short Term Debt Fund - Direct Plan - Monthly Income Distribution cum Capital Withdrawal Option (IDCW);INF200K01VF1;INF200K01VG9;11.9016;11.8718;11.9016;28-Dec-2015
119816;SBI SHORT TERM DEBT FUND - DIRECT PLAN -GROWTH;INF200K01VE4;;17.1143;17.0715;17.1143;28-Dec-2015
119815;SBI Short Term Debt Fund - Direct Plan Fortnightly Income Distribution cum Capital Withdrawal Option (IDCW);INF200K01VC8;INF200K01VD6;11.5513;11.5224;11.5513;28-Dec-2015
119817;SBI Short Term Debt Fund - Direct Plan Weekly Income Distribution cum Capital Withdrawal Option (IDCW);INF200K01VH7;INF200K01VI5;10.5511;10.5247;10.5511;28-Dec-2015
106233;SBI Short Term Debt Fund - Regular Plan - Monthly Income Distribution cum Capital Withdrawal Option (IDCW);INF200K01HV7;INF200K01HW5;11.7123;11.683;11.7123;28-Dec-2015
106231;SBI SHORT TERM DEBT FUND - REGULAR PLAN -GROWTH;INF200K01HZ8;;16.9335;16.8912;16.9335;28-Dec-2015
106234;SBI Short Term Debt Fund - Regular Plan Fortnightly Income Distribution cum Capital Withdrawal Option (IDCW);INF200K01HT1;INF200K01HU9;10.2127;10.1872;10.2127;28-Dec-2015
106232;SBI Short Term Debt Fund - Regular Plan Weekly Income Distribution cum Capital Withdrawal Option (IDCW);INF200K01HX3;INF200K01HY1;10.5487;10.5223;10.5487;28-Dec-2015

Sundaram Mutual Fund
119669;Sundaram Short Term Debt Fund Direct Plan - Annual Payout of Income Distribution cum Capital Withdrawal (IDCW);INF903J01QO4;;11.6000;11.6000;11.6000;28-Dec-2015
119667;Sundaram Short Term Debt Fund Direct Plan - Bonus;INF903J01RP9;;12.9164;12.9164;12.9164;28-Dec-2015
119665;Sundaram Short Term Debt Fund Direct Plan - Fortnightly Income Distribution cum Capital Withdrawal (IDCW);INF903J01QP1;INF903J01QQ9;12.7289;12.7289;12.7289;28-Dec-2015
119664;Sundaram Short Term Debt Fund Direct Plan - Growth;INF903J01QR7;;25.9536;25.9536;25.9536;28-Dec-2015
119668;Sundaram Short Term Debt Fund Direct Plan - Half yearly Payout of Income Distribution cum Capital Withdrawal (IDCW);INF903J01QS5;;11.7778;11.7778;11.7778;28-Dec-2015
119666;Sundaram Short Term Debt Fund Direct Plan - Monthly Income Distribution cum Capital Withdrawal (IDCW);INF903J01QT3;INF903J01QU1;12.3610;12.3610;12.3610;28-Dec-2015
119663;Sundaram Short Term Debt Fund Direct Plan - Quarterly Payout of Income Distribution cum Capital Withdrawal (IDCW);INF903J01QV9;;11.3624;11.3624;11.3624;28-Dec-2015
119662;Sundaram Short Term Debt Fund Direct Plan - Weekly Income Distribution cum Capital Withdrawal (IDCW);INF903J01QW7;INF903J01QX5;13.5626;13.5626;13.5626;28-Dec-2015
101562;Sundaram Short Term Debt Fund Regular Plan - Annual Payout of Income Distribution cum Capital Withdrawal (IDCW);INF903J01FM1;;11.5168;11.5168;11.5168;28-Dec-2015
118332;Sundaram Short Term Debt Fund Regular Plan - Bonus;INF903J01MF1;;12.6764;12.6764;12.6764;28-Dec-2015
101565;Sundaram Short Term Debt Fund Regular Plan - Fortnightly Income Distribution cum Capital Withdrawal (IDCW);INF903J01FI9;INF903J01FO7;12.6682;12.6682;12.6682;28-Dec-2015
101563;Sundaram Short Term Debt Fund Regular Plan - Growth;INF903J01FG3;;25.3852;25.3852;25.3852;28-Dec-2015
101561;Sundaram Short Term Debt Fund Regular Plan - Half yearly Payout of Income Distribution cum Capital Withdrawal (IDCW);INF903J01FL3;;11.6112;11.6112;11.6112;28-Dec-2015
101566;Sundaram Short Term Debt Fund Regular Plan - Monthly Income Distribution cum Capital Withdrawal (IDCW);INF903J01FJ7;INF903J01FP4;12.2142;12.2142;12.2142;28-Dec-2015
101560;Sundaram Short Term Debt Fund Regular Plan - Quarterly Payout of Income Distribution cum Capital Withdrawal (IDCW);INF903J01FK5;;11.3680;11.3680;11.3680;28-Dec-2015
101564;Sundaram Short Term Debt Fund Regular Plan - Weekly Income Distribution cum Capital Withdrawal (IDCW);INF903J01FH1;INF903J01FN9;13.4156;13.4156;13.4156;28-Dec-2015

Tata Mutual Fund
119949;Tata Short Term Bond Fund - Direct Plan - Growth Option;INF277K01QR4;;28.1015;27.9610;28.1015;28-Dec-2015
101548;Tata Short Term Bond Fund -Regular Plan- Growth Option;INF277K01972;;27.5687;27.4309;27.5687;28-Dec-2015
119950;Tata Short Term Bond Fund Direct Plan - Monthly Payout of IDCW Option;INF277K01QP8;INF277K01QQ6;14.2528;14.1815;14.2528;28-Dec-2015
133974;Tata Short Term Bond Fund- Direct Plan - Periodic Payout of IDCW Option;INF277K01P38;INF277K01P46;14.8952;14.8207;14.8952;28-Dec-2015
101547;Tata Short Term Bond Fund- Regular Plan - Monthly Payout of IDCW Option;INF277K01EI9;INF277K01964;14.0003;13.9303;14.0003;28-Dec-2015
133975;Tata Short Term Bond Fund- Regular Plan - Periodic Payout of IDCW Option;INF277K01P12;INF277K01P20;14.6061;14.5331;14.6061;28-Dec-2015

Taurus Mutual Fund
101113;Taurus Short Term Income Fund- Regular Plan - Dividend Option;INF044D01583;INF044D01591;1529.0221;1525.1995;1529.0221;28-Dec-2015
101114;Taurus Short Term Income Fund- Regular Plan - Growth Option;INF044D01617;;2608.8276;2602.3055;2608.8276;28-Dec-2015
118890;Taurus Short Term Income Fund-Direct Plan-Dividend Option;INF044D01CX1;INF044D01CY9;1529.1684;1525.3455;1529.1684;28-Dec-2015
118889;Taurus Short Term Income Fund-Direct Plan-Growth Option;INF044D01CW3;;2623.5539;2616.9950;2623.5539;28-Dec-2015
111438;Taurus Ultra Short Term Bond  Fund - Retail Weekly Dividend Option  #;;INF044D01658;1002.0162;1002.0162;1002.0162;28-Dec-2015
111441;Taurus Ultra Short Term Bond Fund - Institutional Daily Div;;INF044D01674;1002.0132;1002.0132;1002.0132;28-Dec-2015
111445;Taurus Ultra Short Term Bond Fund - Regular Plan - SI Daily Dividend Option;;INF044D01716;1002.0133;1002.0133;1002.0133;28-Dec-2015
111443;Taurus Ultra Short Term Bond Fund - Regular Plan - SI Growth Option;INF044D01708;;1793.1200;1793.1200;1793.1200;28-Dec-2015
111446;Taurus Ultra Short Term Bond Fund - Regular Plan - SI Weekly Dividend Option;;INF044D01724;1002.4044;1002.4044;1002.4044;28-Dec-2015
111435;Taurus Ultra Short Term Bond Fund - Retail Growth Option #;INF044D01625;;1724.0499;1724.0499;1724.0499;28-Dec-2015
111437;Taurus Ultra Short Term Bond Fund - Retails Daily Dividend Option #;;INF044D01633;1002.0134;1002.0134;1002.0134;28-Dec-2015
118895;Taurus Ultra Short Term Bond Fund-Direct Plan-SI Daily Dividend Option;;INF044D01DF6;1002.0133;1002.0133;1002.0133;28-Dec-2015
118894;Taurus Ultra Short Term Bond Fund-Direct Plan-SI Growth Option;INF044D01DH2;;1802.1745;1802.1745;1802.1745;28-Dec-2015
118896;Taurus Ultra Short Term Bond Fund-Direct Plan-SI Weekly Dividend Option;;INF044D01DG4;1002.4042;1002.4042;1002.4042;28-Dec-2015

Union Mutual Fund
117282;Union Short Term Fund - Daily Dividend Option;;INF582M01385;1001.7531;1001.7531;1001.7531;28-Dec-2015
119320;Union Short Term Fund - Direct Plan - Daily Dividend Option;;INF582M01849;1001.7531;1001.7531;1001.7531;28-Dec-2015
119322;Union Short Term Fund - Direct Plan - Fortnightly Dividend Option;INF582M01880;INF582M01864;1007.0397;1007.0397;1007.0397;28-Dec-2015
119318;Union Short Term Fund - Direct Plan - Growth Option;INF582M01831;;1376.5904;1376.5904;1376.5904;28-Dec-2015
119319;Union Short Term Fund - Direct Plan - Monthly Dividend Option;INF582M01898;INF582M01872;1009.9884;1009.9884;1009.9884;28-Dec-2015
119321;Union Short Term Fund - Direct Plan - Weekly Dividend Option;;INF582M01856;1005.9500;1005.9500;1005.9500;28-Dec-2015
117280;Union Short Term Fund - Fortnightly Dividend Option;INF582M01427;INF582M01401;1006.9942;1006.9942;1006.9942;28-Dec-2015
117281;Union Short Term Fund - Growth Option;INF582M01377;;1372.9536;1372.9536;1372.9536;28-Dec-2015
117283;Union Short Term Fund - Monthly Dividend Option;INF582M01435;INF582M01419;1009.9075;1009.9075;1009.9075;28-Dec-2015
117284;Union Short Term Fund - Weekly Dividend Option;;INF582M01393;1005.9298;1005.9298;1005.9298;28-Dec-2015

UTI Mutual Fund
135497;UTI Short Duration Fund - Direct Plan - Annual IDCW;INF789FA1R33;INF789FA1R41;10.6132;10.6132;0;28-Dec-2015
124962;UTI Short Duration Fund - Direct Plan - Flexi IDCW;INF789FB1T70;INF789FB1T62;11.0288;11.0288;0;28-Dec-2015
120718;UTI Short Duration Fund - Direct Plan - Growth Option;INF789F01XY0;;18.0364;18.0364;18.0364;28-Dec-2015
131425;UTI Short Duration Fund - Direct Plan - Half Yearly Dividend Option;INF789FA1R17;INF789FA1R25;11.2804;11.2804;0;28-Dec-2015
131548;UTI Short Duration Fund - Direct Plan - Monthly IDCW;INF789F01XZ7;INF789F01YA8;10.6477;10.6477;0;28-Dec-2015
120719;UTI Short Duration Fund - Direct Plan - Quarterly IDCW;INF789FA1R66;INF789FA1R74;12.0096;12.0096;12.0096;28-Dec-2015
106383;UTI Short Duration Fund - Discontinued Regular Option - Dividend Sub Option;INF789F01AH3;INF789F01AI1;14.7755;14.7755;14.7755;28-Dec-2015
106384;UTI Short Duration Fund - Discontinued Regular Option -Growth Sub Option;INF789F01AJ9;;25.8889;25.8889;25.8889;28-Dec-2015
134517;UTI Short Duration Fund - Regular Plan - Annual IDCW;INF789FA1Q91;INF789FA1R09;10.5975;10.5975;0;28-Dec-2015
125045;UTI Short Duration Fund - Regular Plan - Flexi IDCW;INF789FB1T54;INF789FB1T47;11.2584;11.2584;0;28-Dec-2015
106624;UTI Short Duration Fund - Regular Plan - Growth Option;INF789F01QA4;;17.804;17.804;17.804;28-Dec-2015
131547;UTI Short Duration Fund - Regular Plan - Monthly IDCW;INF789F01QB2;INF789F01QC0;10.4905;10.4905;0;28-Dec-2015
106980;UTI Short Duration Fund - Regular Plan - Quarterly IDCW;INF789FC1GD5;INF789FA1R58;11.9294;11.9294;11.9294;28-Dec-2015

Open Ended Schemes ( Debt Scheme - Medium Duration Fund )


Aditya Birla Sun Life Mutual Fund
119540;Aditya Birla Sun Life Medium Term Plan - DIRECT - HALF YEARLY IDCW;INF209KA1KN3;;11.3873;11.1596;11.3873;28-Dec-2015
119538;Aditya Birla Sun Life Medium Term Plan - Direct - IDCW;INF209KA1KO1;;13.6887;13.4149;13.6887;28-Dec-2015
119541;Aditya Birla Sun Life Medium Term Plan - DIRECT - Quarterly IDCW;INF209KA1KP8;;10.4564;10.2473;10.4564;28-Dec-2015
119539;Aditya Birla Sun Life Medium Term Plan - Growth - Direct Plan;INF209K01XA9;;18.4715;18.1021;18.4715;28-Dec-2015
111803;Aditya Birla Sun Life Medium Term Plan - Growth - Regular Plan;INF209K01603;;18.1723;17.8089;18.1723;28-Dec-2015
111804;Aditya Birla Sun Life Medium Term Plan - Institutional - Growth Plan;INF209K01660;;17.6425;17.2896;17.6425;28-Dec-2015
111811;Aditya Birla Sun Life Medium Term Plan - REGULAR - HALFYEARLY IDCW;INF209K01595;INF209K01CZ0;11.0708;10.8494;11.0708;28-Dec-2015
111812;Aditya Birla Sun Life Medium Term Plan - Regular - IDCW;INF209K01611;INF209K01DA1;13.4707;13.2013;13.4707;28-Dec-2015
111809;Aditya Birla Sun Life Medium Term Plan - REGULAR - Quarterly IDCW;INF209K01637;INF209KB1OJ2;10.3507;10.1437;10.3507;28-Dec-2015

Axis Mutual Fund
120475;Axis Strategic Bond Fund - Direct Plan - Growth Option;INF846K01DT0;;14.2558;14.2558;14.2558;28-Dec-2015
120474;Axis Strategic Bond Fund - Direct Plan - Half Yearly IDCW;INF846K01DU8;INF846K01DV6;11.0409;11.0409;11.0409;28-Dec-2015
120476;Axis Strategic Bond Fund - Direct Plan - Quarterly IDCW;INF846K01DW4;INF846K01DX2;11.0087;11.0087;11.0087;28-Dec-2015
116894;Axis Strategic Bond Fund - Regular Plan - Growth Option;INF846K01BP2;;13.8546;13.8546;13.8546;28-Dec-2015
116896;Axis Strategic Bond Fund - Regular Plan - Half Yearly IDCW;INF846K01BR8;INF846K01BT4;10.9692;10.9692;10.9692;28-Dec-2015
116895;Axis Strategic Bond Fund - Regular Plan - Quarterly IDCW;INF846K01BQ0;INF846K01BS6;10.6651;10.6651;10.6651;28-Dec-2015

Bandhan Mutual Fund
108730;BANDHAN Bond Fund - Medium Term - Regular Plan - Bi-Monthly IDCW;INF194K01KF9;INF194K01KE2;11.2473;11.2473;11.2473;28-Dec-2015
108731;BANDHAN Bond Fund - Medium Term - Regular Plan - Daily IDCW;INF194K01JW6;INF194K01JV8;10.0952;10.0952;10.0952;28-Dec-2015
108729;BANDHAN Bond Fund - Medium Term - Regular Plan - Fortnightly IDCW;INF194K01KI3;INF194K01KH5;10.1781;10.1781;10.1781;28-Dec-2015
108728;BANDHAN Bond Fund - Medium Term - Regular Plan - Growth;INF194K01JU0;;24.7904;24.7904;24.7904;28-Dec-2015
113169;BANDHAN Bond Fund - Medium Term - Regular Plan - IDCW Quarterly;INF194K01JZ9;INF194K01JY2;10.5676;10.5676;10.5676;28-Dec-2015
108727;BANDHAN Bond Fund - Medium Term - Regular Plan - Monthly IDCW;INF194K01KC6;INF194K01KB8;10.1982;10.1982;10.1982;28-Dec-2015
118399;BANDHAN Bond Fund - Medium Term Plan-Direct Plan-Bi Monthly IDCW;INF194K01T59;INF194K01T42;11.5070;11.5070;11.5070;28-Dec-2015
118400;BANDHAN Bond Fund - Medium Term Plan-Direct Plan-Daily IDCW;;INF194K01S68;10.4240;10.4240;10.4240;28-Dec-2015
118404;BANDHAN Bond Fund - Medium Term Plan-Direct Plan-Fortnightly IDCW;INF194K01T83;INF194K01T75;10.2210;10.2210;10.2210;28-Dec-2015
118401;BANDHAN Bond Fund - Medium Term Plan-Direct Plan-Growth;INF194K01S50;;25.3326;25.3326;25.3326;28-Dec-2015
118402;BANDHAN Bond Fund - Medium Term Plan-Direct Plan-Monthly IDCW;INF194K01T26;INF194K01T18;10.4756;10.4756;10.4756;28-Dec-2015
131384;BANDHAN Bond Fund - Medium Term Plan-Direct Plan-Periodic IDCW;INF194KA1TD2;INF194KA1TE0;11.3017;11.3017;11.3017;28-Dec-2015
118403;BANDHAN Bond Fund - Medium Term Plan-Direct Plan-Quartely IDCW;INF194K01S92;INF194K01S84;10.6570;10.6570;10.6570;28-Dec-2015

BNP Paribas Mutual Fund
127320;BNP Paribas Medium Term Fund - Annual Income Distribution cum Capital Withdrawal Option;INF251K01LP4;INF251K01LZ3;10.8769;10.8769;10.8769;28-Dec-2015
127307;BNP Paribas Medium Term Fund - Calendar Quarterly Income Distribution cum Capital Withdrawal Option;INF251K01LQ2;INF251K01MA4;10.1563;10.1563;10.1563;28-Dec-2015
127315;BNP Paribas Medium Term Fund - Direct Plan - Annual Income Distribution cum Capital Withdrawal Option;INF251K01LY6;INF251K01MG1;10.0000;10.0000;10.0000;28-Dec-2015
127311;BNP Paribas Medium Term Fund - Direct Plan - Calendar Quarterly Income Distribution cum Capital Withdrawal Option;INF251K01LW0;INF251K01ME6;10.1591;10.1591;10.1591;28-Dec-2015
127305;BNP Paribas Medium Term Fund - Direct Plan - Growth Option;INF251K01LU4;;11.9896;11.9896;11.9896;28-Dec-2015
127313;BNP Paribas Medium Term Fund - Direct Plan - Half yearly Income Distribution cum Capital Withdrawal Option;INF251K01LX8;INF251K01MF3;10.0000;10.0000;10.0000;28-Dec-2015
127310;BNP Paribas Medium Term Fund - Direct Plan - Monthly Income Distribution cum Capital Withdrawal Option;INF251K01LV2;INF251K01MD8;10.0000;10.0000;10.0000;28-Dec-2015
127304;BNP Paribas Medium Term Fund - Growth Option;INF251K01LT6;;11.7943;11.7943;11.7943;28-Dec-2015
127319;BNP Paribas Medium Term Fund - Half Yearly Income Distribution cum Capital Withdrawal Option;INF251K01LR0;INF251K01MB2;10.3516;10.3516;10.3516;28-Dec-2015
127308;BNP Paribas Medium Term Fund - Monthly Income Distribution cum Capital Withdrawal Option;INF251K01LS8;INF251K01MC0;10.1235;10.1235;10.1235;28-Dec-2015

DSP Mutual Fund
118924;DSP Bond Fund - Direct Plan - Growth;INF740K01MZ3;;46.5791;46.1133;46.5791;28-Dec-2015
118922;DSP Bond Fund - Direct Plan - IDCW;INF740K01NB2;INF740K01ND8;11.0416;10.9312;11.0416;28-Dec-2015
118921;DSP Bond Fund - Direct Plan - IDCW - Monthly;INF740K01NA4;INF740K01NC0;11.0097;10.8996;11.0097;28-Dec-2015
100078;DSP Bond Fund - Growth;INF740K01557;;45.6547;45.1982;45.6547;28-Dec-2015
100077;DSP Bond Fund - IDCW;INF740K01565;INF740K01995;10.9017;10.7927;10.9017;28-Dec-2015
100079;DSP Bond Fund - IDCW - Monthly;INF740K01573;INF740K01AA1;10.9101;10.8010;10.9101;28-Dec-2015

Franklin Templeton Mutual Fund
118554;Franklin India Income Opportunities Fund - Direct - Growth;INF090I01JI9;;17.5879;17.0603;17.5879;28-Dec-2015
118555;Franklin India Income Opportunities Fund - Direct - IDCW ;INF090I01JG3;INF090I01JH1;11.2182;10.8817;11.2182;28-Dec-2015
112304;Franklin India Income Opportunities Fund - Growth;INF090I01445;;17.1503;16.6358;17.1503;28-Dec-2015
112305;Franklin India Income Opportunities Fund - IDCW ;INF090I01452;INF090I01460;10.9567;10.628;10.9567;28-Dec-2015

Groww Mutual Fund
121153;Indiabulls Income Fund - Direct Plan - Growth Option;INF666M01642;;12.5240;12.3988;12.5240;28-Dec-2015
121156;Indiabulls Income Fund - Direct Plan - Half Yearly Dividend Option;INF666M01709;INF666M01675;10.7178;10.6106;10.7178;28-Dec-2015
121154;Indiabulls Income Fund - Direct Plan - Monthly Dividend Option;INF666M01683;INF666M01659;10.6195;10.5133;10.6195;28-Dec-2015
121155;Indiabulls Income Fund - Direct Plan - Quarterly Dividend Option;INF666M01691;INF666M01667;10.7436;10.6362;10.7436;28-Dec-2015
121158;Indiabulls Income Fund - Regular Plan - Growth Option;INF666M01717;;12.1239;12.0027;12.1239;28-Dec-2015
121157;Indiabulls Income Fund - Regular Plan - Half Yearly Dividend Option;INF666M01774;INF666M01741;10.6087;10.5026;10.6087;28-Dec-2015
121159;Indiabulls Income Fund - Regular Plan - Monthly Dividend Option;INF666M01758;INF666M01725;10.3543;10.2508;10.3543;28-Dec-2015
121160;Indiabulls Income Fund - Regular Plan - Quarterly Dividend Option;INF666M01766;INF666M01733;10.9222;10.8130;10.9222;28-Dec-2015

HDFC Mutual Fund
101990;HDFC Medium Term Debt Fund - Fornightly IDCW Option;INF179K01897;INF179K01905;10.6034;10.5769;10.6034;28-Dec-2015
119080;HDFC Medium Term Debt Fund - Fortnightly IDCW Opt - Direct Plan;INF179KA1NP8;INF179KA1NO1;10.6062;10.5797;10.6062;28-Dec-2015
101989;HDFC Medium Term Debt Fund - Growth Option;INF179K01913;;28.9425;28.8701;28.9425;28-Dec-2015
119081;HDFC Medium Term Debt Fund - Growth Option - Direct Plan;INF179K01WI9;;29.3656;29.2922;29.3656;28-Dec-2015
132852;HDFC Medium Term Debt Fund - IDCW Option;INF179KA1E16;INF179KA1E08;10.9813;10.9538;10.9813;28-Dec-2015
132853;HDFC Medium Term Debt Fund - IDCW Option - Direct Plan;INF179KA1D90;INF179KA1D82;10.9943;10.9668;10.9943;28-Dec-2015

ICICI Prudential Mutual Fund
132981;ICICI Prudential Medium Term Bond Fund - Annual IDCW;INF109KA12G3;INF109KA13G1;11.0199;10.9097;11.0199;28-Dec-2015
130935;ICICI Prudential Medium Term Bond Fund - Bonus;INF109KA1B99;;10.8914;10.7825;10.8914;28-Dec-2015
120670;ICICI Prudential Medium Term Bond Fund - Direct Plan - Growth;INF109K015A5;;23.1452;22.9137;23.1452;28-Dec-2015
120672;ICICI Prudential Medium Term Bond Fund - Direct Plan - Half Yearly IDCW;INF109K016A3;INF109K017A1;10.8131;10.7050;10.8131;28-Dec-2015
120671;ICICI Prudential Medium Term Bond Fund - Direct Plan - Quarterly IDCW;INF109K018A9;INF109K019A7;10.8857;10.7768;10.8857;28-Dec-2015
130936;ICICI Prudential Medium Term Bond Fund - Direct Plan Bonus;INF109KA1B81;;11.3326;11.2193;11.3326;28-Dec-2015
102741;ICICI Prudential Medium Term Bond Fund - Growth;INF109K01AH4;;22.6019;22.3759;22.6019;28-Dec-2015
117330;ICICI Prudential Medium Term Bond Fund - Half Yearly IDCW;INF109K01B53;INF109K01B61;10.6325;10.5262;10.6325;28-Dec-2015
113137;ICICI Prudential Medium Term Bond Fund - Quarterly IDCW;INF109K01UF6;INF109K01IO3;10.4915;10.3866;10.4915;28-Dec-2015
132982;ICICI Prudential Medium Term Bond Fund -Direct Plan - Annual IDCW;INF109KA10G7;INF109KA11G5;11.0352;N.A.;N.A.;28-Dec-2015
117706;ICICI Prudential Medium Term Bond Fund Plan B - Half Yearly Dividend;INF109K01B87;;10.5718;10.4661;10.5718;28-Dec-2015
113138;ICICI Prudential Medium Term Bond Fund Plan B - Quarterly Dividend;INF109K01UI0;INF109K01IQ8;10.3907;10.2868;10.3907;28-Dec-2015
113136;ICICI Prudential Medium Term Bond Fund Plan C - Quarterly Dividend;INF109K01UO8;INF109K01UN0;10.3912;10.2873;10.3912;28-Dec-2015
102743;ICICI Prudential Medium Term Bond Fund-Plan B-Growth;INF109K01AJ0;;23.3379;23.1045;23.3379;28-Dec-2015

Kotak Mahindra Mutual Fund
128008;Kotak Medium Term Fund - Direct - Quarterly Payout of Income Distribution cum capital withdrawal option;INF174K01VR3;INF174K01VT9;10.308;10.308;10.308;28-Dec-2015
128079;Kotak Medium Term Fund - Direct - Standard Income Distribution cum capital withdrawal option;INF174K01VSI;INF174K01VU7;12.1772;12.1772;12.1772;28-Dec-2015
128006;Kotak Medium Term Fund - Direct Growth;INF174K01VQ5;;12.148;12.148;12.148;28-Dec-2015
128009;Kotak Medium Term Fund - Growth;INF174K01VL6;;11.9797;11.9797;11.9797;28-Dec-2015
128007;Kotak Medium Term Fund - Quarterly Payout of Income Distribution cum capital withdrawal option;INF174K01VM4;INF174K01VO0;10.2961;10.2961;10.2961;28-Dec-2015
128078;Kotak Medium Term Fund - Standard Income Distribution cum capital withdrawal option;INF174K01VN2;INF174K01VP7;10.9282;10.9282;10.9282;28-Dec-2015

L&T Mutual Fund
134425;L&T Resurgent India  Bond Fund - Direct Plan - Annual IDCW;INF917K01WF8;INF917K01WC5;10.6201;10.4077;10.6201;28-Dec-2015
133604;L&T Resurgent India  Bond Fund - Direct Plan - Growth;INF917K01TK4;;10.9101;10.6919;10.9101;28-Dec-2015
133606;L&T Resurgent India  Bond Fund - Direct Plan - IDCW;INF917K01TM0;INF917K01TL2;10.5330;10.3223;10.5330;28-Dec-2015
134426;L&T Resurgent India  Bond Fund - Regular Plan - Annual IDCW;INF917K01WE1;INF917K01WD3;10.6136;10.4013;10.6136;28-Dec-2015
133607;L&T Resurgent India  Bond Fund - Regular Plan - Growth;INF917K01TH0;;10.8283;10.6117;10.8283;28-Dec-2015
133605;L&T Resurgent India  Bond Fund - Regular Plan - IDCW;INF917K01TJ6;INF917K01TI8;10.4521;10.2431;10.4521;28-Dec-2015

Nippon India Mutual Fund
130051;Nippon India Strategic Debt Fund - Bonus Option;INF204KA1QA2;;11.5874;11.4715;11.5874;28-Dec-2015
130052;Nippon India Strategic Debt Fund - Direct Plan - Bonus Option;INF204KA1QG9;;11.7252;11.6079;11.7252;28-Dec-2015
130050;Nippon India Strategic Debt Fund - Direct Plan - Growth Option;INF204KA1QF1;;11.7252;11.6079;11.7252;28-Dec-2015
130054;NIPPON INDIA STRATEGIC DEBT FUND - DIRECT Plan - IDCW Option;INF204KA1QH7;INF204KA1QJ3;11.5230;11.4078;11.5230;28-Dec-2015
130055;NIPPON INDIA STRATEGIC DEBT FUND - DIRECT Plan - QUARTERLY IDCW Option;INF204KA1QI5;INF204KA1QK1;10.3172;10.2140;10.3172;28-Dec-2015
130037;Nippon India Strategic Debt Fund - Growth Option;INF204KA1PZ1;;11.5874;11.4715;11.5874;28-Dec-2015
130053;NIPPON INDIA STRATEGIC DEBT FUND - IDCW Option;INF204KA1QB0;INF204KA1QD6;11.4050;11.2910;11.4050;28-Dec-2015
130056;NIPPON INDIA STRATEGIC DEBT FUND - QUARTERLY IDCW Option;INF204KA1QC8;INF204KA1QE4;10.3012;10.1982;10.3012;28-Dec-2015

SBI Mutual Fund
119824;SBI MAGNUM MEDIUM DURATION FUND - DIRECT PLAN - GROWTH;INF200K01VB0;;24.5446;24.2992;24.5446;28-Dec-2015
119825;SBI Magnum Medium Duration Fund - Direct Plan - Income Distribution cum Capital Withdrawal Option (IDCW);INF200K01UZ1;INF200K01VA2;12.0641;11.9435;12.0641;28-Dec-2015
102053;SBI MAGNUM MEDIUM DURATION FUND - REGULAR PLAN - GROWTH;INF200K01719;;24.1745;23.9328;24.1745;28-Dec-2015
102054;SBI Magnum Medium Duration Fund - Regular Plan - Income Distribution cum Capital Withdrawal Option (IDCW);INF200K01727;INF200K01735;11.8776;11.7588;11.8776;28-Dec-2015

Sundaram Mutual Fund
119676;Sundaram Medium Duration Fund (Formerly Known as Sundaram Medium Term Bond Fund) Direct Plan - Annual Income Distribution cum Capital Withdrawal (IDCW);INF903J01PH0;INF903J01PM0;11.7249;11.6077;11.7249;28-Dec-2015
119675;Sundaram Medium Duration Fund (Formerly Known as Sundaram Medium Term Bond Fund) Direct Plan - Growth;INF903J01PO6;;42.1487;41.7272;42.1487;28-Dec-2015
119672;Sundaram Medium Duration Fund (Formerly Known as Sundaram Medium Term Bond Fund) Direct Plan - Quarterly Income Distribution cum Capital Withdrawal (IDCW);INF903J01PK4;INF903J01PL2;18.1875;18.0056;18.1875;28-Dec-2015
100608;Sundaram Medium Duration Fund (Formerly Known as Sundaram Medium Term Bond Fund) Institutional Plan - Growth;INF903J01FY6;;46.3542;45.8907;46.3542;28-Dec-2015
100610;Sundaram Medium Duration Fund (Formerly Known as Sundaram Medium Term Bond Fund) Regular Plan - Annual Income Distribution cum Capital Withdrawal (IDCW);INF903J01FT6;INF903J01FW0;11.4388;11.3244;11.4388;28-Dec-2015
100604;Sundaram Medium Duration Fund (Formerly Known as Sundaram Medium Term Bond Fund) Regular Plan - Bonus;INF903J01FX8;;14.0092;13.8691;14.0092;28-Dec-2015
100603;Sundaram Medium Duration Fund (Formerly Known as Sundaram Medium Term Bond Fund) Regular Plan - Growth;INF903J01FQ2;;41.0177;40.6075;41.0177;28-Dec-2015
100609;Sundaram Medium Duration Fund (Formerly Known as Sundaram Medium Term Bond Fund) Regular Plan- Half Yearly Income Distribution cum Capital Withdrawal (IDCW);INF903J01FS8;INF903J01FV2;11.4830;11.3682;11.4830;28-Dec-2015
100602;Sundaram Medium Duration Fund (Formerly Known as Sundaram Medium Term Bond Fund) Regular Plan- Quarterly Income Distribution cum Capital Withdrawal (IDCW);INF903J01FR0;INF903J01FU4;11.4482;11.3337;11.4482;28-Dec-2015

Tata Mutual Fund
101703;Tata Medium Term Fund -Regular Plan - Growth Option;INF277K01717;;22.7563;22.5287;22.7563;28-Dec-2015
119126;Tata Medium Term Fund- Direct Plan - Payout of IDCW Option;INF277K01PG9;INF277K01PH7;12.7530;12.6255;12.7530;28-Dec-2015
119127;Tata Medium Term Fund- Direct Plan- Growth Option;INF277K01PI5;;23.4878;23.2529;23.4878;28-Dec-2015
101605;Tata Medium Term Fund- Regular Plan - Payout of IDCW option;INF277K01DW2;INF277K01709;12.4102;12.2861;12.4102;28-Dec-2015
101704;Tata Medium Term Fund B - Growth Option;INF277K01733;;23.5655;23.3298;23.5655;28-Dec-2015
101606;Tata Medium Term Fund B - Income / Bonus Option;INF277K01DX0;;12.8818;12.7530;12.8818;28-Dec-2015

UTI Mutual Fund
134505;UTI Medium Duration Fund - Direct Plan - Annual IDCW;INF789FB1KL1;INF789FB1KM9;10.6488;10.6488;0;28-Dec-2015
134506;UTI Medium Duration Fund - Direct Plan - Flexi IDCW;INF789FB1KO5;INF789FB1KN7;10.649;10.649;0;28-Dec-2015
134503;UTI Medium Duration Fund - Direct Plan - Growth Option;INF789FB1KE6;;10.6484;10.6484;0;28-Dec-2015
134504;UTI Medium Duration Fund - Direct Plan - Half-Yearly IDCW;INF789FB1KJ5;INF789FB1KK3;10.6498;10.6498;0;28-Dec-2015
134501;UTI Medium Duration Fund - Direct Plan - Monthly IDCW;INF789FB1KF3;INF789FB1KG1;10.5721;10.5721;0;28-Dec-2015
134502;UTI Medium Duration Fund - Direct Plan - Quarterly IDCW;INF789FB1KH9;INF789FB1KI7;10.572;10.572;0;28-Dec-2015
134500;UTI Medium Duration Fund - Regular Plan - Annual IDCW;INF789FB1KA4;INF789FB1KB2;10.5748;10.5748;0;28-Dec-2015
134499;UTI Medium Duration Fund - Regular Plan - Growth Option;INF789FB1JU4;;10.5748;10.5748;0;28-Dec-2015
134497;UTI Medium Duration Fund - Regular Plan - Half-Yearly IDCW;INF789FB1JY6;INF789FB1JZ3;10.4988;10.4988;0;28-Dec-2015
134495;UTI Medium Duration Fund - Regular Plan - Monthly IDCW;INF789FB1JV2;INF789FB1KP2;10.4989;10.4989;0;28-Dec-2015
134496;UTI Medium Duration Fund - Regular Plan - Quarterly IDCW;INF789FB1JW0;INF789FB1JX8;10.4985;10.4985;0;28-Dec-2015

Open Ended Schemes ( Debt Scheme - Medium to Long Duration Fund )


Aditya Birla Sun Life Mutual Fund
111777;Aditya Birla Sun Life Income Fund (Discipline Advantage Plan);INF209K01LD8;;16.2377;16.2377;16.2377;28-Dec-2015
133446;Aditya Birla Sun Life Income Fund - Direct - IDCW;INF209KA1WL2;INF209KA1WM0;10.3198;10.3198;10.3198;28-Dec-2015
119655;Aditya Birla Sun Life Income Fund - Direct - Quarterly IDCW;INF209K01R13;INF209K01WZ8;12.9687;12.9687;12.9687;28-Dec-2015
119657;Aditya Birla Sun Life Income Fund - Growth - Direct Plan;INF209K01WY1;;65.6118;65.6118;65.6118;28-Dec-2015
100038;Aditya Birla Sun Life Income Fund - Growth - Regular Plan;INF209K01579;;64.3626;64.3626;64.3626;28-Dec-2015
133445;Aditya Birla Sun Life Income Fund - Regular - IDCW;INF209KA1WJ6;INF209KA1WK4;10.2363;10.2363;10.2363;28-Dec-2015
100037;Aditya Birla Sun Life Income Fund - Regular - Quarterly IDCW;INF209K01587;INF209K01CY3;12.6478;12.6478;12.6478;28-Dec-2015

Bandhan Mutual Fund
108766;BANDHAN Bond Fund - Income Plan - Regular Plan - Annual IDCW;INF194K01IN7;INF194K01IM9;18.3085;18.3085;18.3085;28-Dec-2015
108765;BANDHAN Bond Fund - Income Plan - Regular Plan - Growth;INF194K01IL1;;35.1695;35.1695;35.1695;28-Dec-2015
108763;BANDHAN Bond Fund - Income Plan - Regular Plan - Half-yearly IDCW;INF194K01IQ0;INF194K01IP2;11.3777;11.3777;11.3777;28-Dec-2015
131387;BANDHAN Bond Fund - Income Plan - Regular Plan - Periodic IDCW;INF194KA1SU8;INF194KA1SV6;11.5483;11.5483;11.5483;28-Dec-2015
108764;BANDHAN Bond Fund - Income Plan - Regular Plan - Quarterly IDCW;INF194K01IT4;INF194K01IS6;11.4786;11.4786;11.4786;28-Dec-2015
118393;BANDHAN Bond Fund - Income Plan-Direct Plan-Annual IDCW;INF194K01R77;INF194K01R69;15.4766;15.4766;15.4766;28-Dec-2015
118394;BANDHAN Bond Fund - Income Plan-Direct Plan-Growth;INF194K01R51;;36.0087;36.0087;36.0087;28-Dec-2015
131386;BANDHAN Bond Fund - Income Plan-Direct Plan-Periodic IDCW;INF194KA1SX2;INF194KA1SY0;11.5756;11.5756;11.5756;28-Dec-2015
118396;BANDHAN Bond Fund - Income Plan-Direct Plan-Quarterly IDCW;INF194K01S35;INF194K01S27;11.7939;11.7939;11.7939;28-Dec-2015
108768;BANDHAN Bond Fund - Short Term - Regular Plan - Growth;INF194K01HF5;;30.1493;30.1493;30.1493;28-Dec-2015
108767;BANDHAN Bond Fund - Short Term - Regular Plan - Monthly IDCW;INF194K01HH1;INF194K01HG3;10.1950;10.1950;10.1950;28-Dec-2015

Bank of India Mutual Fund
119395;BANK OF INDIA Conservative Hybrid  Fund-Direct Plan-Quarterly IDCW;INF761K01850;INF761K01843;11.1687;11.0570;11.1687;28-Dec-2015
111718;BANK OF INDIA Conservative Hybrid  Fund-ECO Plan-Quarterly IDCW;INF761K01439;INF761K01421;10.3300;10.2267;0.0000;28-Dec-2015
119393;BANK OF INDIA Conservative Hybrid Fund Fund-Direct Plan-Growth;INF761K01819;;17.1133;16.9422;17.1133;28-Dec-2015
119394;BANK OF INDIA Conservative Hybrid Fund-Direct Plan-Monthly IDCW;INF761K01835;INF761K01827;10.6872;10.5803;10.6872;28-Dec-2015
111715;BANK OF INDIA Conservative Hybrid Fund-ECO Plan-Growth;INF761K01397;;17.1267;16.9554;0.0000;28-Dec-2015
111717;BANK OF INDIA Conservative Hybrid Fund-ECO Plan-Monthly IDCW;INF761K01413;INF761K01405;15.8149;15.6568;0.0000;28-Dec-2015
111714;BANK OF INDIA Conservative Hybrid Fund-Regular Plan-Annual IDCW;INF761K01454;INF761K01447;10.3890;10.2851;10.3890;28-Dec-2015
111712;BANK OF INDIA Conservative Hybrid Fund-Regular Plan-Growth;INF761K01462;;16.9539;16.7844;16.9539;28-Dec-2015
111716;BANK OF INDIA Conservative Hybrid Fund-Regular Plan-Monthly IDCW;INF761K01488;INF761K01470;12.4434;12.3190;12.4434;28-Dec-2015
111713;BANK OF INDIA Conservative Hybrid Fund-Regular Plan-Quarterly IDCW;INF761K01504;INF761K01496;11.1292;11.0179;11.1292;28-Dec-2015

Baroda BNP Paribas Mutual Fund
101155;BARODA INCOME FUND - Plan A - Dividend Option;INF955L01211;INF955L01229;22.6667;22.4400;22.6667;28-Dec-2015
101154;BARODA INCOME FUND - Plan A - Growth Option;INF955L01237;;22.6667;22.4400;22.6667;28-Dec-2015
119362;BARODA INCOME FUND - Plan B (Direct) - Growth Option;INF955L01BQ7;;23.2867;23.0538;23.2867;28-Dec-2015

Canara Robeco Mutual Fund
118282;CANARA ROBECO INCOME FUND - DIRECT PLAN - GROWTH OPTION;INF760K01FI1;;31.0835;31.0835;31.0835;28-Dec-2015
118281;CANARA ROBECO INCOME FUND - DIRECT PLAN - QUARTERLY IDCW (Payout/Reinvestment);INF760K01FG5;INF760K01FH3;14.0987;14.0987;14.0987;28-Dec-2015
101588;CANARA ROBECO INCOME FUND - REGULAR PLAN - GROWTH OPTION;INF760K01324;;30.5380;30.5380;30.5380;28-Dec-2015
101587;CANARA ROBECO INCOME FUND - REGULAR PLAN - QUARTERLY IDCW (Payout/Reinvestment);INF760K01340;INF760K01357;13.8431;13.8431;13.8431;28-Dec-2015

HDFC Mutual Fund
100124;HDFC Income Fund - Growth Option;INF179K01962;;32.8249;32.6608;32.8249;28-Dec-2015
119069;HDFC Income Fund - Growth Option - Direct Plan;INF179K01WL3;;33.6886;33.5202;33.6886;28-Dec-2015
133365;HDFC Income Fund - Normal IDCW - Direct Plan;INF179KA1Q12;;10.6579;10.6046;10.6579;28-Dec-2015
133366;HDFC Income Fund - Normal IDCW Option;INF179KA1Q38;;10.3507;10.2989;10.3507;28-Dec-2015
100123;HDFC Income Fund - Quarterly IDCW Option;INF179K01947;INF179K01954;11.0380;10.9828;11.0380;28-Dec-2015
119068;HDFC Income Fund - Quarterly IDCW- Direct Plan;INF179K01WJ7;INF179K01WK5;11.3686;11.3118;11.3686;28-Dec-2015

HSBC Mutual Fund
120059;HSBC Medium to Long Duration Fund - Direct Growth;INF336L01DE2;;25.1034;25.1034;25.1034;28-Dec-2015
101685;HSBC Medium to Long Duration Fund - Regular Growth;INF336L01776;;24.5076;24.5076;24.5076;28-Dec-2015
101686;HSBC Medium to Long Duration Fund - Regular Quarterly IDCW;INF336L01784;INF336L01792;11.2172;11.2172;11.2172;28-Dec-2015

ICICI Prudential Mutual Fund
130932;ICICI Prudential Bond Fund - Bonus;INF109KA1C72;;10.5731;10.4674;10.5731;28-Dec-2015
120619;ICICI Prudential Bond Fund - Direct Plan - Growth;INF109K01V83;;20.5877;20.3818;20.5877;28-Dec-2015
131480;ICICI Prudential Bond Fund - Direct Plan - Half Yearly IDCW;INF109KA1X77;INF109KA1X69;10.4585;10.3539;10.4585;28-Dec-2015
120617;ICICI Prudential Bond Fund - Direct Plan - IDCW Monthly;INF109K01V59;INF109K01V67;11.5204;11.4052;11.5204;28-Dec-2015
120618;ICICI Prudential Bond Fund - Direct Plan - IDCW Quarterly;INF109K01V75;INF109K01V91;11.1311;11.0198;11.1311;28-Dec-2015
109740;ICICI Prudential Bond Fund - Growth;INF109K01BO8;;20.4249;20.2207;20.4249;28-Dec-2015
131481;ICICI Prudential Bond Fund - Half Yearly IDCW;INF109KA1X51;INF109KA1X44;10.4803;N.A.;N.A.;28-Dec-2015
109741;ICICI Prudential Bond Fund - IDCW Monthly;INF109K01EU9;INF109K01BP5;11.4232;11.3090;11.4232;28-Dec-2015
109743;ICICI Prudential Bond Fund - IDCW Quarterly;INF109K01EV7;INF109K01BS9;10.8145;10.7064;10.8145;28-Dec-2015
109742;ICICI Prudential Bond Fund- Institutional Growth;INF109K01BQ3;;17.8671;17.6884;17.8671;28-Dec-2015
109744;ICICI Prudential Bond Fund- Institutional Monthly Dividend;INF109K01ES3;INF109K01BR1;10.6615;10.5549;10.6615;28-Dec-2015
109745;ICICI Prudential Bond Fund- Institutional Quarterly Dividend;INF109K01ET1;INF109K01BT7;11.2148;11.1027;11.2148;28-Dec-2015

JM Financial Mutual Fund
120428;JM Medium to Long Duration Fund (Direct) - Bonus Option - Principal Units;INF192K01CX3;;18.4291;18.4291;18.4291;28-Dec-2015
120430;JM Medium to Long Duration Fund (Direct) - Growth Option;INF192K01CW5;;43.2190;43.2190;43.2190;28-Dec-2015
120431;JM Medium to Long Duration Fund (Direct) - Quarterly IDCW;INF192K01CU9;INF192K01CV7;15.2095;15.2095;15.2095;28-Dec-2015
100223;JM Medium to Long Duration Fund (Regular) - Growth Option;INF192K01AB3;;41.9822;41.9822;41.9822;28-Dec-2015
100222;JM Medium to Long Duration Fund (Regular) - Quarterly IDCW;INF192K01999;INF192K01AA5;14.2741;14.2741;14.2741;28-Dec-2015
101181;JM Medium to Long Duration Fund (Regular) - Bonus Option- Principal Units;INF192K01AC1;;17.1759;17.1759;17.1759;28-Dec-2015

Kotak Mahindra Mutual Fund
119736;Kotak Bond - Quaterly Payout of Income Distribution cum capital withdrawal option - Direct;INF174K01JF3;;11.4147;11.3006;11.4147;28-Dec-2015
119734;Kotak Bond Fund - Direct Plan - Standard IDCW option;INF174K01JD8;;21.7759;21.5581;21.7759;28-Dec-2015
119735;Kotak Bond Fund - Growth - Direct;INF174K01JC0;;41.6736;41.2569;41.6736;28-Dec-2015
100300;Kotak Bond Fund - Regular Plan - Standard IDCW Option;INF174K01EQ1;INF174K01EP3;25.0054;24.7553;25.0054;28-Dec-2015
100299;Kotak Bond Fund - Regular Plan Growth;INF174K01EM0;;40.8151;40.4069;40.8151;28-Dec-2015
100301;Kotak Bond Regular Plan Bonus Plan;INF174K01ER9;;27.2072;26.9351;27.2072;28-Dec-2015
100298;Kotak Bond Regular Plan Quaterly Payout of Income Distribution cum capital withdrawal option;INF174K01EO6;INF174K01EN8;10.8264;10.7181;10.8264;28-Dec-2015
100291;Kotak Bond-Deposit-Dividend;INF174K01EK4;INF174K01EL2;12.1091;11.988;12.1091;28-Dec-2015
100292;Kotak Bond-Deposit-Growth;INF174K01EJ6;;38.0651;37.6844;38.0651;28-Dec-2015

LIC Mutual Fund
120279;LIC MF Medium to Long Duration Fund-Direct Plan-Growth;INF767K01EW0;;40.4128;40.0087;40.4128;28-Dec-2015
120278;LIC MF Medium to Long Duration Fund-Direct Plan-IDCW;INF767K01EV2;INF767K01EX8;10.7577;10.6501;10.7577;28-Dec-2015
100315;LIC MF Medium to Long Duration Fund-Regular Plan-Growth;INF767K01923;;39.7647;39.3671;39.7647;28-Dec-2015
100314;LIC MF Medium to Long Duration Fund-Regular Plan-IDCW;INF767K01907;INF767K01915;10.5642;10.4586;10.5642;28-Dec-2015

Nippon India Mutual Fund
100386;NIPPON INDIA INCOME FUND - ANNUAL IDCW Option;INF204K01CT4;INF204K01CU2;12.5950;12.5950;12.5950;28-Dec-2015
118680;NIPPON INDIA INCOME FUND - Direct Plan - ANNUAL IDCW Option;INF204K01YT8;INF204K01YU6;13.8433;13.8433;13.8433;28-Dec-2015
118681;NIPPON INDIA INCOME FUND - Direct Plan - HALF YEARLY IDCW Option;INF204K01YR2;INF204K01YS0;13.1165;13.1165;13.1165;28-Dec-2015
118683;NIPPON INDIA INCOME FUND - Direct Plan - MONTHLY IDCW Option;INF204K01YN1;;10.8384;10.8384;10.8384;28-Dec-2015
118684;NIPPON INDIA INCOME FUND - Direct Plan - QUARTERLY IDCW Option;INF204K01YP6;INF204K01YQ4;13.3062;13.3062;13.3062;28-Dec-2015
118687;Nippon India Income Fund - Direct Plan Growth Plan - Growth Option;INF204K01XS2;;48.0407;48.0407;48.0407;28-Dec-2015
118679;Nippon India Income Fund - Direct Plan Growth Plan-Bonus Option;INF204K01F38;;13.7278;13.7278;13.7278;28-Dec-2015
100388;Nippon India Income Fund - Growth Plan Bonus Option;INF204K01CM9;;13.4586;13.4586;13.4586;28-Dec-2015
100387;Nippon India Income Fund - Growth Plan Growth Option;INF204K01CL1;;46.8142;46.8142;46.8142;28-Dec-2015
100385;NIPPON INDIA INCOME FUND - HALF YEARLY IDCW Option;INF204K01CR8;INF204K01CS6;12.3628;12.3628;12.3628;28-Dec-2015
100383;NIPPON INDIA INCOME FUND - MONTHLY IDCW Option;INF204K01CN7;INF204K01CO5;10.3734;10.3734;10.3734;28-Dec-2015
100384;NIPPON INDIA INCOME FUND - QUARTERLY IDCW Option;INF204K01CP2;INF204K01CQ0;12.9712;12.9712;12.9712;28-Dec-2015

SBI Mutual Fund
119713;SBI Magnum Income Fund - Direct Plan - Half Yearly - Income Distribution cum Capital Withdrawal Option (IDCW);INF200K01SP6;INF200K01SQ4;12.6538;12.5273;12.6538;28-Dec-2015
121940;SBI Magnum Income Fund - Direct Plan - Quarterly Income Distribution cum Capital Withdrawal Option (IDCW);INF200K01YS8;INF200K01YT6;12.5767;12.4509;12.5767;28-Dec-2015
100638;SBI Magnum Income Fund - Regular Plan - Half Yearly - Income Distribution cum Capital Withdrawal Option (IDCW);INF200K01610;INF200K01628;11.7477;11.6302;11.7477;28-Dec-2015
121944;SBI Magnum Income Fund - Regular Plan - Quarterly Income Distribution cum Capital Withdrawal Option (IDCW);INF200K01YQ2;INF200K01YR0;12.3969;12.2729;12.3969;28-Dec-2015
119712;SBI Magnum Income Fund-DIRECT PLAN - Bonus;INF200K01SO9;;21.4631;21.2485;21.4631;28-Dec-2015
119714;SBI Magnum Income Fund-DIRECT PLAN -Growth;INF200K01SR2;;35.3493;34.9958;35.3493;28-Dec-2015
100640;SBI Magnum Income Fund-REGULAR PLAN-Bonus;INF200K01602;;21.1845;20.9727;21.1845;28-Dec-2015
100639;SBI Magnum Income Fund-REGULAR PLAN-Growth;INF200K01594;;34.9624;34.6128;34.9624;28-Dec-2015

Tata Mutual Fund
119879;Tata Income Fund - Direct Plan - Bonus;INF277K01OZ2;;14.1089;13.9678;14.1089;28-Dec-2015
119876;Tata Income Fund - Direct Plan - Growth Option;INF277K01OY5;;45.7716;45.3139;45.7716;28-Dec-2015
100418;Tata Income Fund -Regular Plan - Growth Option;INF277K01659;;44.9861;44.5362;44.9861;28-Dec-2015
101186;Tata Income Fund- Regular Plan - Periodic Payout of IDCW Option;INF277K01DT8;INF277K01667;26.0812;25.8204;26.0812;28-Dec-2015
119877;TATA Income Fund-Direct Plan - Half Yearly Payout of IDCW Option;INF277K01PA2;INF277K01PB0;12.7669;12.6392;12.7669;28-Dec-2015
100417;Tata Income Fund-Regular Plan - Half Yearly Payout of IDCW Option;INF277K01DU6;INF277K01675;12.5245;12.3993;12.5245;28-Dec-2015
119873;Tata Long Term Debt Fund - Direct Plan - Quartelry Dividend Plan;INF277K01PE4;INF277K01PF1;11.1278;11.0165;11.1278;28-Dec-2015
101419;Tata Long Term Debt Fund - Regular Plan  -Bonus;INF277K01691;;13.7582;13.6206;13.7582;28-Dec-2015
100416;Tata Long Term Debt Fund - Regular Plan - Quarterly Dividend;INF277K01DV4;INF277K01683;11.0469;10.9364;11.0469;28-Dec-2015

UTI Mutual Fund
133280;UTI Medium to Long Duration Fund - Direct Plan - Flexi IDCW;INF789FA1U04;INF789FA1U12;10.8185;10.8185;0;28-Dec-2015
134998;UTI Medium to Long Duration Fund - Direct Plan - Half-Yearly IDCW;INF789FA1T64;INF789FA1T72;10.4262;10.4262;0;28-Dec-2015
120690;UTI Medium to Long Duration Fund - Direct Plan - Quarterly IDCW;INF789F01SO1;INF789F01SP8;14.299;14.299;14.299;28-Dec-2015
133869;UTI Medium to Long Duration Fund - Regular Plan - Annual IDCW;INF789FA1T23;INF789FA1T31;10.3982;10.3982;0;28-Dec-2015
133872;UTI Medium to Long Duration Fund - Regular Plan - Flexi IDCW;INF789FA1T49;INF789FA1T56;10.4001;10.4001;0;28-Dec-2015
135581;UTI Medium to Long Duration Fund - Regular Plan - Half-Yearly IDCW;INF789FA1T07;INF789FA1T15;9.9622;9.9622;0;28-Dec-2015
100742;UTI Medium to Long Duration Fund - Regular Plan - Quarterly IDCW;INF789F01380;INF789F01398;13.3455;13.3455;13.3455;28-Dec-2015
100741;UTI Medium to Long Duration Fund- Regular Plan - Growth;INF789F01406;;43.3806;43.3806;43.3806;28-Dec-2015
120689;UTI Medium to Long Duration Fund-Growth - Direct;INF789F01SQ6;;44.7043;44.7043;44.7043;28-Dec-2015

Open Ended Schemes ( Debt Scheme - Long Duration Fund )


ICICI Prudential Mutual Fund
131623;ICICI Prudential Long Term Bond Fund - Annual IDCW;INF109KA11C4;INF109KA10C6;10.2514;10.1489;10.2514;28-Dec-2015
122673;ICICI Prudential Long Term Bond Fund - Bonus;INF109KA1335;;44.9681;44.5184;44.9681;28-Dec-2015
120743;ICICI Prudential Long Term Bond Fund - Direct Plan - Growth;INF109K017L8;;46.3539;45.8904;46.3539;28-Dec-2015
120748;ICICI Prudential Long Term Bond Fund - Direct Plan - Half Yearly IDCW;INF109K018L6;INF109K019L4;11.5172;11.4020;11.5172;28-Dec-2015
120747;ICICI Prudential Long Term Bond Fund - Direct Plan - Quarterly IDCW;INF109K010M1;INF109K011M9;11.9355;11.8161;11.9355;28-Dec-2015
100365;ICICI Prudential Long Term Bond Fund - Growth;INF109K01365;;44.9679;44.5182;44.9679;28-Dec-2015
100364;ICICI Prudential Long Term Bond Fund - Half Yearly IDCW;INF109K01EX3;INF109K01357;10.8465;10.7380;10.8465;28-Dec-2015
100367;ICICI Prudential Long Term Bond Fund - Quarterly IDCW;INF109K01EZ8;INF109K01399;11.7265;11.6092;11.7265;28-Dec-2015
131622;ICICI Prudential Long Term Bond Fund Direct Plan - Annual IDCW;INF109KA13C0;INF109KA12C2;11.3261;11.2128;11.3261;28-Dec-2015
100366;ICICI Prudential Long Term Bond Fund-Institutional Quarterly Dividend;INF109K01EY1;INF109K01381;11.1253;11.0140;11.1253;28-Dec-2015
101642;ICICI Prudential Long Term Bond Fund - Institutional Dividend Halfyearly;INF109K01EW5;INF109K01373;10.5299;10.4246;10.5299;28-Dec-2015
101643;ICICI Prudential Long Term Bond Fund-Institutional Option-Growth;INF109K01407;;48.0799;47.5991;48.0799;28-Dec-2015

Open Ended Schemes ( Debt Scheme - Dynamic Bond )


360 ONE Mutual Fund (Formerly Known as IIFL Mutual Fund)
122612;360 ONE Dynamic Bond Fund - Regular Plan - Growth Option;INF579M01183;;11.8057;11.8057;11.8057;28-Dec-2015
122715;360 ONE Dynamic Bond Fund Direct Plan Growth;INF579M01266;;11.9552;11.9552;11.9552;28-Dec-2015
122721;360 ONE Dynamic Bond Fund Direct Plan Monthly Dividend;INF579M01282;INF579M01316;11.1308;11.1308;11.1308;28-Dec-2015
122717;360 ONE Dynamic Bond Fund Direct Plan Quarterly Dividend;INF579M01290;INF579M01324;11.5397;11.5397;11.5397;28-Dec-2015
122711;360 ONE Dynamic Bond Fund Regular Plan Bonus;INF579M01191;;11.8057;11.8057;11.8057;28-Dec-2015
122720;360 ONE Dynamic Bond Fund Regular Plan Half Yearly Dividend;INF579M01225;INF579M01258;11.3923;11.3923;11.3923;28-Dec-2015
122719;360 ONE Dynamic Bond Fund Regular Plan Monthly Dividend;INF579M01209;INF579M01233;10.9839;10.9839;10.9839;28-Dec-2015
122712;360 ONE Dynamic Bond Fund Regular Plan Quarterly Dividend;INF579M01217;INF579M01241;11.3923;11.3923;11.3923;28-Dec-2015

Aditya Birla Sun Life Mutual Fund
119505;Aditya Birla Sun Life Dynamic Bond Fund - Growth - Direct Plan;INF209K01N82;;25.9577;25.8279;25.9577;28-Dec-2015
102767;Aditya Birla Sun Life Dynamic Bond Fund - Growth - Regular Plan;INF209K01793;;25.5776;25.4497;25.5776;28-Dec-2015
132918;Aditya Birla Sun Life Dynamic Bond Fund -Direct - IDCW;INF209KA1TX3;;11.1910;11.1910;11.1910;28-Dec-2015
119503;Aditya Birla Sun Life Dynamic Bond Fund -DIRECT - MONTHLY IDCW;INF209K01R62;;10.8868;10.8324;10.8868;28-Dec-2015
119502;Aditya Birla Sun Life Dynamic Bond Fund -Direct - Quarterly IDCW;INF209K01R88;;11.1024;11.0469;11.1024;28-Dec-2015
132917;Aditya Birla Sun Life Dynamic Bond Fund -Regular - IDCW;INF209KA1TV7;;11.1114;11.1114;11.1114;28-Dec-2015
111521;Aditya Birla Sun Life Dynamic Bond Fund -REGULAR - MONTHLY IDCW;INF209K01801;INF209K01DG8;10.8316;10.7774;10.8316;28-Dec-2015
102766;Aditya Birla Sun Life Dynamic Bond Fund -Regular - Quarterly IDCW;INF209K01819;INF209K01DH6;10.9083;10.8538;10.9083;28-Dec-2015
111848;Aditya Birla Sun Life Dynamic Bond Fund-Discipline Advantage Plan-Growth;INF209K01JW2;;17.6931;17.6046;17.6931;28-Dec-2015

Axis Mutual Fund
120451;Axis Dynamic Bond Fund - Direct Plan - Growth Option;INF846K01DI3;;15.4256;15.2713;15.4256;28-Dec-2015
120450;Axis Dynamic Bond Fund - Direct Plan - Half Yearly IDCW;INF846K01DJ1;INF846K01DK9;11.1989;11.0869;11.1989;28-Dec-2015
120452;Axis Dynamic Bond Fund - Direct Plan - Quarterly IDCW;INF846K01DL7;INF846K01DM5;11.0865;10.9756;11.0865;28-Dec-2015
115068;Axis Dynamic Bond Fund - Regular Plan - Growth Option;INF846K01917;;14.8351;14.6867;14.8351;28-Dec-2015
115131;Axis Dynamic Bond Fund - Regular Plan - Half Yearly IDCW;INF846K01941;INF846K01958;10.8185;10.7103;10.8185;28-Dec-2015
115069;Axis Dynamic Bond Fund - Regular Plan - Quarterly IDCW;INF846K01925;INF846K01933;10.6125;10.5064;10.6125;28-Dec-2015

Bandhan Mutual Fund
108561;BANDHAN Dynamic Bond Fund - Regular Plan B - Quarterly IDCW;INF194K01QI0;INF194K01QH2;10.6785;10.6785;10.6785;28-Dec-2015
108675;BANDHAN Dynamic Bond Fund - Regular Plan B - Annual IDCW;INF194K01QL4;INF194K01QK6;10.8249;10.8249;10.8249;28-Dec-2015
111524;BANDHAN Dynamic Bond Fund - Regular Plan B - Growth;INF194K01QG4;;17.4771;17.4771;17.4771;28-Dec-2015
122868;BANDHAN Dynamic Bond Fund - Regular Plan B - Half Yearly IDCW;INF194K018R9;INF194K019R7;10.2604;10.2604;10.2604;28-Dec-2015
111523;BANDHAN Dynamic Bond Fund - Regular Plan B - IDCW;INF194K01QO8;INF194K01QN0;10.4201;10.4201;10.4201;28-Dec-2015
131397;BANDHAN Dynamic Bond Fund - Regular Plan B - Periodic IDCW;INF194KA1TM3;INF194KA1TN1;11.3898;11.3898;11.3898;28-Dec-2015
118415;BANDHAN Dynamic Bond Fund-Direct Plan-Annual IDCW;INF194K01O13;INF194K01O05;12.5647;12.5647;12.5647;28-Dec-2015
118416;BANDHAN Dynamic Bond Fund-Direct Plan-Growth;INF194K01N63;;17.9564;17.9564;17.9564;28-Dec-2015
122618;BANDHAN Dynamic Bond Fund-Direct Plan-Half Yearly IDCW;INF194K011P8;INF194K012P6;10.3743;10.3743;10.3743;28-Dec-2015
118417;BANDHAN Dynamic Bond Fund-Direct Plan-IDCW;INF194K01O47;INF194K01O39;12.6134;12.6134;12.6134;28-Dec-2015
131396;BANDHAN Dynamic Bond Fund-Direct Plan-Periodic IDCW;INF194KA1TP6;INF194KA1TQ4;11.6137;11.6137;11.6137;28-Dec-2015
118418;BANDHAN Dynamic Bond Fund-Direct Plan-Quarterly IDCW;INF194K01N89;INF194K01N71;12.3911;12.3911;12.3911;28-Dec-2015

Baroda BNP Paribas Mutual Fund
117631;Baroda Dynamic Bond Fund - Plan A - Growth Option;INF955L01906;;13.6193;13.5512;13.6193;28-Dec-2015
117629;Baroda Dynamic Bond Fund - Plan A - IDCW;INF955L01880;;12.2930;12.2315;12.2930;28-Dec-2015
119337;Baroda Dynamic Bond Fund - Plan B (Direct) - Growth Option;INF955L01AA3;;14.0090;13.9390;14.0090;28-Dec-2015
119336;Baroda Dynamic Bond Fund - Plan B (Direct) - IDCW;INF955L01989;;12.6848;12.6214;12.6848;28-Dec-2015

BNP Paribas Mutual Fund
119991;BNP Paribas Flexi Debt Fund - Direct Plan - Daily Income Distribution cum Capital Withdrawal Option;;INF251K01GX8;10.0948;10.0948;10.0948;28-Dec-2015
119992;BNP Paribas Flexi Debt Fund - Direct Plan - Growth Option;INF251K01GW0;;25.3493;25.3493;25.3493;28-Dec-2015
119993;BNP Paribas Flexi Debt Fund - Direct Plan - Half Yearly Income Distribution cum Capital Withdrawal Option;INF251K01HD8;INF251K01HE6;10.0000;10.0000;10.0000;28-Dec-2015
119994;BNP Paribas Flexi Debt Fund - Direct Plan - Monthly Income Distribution cum Capital Withdrawal Option;INF251K01GZ3;INF251K01HA4;10.0027;10.0027;10.0027;28-Dec-2015
119995;BNP Paribas Flexi Debt Fund - Direct Plan - Quarterly Income Distribution cum Capital Withdrawal Option;INF251K01HB2;INF251K01HC0;10.0228;10.0228;10.0228;28-Dec-2015
119996;BNP Paribas Flexi Debt Fund - Direct Plan - Weekly Income Distribution cum Capital Withdrawal Option;;INF251K01GY6;10.0000;10.0000;10.0000;28-Dec-2015
117958;BNP Paribas Flexi Debt Fund Daily Income Distribution cum Capital Withdrawal Option;;INF251K01DX5;10.0813;10.0813;10.0813;28-Dec-2015
117957;BNP Paribas Flexi Debt Fund Growth Option;INF251K01DW7;;24.9713;24.9713;24.9713;28-Dec-2015
117962;BNP Paribas Flexi Debt Fund Half Yearly Income Distribution cum Capital Withdrawal Option;INF251K01ED5;INF251K01EE3;10.2229;10.2229;10.2229;28-Dec-2015
117960;BNP Paribas Flexi Debt Fund Monthly Income Distribution cum Capital Withdrawal Option;INF251K01DZ0;INF251K01EA1;10.0019;10.0019;10.0019;28-Dec-2015
117961;BNP Paribas Flexi Debt Fund Quarterly Income Distribution cum Capital Withdrawal Option;INF251K01EB9;INF251K01EC7;10.0189;10.0189;10.0189;28-Dec-2015
117959;BNP Paribas Flexi Debt Fund Weekly Income Distribution cum Capital Withdrawal Option;;INF251K01DY3;10.0490;10.0490;10.0490;28-Dec-2015
113526;BNP PARIBAS Flexi Debt Fund-Regular Plan A - Growth Option;INF251K01EF0;;16.9710;16.9710;16.9710;28-Dec-2015
113528;BNP PARIBAS Flexi Debt Fund-Regular Plan A - Quarterly Dividend Option;;INF251K01EH6;10.0214;10.0214;10.0214;28-Dec-2015

Canara Robeco Mutual Fund
118284;CANARA ROBECO DYNAMIC BOND FUND - DIRECT PLAN - GROWTH OPTION;INF760K01EC7;;16.5133;16.5133;16.5133;28-Dec-2015
118283;CANARA ROBECO DYNAMIC BOND FUND - DIRECT PLAN - IDCW (Payout/Reinvestment);INF760K01EA1;INF760K01EB9;13.0860;13.0860;13.0860;28-Dec-2015
111962;CANARA ROBECO DYNAMIC BOND FUND - REGULAR PLAN - GROWTH OPTION;INF760K01449;;16.3084;16.3084;16.3084;28-Dec-2015
111963;CANARA ROBECO DYNAMIC BOND FUND - REGULAR PLAN - IDCW (Payout/Reinvestment);INF760K01423;INF760K01431;12.9067;12.9067;12.9067;28-Dec-2015

DSP Mutual Fund
119239;DSP Strategic Bond Fund - Direct Plan - Growth;INF740K01QG4;;1752.7766;1752.7766;1752.7766;28-Dec-2015
119238;DSP Strategic Bond Fund - Direct Plan - IDCW;INF740K01QI0;INF740K01QK6;1194.1622;1194.1622;1194.1622;28-Dec-2015
119240;DSP Strategic Bond Fund - Direct Plan - IDCW - Daily;;INF740KA1OX0;1043.6434;1043.6434;1043.6434;28-Dec-2015
119236;DSP Strategic Bond Fund - Direct Plan - IDCW - Monthly;INF740K01QH2;INF740K01QJ8;1051.3812;1051.3812;1051.3812;28-Dec-2015
119237;DSP Strategic Bond Fund - Direct Plan - IDCW - Weekly;INF740KA1OY8;INF740KA1OZ5;1020.8496;1020.8496;1020.8496;28-Dec-2015
105669;DSP Strategic Bond Fund - Regular Plan - Growth;INF740K01GK7;;1733.9405;1733.9405;1733.9405;28-Dec-2015
105668;DSP Strategic Bond Fund - Regular Plan - IDCW;INF740K01GO9;INF740K01GN1;1158.7462;1158.7462;1158.7462;28-Dec-2015
111786;DSP Strategic Bond Fund - Regular Plan - IDCW - Daily;;INF740KA1PA5;1026.1505;1026.1505;1026.1505;28-Dec-2015
105667;DSP Strategic Bond Fund - Regular Plan - IDCW - Monthly;INF740K01GM3;INF740K01GL5;1036.3046;1036.3046;1036.3046;28-Dec-2015
105878;DSP Strategic Bond Fund - Regular Plan - IDCW - Weekly;INF740K01GQ4;INF740K01GP6;1020.7407;1020.7407;1020.7407;28-Dec-2015

Franklin Templeton Mutual Fund
118495;Franklin India Dynamic Accrual Fund - Direct - Growth;INF090I01HB8;;51.341;49.8008;51.341;28-Dec-2015
118496;Franklin India Dynamic Accrual Fund - Direct - IDCW ;INF090I01GZ9;INF090I01HA0;11.7773;11.424;11.7773;28-Dec-2015
100498;Franklin India Dynamic Accrual Fund - IDCW ;INF090I01BN6;INF090I01BO4;11.4978;11.1529;11.4978;28-Dec-2015
100499;Franklin India Dynamic Accrual Fund-Growth;INF090I01BP1;;50.2787;48.7703;50.2787;28-Dec-2015

HDFC Mutual Fund
101872;HDFC Dynamic Debt Fund - Growth Option;INF179K01848;;49.4766;49.2292;49.4766;28-Dec-2015
119075;HDFC Dynamic Debt Fund - Growth Option - Direct Plan;INF179K01WB4;;50.7274;50.4738;50.7274;28-Dec-2015
119072;HDFC Dynamic Debt Fund - Half Yearly IDCW - Direct Plan;INF179K01WC2;INF179K01WD0;11.9529;11.8931;11.9529;28-Dec-2015
101874;HDFC Dynamic Debt Fund - Half Yearly IDCW Option;INF179K01855;INF179K01863;11.3130;11.2564;11.3130;28-Dec-2015
133369;HDFC Dynamic Debt Fund - Normal IDCW - Direct Plan;INF179KA1Q95;;10.6788;10.6254;10.6788;28-Dec-2015
133370;HDFC Dynamic Debt Fund - Normal IDCW Option;INF179KA1R11;;10.5994;10.5464;10.5994;28-Dec-2015
119073;HDFC Dynamic Debt Fund - Quarterly IDCW - Direct Plan;INF179K01WE8;INF179K01WF5;12.1229;12.0623;12.1229;28-Dec-2015
101873;HDFC Dynamic Debt Fund - Quarterly IDCW Option;INF179K01871;INF179K01889;11.7952;11.7362;11.7952;28-Dec-2015
119074;HDFC Dynamic Debt Fund - Yearly IDCW - Direct Plan;INF179K01WG3;INF179K01WH1;13.0153;12.9502;13.0153;28-Dec-2015
101875;HDFC Dynamic Debt Fund - Yearly IDCW Option;INF179K01921;INF179K01939;12.6578;12.5945;12.6578;28-Dec-2015

HSBC Mutual Fund
120048;HSBC Dynamic Bond Fund - Direct Growth;INF336L01CO3;;20.3743;20.3743;20.3743;28-Dec-2015
120047;HSBC Dynamic Bond Fund - Direct Monthly IDCW;;INF336L01CN5;10.0339;10.0339;10.0339;28-Dec-2015
106736;HSBC Dynamic Bond Fund - Growth;INF336L01545;;19.4037;19.4037;19.4037;28-Dec-2015
106737;HSBC Dynamic Bond Fund - Regular Growth;INF336L01461;;19.9055;19.9055;19.9055;28-Dec-2015
106738;HSBC Dynamic Bond Fund - Regular Monthly IDCW;;INF336L01453;10.8017;10.8017;10.8017;28-Dec-2015

ICICI Prudential Mutual Fund
113218;ICICI Prudential All Seasons Bond Fund - Annual IDCW;INF109K01GO7;INF109K01GP4;10.8456;10.7914;10.8456;28-Dec-2015
130937;ICICI Prudential All Seasons Bond Fund - Bonus;INF109KA1H36;;11.3958;11.3388;11.3958;28-Dec-2015
120601;ICICI Prudential All Seasons Bond Fund - Direct Plan - Annual IDCW;INF109K012E4;INF109K013E2;10.7674;10.7136;10.7674;28-Dec-2015
120603;ICICI Prudential All Seasons Bond Fund - Direct Plan - Growth;INF109K016E5;;17.4898;17.4024;17.4898;28-Dec-2015
120600;ICICI Prudential All Seasons Bond Fund - Direct Plan - IDCW;INF109K014E0;INF109K015E7;12.2049;12.1439;12.2049;28-Dec-2015
120602;ICICI Prudential All Seasons Bond Fund - Direct Plan - Quarterly IDCW;INF109K017E3;INF109K018E1;11.0009;10.9459;11.0009;28-Dec-2015
120604;ICICI Prudential All Seasons Bond Fund - Direct Plan - Weekly IDCW;INF109K019E9;INF109K010F5;10.4732;10.4208;10.4732;28-Dec-2015
130938;ICICI Prudential All Seasons Bond Fund - Direct Plan Bonus;INF109KA1H28;;11.5896;11.5317;11.5896;28-Dec-2015
112096;ICICI Prudential All Seasons Bond Fund - Growth;INF109K01GN9;;17.3389;17.2522;17.3389;28-Dec-2015
112097;ICICI Prudential All Seasons Bond Fund - IDCW;INF109K01GK5;INF109K01GL3;11.6765;11.6181;11.6765;28-Dec-2015
112094;ICICI Prudential All Seasons Bond Fund - Premium Growth Option;INF109K01GM1;;17.2079;17.1219;17.2079;28-Dec-2015
113403;ICICI Prudential All Seasons Bond Fund - Quarterly IDCW;INF109K01GE8;INF109K01GF5;10.7693;10.7155;10.7693;28-Dec-2015
101351;ICICI Prudential All Seasons Bond Fund - Weekly IDCW;INF109K01FD2;INF109K01704;10.4435;10.3913;10.4435;28-Dec-2015
101350;ICICI Prudential All Seasons Bond Fund Retail - Cumulative;INF109K01712;;32.9551;32.7903;32.9551;28-Dec-2015
113417;ICICI Prudential All Seasons Bond Fund Retail - Quarterly Dividend;INF109K01GG3;INF109K01GH1;10.9147;10.8601;10.9147;28-Dec-2015

IDBI Mutual Fund
118428;IDBI Dynamic Bond Fund Annual IDCW Direct;INF397L01BR0;;10.5906;10.4847;10.5906;28-Dec-2015
116582;IDBI Dynamic Bond Fund Annual IDCW Regular;INF397L01638;;10.5236;10.4184;10.5236;28-Dec-2015
116583;IDBI Dynamic Bond Fund Growth;INF397L01661;;12.8412;12.7128;12.8412;28-Dec-2015
116811;IDBI Dynamic Bond Fund Growth Direct;INF397L01BN9;;13.0003;12.8703;13.0003;28-Dec-2015
118429;IDBI Dynamic Bond Fund Quarterly IDCW Direct;INF397L01BO7;INF397L01BP4;11.3880;11.2741;11.3880;28-Dec-2015
116810;IDBI Dynamic Bond Fund Quarterly IDCW Regular;INF397L01604;INF397L01612;10.5760;10.4702;10.5760;28-Dec-2015

JM Financial Mutual Fund
120432;JM Dynamic Bond Fund (Direct) - Daily IDCW;;INF192K01CZ8;10.0068;10.0068;10.0068;28-Dec-2015
120434;JM Dynamic Bond Fund (Direct) - IDCW;INF192K01DB7;INF192K01DC5;23.1045;23.1045;23.1045;28-Dec-2015
133414;JM Dynamic Bond Fund (Direct) - Monthly IDCW;INF192K01IL5;INF192K01IM3;23.1632;23.1632;23.1632;28-Dec-2015
120433;JM Dynamic Bond Fund (Direct) - Weekly IDCW;;INF192K01DA9;10.5659;10.5659;10.5659;28-Dec-2015
122323;JM Dynamic Bond Fund (Regular) - Bonus Option - Principal Units;INF192K01EX9;;22.6046;22.6046;22.6046;28-Dec-2015
105639;JM Dynamic Bond Fund (Regular) - Daily IDCW;;INF192K01668;10.0065;10.0065;10.0065;28-Dec-2015
101806;JM Dynamic Bond Fund (Regular) - Growth Option;INF192K01700;;22.6045;22.6045;22.6045;28-Dec-2015
133389;JM Dynamic Bond Fund (Regular) - Half Yearly Bonus Option - Principal Units;INF192K01IN1;;22.6720;22.6720;22.6720;28-Dec-2015
101805;JM Dynamic Bond Fund (Regular) - IDCW;INF192K01684;INF192K01692;22.6796;22.6796;22.6796;28-Dec-2015
133390;JM Dynamic Bond Fund (Regular) - Monthly IDCW;INF192K01IJ9;INF192K01IK7;22.7507;22.7507;22.7507;28-Dec-2015
105637;JM Dynamic Bond Fund (Regular) - Weekly IDCW;;INF192K01676;10.5603;10.5603;10.5603;28-Dec-2015
101807;JM Dynamic Bond Fund (Regular)- Premium Plan IDCW;INF192K01734;INF192K01742;10.3566;10.3566;10.3566;28-Dec-2015
122315;JM Dynamic Bond Fund - (Direct) - Bonus Option-Principal Units;INF192K01EZ4;;22.8909;22.8909;22.8909;28-Dec-2015
120435;JM Dynamic Bond Fund - (Direct) - Growth Option;INF192K01DD3;;22.9248;22.9248;22.9248;28-Dec-2015
133388;JM Dynamic Bond Fund - (Direct) - Half Yearly Bonus Option - Principal Units;INF192K01IP6;;22.9938;22.9938;22.9938;28-Dec-2015
105638;JM Dynamic Bond Fund - Premium Plan - Daily Dividend Option;;INF192K01718;10.0066;10.0066;10.0066;28-Dec-2015
101808;JM Dynamic Bond Fund - Premium Plan - Growth Option;INF192K01759;;21.8661;21.8661;21.8661;28-Dec-2015

Kotak Mahindra Mutual Fund
119754;Kotak Dynamic Bond Fund - Daily Dividend - Direct;INF174K01JW8;;10.0475;10.0475;10.0475;28-Dec-2015
119753;Kotak Dynamic Bond Fund - Direct Plan - Standard Income Distribution cum capital withdrawal option;INF174K01JX6;;10.5499;10.5499;10.5499;28-Dec-2015
119755;Kotak Dynamic Bond Fund - Growth - Direct;INF174K01JU2;;18.6717;18.6717;18.6717;28-Dec-2015
119756;Kotak Dynamic Bond Fund - Weekly Dividend Direct;INF174K01JV0;;12.4847;12.4847;12.4847;28-Dec-2015
117998;Kotak Dynamic Bond Fund Regular Plan - Standard Income Distribution cum capital withdrawal option;INF174K01IY6;INF174K01IZ3;11.0432;11.0432;11.0432;28-Dec-2015
108500;Kotak Dynamic Bond Fund Regular Plan Daily Dividend;INF174K01FB0;;10.0475;10.0475;10.0475;28-Dec-2015
108511;Kotak Dynamic Bond Fund Regular Plan Growth;INF174K01FA2;;18.3266;18.3266;18.3266;28-Dec-2015
108512;Kotak Dynamic Bond Fund Regular Plan Weekly Dividend;INF174K01FC8;;10.3814;10.3814;10.3814;28-Dec-2015

L&T Mutual Fund
119428;L&T Flexi Bond Fund - Direct Plan- Growth;INF917K01HA0;;15.7551;15.6763;15.7551;28-Dec-2015
119427;L&T Flexi Bond Fund - Direct Plan- IDCW;INF917K01GY2;;10.6878;10.6344;10.6878;28-Dec-2015
118053;L&T Flexi Bond Fund - Regular Plan - Growth;INF677K01916;;15.5603;15.4825;15.5603;28-Dec-2015
118054;L&T Flexi Bond Fund - Regular Plan - IDCW;INF677K01924;INF677K01932;10.6367;10.5835;10.6367;28-Dec-2015
118052;L&T Flexi Bond Fund - Retail Plan Dividend Option;INF677K01890;INF677K01908;10.8504;10.7961;10.8504;28-Dec-2015
118051;L&T Flexi Bond Fund - Retail Plan Growth Option;INF677K01882;;19.2899;19.1935;19.2899;28-Dec-2015

Navi Mutual Fund
117839;ESSEL FLEXIBLE INCOME FUND MONTHLY DIVIDEND;INF959L01502;INF959L01528;11.1889;11.1889;11.1889;28-Dec-2015
119151;ESSEL FLEXIBLE INCOME FUND-DIRECT PLAN-GROWTH OPTION;INF959L01627;;12.5822;12.5822;12.5822;28-Dec-2015
119152;ESSEL FLEXIBLE INCOME FUND-DIRECT PLAN-MONTHLY DIVIDEND OPTION;INF959L01635;INF959L01643;11.4363;11.4363;11.4363;28-Dec-2015
119153;ESSEL FLEXIBLE INCOME FUND-DIRECT PLAN-QUARTERLY DIVIDEND OPTION;INF959L01650;INF959L01668;11.9370;11.9370;11.9370;28-Dec-2015
117810;ESSEL FLEXIBLE INCOME FUND-GROWTH;INF959L01494;;12.2075;12.2075;12.2075;28-Dec-2015

Nippon India Mutual Fund
118750;NIPPON INDIA DYNAMIC BOND FUND - Direct Plan - IDCW Option;INF204K01A33;INF204K01A41;15.3508;15.1973;15.3508;28-Dec-2015
118749;NIPPON INDIA DYNAMIC BOND FUND - Direct Plan - QUARTERLY IDCW Option;INF204K01A58;INF204K01A66;10.3091;10.2060;10.3091;28-Dec-2015
118747;Nippon India Dynamic Bond Fund - Direct Plan Growth Plan - Growth Option;INF204K01A25;;19.9738;19.7741;19.9738;28-Dec-2015
102851;NIPPON INDIA DYNAMIC BOND FUND - IDCW Option;INF204K01FJ8;INF204K01FK6;13.9201;13.7809;13.9201;28-Dec-2015
117974;NIPPON INDIA DYNAMIC BOND FUND - QUARTERLY IDCW Option;INF204K01XB8;INF204K01XC6;10.3640;10.2604;10.3640;28-Dec-2015
102849;Nippon India Dynamic Bond Fund-Growth Plan-Growth Option;INF204K01FI0;;19.5789;19.3831;19.5789;28-Dec-2015

PGIM India Mutual Fund
120084;PGIM India Dynamic Bond Fund - Direct Plan-Growth Option;INF663L01AD7;;1394.6397;1380.6933;1394.6397;28-Dec-2015
120085;PGIM India Dynamic Bond Fund - Direct Plan-Monthly Dividend Option;INF663L01AF2;INF663L01AE5;1027.2149;1016.9428;1027.2149;28-Dec-2015
120086;PGIM India Dynamic Bond Fund - Direct Plan-Quarterly Dividend Option;INF663L01AI6;INF663L01AH8;1097.7538;1086.7763;1097.7538;28-Dec-2015
116483;PGIM India Dynamic Bond Fund - Dividend Option - Monthly;INF663L01492;INF663L01500;991.2369;981.3245;991.2369;28-Dec-2015
116484;PGIM India Dynamic Bond Fund - Dividend Option - Quarterly;INF663L01526;INF663L01534;1074.2478;1063.5053;1074.2478;28-Dec-2015
116485;PGIM India Dynamic Bond Fund - Growth Option;INF663L01484;;1366.1900;1352.5281;1366.1900;28-Dec-2015
122260;PGIM India Dynamic Bond Fund-Bonus Option;INF663L01BF0;;1366.9312;1353.2619;1366.9312;28-Dec-2015

Principal Mutual Fund
119460;Principal Dynamic Bond Fund - Direct Plan - Dividend Option -Annually;INF173K01GI5;INF173K01GJ3;11.7045;11.5875;11.7045;28-Dec-2015
119461;Principal Dynamic Bond Fund - Direct Plan - Growth Option;INF173K01GL9;;25.4797;25.2249;25.4797;28-Dec-2015
100960;Principal Dynamic Bond Fund - Dividend Option -Annual;INF173K01AX7;INF173K01AY5;11.3627;11.2491;11.3627;28-Dec-2015
100963;Principal Dynamic Bond Fund - Growth Option;INF173K01AT5;;24.9163;24.6671;24.9163;28-Dec-2015
100961;Principal Dynamic Bond Fund -Dividend Option - Quarterly;INF173K01AU3;INF173K01AV1;13.0716;12.9409;13.0716;28-Dec-2015
119459;Principal Dynamic Bond Fund- Direct Plan - Dividend Option - Quarterly;INF173K01GM7;INF173K01GN5;13.1317;13.0004;13.1317;28-Dec-2015

quant Mutual Fund
100173;Quant Dynamic Bond-Bonus;INF966L01101;;26.0534;25.9231;26.0534;28-Dec-2015
120831;Quant Dynamic Bond-Bonus Option-Direct Plan;INF966L01762;;26.0534;25.9231;26.0534;28-Dec-2015
100171;Quant Dynamic Bond-Dividend;INF966L01077;INF966L01085;11.5563;11.4985;11.5563;28-Dec-2015
120829;Quant Dynamic Bond-Dividend Option-Direct Plan;INF966L01739;INF966L01747;11.6583;11.6000;11.6583;28-Dec-2015
100172;Quant Dynamic Bond-Growth;INF966L01093;;49.5449;49.2972;49.5449;28-Dec-2015
120830;Quant Dynamic Bond-Growth Option-Direct Plan;INF966L01754;;49.9697;49.7199;49.9697;28-Dec-2015

Quantum Mutual Fund
134494;Quantum Dynamic Bond Fund - Direct Plan Growth Option;INF082J01176;;10.5554;10.5554;10.5554;28-Dec-2015
134493;Quantum Dynamic Bond Fund - Direct Plan Monthly IDCW;INF082J01184;INF082J01192;10.0366;10.0366;10.0366;28-Dec-2015

SBI Mutual Fund
119671;SBI Dynamic Bond Fund - DIRECT PLAN - Growth;INF200K01RD4;;18.0455;18.0004;18.0455;28-Dec-2015
119670;SBI Dynamic Bond Fund - Direct Plan - Income Distribution cum Capital Withdrawal Option (IDCW);INF200K01RB8;INF200K01RC6;12.4994;12.4682;12.4994;28-Dec-2015
102205;SBI Dynamic Bond Fund - REGULAR PLAN - Growth;INF200K01958;;17.7091;17.6648;17.7091;28-Dec-2015
102206;SBI Dynamic Bond Fund - Regular Plan - Income Distribution cum Capital Withdrawal Option (IDCW);INF200K01966;INF200K01974;11.7122;11.6829;11.7122;28-Dec-2015

Tata Mutual Fund
119097;Tata Dynamic Bond Fund- Direct Plan-Growth Option;INF277K01MV5;;23.2174;23.1013;23.2174;28-Dec-2015
101909;Tata Dynamic Bond Fund- Regular Plan - Growth Option;INF277K01360;;22.5502;22.4374;22.5502;28-Dec-2015
101224;Tata Dynamic Bond Fund- Regular Plan - Payout of IDCW Option;INF277K01DE0;INF277K01352;15.0009;14.9259;15.0009;28-Dec-2015
119098;Tata Dynamic Bond- Direct Plan - Payout of IDCW Option;INF277K01MT9;INF277K01MU7;15.7196;15.6410;15.7196;28-Dec-2015
102031;Tata Dynamic Bond Fund B - Dividend;INF277K01DF7;INF277K01378;13.8653;13.7960;13.8653;28-Dec-2015
101910;Tata Dynamic Bond Fund B - Growth;INF277K01386;;22.8584;22.7441;22.8584;28-Dec-2015

Taurus Mutual Fund
114538;Taurus Dynamic Income Fund - Regular Plan - Dividend Option;INF044D01AH8;INF044D01AI6;10.3217;10.2185;10.3217;28-Dec-2015
114537;Taurus Dynamic Income Fund - Regular Plan - Growth Option;INF044D01AK2;;14.4869;14.3420;14.4869;28-Dec-2015
118875;Taurus Dynamic Income Fund-Direct Plan-Dividend Option;INF044D01DA7;INF044D01DB5;10.3242;10.2210;10.3242;28-Dec-2015
118874;Taurus Dynamic Income Fund-Direct Plan-Growth Option;INF044D01CZ6;;14.6973;14.5503;14.6973;28-Dec-2015

Union Mutual Fund
119311;Union Dynamic Bond Fund - Direct Plan - Growth Option;INF582M01799;;13.4661;13.3988;13.4661;28-Dec-2015
119310;Union Dynamic Bond Fund - Direct Plan - IDCW Option;INF582M01815;INF582M01807;13.4661;13.3988;13.4661;28-Dec-2015
116555;Union Dynamic Bond Fund - Growth Option;INF582M01336;;13.2013;13.1353;13.2013;28-Dec-2015
116556;Union Dynamic Bond Fund - IDCW Option;INF582M01351;INF582M01344;13.2013;13.1353;13.2013;28-Dec-2015

UTI Mutual Fund
133180;UTI Dynamic Bond Fund - Direct Plan - Flexi IDCW;INF789FA1S81;INF789FA1S99;10.583;10.583;10.583;28-Dec-2015
120762;UTI Dynamic Bond Fund - Direct Plan - Growth Option;INF789F01XD4;;16.7303;16.7303;16.7303;28-Dec-2015
134788;UTI Dynamic Bond Fund - Direct Plan - Half-Yearly IDCW;INF789FA1S40;INF789FA1S57;10.1922;10.1922;0;28-Dec-2015
120763;UTI Dynamic Bond Fund - Direct Plan - Quarterly IDCW;INF789F01XB8;INF789F01XC6;13.8699;13.8699;13.8699;28-Dec-2015
133852;UTI Dynamic Bond Fund - Regular Plan - Annual IDCW;INF789FA1S08;INF789FA1S16;10.4911;10.4911;0;28-Dec-2015
135336;UTI Dynamic Bond Fund - Regular Plan - Flexi IDCW;INF789FA1S24;INF789FA1S32;10.3088;10.3088;0;28-Dec-2015
113077;UTI Dynamic Bond Fund - Regular Plan - Growth Option;INF789F01JQ5;;16.4702;16.4702;16.4702;28-Dec-2015
113078;UTI Dynamic Bond Fund - Regular Plan - Quarterly IDCW;INF789F01JO0;INF789F01JP7;11.2394;11.2394;11.2394;28-Dec-2015

Open Ended Schemes ( Debt Scheme - Corporate Bond Fund )


Aditya Birla Sun Life Mutual Fund
111780;Aditya Birla Sun Life Corporate Bond Fund - Discipline Advantage Plan;INF209K01KK5;;17.0691;17.0691;17.0691;28-Dec-2015
119533;Aditya Birla Sun Life Corporate Bond Fund - Growth - Direct Plan;INF209K01S38;;55.7277;55.7277;55.7277;28-Dec-2015
103178;Aditya Birla Sun Life Corporate Bond Fund - Growth - Regular Plan;INF209K01785;;55.5548;55.5548;55.5548;28-Dec-2015
124832;Aditya Birla Sun Life Corporate Bond Fund -DIRECT - IDCW;INF209KA1KT0;;10.3811;10.3811;10.3811;28-Dec-2015
119532;Aditya Birla Sun Life Corporate Bond Fund -DIRECT - MONTHLY IDCW;INF209K01N90;INF209KA1KU8;11.7566;11.7566;11.7566;28-Dec-2015
124833;Aditya Birla Sun Life Corporate Bond Fund -REGULAR - IDCW;INF209KA1KS2;;10.4071;10.4071;10.4071;28-Dec-2015
103183;Aditya Birla Sun Life Corporate Bond Fund -REGULAR - MONTHLY IDCW;INF209K01983;INF209K01DL8;11.7402;11.7402;11.7402;28-Dec-2015

BNP Paribas Mutual Fund
119983;BNP Paribas Corporate Bond Fund - Direct Plan - Annual Income Distribution cum Capital Withdrawal Option;INF251K01GU4;INF251K01GV2;10.8298;10.8298;10.8298;28-Dec-2015
119984;BNP Paribas Corporate Bond Fund - Direct Plan - Growth Option;INF251K01GP4;;16.0219;16.0219;16.0219;28-Dec-2015
119985;BNP Paribas Corporate Bond Fund - Direct Plan - Monthly Income Distribution cum Capital Withdrawal Option;INF251K01GQ2;INF251K01GR0;10.2389;10.2389;10.2389;28-Dec-2015
119986;BNP Paribas Corporate Bond Fund - Direct Plan - Quarterly Income Distribution cum Capital Withdrawal Option;INF251K01GS8;INF251K01GT6;10.0000;10.0000;10.0000;28-Dec-2015
114100;BNP PARIBAS Corporate Bond Fund - Regular Plan - Annual-Income Distribution cum Capital Withdrawal Option;INF251K01EN4;INF251K01EO2;10.7072;10.7072;10.7072;28-Dec-2015
114099;BNP PARIBAS Corporate Bond Fund - Regular Plan - Growth Option;INF251K01EI4;;18.1965;18.1965;18.1965;28-Dec-2015
114105;BNP PARIBAS Corporate Bond Fund - Regular Plan - Monthly-Income Distribution cum Capital Withdrawal Option;INF251K01EJ2;INF251K01EK0;10.0586;10.0586;10.0586;28-Dec-2015
114097;BNP PARIBAS Corporate Bond Fund - Regular Plan - Quarterly-Income Distribution cum Capital Withdrawal Option;INF251K01EL8;INF251K01EM6;10.0786;10.0786;10.0786;28-Dec-2015
117949;BNP PARIBAS CORPORATE BOND FUND ANNUAL Income Distribution cum Capital Withdrawal OPTION;INF251K01EU9;INF251K01EV7;10.7244;10.7244;10.7244;28-Dec-2015
117951;BNP PARIBAS CORPORATE BOND FUND GROWTH OPTION;INF251K01EP9;;15.7769;15.7769;15.7769;28-Dec-2015
117950;BNP PARIBAS CORPORATE BOND FUND MONTHLY Income Distribution cum Capital Withdrawal OPTION;INF251K01EQ7;INF251K01ER5;10.0585;10.0585;10.0585;28-Dec-2015
117948;BNP PARIBAS CORPORATE BOND FUND QUARTERLY Income Distribution cum Capital Withdrawal OPTION;INF251K01ES3;INF251K01ET1;10.0784;10.0784;10.0784;28-Dec-2015

Canara Robeco Mutual Fund
126685;CANARA ROBECO CORPORATE BOND FUND - DIRECT PLAN - GROWTH OPTION;INF760K01HB2;;11.9576;11.9576;11.9576;28-Dec-2015
126686;CANARA ROBECO CORPORATE BOND FUND - DIRECT PLAN - IDCW (Payout/Reinvestment);INF760K01HC0;INF760K01HD8;10.9962;10.9962;10.9962;28-Dec-2015
126687;CANARA ROBECO CORPORATE BOND FUND - REGULAR PLAN - GROWTH OPTION;INF760K01GY6;;11.8926;11.8926;11.8926;28-Dec-2015
126688;CANARA ROBECO CORPORATE BOND FUND - REGULAR PLAN - IDCW (Payout/Reinvestment);INF760K01GZ3;INF760K01HA4;10.9334;10.9334;10.9334;28-Dec-2015

Franklin Templeton Mutual Fund
118569;Franklin India Corporate Debt Fund - Direct - GROWTH;INF090I01FW8;;52.3837;52.1218;52.3837;28-Dec-2015
100528;Franklin India Corporate Debt Fund - Growth;INF090I01DG6;;51.0716;50.8162;51.0716;28-Dec-2015
100527;Franklin India Corporate Debt Fund - Plan A - Annual - IDCW;INF090I01DH4;INF090I01DI2;17.5986;17.5106;17.5986;28-Dec-2015
118570;Franklin India Corporate Debt Fund - Plan A - Direct - Annual - IDCW;INF090I01FX6;INF090I01FY4;18.1054;18.0149;18.1054;28-Dec-2015
118573;Franklin India Corporate Debt Fund - Plan A - Direct - Half yearly - IDCW;INF090I01FU2;INF090I01FV0;14.522;14.4494;14.522;28-Dec-2015
118571;Franklin India Corporate Debt Fund - Plan A - Direct - Monthly - IDCW;INF090I01FQ0;INF090I01FR8;16.2147;16.1336;16.2147;28-Dec-2015
118572;Franklin India Corporate Debt Fund - Plan A - Direct - Quarterly - IDCW;INF090I01FS6;INF090I01FT4;13.8387;13.7695;13.8387;28-Dec-2015
100531;Franklin India Corporate Debt Fund - Plan B - Half yearly - IDCW;INF090I01DN2;INF090I01DO0;13.9539;13.8841;13.9539;28-Dec-2015
100529;Franklin India Corporate Debt Fund - Plan B - Monthly - IDCW;INF090I01DJ0;INF090I01DK8;15.7519;15.6731;15.7519;28-Dec-2015
100530;Franklin India Corporate Debt Fund - Plan B - Quarterly - IDCW;INF090I01DL6;INF090I01DM4;13.4336;13.3664;13.4336;28-Dec-2015

HDFC Mutual Fund
113070;HDFC Corporate Bond Fund - Growth Option;INF179K01DC2;;16.0932;15.9323;16.0932;28-Dec-2015
118987;HDFC Corporate Bond Fund - Growth Option - Direct Plan;INF179K01XD8;;16.1376;15.9762;16.1376;28-Dec-2015
132848;HDFC Corporate Bond Fund - IDCW Option;INF179KA1D33;INF179KA1D25;10.9458;10.8363;10.9458;28-Dec-2015
132849;HDFC Corporate Bond Fund - IDCW Option - Direct Plan;INF179KA1D17;;11.0750;10.9643;11.0750;28-Dec-2015
113071;HDFC Corporate Bond Fund - Quarterly IDCW Option;INF179K01DD0;INF179K01DE8;10.3200;10.2168;10.3200;28-Dec-2015
118986;HDFC Corporate Bond Fund - Quarterly IDCW Option - Direct Plan;INF179K01XB2;INF179K01XC0;10.3964;10.2924;10.3964;28-Dec-2015

ICICI Prudential Mutual Fund
130947;ICICI Prudential Corporate Bond Fund - Bonus;INF109KA1I84;;10.6937;10.6937;10.6937;28-Dec-2015
111988;ICICI Prudential Corporate Bond Fund - Daily IDCW;INF109K01CR9;;10.1124;10.1124;10.1124;28-Dec-2015
120695;ICICI Prudential Corporate Bond Fund - Direct Plan - Daily IDCW;INF109K013B8;;10.1064;10.1064;10.1064;28-Dec-2015
120696;ICICI Prudential Corporate Bond Fund - Direct Plan - Fortnightly IDCW;INF109K014B6;INF109K015B3;10.1283;10.1283;10.1283;28-Dec-2015
120692;ICICI Prudential Corporate Bond Fund - Direct Plan - Growth;INF109K016B1;;15.2372;15.2372;15.2372;28-Dec-2015
131152;ICICI Prudential Corporate Bond Fund - Direct Plan - Half Yearly IDCW Option;INF109KA1N38;INF109KA1N20;10.3869;10.3869;10.3869;28-Dec-2015
120697;ICICI Prudential Corporate Bond Fund - Direct Plan - Monthly IDCW;INF109K017B9;INF109K018B7;10.1260;10.1260;10.1260;28-Dec-2015
120694;ICICI Prudential Corporate Bond Fund - Direct Plan - Quarterly IDCW;INF109K019B5;INF109K012C8;11.2818;11.2818;11.2818;28-Dec-2015
120693;ICICI Prudential Corporate Bond Fund - Direct Plan - Weekly IDCW;INF109K010C2;INF109K011C0;10.0983;10.0983;10.0983;28-Dec-2015
111990;ICICI Prudential Corporate Bond Fund - Fortnightly IDCW;INF109K01SJ2;INF109K01CS7;10.0977;10.0977;10.0977;28-Dec-2015
111987;ICICI Prudential Corporate Bond Fund - Growth;INF109K01CQ1;;14.9555;14.9555;14.9555;28-Dec-2015
131151;ICICI Prudential Corporate Bond Fund - Half Yearly IDCW Option;INF109KA1N12;INF109KA1N04;10.3016;10.3016;10.3016;28-Dec-2015
111991;ICICI Prudential Corporate Bond Fund - Monthly IDCW;INF109K01SK0;INF109K01CT5;10.1126;10.1126;10.1126;28-Dec-2015
111982;ICICI Prudential Corporate Bond Fund - Premium Daily Dividend;INF109K01CL2;;10.0405;10.0405;10.0405;28-Dec-2015
111989;ICICI Prudential Corporate Bond Fund - Weekly IDCW;INF109K01SL8;INF109K01SM6;10.0951;10.0951;10.0951;28-Dec-2015
111992;ICICI Prudential Corporate Bond Fund -Quarterly IDCW;INF109K01SN4;INF109K01SO2;10.6983;10.6983;10.6983;28-Dec-2015
111976;ICICI Prudential Corporate Bond Fund Retail Daily Dividend;INF109K01CF4;;10.0401;10.0401;10.0401;28-Dec-2015
111978;ICICI Prudential Corporate Bond Fund Retail Fort Nightly Dividend;INF109K01SF0;INF109K01CH0;10.0972;10.0972;10.0972;28-Dec-2015
111972;ICICI Prudential Corporate Bond Fund Retail Growth;INF109K01CE7;;16.2498;16.2498;16.2498;28-Dec-2015
111979;ICICI Prudential Corporate Bond Fund Retail Monthly Dividend;INF109K01QM0;INF109K01CI8;10.1109;10.1109;10.1109;28-Dec-2015
111980;ICICI Prudential Corporate Bond Fund Retail Quarterly Dividend;INF109K01FQ4;INF109K01CJ6;10.6984;10.6984;10.6984;28-Dec-2015
111977;ICICI Prudential Corporate Bond Fund Retail Weekly Dividend;INF109K01SE3;INF109K01CG2;10.0997;10.0997;10.0997;28-Dec-2015

Invesco Mutual Fund
106179;Invesco India Corporate Bond Fund - Annual IDCW (Payout / Reinvestment);INF205K01QX3;INF205K01QY1;1474.4064;1474.4064;1474.4064;28-Dec-2015
120500;Invesco India Corporate Bond Fund - Direct Plan - Annual IDCW (Payout / Reinvestment);INF205K01RA9;INF205K01RB7;1486.6147;1486.6147;1486.6147;28-Dec-2015
120499;Invesco India Corporate Bond Fund - Direct Plan - Discretionary IDCW (Payout / Reinvestment);INF205K01RD3;INF205K01RE1;1377.3467;1377.3467;1377.3467;28-Dec-2015
120497;Invesco India Corporate Bond Fund - Direct Plan - Growth;INF205K01RF8;;1713.2901;1713.2901;1713.2901;28-Dec-2015
120496;Invesco India Corporate Bond Fund - Direct Plan - Monthly IDCW (Payout / Reinvestment);INF205K01RG6;INF205K01RH4;1113.1445;1113.1445;1113.1445;28-Dec-2015
120501;Invesco India Corporate Bond Fund - Direct Plan - Quarterly IDCW (Payout / Reinvestment);INF205K01RI2;INF205K01RJ0;1045.8025;1045.8025;1045.8025;28-Dec-2015
106177;Invesco India Corporate Bond Fund - Growth;INF205K01RM4;;1676.3730;1676.3730;1676.3730;28-Dec-2015
106171;Invesco India Corporate Bond Fund - Monthly IDCW (Payout / Reinvestment);INF205K01RN2;INF205K01RO0;1233.2057;1233.2057;1233.2057;28-Dec-2015
106172;Invesco India Corporate Bond Fund - Quarterly IDCW (Payout / Reinvestment);INF205K01RP7;INF205K01RQ5;1033.9224;1033.9224;1033.9224;28-Dec-2015
106176;Religare Invesco Active Income Fund - Bonus;INF205K01QZ8;;1245.7379;1245.7379;1245.7379;28-Dec-2015
120498;Religare Invesco Active Income Fund - Direct Plan - Bonus;INF205K01RC5;;1272.7682;1272.7682;1272.7682;28-Dec-2015
106173;Religare Invesco Active Income Fund - Plan B - Growth;INF205K01RR3;;1497.6160;1497.6160;1497.6160;28-Dec-2015
106174;Religare Invesco Active Income Fund - Plan B - MonthlyDividend;;INF205K01510;1353.6767;1353.6767;1353.6767;28-Dec-2015

Kotak Mahindra Mutual Fund
133770;Kotak Coporate Bond Fund- Retail Plan-Growth Option;;;1886.2164;1867.3542;1886.2164;28-Dec-2015
133791;Kotak Corporate Bond Fund- Direct Plan- Growth Option;INF178L01BY0;;1943.6568;1924.2202;1943.6568;28-Dec-2015
133792;Kotak Corporate Bond Fund- Direct Plan- Monthly Payout of Income Distribution cum capital withdrawal option;INF178L01BZ7;;1095.5696;1084.6139;1095.5696;28-Dec-2015
133772;Kotak Corporate Bond Fund- Institutional Plan-Growth Option;INF178L01921;;1934.9947;1915.6448;1934.9947;28-Dec-2015
133782;Kotak Corporate Bond Fund- Regular Plan-Growth Option;INF178L01BO1;;1915.7299;1896.5726;1915.7299;28-Dec-2015
133787;Kotak Corporate Bond Fund- Regular Plan-Monthly Dividend Option;INF178L01BQ6;INF178L01BP8;1041.006;1030.5959;1041.006;28-Dec-2015
133777;Kotak Corporate Bond Fund- Regular Plan-Quarterly Dividend Option;INF178L01BR4;;1040.8242;1030.416;1040.8242;28-Dec-2015
133779;Kotak Corporate Bond Fund- Retail Plan- Monthly Dividend Option;INF178L01855;;1031.3675;1021.0538;1031.3675;28-Dec-2015
133771;Kotak Corporate Bond Fund- Retail Plan- Weekly Dividend Option;INF178L01897;;1043.5086;1033.0735;1043.5086;28-Dec-2015
133783;Kotak Corporate Bond Fund- Retail Plan-Daily Dividend Option;;;1043.8215;1033.3833;1043.8215;28-Dec-2015
133776;Kotak Corporate Bond Fund- Standard Plan-Daily Dividend Option;INF178L01BU8;;1043.9536;1033.5141;1043.9536;28-Dec-2015
133786;Kotak Corporate Bond Fund- Standard Plan-Weekly Dividend Option;;INF178L01BT0 ;1114.0477;1102.9072;1114.0477;28-Dec-2015

L&T Mutual Fund
119844;L&T Triple Ace Bond Fund - Direct Plan -Growth;INF917K01HN3;;38.1510;37.5787;38.1510;28-Dec-2015
119846;L&T Triple Ace Bond Fund - Direct Plan -Semi Annual IDCW;INF917K01HR4;INF917K01HQ6;15.5318;15.2988;15.5318;28-Dec-2015
134424;L&T Triple Ace Bond Fund - Regular Plan - Annual IDCW;INF917K01WB7;INF917K01WA9;10.0169;9.8666;10.0169;28-Dec-2015
112414;L&T Triple Ace Bond Fund - Regular Plan - Quarterly IDCW;INF917K01AF4;INF917K01AG2;11.7954;11.6185;11.7954;28-Dec-2015
119847;L&T Triple Ace Bond Fund -Direct Plan- Quarterly IDCW;INF917K01HP8;INF917K01HO1;12.4614;12.2745;12.4614;28-Dec-2015
112420;L&T Triple Ace Bond Fund -Regular Plan - Bonus;INF917K01AK4;;14.1842;13.9714;14.1842;28-Dec-2015
112416;L&T Triple Ace Bond Fund -Regular Plan - Semi Annual IDCW;INF917K01AI8;INF917K01AJ6;15.1917;14.9638;15.1917;28-Dec-2015
112410;L&T Triple Ace Bond Fund-Regular Plan-Growth;INF917K01AH0;;37.3414;36.7813;37.3414;28-Dec-2015

Nippon India Mutual Fund
109472;NIPPON INDIA CORPORATE BOND FUND - DAILY IDCW Option;;INF204K01EG7;17.0959;17.0959;17.0959;28-Dec-2015
118808;NIPPON INDIA CORPORATE BOND FUND - DIRECT Plan - DAILY IDCW Option;;INF204K01C23;17.0959;17.0959;17.0959;28-Dec-2015
125266;NIPPON INDIA CORPORATE BOND FUND - DIRECT Plan - IDCW Option;INF204KA1EO9;INF204KA1EP6;10.3202;10.3202;10.3202;28-Dec-2015
118809;NIPPON INDIA CORPORATE BOND FUND - DIRECT Plan - MONTHLY IDCW Option;INF204K01C56;INF204K01C64;10.9017;10.9017;10.9017;28-Dec-2015
118811;NIPPON INDIA CORPORATE BOND FUND - DIRECT Plan - QUARTERLY IDCW Option;INF204K01C72;INF204K01C80;11.3483;11.3483;11.3483;28-Dec-2015
118812;NIPPON INDIA CORPORATE BOND FUND - DIRECT Plan - WEEKLY IDCW Option;INF204K01C31;INF204K01C49;17.1123;17.1123;17.1123;28-Dec-2015
118807;Nippon India Corporate Bond Fund - Direct Plan Growth Plan - Bonus;INF204K01D63;;22.1381;22.1381;22.1381;28-Dec-2015
118814;Nippon India Corporate Bond Fund - Direct Plan Growth Plan - Growth Option;INF204K01C15;;31.0079;31.0079;31.0079;28-Dec-2015
100859;Nippon India Corporate Bond Fund - Growth Plan - Bonus Option;INF204KA12N8;;21.9238;21.9238;21.9238;28-Dec-2015
100856;Nippon India Corporate Bond Fund - Growth Plan - Growth Option;INF204K01EF9;;30.6974;30.6974;30.6974;28-Dec-2015
125267;NIPPON INDIA CORPORATE BOND FUND - IDCW Option;INF204KA1EM3;INF204KA1EN1;10.3058;10.3058;10.3058;28-Dec-2015
100857;NIPPON INDIA CORPORATE BOND FUND - MONTHLY IDCW Option;INF204K01EJ1;INF204K01EK9;10.8470;10.8470;10.8470;28-Dec-2015
100858;NIPPON INDIA CORPORATE BOND FUND - QUARTERLY IDCW Option;INF204K01EL7;INF204K01EM5;11.2763;11.2763;11.2763;28-Dec-2015
109473;NIPPON INDIA CORPORATE BOND FUND - WEEKLY IDCW Option;INF204K01EH5;INF204K01EI3;17.1111;17.1111;17.1111;28-Dec-2015

Principal Mutual Fund
119479;Principal Corporate Bond Fund  - Direct Plan -Growth Option;INF173K01HM5;;26.3124;26.0493;26.3124;28-Dec-2015
102169;Principal Corporate Bond Fund - Dividend - Monthly;INF173K01312;INF173K01320;10.2544;10.1519;10.2544;28-Dec-2015
102170;Principal Corporate Bond Fund - Dividend - Quarterly;INF173K01338;INF173K01346;11.9814;11.8616;11.9814;28-Dec-2015
119478;Principal Corporate Bond Fund -Direct Plan - Dividend Option - Quarterly;INF173K01HS2;INF173K01HT0;12.0599;11.9393;12.0599;28-Dec-2015
102171;Principal Corporate Bond Fund -Growth;INF173K01288;;25.6926;25.4357;25.6926;28-Dec-2015

Sundaram Mutual Fund
119621;Sundaram Corporate Bond Fund Direct Plan - Growth;INF903J01NR4;;20.5159;20.5159;20.5159;28-Dec-2015
119622;Sundaram Corporate Bond Fund Direct Plan - Monthly Income Distribution cum Capital Withdrawal (IDCW);INF903J01NS2;INF903J01NT0;10.5624;10.5624;10.5624;28-Dec-2015
100788;Sundaram Corporate Bond Fund Regular Plan - Annual Income Distribution cum Capital Withdrawal (IDCW);INF903J01IA0;INF903J01IE2;12.5554;12.5554;12.5554;28-Dec-2015
100787;Sundaram Corporate Bond Fund Regular Plan - Half yearly Income Distribution cum Capital Withdrawal (IDCW);INF903J01HZ9;INF903J01ID4;12.5556;12.5556;12.5556;28-Dec-2015
100785;Sundaram Corporate Bond Fund Regular Plan - Monthly Income Distribution cum Capital Withdrawal (IDCW);INF903J01HX4;INF903J01IB8;10.3200;10.3200;10.3200;28-Dec-2015
100786;Sundaram Corporate Bond Fund Regular Plan - Quarterly Income Distribution cum Capital Withdrawal (IDCW);INF903J01HY2;INF903J01IC6;13.2225;13.2225;13.2225;28-Dec-2015
100789;Sundaram Corporate Bond Fund Regular Plan- Growth;INF903J01HW6;;20.4345;20.4345;20.4345;28-Dec-2015

Tata Mutual Fund
106130;Tata Corporate Bond Fund -Regular Plan  -  Daily Dividend;;INF277K01AA4;1008.4750;1008.4750;1008.4750;28-Dec-2015
116516;Tata Corporate Bond Fund Retail Investment Plan Daily Dividend Option;;INF277K01GD5;1003.3596;1003.3596;1003.3596;28-Dec-2015
106128;Tata Corporate Bond Fund Retail Investment Plan Growth;INF277K01AD8;;1932.1658;1932.1658;1932.1658;28-Dec-2015
106123;Tata Corporate Bond Fund Retail Investment Plan Monthly Dividend;INF277K01CV6;INF277K01AE6;1006.6590;1006.6590;1006.6590;28-Dec-2015
119102;Tata Corporate Bond Fund- Direct Plan-Daily Dividend;;INF277K013D0;1008.5144;1008.5144;1008.5144;28-Dec-2015
119104;Tata Corporate Bond Fund- Direct Plan-Growth;INF277K01QT0;;1985.1432;1985.1432;1985.1432;28-Dec-2015
119105;Tata Corporate Bond Fund- Direct Plan-Monthly Dividend;INF277K01QU8;INF277K01QV6;1006.7730;1006.7730;1006.7730;28-Dec-2015
119103;Tata Corporate Bond Fund- Direct Plan-Weekly Dividend;INF277K014D8;INF277K015D5;1012.7985;1012.7985;1012.7985;28-Dec-2015
106129;Tata Corporate Bond Fund -Regular Plan -  Growth;INF277K01998;;1948.1992;1948.1992;1948.1992;28-Dec-2015
106132;Tata Corporate Bond Fund -Regular Plan -  Monthly Dividend;INF277K01CT0;INF277K01AB2;1006.1654;1006.1654;1006.1654;28-Dec-2015
106131;Tata Corporate Bond Fund-Regular Plan - Weekly Dividend;INF277K01CU8;INF277K01AC0;1011.7724;1011.7724;1011.7724;28-Dec-2015

Open Ended Schemes ( Debt Scheme - Credit Risk Fund )


Aditya Birla Sun Life Mutual Fund
134385;Aditya Birla Sun Life Credit Risk Fund - Direct - IDCW;INF209KA1K96;INF209KA1L04;10.6616;10.6616;10.6616;28-Dec-2015
134388;Aditya Birla Sun Life Credit Risk Fund - Direct Plan - Bonus;INF209KA1L12;;10.6617;10.6617;10.6617;28-Dec-2015
134387;Aditya Birla Sun Life Credit Risk Fund - Direct Plan - Growth;INF209KA1K88;;10.6617;10.6617;10.6617;28-Dec-2015
134386;Aditya Birla Sun Life Credit Risk Fund - Regular - IDCW;INF209KA1K54;INF209KA1K62;10.6054;10.6054;10.6054;28-Dec-2015
134384;Aditya Birla Sun Life Credit Risk Fund - Regular Plan - Bonus;INF209KA1K70;;10.6183;10.6183;10.6183;28-Dec-2015
134383;Aditya Birla Sun Life Credit Risk Fund - Regular Plan - Growth;INF209KA1K47;;10.6055;10.6055;10.6055;28-Dec-2015

Axis Mutual Fund
130314;Axis Credit Risk Fund - Direct Plan - Growth;INF846K01PJ5;;11.6313;11.4568;11.6313;28-Dec-2015
130312;Axis Credit Risk Fund - Direct Plan - Monthly IDCW;INF846K01PM9;INF846K01PN7;10.0158;9.8656;10.0158;28-Dec-2015
130311;Axis Credit Risk Fund - Direct Plan - Weekly IDCW;INF846K01PK3;INF846K01PL1;10.1531;10.0008;10.1531;28-Dec-2015
130309;Axis Credit Risk Fund - Regular Plan - Growth;INF846K01PO5;;11.4843;11.3120;11.4843;28-Dec-2015
130313;Axis Credit Risk Fund - Regular Plan - Monthly IDCW;INF846K01PR8;INF846K01PS6;10.0146;9.8644;10.0146;28-Dec-2015
130310;Axis Credit Risk Fund - Regular Plan - Weekly IDCW;INF846K01PP2;INF846K01PQ0;10.1424;9.9903;10.1424;28-Dec-2015

Bank of India Mutual Fund
133868;BANK OF INDIA Credit Risk  Fund - Direct Plan;INF761K01DG8;;10.7444;10.3146;10.7444;28-Dec-2015
133867;BANK OF INDIA Credit Risk Fund - Regular Plan;INF761K01DH6;;10.7337;10.3044;10.7337;28-Dec-2015

Baroda BNP Paribas Mutual Fund
133520;Baroda BNP Paribas Credit Risk Fund -Direct- Monthly IDCW;INF955L01FZ9;;10.5706;10.4649;10.5706;28-Dec-2015
133524;Baroda BNP Paribas Credit Risk Fund -Direct- Quarterly IDCW;INF955L01GA0;;10.6365;10.5301;10.6365;28-Dec-2015
133488;Baroda BNP Paribas Credit Risk Fund -Direct-Growth Option;INF955L01FR6;;11.0728;10.9621;11.0728;28-Dec-2015
133525;Baroda BNP Paribas Credit Risk Fund -Plan A -Bonus Option;INF955L01FT2;;10.9528;10.8433;10.9528;28-Dec-2015
133678;Baroda BNP Paribas Credit Risk Fund -Plan B(Direct)-Bonus Option;INF955L01FY2;;11.0728;10.9621;11.0728;28-Dec-2015
133486;Baroda BNP Paribas Credit Risk Fund -Regular-Growth Option;INF955L01FP0;;10.9528;10.8433;10.9528;28-Dec-2015
133517;Baroda BNP Paribas Credit Risk Fund -Regular-Monthly IDCW;INF955L01FU0;;10.4525;10.3480;10.4525;28-Dec-2015
133518;Baroda BNP Paribas Credit Risk Fund -Regular-Quarterly IDCW;INF955L01FV8;;10.5187;10.4135;10.5187;28-Dec-2015

DSP Mutual Fund
119084;DSP Credit Risk Fund - Direct Plan -  IDCW - Monthly;INF740K01OV8;INF740K01OW6;10.4826;10.3778;10.4826;28-Dec-2015
119082;DSP Credit Risk Fund - Direct Plan - Growth;INF740K01OS4;;24.2615;24.0189;24.2615;28-Dec-2015
119083;DSP Credit Risk Fund - Direct Plan - IDCW;INF740K01OT2;INF740K01OU0;11.9175;11.7983;11.9175;28-Dec-2015
119087;DSP Credit Risk Fund - Direct Plan - IDCW - Daily;;INF740KA1NX2;10.1227;10.0215;10.1227;28-Dec-2015
119085;DSP Credit Risk Fund - Direct Plan - IDCW - Quarterly ;INF740K01OX4;INF740K01OY2;10.6609;10.5543;10.6609;28-Dec-2015
119086;DSP Credit Risk Fund - Direct Plan - IDCW - Weekly;INF740KA1NY0;INF740KA1NZ7;10.1198;10.0186;10.1198;28-Dec-2015
101839;DSP Credit Risk Fund - Regular Plan - IDCW;INF740K01581;INF740K01AB9;11.8489;11.7304;11.8489;28-Dec-2015
101840;DSP Credit Risk Fund - Regular Plan - IDCW - Daily;;INF740KA1OA8;10.1227;10.0215;10.1227;28-Dec-2015
117061;DSP Credit Risk Fund - Regular Plan - IDCW - Monthly;INF740K01JW6;INF740K01JV8;10.4619;10.3573;10.4619;28-Dec-2015
117062;DSP Credit Risk Fund - Regular Plan - IDCW - Quarterly ;INF740K01JY2;INF740K01JX4;10.6216;10.5154;10.6216;28-Dec-2015
101838;DSP Credit Risk Fund - Regular Plan - IDCW - Weekly;INF740K01FR4;INF740K01FQ6;10.1198;10.0186;10.1198;28-Dec-2015
101837;DSP Credit Risk Fund - Regular Plan -Growth;INF740K01599;;23.8744;23.6357;23.8744;28-Dec-2015

Franklin Templeton Mutual Fund
118553;Franklin India Credit Risk Fund - Direct - Growth;INF090I01JL3;;15.3854;14.9238;15.3854;28-Dec-2015
118552;Franklin India Credit Risk Fund - Direct - IDCW ;INF090I01JJ7;INF090I01JK5;11.38;11.0386;11.38;28-Dec-2015
116153;Franklin India Credit Risk Fund - Growth;INF090I01ET7;;15.0017;14.5516;15.0017;28-Dec-2015
116154;Franklin India Credit Risk Fund - IDCW ;INF090I01ES9;INF090I01ER1;11.048;10.7166;11.048;28-Dec-2015

HDFC Mutual Fund
128053;HDFC Credit Risk Debt Fund - Growth Option;INF179KA1GC0;;11.9476;11.7086;11.9476;28-Dec-2015
128051;HDFC Credit Risk Debt Fund - Growth Option - Direct Plan;INF179KA1FZ3;;12.1248;11.8823;12.1248;28-Dec-2015
133148;HDFC Credit Risk Debt Fund - IDCW Option;INF179KA1I87;INF179KA1I79;11.0009;10.7809;11.0009;28-Dec-2015
133147;HDFC Credit Risk Debt Fund - IDCW Option - Direct Plan;INF179KA1I61;INF179KA1I53;10.6276;10.4150;10.6276;28-Dec-2015
128050;HDFC Credit Risk Debt Fund - Quarterly IDCW - Direct Plan;INF179KA1GA4;INF179KA1GB2;10.4785;10.2689;10.4785;28-Dec-2015
128052;HDFC Credit Risk Debt Fund - Quarterly IDCW Option;INF179KA1GD8;INF179KA1GE6;10.4512;10.2422;10.4512;28-Dec-2015

ICICI Prudential Mutual Fund
134342;ICICI Prudential Credit Risk Fund - Annual IDCW;INF109KB1AF0;INF109KB1AG8;10.6529;10.5464;10.6529;28-Dec-2015
130943;ICICI Prudential Credit Risk Fund - Bonus;INF109KA1I27;;11.2829;11.1701;11.2829;28-Dec-2015
134341;ICICI Prudential Credit Risk Fund - Direct Plan - Annual IDCW;INF109KB1AD5;INF109KB1AE3;10.7063;10.5992;10.7063;28-Dec-2015
120711;ICICI Prudential Credit Risk Fund - Direct Plan - Growth;INF109K01V00;;15.9816;15.8218;15.9816;28-Dec-2015
120710;ICICI Prudential Credit Risk Fund - Direct Plan - Half Yearly IDCW;INF109K01V18;INF109K01V26;10.7926;10.6847;10.7926;28-Dec-2015
120709;ICICI Prudential Credit Risk Fund - Direct Plan - Quarterly IDCW;INF109K01V34;INF109K01V42;11.0776;10.9668;11.0776;28-Dec-2015
130944;ICICI Prudential Credit Risk Fund - Direct Plan Bonus;INF109KA1I19;;11.3705;11.2568;11.3705;28-Dec-2015
114239;ICICI Prudential Credit Risk Fund - Growth;INF109K01GU4;;15.5599;15.4043;15.5599;28-Dec-2015
114241;ICICI Prudential Credit Risk Fund - Half Yearly IDCW;INF109K01GX8;INF109K01GY6;10.4376;10.3332;10.4376;28-Dec-2015
114240;ICICI Prudential Credit Risk Fund - Quarterly IDCW;INF109K01GV2;INF109K01GW0;10.4909;10.3860;10.4909;28-Dec-2015

IDBI Mutual Fund
128337;IDBI Credit Risk Fund Annual IDCW - Direct Plan;INF397L01GD9;;11.7228;11.4883;11.7228;28-Dec-2015
128332;IDBI Credit Risk Fund Annual IDCW - Regular Plan;INF397L01FX9;;10.8730;10.6555;10.8730;28-Dec-2015
127181;IDBI Credit Risk Fund Growth Direct;INF397L01GG2;;11.9651;11.7258;11.9651;28-Dec-2015
127183;IDBI Credit Risk Fund Growth Regular;INF397L01GH0;;11.7947;11.5588;11.7947;28-Dec-2015
127184;IDBI Credit Risk Fund Quarterly IDCW - Direct Plan;INF397L01GA5;;10.6239;10.4114;10.6239;28-Dec-2015
127182;IDBI Credit Risk Fund Quarterly IDCW - Regular Plan;INF397L01FU5;;10.4617;10.2525;10.4617;28-Dec-2015

Invesco Mutual Fund
130722;Invesco India Credit Risk Fund - Direct Plan - Growth;INF205K01I83;;1142.1113;1130.6902;1142.1113;28-Dec-2015
130724;Invesco India Credit Risk Fund - Direct Plan - Monthly IDCW (Payout / Reinvestment);INF205K01I91;INF205K01J17;1015.9435;1005.7841;1015.9435;28-Dec-2015
130726;Invesco India Credit Risk Fund - Regular Plan - Discretionary IDCW (Payout / Reinvestment);INF205K01I59;INF205K01I75;1130.8965;1119.5875;1130.8965;28-Dec-2015
130721;Invesco India Credit Risk Fund - Regular Plan - Growth;INF205K01I34;;1130.8971;1119.5881;1130.8971;28-Dec-2015
130723;Invesco India Credit Risk Fund - Regular Plan - Monthly IDCW (Payout / Reinvestment);INF205K01I42;INF205K01I67;1015.5867;1005.4308;1015.5867;28-Dec-2015

Kotak Mahindra Mutual Fund
119740;Kotak Credit Risk Fund - Direct Plan - Standard Income Distribution cum capital withdrawal option;INF174K01MG5;;12.2408;11.996;12.2408;28-Dec-2015
117716;Kotak Credit Risk Fund - Growth;INF174K01DY7;;15.9149;15.5966;15.9149;28-Dec-2015
119741;Kotak Credit Risk Fund - Growth - Direct;INF174K01LZ7;;16.2976;15.9716;16.2976;28-Dec-2015
117717;Kotak Credit Risk Fund - Monthly Payout of Income Distribution cum capital withdrawal option;INF174K01EC1;INF174K01EB3;10.2074;10.0033;10.2074;28-Dec-2015
119742;Kotak Credit Risk Fund - Monthly Payout of Income Distribution cum capital withdrawal option - Direct;INF174K01MC4;;10.3446;10.1377;10.3446;28-Dec-2015
117718;Kotak Credit Risk Fund - Quarterly Payout of Income Distribution cum capital withdrawal option;INF174K01EE7;INF174K01ED9;10.5687;10.3573;10.5687;28-Dec-2015
117715;Kotak Credit Risk Fund - Regular Plan - Standard Income Distribution cum capital withdrawal option;INF174K01EG2;INF174K01EF4;10.8604;10.6432;10.8604;28-Dec-2015
117719;Kotak Credit Risk Fund - Weekly Payout of Income Distribution cum capital withdrawal option;INF174K01DZ4;;10.0183;9.8179;10.0183;28-Dec-2015
119743;Kotak Credit Risk Fund - Weekly Reinvestment of Income Distribution cum capital withdrawal option- Direct;INF174K01MA8;;10.1878;9.984;10.1878;28-Dec-2015

L&T Mutual Fund
112629;L&T Credit Risk - Retail Qtly Dividend;INF917K01CS3;INF917K01CT1;11.1094;10.9983;11.1094;28-Dec-2015
119785;L&T Credit Risk Fund - Direct Plan - IDCW;INF917K01UJ4;INF917K01UI6;10.7863;10.6784;10.7863;28-Dec-2015
134332;L&T Credit Risk Fund - Direct Plan -Annual IDCW;INF917K01UL0;INF917K01UK2;10.7128;10.6057;10.7128;28-Dec-2015
134331;L&T Credit Risk Fund - Regular Plan - Annual IDCW;INF917K01UN6;INF917K01UM8;10.6985;10.5915;10.6985;28-Dec-2015
112632;L&T Credit Risk Fund - Regular Plan - Growth;INF917K01130;;16.5720;16.4063;16.5720;28-Dec-2015
119786;L&T Credit Risk Fund- Direct Plan - Growth;INF917K01UH8;;16.7413;16.5739;16.7413;28-Dec-2015
112630;L&T Credit Risk Fund- Regular Plan - Bonus;INF917K01CU9;;16.3102;16.1471;16.3102;28-Dec-2015
112631;L&T Credit Risk Fund- Regular Plan - IDCW;INF917K01114;INF917K01122;10.7178;10.6106;10.7178;28-Dec-2015
112628;L&T Credit Risk Retail -Cumulative;INF917K01106;;16.3154;16.1522;16.3154;28-Dec-2015
112627;L&T Credit Risk- Retail Dividend;INF917K01080;INF917K01098;10.5563;10.4507;10.5563;28-Dec-2015

Nippon India Mutual Fund
112938;Nippon India Credit Risk Fund  - Growth Plan;INF204K01FQ3;;20.1780;19.9762;20.1780;28-Dec-2015
112939;Nippon India Credit Risk Fund  - Institutional Growth Plan;INF204K01FT7;;20.7122;20.5051;20.7122;28-Dec-2015
118780;Nippon India Credit Risk Fund - Direct Plan - Growth Plan;INF204K01A74;;20.6880;20.4811;20.6880;28-Dec-2015
132873;NIPPON INDIA CREDIT RISK FUND - DIRECT Plan - IDCW Option;INF204KA1WV6;;11.2003;11.0883;11.2003;28-Dec-2015
118781;NIPPON INDIA CREDIT RISK FUND - DIRECT Plan - QUARTERLY IDCW Option;INF204K01A82;INF204K01A90;13.0683;12.9376;13.0683;28-Dec-2015
132871;NIPPON INDIA CREDIT RISK FUND - IDCW Option;INF204KA1WT0;INF204KA1WS2;11.0690;10.9583;11.0690;28-Dec-2015
112941;NIPPON INDIA CREDIT RISK FUND - QUARTERLY IDCW Option;INF204K01FR1;INF204K01FS9;12.9184;12.7892;12.9184;28-Dec-2015

Principal Mutual Fund
119450;Principal Credit Risk Fund - Direct Plan - Growth Option;INF173K01FX6;;2319.7788;2308.1799;2319.7788;28-Dec-2015
119449;Principal Credit Risk Fund - Direct Plan - Monthly Dividend Option;INF173K01FY4;INF173K01FZ1;1239.9736;1233.7737;1239.9736;28-Dec-2015
102729;Principal Credit Risk Fund - Regular Plan - Growth Option;INF173K01DM4;;2292.3398;2280.8781;2292.3398;28-Dec-2015
102732;Principal Credit Risk Fund - Regular Plan - Monthly Dividend Option;INF173K01BJ4;INF173K01BK2;1236.9990;1230.8140;1236.9990;28-Dec-2015

SBI Mutual Fund
119792;SBI Credit Risk Fund - Direct Plan - Daily Income Distribution cum Capital Withdrawal Option (IDCW);;INF200K01SS0;10.1588;9.854;10.1588;28-Dec-2015
119793;SBI Credit Risk Fund - Direct Plan - Income Distribution cum Capital Withdrawal Option (IDCW);INF200K01ST8;INF200K01SU6;13.6136;13.2052;13.6136;28-Dec-2015
119798;SBI CREDIT RISK FUND - DIRECT PLAN -GROWTH;INF200K01SV4;;23.4995;22.7945;23.4995;28-Dec-2015
118211;SBI Credit Risk Fund - Regular Plan - Daily Income Distribution cum Capital Withdrawal Option (IDCW);;INF200K01QK1;10.159;9.8542;10.159;28-Dec-2015
102505;SBI CREDIT RISK FUND - REGULAR PLAN - GROWTH;INF200K01685;;23.2203;22.5237;23.2203;28-Dec-2015
102506;SBI Credit Risk Fund - Regular Plan - Income Distribution cum Capital Withdrawal Option (IDCW);INF200K01693;INF200K01701;13.1815;12.7861;13.1815;28-Dec-2015

Sundaram Mutual Fund
134964;Sundaram  Short Term Credit Risk Fund- Direct Plan - Monthly Dividend;INF903J012Q9;INF903J017Q8;11.5437;11.5437;11.5437;28-Dec-2015
119633;Sundaram Short Term Credit Risk Fund - Direct Plan - Dividend Option;INF903J01OC4;INF903J01OD2;11.5434;11.5434;11.5434;28-Dec-2015
119632;Sundaram Short Term Credit Risk Fund - Direct Plan - Growth Option;INF903J01OE0;;21.8958;21.8958;21.8958;28-Dec-2015
101544;Sundaram Short Term Credit Risk Fund -Dividend;INF903J01EV5;INF903J01EW3;11.5242;11.5242;11.5242;28-Dec-2015
134971;Sundaram Short Term Credit Risk Fund- Regular Plan - Weekly Dividend;INF903J012P1;INF903J017P0;11.5241;11.5241;11.5241;28-Dec-2015
101545;Sundaram Short Term Credit Risk Fund-Appreciation;INF903J01EU7;;21.8634;21.8634;21.8634;28-Dec-2015

UTI Mutual Fund
117981;UTI Credit Risk Fund  - Regular Plan - Growth Option;INF789F01QZ1;;13.1964;13.1964;0;28-Dec-2015
135290;UTI Credit Risk Fund - Direct Plan - Annual IDCW;INF789FB1U28;INF789FB1U36;10.8805;10.8805;0;28-Dec-2015
120764;UTI Credit Risk Fund - Direct Plan - Growth Option;INF789F01YB6;;13.6992;13.6992;0;28-Dec-2015
131419;UTI Credit Risk Fund - Direct Plan - Monthly IDCW;INF789FB1U02;INF789FB1U10;10.5095;10.5095;0;28-Dec-2015
120765;UTI Credit Risk Fund - Direct Plan - Quarterly IDCW;INF789F01YC4;INF789F01YD2;11.5545;11.5545;0;28-Dec-2015
133344;UTI Credit Risk Fund - Regular Plan - Annual IDCW;INF789FA1V60;INF789FA1V78;10.8334;10.8334;0;28-Dec-2015
135051;UTI Credit Risk Fund - Regular Plan - Flexi IDCW;INF789FA1V86;INF789FA1V94;10.3986;10.3986;0;28-Dec-2015
135419;UTI Credit Risk Fund - Regular Plan - Half-Yearly IDCW;INF789FA1V45;INF789FA1V52;10.2507;10.2507;0;28-Dec-2015
131418;UTI Credit Risk Fund - Regular Plan - Monthly IDCW;INF789FB1T88;INF789FB1T96;10.3514;10.3514;0;28-Dec-2015
117982;UTI Credit Risk Fund - Regular Plan - Quarterly IDCW;INF789F01RA2;INF789F01RB0;11.2899;11.2899;0;28-Dec-2015

Open Ended Schemes ( Debt Scheme - Banking and PSU Fund )


Aditya Birla Sun Life Mutual Fund
119551;Aditya Birla Sun Life Banking & PSU Debt Fund  - DIRECT - IDCW;INF209KA12Z1;INF209KA13Z9;125.1004;125.1004;125.1004;28-Dec-2015
119552;Aditya Birla Sun Life Banking & PSU Debt Fund  - DIRECT - MONTHLY IDCW;INF209K01YM2;;105.3778;105.3778;105.3778;28-Dec-2015
119553;Aditya Birla Sun Life Banking & PSU Debt Fund  - Direct - Quarterly IDCW;INF209K01YO8;;103.6991;103.6991;103.6991;28-Dec-2015
108272;Aditya Birla Sun Life Banking & PSU Debt Fund  - REGULAR - IDCW;INF209K01LX6;INF209KA11Z3;124.4184;124.4184;124.4184;28-Dec-2015
110282;Aditya Birla Sun Life Banking & PSU Debt Fund  - REGULAR - MONTHLY IDCW;INF209K01LU2;;104.8279;104.8279;104.8279;28-Dec-2015
108274;Aditya Birla Sun Life Banking & PSU Debt Fund  - REGULAR - Quarterly IDCW;INF209K01LN7;;103.2833;103.2833;103.2833;28-Dec-2015
110490;Aditya Birla Sun Life Banking & PSU Debt Fund  - retail - monthly IDCW;INF209K01LR8;;104.7853;104.7853;104.7853;28-Dec-2015
106157;Aditya Birla Sun Life Banking & PSU Debt Fund  - retail - quarterly IDCW;INF209K01LS6;;105.9086;105.9086;105.9086;28-Dec-2015
108273;Aditya Birla Sun Life Banking & PSU Debt Fund - Regular Plan-Growth;INF209K01LV0;;183.7119;183.7119;183.7119;28-Dec-2015
103176;Aditya Birla Sun Life Banking & PSU Debt Fund - Retail Plan-Growth;INF209K01LT4;;275.7783;275.7783;275.7783;28-Dec-2015
119550;Aditya Birla Sun Life Banking & PSU Debt Fund- Direct Plan-Growth;INF209K01YN0;;184.8716;184.8716;184.8716;28-Dec-2015
112015;Aditya Birla Sun Life Treasury Optimizer Plan - Discipline Advantage Plan - Growth;INF209K01KM1;;170.3784;170.3784;170.3784;28-Dec-2015
120533;Aditya Birla Sun Life Banking & PSU Debt Fund - Growth - Direct Plan;INF209K01YL4;;43.3040;42.8710;43.3040;28-Dec-2015
103188;Aditya Birla Sun Life Banking & PSU Debt Fund - Growth - Regular Plan;INF209K01BF4;;42.7007;42.2737;42.7007;28-Dec-2015
133440;Aditya Birla Sun Life Banking & PSU Debt Fund - Monthly Dividend - Direct Plan;;INF209K01YJ8;10.6534;10.5469;10.6534;28-Dec-2015
133439;Aditya Birla Sun Life Banking & PSU Debt Fund - Monthly Dividend - Regular Plan;INF209KA1WN8;;10.5817;10.4759;10.5817;28-Dec-2015
103187;Aditya Birla Sun Life Banking & PSU Debt Fund - Regular Plan;INF209K01BE7;INF209K01EA9;10.5411;10.4357;10.5411;28-Dec-2015
120532;Aditya Birla Sun Life Banking & PSU Debt Fund - Weekly Dividend - Direct Plan;INF209K01YK6;;11.0298;10.9195;11.0298;28-Dec-2015

Axis Mutual Fund
128952;Axis Banking & PSU Debt Fund - Direct Plan - Bonus Option;INF846K01NF8;;1362.0900;1362.0900;1362.0900;28-Dec-2015
120437;Axis Banking & PSU Debt Fund - Direct Plan - Daily IDCW;;INF846K01CU0;1005.2037;1005.2037;1005.2037;28-Dec-2015
120438;Axis Banking & PSU Debt Fund - Direct Plan - Growth Option;INF846K01CR6;;1361.7121;1361.7121;1361.7121;28-Dec-2015
120439;Axis Banking & PSU Debt Fund - Direct Plan - Monthly IDCW;INF846K01CT2;INF846K01CS4;1003.9383;1003.9383;1003.9383;28-Dec-2015
120436;Axis Banking & PSU Debt Fund - Direct Plan - Weekly IDCW;INF846K01CV8;INF846K01CW6;1004.5389;1004.5389;1004.5389;28-Dec-2015
117447;Axis Banking & PSU Debt Fund - Regular Plan - Daily IDCW;;INF846K01CC8;1005.2037;1005.2037;1005.2037;28-Dec-2015
117446;Axis Banking & PSU Debt Fund - Regular Plan - Growth option;INF846K01CB0;;1354.3312;1354.3312;1354.3312;28-Dec-2015
117449;Axis Banking & PSU Debt Fund - Regular Plan - Monthly IDCW;INF846K01CF1;INF846K01CG9;1003.9401;1003.9401;1003.9401;28-Dec-2015
117448;Axis Banking & PSU Debt Fund - Regular Plan - Weekly IDCW;INF846K01CD6;INF846K01CE4;1004.5379;1004.5379;1004.5379;28-Dec-2015

Bandhan Mutual Fund
127471;BANDHAN Banking & PSU Debt Fund - Direct Daily IDCW;;INF194KA1JD3;10.0301;10.0301;10.0301;28-Dec-2015
121934;BANDHAN Banking & PSU Debt Fund - Direct Fortnightly IDCW;;INF194K010N5;10.0920;10.0920;10.0920;28-Dec-2015
121279;BANDHAN Banking & PSU Debt Fund - Direct Growth;INF194K015G8;;12.7380;12.7380;12.7380;28-Dec-2015
121281;BANDHAN Banking & PSU Debt Fund - Direct IDCW;INF194K016G6;INF194K017G4;10.7166;10.7166;10.7166;28-Dec-2015
121935;BANDHAN Banking & PSU Debt Fund - Direct Monthly IDCW;;INF194K011N3;10.1622;10.1622;10.1622;28-Dec-2015
121938;BANDHAN Banking & PSU Debt Fund - Direct Quarterly IDCW;INF194K018M0;;10.4470;10.4470;10.4470;28-Dec-2015
121933;BANDHAN Banking & PSU Debt Fund - Regular Annual IDCW;INF194K015M6;;10.7146;10.7146;10.7146;28-Dec-2015
127470;BANDHAN Banking & PSU Debt Fund - Regular Daily IDCW;;INF194KA1JC5;10.0830;10.0830;10.0830;28-Dec-2015
121931;BANDHAN Banking & PSU Debt Fund - Regular Fortnightly IDCW;;INF194K016M4;10.1893;10.1893;10.1893;28-Dec-2015
121280;BANDHAN Banking & PSU Debt Fund - Regular Growth;INF194K01SN6;;12.6977;12.6977;12.6977;28-Dec-2015
121282;BANDHAN Banking & PSU Debt Fund - Regular IDCW;INF194K01SO4;INF194K012D2;10.7015;10.7015;10.7015;28-Dec-2015
121932;BANDHAN Banking & PSU Debt Fund - Regular Monthly IDCW;;INF194K017M2;10.1697;10.1697;10.1697;28-Dec-2015
121937;BANDHAN Banking & PSU Debt Fund - Regular Quarterly IDCW;INF194K014M9;;10.3957;10.3957;10.3957;28-Dec-2015

DSP Mutual Fund
124175;DSP Banking & PSU Debt Fund - Direct Plan - Growth;INF740K01ZW2;;12.4688;12.4688;12.4688;28-Dec-2015
124178;DSP Banking & PSU Debt Fund - Direct Plan - IDCW;INF740K01A18;INF740K01A26;10.8174;10.8174;10.8174;28-Dec-2015
124182;DSP Banking & PSU Debt Fund - Direct Plan - IDCW - Daily Reinvest;;INF740KA1OF7;10.1600;10.1600;10.1600;28-Dec-2015
124176;DSP Banking & PSU Debt Fund - Direct Plan - IDCW - Monthly;INF740K01ZX0;INF740K01ZY8;10.2031;10.2031;10.2031;28-Dec-2015
124177;DSP Banking & PSU Debt Fund - Direct Plan - IDCW - Quarterly ;INF740K01ZZ5;INF740K01A00;10.3923;10.3923;10.3923;28-Dec-2015
124183;DSP Banking & PSU Debt Fund - Direct Plan - IDCW - Weekly;INF740KA1OG5;INF740KA1OH3;10.2621;10.2621;10.2621;28-Dec-2015
124172;DSP Banking & PSU Debt Fund - Regular Plan - Growth;INF740K01ZP6;;12.3697;12.3697;12.3697;28-Dec-2015
124174;DSP Banking & PSU Debt Fund - Regular Plan - IDCW;INF740K01ZU6;INF740K01ZV4;10.7879;10.7879;10.7879;28-Dec-2015
124173;DSP Banking & PSU Debt Fund - Regular Plan - IDCW - Daily Reinvest;;INF740KA1OI1;10.1600;10.1600;10.1600;28-Dec-2015
124180;DSP Banking & PSU Debt Fund - Regular Plan - IDCW - Monthly;INF740K01ZQ4;INF740K01ZR2;10.2000;10.2000;10.2000;28-Dec-2015
124181;DSP Banking & PSU Debt Fund - Regular Plan - IDCW - Quarterly ;INF740K01ZS0;INF740K01ZT8;10.3826;10.3826;10.3826;28-Dec-2015
124179;DSP Banking & PSU Debt Fund - Regular Plan - IDCW - Weekly;INF740KA1OJ9;INF740KA1OK7;10.1600;10.1600;10.1600;28-Dec-2015

Franklin Templeton Mutual Fund
129008;Franklin India Banking & PSU Debt Fund - Direct - Growth;INF090I01KR8;;11.6418;11.5836;11.6418;28-Dec-2015
129006;Franklin India Banking & PSU Debt Fund - Growth;INF090I01KO5;;11.5284;11.4708;11.5284;28-Dec-2015
129009;Franklin India Banking and PSU Debt Fund - Direct - IDCW ;INF090I01KS6;INF090I01KT4;10.4911;10.4386;10.4911;28-Dec-2015
129007;Franklin India Banking and PSU Debt Fund - IDCW ;INF090I01KP2;INF090I01KQ0;10.3947;10.3427;10.3947;28-Dec-2015

HDFC Mutual Fund
128628;HDFC Banking and PSU Debt Fund - Growth Option;INF179KA1JC4;;11.7231;11.7231;11.7231;28-Dec-2015
128629;HDFC Banking and PSU Debt Fund - Growth Option - Direct Plan;INF179KA1IZ7;;11.7332;11.7332;11.7332;28-Dec-2015
128627;HDFC Banking and PSU Debt Fund - IDCW Option;INF179KA1JD2;INF179KA1JE0;10.1548;10.1548;10.1548;28-Dec-2015
128626;HDFC Banking and PSU Debt Fund - IDCW Option - Direct Plan;INF179KA1JA8;INF179KA1JB6;10.1548;10.1548;10.1548;28-Dec-2015

ICICI Prudential Mutual Fund
112343;ICICI Prudential Banking and PSU Debt Fund -  Daily IDCW;INF109K01WS5;INF109K01RV9;10.0679;10.0427;10.0679;28-Dec-2015
112344;ICICI Prudential Banking and PSU Debt Fund -  Weekly IDCW;INF109K01WR7;INF109K01RU1;10.2057;10.1802;10.2057;28-Dec-2015
130897;ICICI Prudential Banking and PSU Debt Fund - Bonus;INF109KA1B57;;11.2890;11.2608;11.2890;28-Dec-2015
120257;ICICI Prudential Banking and PSU Debt Fund - Direct Plan -  Daily IDCW;INF109K01Z89;INF109K01Z97;10.2667;10.2410;10.2667;28-Dec-2015
120256;ICICI Prudential Banking and PSU Debt Fund - Direct Plan -  Growth;INF109K010A6;;16.5538;16.5124;16.5538;28-Dec-2015
120258;ICICI Prudential Banking and PSU Debt Fund - Direct Plan -  Quarterly IDCW;INF109K011A4;INF109K012A2;10.4839;10.4577;10.4839;28-Dec-2015
120255;ICICI Prudential Banking and PSU Debt Fund - Direct Plan -  Weekly IDCW;INF109K013A0;INF109K014A8;10.4010;10.3750;10.4010;28-Dec-2015
130950;ICICI Prudential Banking and PSU Debt Fund - Direct Plan Bonus;INF109KA1B40;;11.3243;11.3243;11.3243;28-Dec-2015
131148;ICICI Prudential Banking and PSU Debt Fund - Direct Plan Half Yearly IDCW Option;INF109KA1M96;INF109KA1M88;10.4313;10.4052;10.4313;28-Dec-2015
112342;ICICI Prudential Banking and PSU Debt Fund - Growth;INF109K01RT3;;16.4575;16.4164;16.4575;28-Dec-2015
116174;ICICI Prudential Banking and PSU Debt Fund - Quarterly IDCW;INF109K01YE1;INF109K01YD3;10.4471;10.4210;10.4471;28-Dec-2015
131147;ICICI Prudential Banking and PSU Debt Fund Half Yearly IDCW Option;INF109KA1M70;INF109KA1M62;10.3759;10.3500;10.3759;28-Dec-2015
113247;ICICI Prudential Banking and PSU Debt Fund Retail Daily Dividend;INF109K01WW7;INF109K01JM5;10.0543;10.0292;10.0543;28-Dec-2015
113242;ICICI Prudential Banking and PSU Debt Fund Retail Growth;INF109K01II5;;15.5136;15.4748;15.5136;28-Dec-2015

Invesco Mutual Fund
122806;Invesco India Bank Debt Fund - Bonus Option;INF205K01VE3;;1246.2950;1233.8320;1246.2950;28-Dec-2015
118234;Invesco India Banking and PSU Fund - Daily IDCW (Reinvestment);;INF205K01JX8;1003.7200;993.6828;1003.7200;28-Dec-2015
120444;Invesco India Banking and PSU Fund - Direct Plan -  Growth Option;INF205K01KT4;;1284.3492;1271.5057;1284.3492;28-Dec-2015
120443;Invesco India Banking and PSU Fund - Direct Plan - Daily IDCW (Reinvestment);;INF205K01KS6;1003.7200;993.6828;1003.7200;28-Dec-2015
120445;Invesco India Banking and PSU Fund - Direct Plan - Monthly IDCW (Payout / Reinvestment);INF205K01KU2;INF205K01KV0;1014.7349;1004.5876;1014.7349;28-Dec-2015
118232;Invesco India Banking and PSU Fund - Growth Option;INF205K01JV2;;1246.3245;1233.8613;1246.3245;28-Dec-2015
118233;Invesco India Banking and PSU Fund - Monthly IDCW (Payout / Reinvestment);INF205K01JW0;INF205K01JY6;1013.8721;1003.7334;1013.8721;28-Dec-2015
122805;Religare Invesco Bank Debt Fund - Direct Plan - Bonus Option;INF205K01VN4;;1284.3890;1271.5451;1284.3890;28-Dec-2015

Kotak Mahindra Mutual Fund
123688;Kotak Banking and PSU Debt - Annual Dividend;INF174K01FS4;INF174K01FR6;16.4209;16.4209;16.4209;28-Dec-2015
123858;Kotak Banking and PSU Debt - Daily Dividend Reinvestment;;INF174K01SD9;10.0335;10.0335;10.0335;28-Dec-2015
123859;Kotak Banking and PSU Debt - Direct Daily Dividend Reinvestment;INF174K01SE7;;10.0817;10.0817;10.0817;28-Dec-2015
123690;Kotak Banking and PSU Debt - Growth;INF174K01FO3;;32.9895;32.9895;32.9895;28-Dec-2015
123691;Kotak Banking and PSU Debt - Monthly Payout of Income Distribution cum capital withdrawal option;INF174K01FQ8;INF174K01FP0;10.6636;10.6636;10.6636;28-Dec-2015
123689;Kotak Banking and PSU Debt Direct - Annual Dividend;INF174K01KI5;INF174K01KJ3;17.3792;17.3792;17.3792;28-Dec-2015
123693;Kotak Banking and PSU Debt Direct - Growth;INF174K01KH7;;33.1528;33.1528;33.1528;28-Dec-2015
123692;Kotak Banking and PSU Debt Direct - Monthly Payout of Income Distribution cum capital withdrawal option;INF174K01KK1;;10.8704;10.8704;10.8704;28-Dec-2015

L&T Mutual Fund
119794;L&T Banking and PSU Debt Fund -  Direct Plan - Monthly IDCW;INF917K01HI3;;10.3523;10.3523;10.3523;28-Dec-2015
118080;L&T Banking and PSU Debt Fund -  Regular Plan - Monthly IDCW;INF677K01AI8;INF677K01AJ6;10.2736;10.2736;10.2736;28-Dec-2015
119796;L&T Banking and PSU Debt Fund - Direct Plan - Daily IDCW ;;INF917K01HL7;12.4807;12.4807;12.4807;28-Dec-2015
119795;L&T Banking and PSU Debt Fund - Direct Plan - Growth;INF917K01HH5;;13.1361;13.1361;13.1361;28-Dec-2015
119797;L&T Banking and PSU Debt Fund - Direct Plan - Weekly IDCW;;INF917K01HK9;10.3521;10.3521;10.3521;28-Dec-2015
118071;L&T Banking and PSU Debt Fund - Institutional Plan - Growth Option;INF677K01981;;18.1081;18.1081;18.1081;28-Dec-2015
118076;L&T Banking and PSU Debt Fund - Regular Plan - Daily IDCW;;INF677K01AF4;10.4742;10.4742;10.4742;28-Dec-2015
118078;L&T Banking and PSU Debt Fund - Regular Plan - Growth;INF677K01AE7;;12.9755;12.9755;12.9755;28-Dec-2015
118077;L&T Banking and PSU Debt Fund - Regular Plan - Weekly IDCW;INF917K01HM5;INF677K01AH0;10.3719;10.3719;10.3719;28-Dec-2015
118074;L&T Banking and PSU Debt Fund - Retail Plan - Growth Option;INF677K01940;;18.1626;18.1626;18.1626;28-Dec-2015
118075;L&T Banking and PSU Debt Fund - Retail Plan - Monthly Dividend Option;INF677K01965;INF677K01973;10.2928;10.2928;10.2928;28-Dec-2015

LIC Mutual Fund
120337;LIC MF Banking & PSU Fund-Direct Plan-Daily IDCW;INF767K01GJ2;INF767K01GM6;10.1109;10.1109;10.1109;28-Dec-2015
120338;LIC MF Banking & PSU Fund-Direct Plan-Growth;INF767K01GI4;;19.0508;19.0508;19.0508;28-Dec-2015
120336;LIC MF Banking & PSU Fund-Direct Plan-Weekly IDCW;INF767K01GL8;INF767K01GO2;10.1106;10.1106;10.1106;28-Dec-2015
105822;LIC MF Banking & PSU Fund-Regular Plan-Daily IDCW;INF767K01519;INF767K01527;10.1000;10.1000;10.1000;28-Dec-2015
105823;LIC MF Banking & PSU Fund-Regular Plan-Growth;INF767K01535;;18.6580;18.6580;18.6580;28-Dec-2015
105856;LIC MF Banking & PSU Fund-Regular Plan-Monthly IDCW;INF767K01543;INF767K01550;10.2046;10.2046;10.2046;28-Dec-2015
105857;LIC MF Banking & PSU Fund-Regular Plan-Weekly IDCW;INF767K01568;INF767K01576;10.1098;10.1098;10.1098;28-Dec-2015

Nippon India Mutual Fund
134552;Nippon India Banking  & PSU Debt Fund- Direct Plan-Growth Plan- Bonus Option;INF204KA1U61;;10.5629;10.5629;10.5629;28-Dec-2015
134547;Nippon India Banking  & PSU Debt Fund- Direct Plan-Growth Plan- Growth Option;INF204KA1U53;;10.5629;10.5629;10.5629;28-Dec-2015
134546;Nippon India Banking  & PSU Debt Fund- Growth Plan- Bonus Option;INF204KA1T64;;10.5497;10.5497;10.5497;28-Dec-2015
134545;Nippon India Banking  & PSU Debt Fund- Growth Plan- Growth Option;INF204KA1T56;;10.5497;10.5497;10.5497;28-Dec-2015
134555;NIPPON INDIA BANKING & PSU DEBT FUND - Direct Plan - IDCW Option;INF204KA1U79;INF204KA1U87;10.5629;10.5629;10.5629;28-Dec-2015
134550;NIPPON INDIA BANKING & PSU DEBT FUND - Direct Plan - MONTHLY IDCW Option;INF204KA1V37;INF204KA1V45;10.1898;10.1898;10.1898;28-Dec-2015
134556;NIPPON INDIA BANKING & PSU DEBT FUND - Direct Plan - QUARTERLY IDCW Option;INF204KA1U95;INF204KA1V03;10.1738;10.1738;10.1738;28-Dec-2015
134554;NIPPON INDIA BANKING & PSU DEBT FUND - Direct Plan - WEEKLY IDCW Option;INF204KA1V11;INF204KA1V29;10.1138;10.1138;10.1138;28-Dec-2015
134548;NIPPON INDIA BANKING & PSU DEBT FUND - IDCW Option;INF204KA1T72;INF204KA1T80;10.5497;10.5497;10.5497;28-Dec-2015
134549;NIPPON INDIA BANKING & PSU DEBT FUND - MONTHLY IDCW Option;INF204KA1U38;INF204KA1U46;10.1856;10.1856;10.1856;28-Dec-2015
134551;NIPPON INDIA BANKING & PSU DEBT FUND - QUARTERLY IDCW Option;INF204KA1T98;INF204KA1U04;10.1697;10.1697;10.1697;28-Dec-2015
134553;NIPPON INDIA BANKING & PSU DEBT FUND - WEEKLY IDCW Option;INF204KA1U12;INF204KA1U20;10.1135;10.1135;10.1135;28-Dec-2015

SBI Mutual Fund
125502;SBI Banking & PSU Fund - Direct Plan - Daily Income Distribution cum Capital Withdrawal Option (IDCW);;INF200K01V16;1005.9857;1003.4707;1005.9857;28-Dec-2015
125503;SBI BANKING & PSU FUND - Direct Plan - Growth;INF200K01V08;;1662.8964;1658.7392;1662.8964;28-Dec-2015
125505;SBI Banking & PSU Fund - Direct Plan - Monthly Income Distribution cum Capital Withdrawal Option (IDCW);INF200K01V40;INF200K01V57;1034.2228;1031.6372;1034.2228;28-Dec-2015
125504;SBI Banking & PSU Fund - Direct Plan - Weekly Income Distribution cum Capital Withdrawal Option (IDCW);INF200K01V32;INF200K01V24;1011.103;1008.5752;1011.103;28-Dec-2015
125498;SBI BANKING & PSU FUND - Regular Paln - Growth;INF200K01U41;;1640.5292;1636.4279;1640.5292;28-Dec-2015
125499;SBI Banking & PSU Fund - Regular Plan - Daily Income Distribution cum Capital Withdrawal Option (IDCW);;INF200K01U58;1004.5221;1002.0108;1004.5221;28-Dec-2015
125501;SBI Banking & PSU Fund - Regular Plan - Monthly Income Distribution cum Capital Withdrawal Option (IDCW);INF200K01U82;INF200K01U90;1030.9577;1028.3803;1030.9577;28-Dec-2015
125500;SBI Banking & PSU Fund - Regular Plan - Weekly Income Distribution cum Capital Withdrawal Option (IDCW);INF200K01U74;INF200K01U66;1003.2673;1000.7591;1003.2673;28-Dec-2015

Sundaram Mutual Fund
134363;Sundaram Banking & PSU Fund (Formerly Known as Sundaram Banking & PSU Debt Fund) - Direct Growth;INF903J017I5;;10.5728;10.5728;10.5728;28-Dec-2015
134370;Sundaram Banking & PSU Fund (Formerly Known as Sundaram Banking & PSU Debt Fund) - Direct Monthly Dividend;INF903J012J4;INF903J013J2;10.7373;10.7373;10.7373;28-Dec-2015
134355;Sundaram Banking & PSU Fund (Formerly Known as Sundaram Banking & PSU Debt Fund) - Regular Annual Bonus;INF903J016I7;;10.5539;10.5539;10.5539;28-Dec-2015
134358;Sundaram Banking & PSU Fund (Formerly Known as Sundaram Banking & PSU Debt Fund) - Regular Daily Dividend Reinvestment;;INF903J010I0;10.5594;10.5594;10.5594;28-Dec-2015
134356;Sundaram Banking & PSU Fund (Formerly Known as Sundaram Banking & PSU Debt Fund) - Regular Growth;INF903J016H9;;10.5539;10.5539;10.5539;28-Dec-2015
134359;Sundaram Banking & PSU Fund (Formerly Known as Sundaram Banking & PSU Debt Fund) - Regular Monthly Dividend;INF903J018H5;INF903J012I6;10.5594;10.5594;10.5594;28-Dec-2015
134361;Sundaram Banking & PSU Fund (Formerly Known as Sundaram Banking & PSU Debt Fund) - Regular Quarterly Bonus;INF903J014I2;;10.5576;10.5576;10.5576;28-Dec-2015
134362;Sundaram Banking & PSU Fund (Formerly Known as Sundaram Banking & PSU Debt Fund) - Regular Quarterly Dividend;INF903J019H3;INF903J013I4;10.5560;10.5560;10.5560;28-Dec-2015
134360;Sundaram Banking & PSU Fund (Formerly Known as Sundaram Banking & PSU Debt Fund) - Regular Weekly Dividend;INF903J017H7;INF903J011I8;10.5532;10.5532;10.5532;28-Dec-2015
119629;Sundaram Banking & PSU Fund (Formerly Known as Sundaram Banking and PSU Debt Fund) Direct Plan - Bonus;INF903J01RI4;;11.7178;11.7178;11.7178;28-Dec-2015
119627;Sundaram Banking & PSU Fund (Formerly Known as Sundaram Banking and PSU Debt Fund) Direct Plan - Daily Reinvestment of Income Distribution cum Capital Withdrawal (IDCW);;INF903J01PC1;10.0519;10.0519;10.0519;28-Dec-2015
119625;Sundaram Banking & PSU Fund (Formerly Known as Sundaram Banking and PSU Debt Fund) Direct Plan - Growth;INF903J01PA5;;23.4215;23.4215;23.4215;28-Dec-2015
119626;Sundaram Banking & PSU Fund (Formerly Known as Sundaram Banking and PSU Debt Fund) Direct Plan - Monthly Income Distribution cum Capital Withdrawal (IDCW);INF903J01PB3;INF903J01PE7;10.8290;10.8290;10.8290;28-Dec-2015
118326;Sundaram Banking & PSU Fund (Formerly Known as Sundaram Banking and PSU Debt Fund) Regular Plan - Bonus;INF903J01LY4;;11.7775;11.7775;11.7775;28-Dec-2015
100782;Sundaram Banking & PSU Fund (Formerly Known as Sundaram Banking and PSU Debt Fund) Regular Plan - Daily Reinvestment of Income Distribution cum Capital Withdrawal (IDCW);;INF903J01IP8;10.0519;10.0519;10.0519;28-Dec-2015
100784;Sundaram Banking & PSU Fund (Formerly Known as Sundaram Banking and PSU Debt Fund) Regular Plan - Growth;INF903J01IN3;;23.3554;23.3554;23.3554;28-Dec-2015
100793;Sundaram Banking & PSU Fund (Formerly Known as Sundaram Banking and PSU Debt Fund) Regular Plan - Monthly Income Distribution cum Capital Withdrawal (IDCW);INF903J01IO1;INF903J01IR4;10.8251;10.8251;10.8251;28-Dec-2015
100783;Sundaram Banking & PSU Fund (Formerly Known as Sundaram Banking and PSU Debt Fund) Regular Plan - Weekly Reinvestment of Income Distribution cum Capital Withdrawal (IDCW);;INF903J01IQ6;10.7184;10.7184;10.7184;28-Dec-2015
100781;Sundaram Banking & PSU Fund (Formerly Known as Sundaram Banking and PSU Debt Fund) Retail Plan - Growth;INF903J01IK9;;21.3183;21.3183;21.3183;28-Dec-2015
100780;Sundaram Banking & PSU Fund (Formerly Known as Sundaram Banking and PSU Debt Fund) Retail Plan - Monthly Income Distribution cum Capital Withdrawal (IDCW);INF903J01IL7;INF903J01IM5;10.7228;10.7228;10.7228;28-Dec-2015

UTI Mutual Fund
133972;UTI Banking & PSU Fund - Direct Plan - Flexi IDCW;INF789FA1V29;INF789FA1V37;10.7458;10.7458;0;28-Dec-2015
126940;UTI Banking & PSU Fund - Direct Plan - Growth Option;INF789F015Z6;;11.7977;11.7977;0;28-Dec-2015
126942;UTI Banking & PSU Fund - Direct Plan - Quarterly IDCW;INF789F016Z4;INF789F017Z2;11.028;11.028;0;28-Dec-2015
126941;UTI Banking & PSU Fund - Regular Plan - Quarterly IDCW;INF789F012Z3;INF789F013Z1;10.4771;10.4771;0;28-Dec-2015
126939;UTI Banking & PSU Fund- Regular Plan - Growth Option;INF789F014Z9;;11.7676;11.7676;0;28-Dec-2015

Open Ended Schemes ( Debt Scheme - Gilt Fund )


Aditya Birla Sun Life Mutual Fund
119614;Aditya Birla Sun Life Constant Maturity 10 Year Gilt Fund - Growth - Direct Plan;INF209K01XS1;;43.7880;43.7880;43.7880;28-Dec-2015
100061;Aditya Birla Sun Life Constant Maturity 10 Year Gilt Fund - Growth - Regular Plan;INF209K01AH2;;43.4650;43.4650;43.4650;28-Dec-2015
119615;Aditya Birla Sun Life Constant Maturity 10 Year Gilt Fund - Quarterly Dividend - Direct Plan;INF209KA1KX2;INF209K01XT9;11.0253;11.0253;11.0253;28-Dec-2015
100060;Aditya Birla Sun Life Constant Maturity 10 Year Gilt Fund - Quarterly Dividend - Regular Plan;INF209K01AI0;INF209K01DR5;12.2085;12.2085;12.2085;28-Dec-2015
119606;Aditya Birla Sun Life Govenment Securities Fund -DIRECT - Quarterly IDCW;INF209KA1LC4;;10.1275;10.0769;10.1275;28-Dec-2015
100057;Aditya Birla Sun Life Govenment Securities Fund -Regular - Quarterly IDCW;INF209K01AF6;INF209K01DP9;10.0879;10.0375;10.0879;28-Dec-2015
100058;Aditya Birla Sun Life Government Securities Fund  - Growth - Regular Plan;INF209K01AC3;INF209K01AD1;39.3669;39.1701;39.3669;28-Dec-2015
119605;Aditya Birla Sun Life Government Securities Fund - Growth - Direct Plan;INF209K01XP7;;39.9704;39.7705;39.9704;28-Dec-2015

Axis Mutual Fund
128957;Axis Gilt Fund - Direct Plan - Bonus Option;INF846K01NJ0;;13.1252;13.1252;13.1252;28-Dec-2015
120447;Axis Gilt Fund - Direct Plan - Growth Option;INF846K01DD4;;13.1252;13.1252;13.1252;28-Dec-2015
120448;Axis Gilt Fund - Direct Plan - Half Yearly IDCW;INF846K01DF9;INF846K01DE2;11.4117;11.4117;11.4117;28-Dec-2015
120449;Axis Gilt Fund - Direct Plan - Regular IDCW;INF846K01DG7;INF846K01DH5;10.0336;10.0336;10.0336;28-Dec-2015
116471;Axis Gilt Fund - Regular Plan - Growth Option;INF846K01AX8;;12.9246;12.9246;12.9246;28-Dec-2015
116472;Axis Gilt Fund - Regular Plan - Half Yearly IDCW;INF846K01AZ3;INF846K01BB2;11.2830;11.2830;11.2830;28-Dec-2015
116470;Axis Gilt Fund - Regular Plan - Regular IDCW;INF846K01CK1;INF846K01CL9;10.0306;10.0306;10.0306;28-Dec-2015

Bandhan Mutual Fund
108645;BANDHAN GSF - Investment Plan - Annual Dividend;INF194K01DU3;INF194K01DT5;19.1879;19.1879;19.1879;28-Dec-2015
108558;BANDHAN Government Securities Fund - IP - Regular - Plan B - Half Yearly IDCW;INF194K01EB1;INF194K01EA3;10.5682;10.5682;10.5682;28-Dec-2015
108559;BANDHAN Government Securities Fund - IP - Regular Plan - Annual IDCW;INF194K01EE5;INF194K01ED7;10.6378;10.6378;10.6378;28-Dec-2015
108557;BANDHAN Government Securities Fund - IP - Regular Plan - Quarterly IDCW;INF194K01EH8;INF194K01EG0;11.0094;11.0094;11.0094;28-Dec-2015
111525;BANDHAN Government Securities Fund - IP - Regular Plan - Growth;INF194K01DZ2;;17.1517;17.1517;17.1517;28-Dec-2015
111527;BANDHAN Government Securities Fund - IP - Regular Plan - IDCW;INF194K01EK2;INF194K01EJ4;10.3985;10.3985;10.3985;28-Dec-2015
118467;BANDHAN Government Securities Fund-  Investment Plan-Direct Plan-Annual IDCW;INF194K01Q78;INF194K01Q60;11.6852;11.6852;11.6852;28-Dec-2015
118464;BANDHAN Government Securities Fund-  Investment Plan-Direct Plan-Growth;INF194K01Q29;;17.5025;17.5025;17.5025;28-Dec-2015
118463;BANDHAN Government Securities Fund-  Investment Plan-Direct Plan-IDCW;INF194K01R36;INF194K01R28;11.2668;11.2668;11.2668;28-Dec-2015
131394;BANDHAN Government Securities Fund-  Investment Plan-Direct Plan-Periodic IDCW;INF194KA1RZ9;INF194KA1SA0;11.5640;11.5640;11.5640;28-Dec-2015
118466;BANDHAN Government Securities Fund-  Investment Plan-Direct Plan-Quarterly IDCW;INF194K01R02;INF194K01Q94;10.6696;10.6696;10.6696;28-Dec-2015

Baroda BNP Paribas Mutual Fund
119341;Baroda BNP Paribas GILT FUND - Direct Plan - Growth Option;INF955L01AD7;;23.5858;23.3499;23.5858;28-Dec-2015
119340;Baroda BNP Paribas GILT FUND - Direct Plan - IDCW Option;INF955L01AB1;INF955L01AC9;20.4188;20.2146;20.4188;28-Dec-2015
101187;Baroda BNP Paribas GILT FUND - Regular Plan - Growth Option;INF955L01450;;22.8800;22.6512;22.8800;28-Dec-2015
101188;Baroda BNP Paribas GILT FUND - Regular Plan - IDCW Option;INF955L01435;INF955L01443;19.8541;19.6556;19.8541;28-Dec-2015

Canara Robeco Mutual Fund
118299;CANARA ROBECO GILT FUND - DIRECT PLAN - GROWTH OPTION;INF760K01FC4;;39.5253;39.5253;39.5253;28-Dec-2015
118298;CANARA ROBECO GILT FUND - DIRECT PLAN - IDCW (Payout/Reinvestment);INF760K01FA8;INF760K01FB6;13.4631;13.4631;13.4631;28-Dec-2015
100597;CANARA ROBECO GILT FUND - REGULAR PLAN - GROWTH OPTION;INF760K01AE1;;39.0982;39.0982;39.0982;28-Dec-2015
100596;CANARA ROBECO GILT FUND - REGULAR PLAN - IDCW (Payout/Reinvestment);INF760K01AB7;INF760K01AC5;13.3046;13.3046;13.3046;28-Dec-2015

DSP Mutual Fund
119099;DSP Gilt Fund - Direct Plan - Growth;INF740K01NF3;;46.5929;46.5929;46.5929;28-Dec-2015
119101;DSP Gilt Fund - Direct Plan - IDCW;INF740K01NG1;INF740K01NI7;11.8401;11.8401;11.8401;28-Dec-2015
119100;DSP Gilt Fund - Direct Plan - IDCW - Monthly;INF740K01NE6;INF740K01NH9;10.5789;10.5789;10.5789;28-Dec-2015
100084;DSP Gilt Fund - Regular Plan - Growth;INF740K01615;;46.2399;46.2399;46.2399;28-Dec-2015
100085;DSP Gilt Fund - Regular Plan - IDCW;INF740K01607;INF740K01AD5;11.7596;11.7596;11.7596;28-Dec-2015
100086;DSP Gilt Fund - Regular Plan - IDCW - Monthly;INF740K01623;INF740K01AE3;10.5526;10.5526;10.5526;28-Dec-2015

Franklin Templeton Mutual Fund
118502;Franklin India GOVERNMENT SECURITIES FUND - Composite Plan - Direct - Growth;INF090I01HJ1;;49.0191;48.774;49.0191;28-Dec-2015
118501;Franklin India GOVERNMENT SECURITIES FUND - Composite Plan - Direct - Quarterly Dividend;INF090I01HH5;INF090I01HI3;11.4337;11.3765;11.4337;28-Dec-2015
118498;Franklin India Government Securities Fund - Direct - Growth;INF090I01HS2;;34.6809;34.6809;34.6809;28-Dec-2015
118497;Franklin India Government Securities Fund - Direct - IDCW ;INF090I01HQ6;INF090I01HR4;11.5724;11.5724;11.5724;28-Dec-2015
100493;Franklin India Government Securities Fund - Growth;INF090I01CU9;;33.6715;33.6715;33.6715;28-Dec-2015
100494;Franklin India Government Securities Fund - IDCW ;INF090I01CS3;INF090I01CT1;11.1993;11.1993;11.1993;28-Dec-2015
118504;Franklin India GOVERNMENT SECURITIES FUND PF PLAN - Direct - Growth;INF090I01HP8;;21.2794;21.173;21.2794;28-Dec-2015
100486;Franklin India Govt.Sec. Fund-Composite Plan - Dividend;INF090I01CP9;INF090I01CQ7;11.1123;11.0567;11.1123;28-Dec-2015
100485;Franklin India Govt.Sec. Fund-Composite Plan - Growth;INF090I01CR5;;48.0864;47.846;48.0864;28-Dec-2015
100491;Franklin India Govt.Sec. Fund-PF Plan - Dividend;INF090I01CW5;INF090I01CX3;21.1208;21.0152;21.1208;28-Dec-2015
100490;Franklin India Govt.Sec. Fund-PF Plan - Growth;INF090I01CY1;;21.1208;21.0152;21.1208;28-Dec-2015

Groww Mutual Fund
118427;Indiabulls Gilt Fund - Direct Plan -  Growth Option;INF666M01295;;1319.9009;1306.7019;1319.9009;28-Dec-2015
118818;Indiabulls Gilt Fund - Direct Plan - Monthly Dividend Option;INF666M01345;INF666M01352;1001.5580;991.5424;1001.5580;28-Dec-2015
118822;Indiabulls Gilt Fund - Indirect Plan - Fortnightly Dividend Option;INF666M01402;INF666M01410;1092.1536;1081.2321;1092.1536;28-Dec-2015
118820;Indiabulls Gilt Fund - Indirect Plan - Growth Option;INF666M01378;;1278.1691;1265.3874;1278.1691;28-Dec-2015
118823;Indiabulls Gilt Fund - Indirect Plan - Monthly Dividend Option;INF666M01428;INF666M01436;1045.0899;1034.6390;1045.0899;28-Dec-2015
118821;Indiabulls Gilt Fund - Indirect Plan - Weekly Dividend Option;INF666M01386;INF666M01394;1049.1227;1038.6315;1049.1227;28-Dec-2015

HDFC Mutual Fund
119116;HDFC Gilt Fund - Growth Option - Direct Plan;INF179K01VS0;;29.5686;29.5686;29.5686;28-Dec-2015
101083;HDFC Gilt Fund - Growth Plan;INF179K01756;;29.2394;29.2394;29.2394;28-Dec-2015
119115;HDFC Gilt Fund - IDCW Option - Direct Plan;INF179K01VR2;INF179K01VT8;11.2551;11.2551;11.2551;28-Dec-2015
101084;HDFC Gilt Fund - IDCW Plan;INF179K01772;INF179K01764;10.9408;10.9408;10.9408;28-Dec-2015

ICICI Prudential Mutual Fund
130903;ICICI Prudential Gilt Fund - Bonus;INF109KA1H10;;11.4663;11.4663;11.4663;28-Dec-2015
120590;ICICI Prudential Gilt Fund - Direct Plan - Growth;INF109K018C5;;49.6358;49.6358;49.6358;28-Dec-2015
120589;ICICI Prudential Gilt Fund - Direct Plan - IDCW;INF109K016C9;INF109K017C7;12.3782;12.3782;12.3782;28-Dec-2015
130955;ICICI Prudential Gilt Fund - Direct Plan Bonus;INF109KA1H02;;11.7123;11.7123;11.7123;28-Dec-2015
100369;ICICI Prudential Gilt Fund - Growth;INF109K01JR4;;48.5439;48.5439;48.5439;28-Dec-2015
100368;ICICI Prudential Gilt Fund - IDCW;INF109K01JQ6;INF109K01JP8;12.1632;12.1632;12.1632;28-Dec-2015
120607;ICICI Prudential Short Term Gilt Fund - Direct Plan -  Dividend;INF109K012D6;INF109K013D4;12.3642;12.3642;12.3642;28-Dec-2015
120608;ICICI Prudential Short Term Gilt Fund - Direct Plan -  Growth;INF109K014D2;;37.3744;37.3744;37.3744;28-Dec-2015
130956;ICICI Prudential Short Term Gilt Fund - Direct Plan Bonus;INF109KA1I50;;10.6649;10.6649;10.6649;28-Dec-2015
100370;ICICI Prudential Short Term Gilt Fund - Dividend;INF109K01JW4;INF109K01JV6;12.2073;12.2073;12.2073;28-Dec-2015
100371;ICICI Prudential Short Term Gilt Fund - Growth;INF109K01JX2;;36.8455;36.8455;36.8455;28-Dec-2015
100372;ICICI Prudential Short Term Gilt Fund - Half Yearly Dividend;INF109K01JZ7;INF109K01JY0;11.2902;11.2902;11.2902;28-Dec-2015

IDBI Mutual Fund
118034;IDBI Gilt Fund Annual IDCW;INF397L01AA8;INF397L01AB6;10.6844;10.6310;10.6844;28-Dec-2015
118447;IDBI Gilt Fund Annual IDCW Direct;INF397L01BZ3;INF397L01CA4;10.7585;10.7047;10.7585;28-Dec-2015
118030;IDBI Gilt Fund Growth;INF397L01AD2;;12.6248;12.5617;12.6248;28-Dec-2015
118341;IDBI Gilt Fund Growth Direct;INF397L01CC0;;12.7416;12.6779;12.7416;28-Dec-2015
118031;IDBI Gilt Fund Quarterly IDCW;INF397L01AE0;INF397L01AF7;10.2206;10.1695;10.2206;28-Dec-2015
118446;IDBI Gilt Fund Quarterly IDCW Direct;INF397L01CD8;INF397L01CE6;10.7568;10.7030;10.7568;28-Dec-2015

Invesco Mutual Fund
107476;Invesco India Gilt Fund - Annual IDCW (Payout / Reinvestment);INF205K01SJ8;INF205K01SK6;1264.3679;1264.3679;1264.3679;28-Dec-2015
122799;Invesco India GILT Fund - Bonus Option;INF205K01VK0;;1533.9916;1533.9916;1533.9916;28-Dec-2015
120520;Invesco India Gilt Fund - Direct  Plan - Growth;INF205K01SN0;;1567.4068;1567.4068;1567.4068;28-Dec-2015
120519;Invesco India Gilt Fund - Direct Plan - Annual IDCW (Payout / Reinvestment);INF205K01SL4;INF205K01SM2;1381.9456;1381.9456;1381.9456;28-Dec-2015
120521;Invesco India Gilt Fund - Direct Plan - Monthly IDCW (Reinvestment);;INF205K01SO8;1223.8855;1223.8855;1223.8855;28-Dec-2015
120522;Invesco India Gilt Fund - Direct Plan - Quarterly IDCW (Payout / Reinvestment);INF205K01SP5;INF205K01SQ3;1104.3893;1104.3893;1104.3893;28-Dec-2015
107477;Invesco India Gilt Fund - Growth;INF205K01SR1;;1524.5054;1524.5054;1524.5054;28-Dec-2015
107471;Invesco India Gilt Fund - Monthly IDCW (Reinvestment);;INF205K01SS9;1044.3969;1044.3969;1044.3969;28-Dec-2015
107472;Invesco India Gilt Fund - Quarterly IDCW (Payout / Reinvestment);INF205K01ST7;INF205K01SU5;1036.1341;1036.1341;1036.1341;28-Dec-2015

JM Financial Mutual Fund
120421;JM G-Sec Fund - (Direct) - Growth Option;INF192K01CR5;;46.0932;46.0932;46.0932;28-Dec-2015
120420;JM G-Sec Fund - (Direct) - Quarterly Dividend Option;INF192K01CP9;INF192K01CQ7;21.1828;21.1828;21.1828;28-Dec-2015
134662;JM G-Sec Fund - (Direct) Annual Dividend Option;INF192K01KI7;INF192K01KJ5;21.3030;21.3030;21.3030;28-Dec-2015
120419;JM G-Sec Fund - (Direct) Bonus Option - Principal Units;INF192K01CT1;;23.3614;23.3614;23.3614;28-Dec-2015
134661;JM G-Sec Fund - (Direct) Half Yearly Dividend Option;INF192K01KE6;INF192K01KF3;21.3030;21.3030;21.3030;28-Dec-2015
134664;JM G-Sec Fund - (Direct) Monthly Dividend Option;INF192K01JY6;INF192K01KB2;21.3030;21.3030;21.3030;28-Dec-2015
134659;JM G-Sec Fund - Annual Dividend Option;INF192K01KG1;INF192K01KH9;20.7739;20.7739;20.7739;28-Dec-2015
100253;JM G-Sec Fund - Bonus Option - Principal Units;INF192K01817;;21.9819;21.9819;21.9819;28-Dec-2015
100250;JM G-Sec Fund - Growth Option;INF192K01809;;45.1927;45.1927;45.1927;28-Dec-2015
134663;JM G-Sec Fund - Half Yearly Dividend Option;INF192K01KC0;INF192K01KD8;20.7739;20.7739;20.7739;28-Dec-2015
134660;JM G-Sec Fund - Monthly Dividend Option;INF192K01JW0;INF192K01JX8;20.7739;20.7739;20.7739;28-Dec-2015
100249;JM G-Sec Fund - Quarterly Dividend Option;INF192K01783;INF192K01791;20.6541;20.6541;20.6541;28-Dec-2015

Kotak Mahindra Mutual Fund
100281;Kotak Gilt-Investment  Provident Fund and Trust-Growth;INF174K01FL9;;50.0737;50.0737;50.0737;28-Dec-2015
119757;Kotak Gilt-Investment  Provident Fund and Trust-Growth - Direct;INF174K01KM7;;51.6012;51.6012;51.6012;28-Dec-2015
100280;Kotak Gilt-Investment  Provident Fund and Trust-Payout of Income Distribution cum capital withdrawal option;INF174K01FM7;;11.5623;11.5623;11.5623;28-Dec-2015
100265;Kotak Gilt-Investment Regular-Growth;INF174K01FI5;;48.9589;48.9589;48.9589;28-Dec-2015
119759;Kotak Gilt-Investment Regular-Growth - Direct;INF174K01KE4;;50.3939;50.3939;50.3939;28-Dec-2015
100264;Kotak Gilt-Investment Regular-Payout of Income Distribution cum capital withdrawal option;INF174K01FK1;INF174K01FJ3;12.1046;12.1046;12.1046;28-Dec-2015
119758;Kotak Gilt-Investment Regular-Payout of Income Distribution cum capital withdrawal option - Direct;INF174K01KF1;;12.5559;12.5559;12.5559;28-Dec-2015

L&T Mutual Fund
119425;L&T Gilt Fund - Direct Plan - Growth;INF917K01FI7;;36.7390;36.7390;36.7390;28-Dec-2015
119426;L&T Gilt Fund - Direct Plan - Quarterly IDCW;INF917K01FK3;INF917K01FJ5;13.0585;13.0585;13.0585;28-Dec-2015
112429;L&T Gilt Fund - Regular Plan - Growth;INF917K01BP1;;36.1756;36.1756;36.1756;28-Dec-2015
112428;L&T Gilt Fund - Regular Plan - Quarterly IDCW;INF917K01BN6;INF917K01BO4;12.8789;12.8789;12.8789;28-Dec-2015

LIC Mutual Fund
120282;LIC MF Gilt Fund-Direct Plan-Growth;INF767K01EZ3;;32.2112;32.2112;32.2112;28-Dec-2015
120283;LIC MF Gilt Fund-Direct Plan-IDCW;INF767K01EY6;INF767K01FA3;10.6540;10.6540;10.6540;28-Dec-2015
100319;LIC MF Gilt Fund-PF Plan-Growth;INF767K01733;;18.1985;18.1985;18.1985;28-Dec-2015
100318;LIC MF Gilt Fund-PF Plan-IDCW;INF767K01717;INF767K01725;11.7762;11.7762;11.7762;28-Dec-2015
100317;LIC MF Gilt Fund-Regular Plan-Growth;INF767K01709;;31.5698;31.5698;31.5698;28-Dec-2015
100316;LIC MF Gilt Fund-Regular Plan-IDCW;INF767K01683;INF767K01691;10.4268;10.4268;10.4268;28-Dec-2015

Nippon India Mutual Fund
118670;NIPPON INDIA GILT SECURITIES FUND - Direct Plan - MONTHLY IDCW Option;INF204K01XQ6;INF204K01XR4;11.0727;11.0727;11.0727;28-Dec-2015
118674;Nippon India Gilt Securities Fund - Direct Plan - P F Option - Automatic Annual Reinvest Option;;INF204K01E62;10.3824;10.3824;10.3824;28-Dec-2015
118669;Nippon India Gilt Securities Fund - Direct Plan - P F Option - Automatic Capital Appreciation Payout Option;INF204K01E70;;19.1368;19.1368;19.1368;28-Dec-2015
118673;Nippon India Gilt Securities Fund - Direct Plan - P F Option - Defined Maturity Date Option;INF204K01E88;;19.1265;19.1265;19.1265;28-Dec-2015
118672;Nippon India Gilt Securities Fund - Direct Plan Growth Plan - Growth Option;INF204K01XP8;;19.1857;19.1857;19.1857;28-Dec-2015
109717;Nippon India Gilt Securities Fund - Institutional Plan-Growth Plan -Growth Option;INF204K01BX8;;18.7454;18.7454;18.7454;28-Dec-2015
109723;NIPPON INDIA GILT SECURITIES FUND - MONTHLY IDCW Option;INF204K01BV2;INF204K01BW0;10.2516;10.2516;10.2516;28-Dec-2015
109720;Nippon India Gilt Securities Fund -Growth Plan - Growth Option;INF204K01BU4;;18.6226;18.6226;18.6226;28-Dec-2015
109716;Nippon India Gilt Securities Fund -P F Option-Automatic Annual Reinvest Option;INF204K01CA4;;15.6108;15.6108;15.6108;28-Dec-2015
109721;Nippon India Gilt Securities Fund -P F Option-Defined Maturity Date Option;INF204K01CB2;;18.6226;18.6226;18.6226;28-Dec-2015
133265;Nippon India Gilt Securities Fund- Direct Plan- Growth Plan- Bonus Option;INF204KA1YV2;;10.7230;10.7230;10.7230;28-Dec-2015
133264;Nippon India Gilt Securities Fund- Growth Plan- Bonus Option;INF204KA1YU4;;10.6852;10.6852;10.6852;28-Dec-2015
109718;Nippon India Gilt Securities Fund-Institutional Plan-P F Option-Automatic Capital Appreciation Payout Option;INF204K01CD8;;18.7454;18.7454;18.7454;28-Dec-2015
109724;Nippon India Gilt Securities Fund-P F Option-Automatic Capital Appreciation Payout Option;INF204K01CC0;;18.6226;18.6226;18.6226;28-Dec-2015

SBI Mutual Fund
102061;SBI MAGNUM GILT FUND -  GROWTH - PF (Fixed Period - 1 Yr) Option;INF200K01AB4;;19.5078;19.4103;19.5078;28-Dec-2015
101933;SBI MAGNUM GILT FUND -  GROWTH - PF (Fixed Period - 2 Yrs) Option;INF200K01AE8;;19.2349;19.1387;19.2349;28-Dec-2015
101934;SBI MAGNUM GILT FUND -  GROWTH - PF (Fixed Period - 3 Yrs) Option;INF200K01AH1;;18.8757;18.7813;18.8757;28-Dec-2015
101932;SBI MAGNUM GILT FUND -  GROWTH - PF (Regular) Option;INF200K01AK5;;20.2024;20.1014;20.2024;28-Dec-2015
119707;SBI MAGNUM GILT FUND - DIRECT PLAN - GROWTH;INF200K01SH3;;31.7727;31.7727;31.7727;28-Dec-2015
119706;SBI Magnum Gilt Fund - Direct Plan - Income Distribution cum Capital Withdrawal Option (IDCW);INF200K01SF7;INF200K01SG5;12.9363;12.9363;12.9363;28-Dec-2015
101950;SBI Magnum Gilt Fund - Income Distribution cum Capital Withdrawal Option (IDCW) - PF (Fixed Period - 1 Yr);INF200K01AC2;INF200K01AD0;12.1532;12.0924;12.1532;28-Dec-2015
101951;SBI Magnum Gilt Fund - Income Distribution cum Capital Withdrawal Option (IDCW) - PF (Fixed Period - 2 Yrs);INF200K01AF5;INF200K01AG3;12.274;12.2126;12.274;28-Dec-2015
101952;SBI Magnum Gilt Fund - Income Distribution cum Capital Withdrawal Option (IDCW) - PF (Fixed Period - 3 Yrs);INF200K01AI9;INF200K01AJ7;11.9677;11.9079;11.9677;28-Dec-2015
101935;SBI Magnum Gilt Fund - Income Distribution cum Capital Withdrawal Option (IDCW) - PF (Regular);INF200K01AL3;INF200K01AM1;12.612;12.5489;12.612;28-Dec-2015
101001;SBI MAGNUM GILT FUND - REGULAR PLAN - GROWTH;INF200K01982;;31.4713;31.4713;31.4713;28-Dec-2015
100999;SBI Magnum Gilt Fund - Regular Plan - Income Distribution cum Capital Withdrawal Option (IDCW);INF200K01990;INF200K01AA6;12.4759;12.4759;12.4759;28-Dec-2015

Sundaram Mutual Fund
101092;SUNDARAM GILT FUND (Growth. OPTION);INF903J01FA6;;24.2518;24.2518;24.2518;28-Dec-2015
119603;Sundaram Gilt Fund - Direct Plan - Growth Option;INF903J01NY0;;24.5197;24.5197;24.5197;28-Dec-2015
101059;SUNDARAM GILT FUND (DIV. OPTION);INF903J01FB4;INF903J01FC2;11.4747;11.4747;11.4747;28-Dec-2015
119608;Sundaram Gilt Fund - Direct Plan - Dividend Option;INF903J01NW4;INF903J01NX2;11.6437;11.6437;11.6437;28-Dec-2015

Tata Mutual Fund
101902;Tata Gilt High Fund - Dividend Opt;INF277K01DO9;INF277K01543;15.8789;15.7995;15.8789;28-Dec-2015
102016;Tata Gilt High Fund - Growth;INF277K01550;;26.2947;26.1632;26.2947;28-Dec-2015
119944;Tata Gilt Mid Term Fund - Direct Plan - Growth;INF277K01OQ1;;16.3403;16.3403;16.3403;28-Dec-2015
119945;Tata Gilt Mid Term Fund - Direct Plan - Periodic Dividend;INF277K01OR9;INF277K01OS7;15.2927;15.2927;15.2927;28-Dec-2015
119946;Tata Gilt Mid Term Fund - Direct Plan - Quarterly Dividend;INF277K01OT5;INF277K01OU3;14.4678;14.4678;14.4678;28-Dec-2015
112929;Tata Gilt Mid Term Fund - Regular Plan -Periodic Dividend;INF277K01LI4;INF277K01LJ2;15.1764;15.1764;15.1764;28-Dec-2015
112928;Tata Gilt Mid Term Fund -Regular Plan- Growth;INF277K01LH6;;16.0018;16.0018;16.0018;28-Dec-2015
112930;Tata Gilt Mid Term Fund -Regular Plan- Quarterly Dividend;INF277K01LK0;INF277K01LL8;14.3029;14.3029;14.3029;28-Dec-2015
102046;Tata Gilt Retirement Plan (28/2/25) - Payout of IDCW Option;;;19.3581;19.2613;19.3581;28-Dec-2015
101945;Tata Gilt Retirement Plan- 28/2/25 Growth Option;;;19.3826;19.2857;19.3826;28-Dec-2015
119954;Tata Gilt Securities Fund - Direct Plan - Payout of IDCW Option;INF277K01OV1;INF277K01OW9;13.7574;13.6886;13.7574;28-Dec-2015
101049;Tata Gilt Securities Fund - Regular Plan - Payout of IDCW Option;INF277K01DN1;INF277K01535;13.3793;13.3124;13.3793;28-Dec-2015
101042;Tata Gilt Securities Fund -Regular Plan- Growth Option;INF277K01519;;42.4406;42.2284;42.4406;28-Dec-2015
119953;Tata Gilt Securities Fund- Direct Plan - Growth Option;INF277K01OX7;;43.5262;43.3086;43.5262;28-Dec-2015
102263;Tata Gilt Securities Fund RIP ( Bonus);INF277K01527;;21.4445;21.3373;21.4445;28-Dec-2015

UTI Mutual Fund
120792;UTI - GILT FUND - Direct Plan - Growth Option;INF789F01TL5;;31.5519;31.5519;31.5519;28-Dec-2015
102512;UTI - GILT FUND - Discontinued PF Plan - Growth Option;INF789F01PT6;;23.2581;23.2581;23.2581;28-Dec-2015
102514;UTI - GILT FUND - Discontinued PF Plan Prescribed Date Auto Redemption Option;INF789F01PU4;;23.2712;23.2712;23.2712;28-Dec-2015
102510;UTI - GILT FUND - Regular Plan - Growth Option;INF789F01661;;31.2805;31.2805;31.2805;28-Dec-2015
102511;UTI - GILT FUND -Discontinued PF Plan -Dividend Option;INF789F01PR0;INF789F01PS8;15.0722;15.0722;15.0722;28-Dec-2015
120791;UTI Gilt Fund - Direct Plan - IDCW;INF789F01TJ9;INF789F01TK7;17.8614;17.8614;17.8614;28-Dec-2015
102509;UTI Gilt Fund - Regular Plan - IDCW;INF789F01646;INF789F01653;19.4034;19.4034;19.4034;28-Dec-2015

Open Ended Schemes ( Debt Scheme - Gilt Fund with 10 year constant duration )


Bandhan Mutual Fund
108646;BANDHAN Government Securities Fund - Constant Maturity Plan - Regular Plan - Quarterly IDCW;INF194K01FF9;INF194K01FE2;10.5398;10.5398;10.5398;28-Dec-2015
108753;BANDHAN Government Securities Fund - Constant Maturity Plan - Regular Plan - Growth;INF194K01FA0;;21.2996;21.2996;21.2996;28-Dec-2015
111343;BANDHAN Government Securities Fund - Constant Maturity Plan - Regular Plan - Weekly IDCW;INF194K01FI3;INF194K01FH5;13.3461;13.3461;13.3461;28-Dec-2015
108644;BANDHAN Government Securities Fund - Constant Maturity Plan - Regular Plan - Monthly IDCW;INF194K01FC6;INF194K01FB8;10.4865;10.4865;10.4865;28-Dec-2015
118387;BANDHAN Government Securities Fund - Constant Maturity Plan -Direct Plan-Growth;INF194K01P38;;21.3546;21.3546;21.3546;28-Dec-2015
131390;BANDHAN Government Securities Fund - Constant Maturity Plan -Direct Plan-Periodic IDCW;INF194KA1SL7;INF194KA1SM5;11.3970;11.3970;11.3970;28-Dec-2015
118388;BANDHAN Government Securities Fund - Constant Maturity Plan -Direct Plan-Quarterly IDCW;INF194K01P87;INF194K01P79;10.7927;10.7927;10.7927;28-Dec-2015
118389;BANDHAN Government Securities Fund - Constant Maturity Plan -Direct Plan-Weekly IDCW;;INF194K01Q03;13.3542;13.3542;13.3542;28-Dec-2015

DSP Mutual Fund
131301;DSP 10Y G-Sec Fund - Direct Plan - Growth;INF740K019I5;;11.3592;11.3592;11.3592;28-Dec-2015
131304;DSP 10Y G-Sec Fund - Direct Plan - IDCW;INF740K010J2;INF740K011J0;10.7226;10.7226;10.7226;28-Dec-2015
131303;DSP 10Y G-Sec Fund - Direct Plan - IDCW - Monthly;INF740K012J8;INF740K013J6;10.3560;10.3560;10.3560;28-Dec-2015
131302;DSP 10Y G-Sec Fund - Direct Plan - IDCW - Quarterly;INF740K014J4;INF740K015J1;10.4727;10.4727;10.4727;28-Dec-2015
131297;DSP 10Y G-Sec Fund - Regular Plan - Growth;INF740K012I0;;11.3237;11.3237;11.3237;28-Dec-2015
131298;DSP 10Y G-Sec Fund - Regular Plan - IDCW;INF740K013I8;INF740K014I6;10.7017;10.7017;10.7017;28-Dec-2015
131299;DSP 10Y G-Sec Fund - Regular Plan - IDCW - Monthly;INF740K015I3;INF740K016I1;10.3539;10.3539;10.3539;28-Dec-2015
131300;DSP 10Y G-Sec Fund - Regular Plan - IDCW - Quarterly ;INF740K017I9;INF740K018I7;10.4672;10.4672;10.4672;28-Dec-2015

ICICI Prudential Mutual Fund
131059;ICICI Prudential Constant Maturity Gilt Fund - Annual IDCW;INF109KA1N87;INF109KA1O29;10.3692;10.3433;10.3692;28-Dec-2015
131056;ICICI Prudential Constant Maturity Gilt Fund - Direct Plan - Annual IDCW;INF109KA1O78;INF109KA1P10;10.4305;10.4044;10.4305;28-Dec-2015
131061;ICICI Prudential Constant Maturity Gilt Fund - Direct Plan - Growth;INF109KA1O37;;11.5095;11.4807;11.5095;28-Dec-2015
131055;ICICI Prudential Constant Maturity Gilt Fund - Direct Plan - Half Yearly IDCW;INF109KA1O60;INF109KA1P02;10.6946;10.6679;10.6946;28-Dec-2015
131053;ICICI Prudential Constant Maturity Gilt Fund - Direct Plan - Monthly IDCW;INF109KA1O45;INF109KA1O86;10.8756;10.8484;10.8756;28-Dec-2015
131051;ICICI Prudential Constant Maturity Gilt Fund - Growth;INF109KA1N46;;11.4620;11.4333;11.4620;28-Dec-2015
131058;ICICI Prudential Constant Maturity Gilt Fund - Half Yearly IDCW;INF109KA1N79;INF109KA1O11;10.4343;10.4082;10.4343;28-Dec-2015
131062;ICICI Prudential Constant Maturity Gilt Fund - Monthly IDCW;INF109KA1N53;INF109KA1N95;10.7676;10.7407;10.7676;28-Dec-2015
131057;ICICI Prudential Constant Maturity Gilt Fund - quarterly IDCW;INF109KA1N61;INF109KA1O03;10.5187;10.4924;10.5187;28-Dec-2015

SBI Mutual Fund
120137;SBI MAGNUM CONSTANT MATURITY FUND - DIRECT PLAN - GROWTH;INF200K01SK7;;30.5664;30.5664;30.5664;28-Dec-2015
120136;SBI Magnum Constant Maturity Fund - Direct Plan - Income Distribution cum Capital Withdrawal Option (IDCW);INF200K01SI1;INF200K01SJ9;12.1964;12.1964;12.1964;28-Dec-2015
101002;SBI MAGNUM CONSTANT MATURITY FUND - REGULAR PLAN - GROWTH;INF200K01AN9;;30.3251;30.3251;30.3251;28-Dec-2015
101003;SBI Magnum Constant Maturity Fund - Regular Plan - Income Distribution cum Capital Withdrawal Option (IDCW);INF200K01AO7;INF200K01AP4;12.1336;12.1336;12.1336;28-Dec-2015

Open Ended Schemes ( Debt Scheme - Floater Fund )


Aditya Birla Sun Life Mutual Fund
122645;Aditya Birla Sun Life Floating Rate Fund-Direct - daily IDCW;INF209K01UW9;;100.3918;100.3918;100.3918;28-Dec-2015
122648;Aditya Birla Sun Life Floating Rate Fund-Direct - weekly IDCW;INF209K01UY5;;100.5073;100.5073;100.5073;28-Dec-2015
122646;Aditya Birla Sun Life Floating Rate Fund-Direct Plan-Growth;INF209K01UX7;;179.4203;179.4203;179.4203;28-Dec-2015
122643;Aditya Birla Sun Life Floating Rate Fund-Regular - DAILY IDCW;;INF209KA1LN1;100.4287;100.4287;100.4287;28-Dec-2015
122647;Aditya Birla Sun Life Floating Rate Fund-REGULAR - WEEKLY IDCW;;INF209K01MH7;100.5031;100.5031;100.5031;28-Dec-2015
122644;Aditya Birla Sun Life Floating Rate Fund-Regular Plan-Growth;INF209K01MG9;;178.2800;178.2800;178.2800;28-Dec-2015
122649;Aditya Birla Sun Life Floating Rate Fund-RETAIL - WEEKLY IDCW;;INF209K01MI5;100.5032;100.5032;100.5032;28-Dec-2015
122650;Aditya Birla Sun Life Floating Rate Fund-Retail Plan-Growth;INF209K01MF1;;257.8543;257.8543;257.8543;28-Dec-2015

Franklin Templeton Mutual Fund
118508;Franklin India Floating Rate Fund - Direct - Growth;INF090I01LK1;;23.3566;23.3566;23.3566;28-Dec-2015
118507;Franklin India Floating Rate Fund - Direct - IDCW ;INF090I01LL9;;10.0095;10.0095;10.0095;28-Dec-2015
101048;Franklin India Floating Rate Fund - Growth Plan;INF090I01LM7;;22.7678;22.7678;22.7678;28-Dec-2015
101044;Franklin India Floating Rate Fund - IDCW ;INF090I01LN5;;10.0085;10.0085;10.0085;28-Dec-2015

HDFC Mutual Fund
106838;HDFC Floating Rate Debt Fund - Daily IDCW Option;;INF179K01699;10.0809;10.0809;10.0809;28-Dec-2015
118959;HDFC Floating Rate Debt Fund - Direct Plan - Daily IDCW;;;10.0809;10.0809;10.0809;28-Dec-2015
118961;HDFC Floating Rate Debt Fund - Direct Plan - Growth Option;INF179K01VQ4;;25.5143;25.5143;25.5143;28-Dec-2015
118960;HDFC Floating Rate Debt Fund - Direct Plan - Monthly IDCW;INF179K01VO9;INF179K01VP6;10.1952;10.1952;10.1952;28-Dec-2015
118962;HDFC Floating Rate Debt Fund - Direct Plan - Weekly IDCW;;;10.1496;10.1496;10.1496;28-Dec-2015
106841;HDFC Floating Rate Debt Fund - Growth Option;INF179K01707;;25.4656;25.4656;25.4656;28-Dec-2015
106839;HDFC Floating Rate Debt Fund - Monthly IDCW Option;INF179K01715;INF179K01723;10.1944;10.1944;10.1944;28-Dec-2015
106840;HDFC Floating Rate Debt Fund - Weekly IDCW Option;INF179K01731;INF179K01749;10.1493;10.1493;10.1493;28-Dec-2015
101483;HDFC Floating Rate Debt Fund - Retail Daily Div Option;;INF179K01640;10.0809;10.0809;10.0809;28-Dec-2015
101481;HDFC Floating Rate Debt Fund - Retail Growth Option;INF179K01632;;24.8015;24.8015;24.8015;28-Dec-2015
101484;HDFC Floating Rate Debt Fund - Retail Monthly Div option;INF179K01657;INF179K01665;10.1930;10.1930;10.1930;28-Dec-2015
101482;HDFC Floating Rate Debt Fund - Retail Weekly Div Option;INF179K01681;INF179K01673;10.1490;10.1490;10.1490;28-Dec-2015

ICICI Prudential Mutual Fund
130899;ICICI Prudential Floating Interest Fund - Bonus;INF109KA1I43;;110.9699;110.9699;110.9699;28-Dec-2015
101804;ICICI Prudential Floating Interest Fund - Daily IDCW;INF109K01AW3;;100.8760;100.8760;100.8760;28-Dec-2015
120423;ICICI Prudential Floating Interest Fund - Direct Plan - Daily IDCW;;INF109K01P24;100.1703;100.1703;100.1703;28-Dec-2015
120427;ICICI Prudential Floating Interest Fund - Direct Plan - Fortnightly IDCW;INF109K01P40;;100.8175;100.8175;100.8175;28-Dec-2015
120425;ICICI Prudential Floating Interest Fund - Direct Plan - Growth;INF109K01P57;;223.7804;223.7804;223.7804;28-Dec-2015
122607;ICICI Prudential Floating Interest Fund - Direct Plan - Monthly IDCW;INF109K018Z6;INF109K017Z8;101.4554;101.4554;101.4554;28-Dec-2015
125216;ICICI Prudential Floating Interest Fund - Direct Plan - Quarterly IDCW;INF109KA1012;INF109K019Z4;104.6438;104.6438;104.6438;28-Dec-2015
120424;ICICI Prudential Floating Interest Fund - Direct Plan - Weekly IDCW;INF109K01P73;INF109K01P81;100.6474;100.6474;100.6474;28-Dec-2015
101803;ICICI Prudential Floating Interest Fund - Fortnightly IDCW;INF109K01AZ6;;100.8611;100.8611;100.8611;28-Dec-2015
101802;ICICI Prudential Floating Interest Fund - Growth;INF109K01AX1;;219.7605;219.7605;219.7605;28-Dec-2015
115510;ICICI Prudential Floating Interest Fund - IDCW Others;INF109K01WQ9;INF109K01WP1;110.9674;110.9674;110.9674;28-Dec-2015
122606;ICICI Prudential Floating Interest Fund - Monthly IDCW;INF109KA1038;INF109KA1020;101.3327;101.3327;101.3327;28-Dec-2015
122891;ICICI Prudential Floating Interest Fund - Quarterly IDCW;INF109KA1053;INF109KA1046;103.6152;103.6152;103.6152;28-Dec-2015
111545;ICICI Prudential Floating Interest Fund - Weekly IDCW;INF109K01EN4;INF109K01AY9;100.6310;100.6310;100.6310;28-Dec-2015
101800;ICICI Prudential Floating Interest Fund Plan A - Dividend Daily;INF109K01928;;100.1707;100.1707;100.1707;28-Dec-2015
101796;ICICI Prudential Floating Interest Fund Plan A - Fortnightly Dividend;INF109K01910;;100.9198;100.9198;100.9198;28-Dec-2015
101795;ICICI Prudential Floating Interest Fund Plan A - Growth;INF109K01936;;220.7059;220.7059;220.7059;28-Dec-2015
111544;ICICI Prudential Floating Interest Fund Plan A - Weekly Dividend Option;INF109K01EK0;INF109K01944;100.6310;100.6310;100.6310;28-Dec-2015
101799;ICICI Prudential Floating Interest Fund Plan B - Dividend Daily;INF109K01951;;100.1706;100.1706;100.1706;28-Dec-2015
101794;ICICI Prudential Floating Interest Fund Plan B - Fortnightly Dividend;INF109K01969;;101.2939;101.2939;101.2939;28-Dec-2015
101793;ICICI Prudential Floating Interest Fund Plan B - Growth;INF109K01977;;238.3089;238.3089;238.3089;28-Dec-2015
111543;ICICI Prudential Floating Interest Fund Plan B - Weekly Dividend Option;INF109K01EL8;INF109K01985;100.6310;100.6310;100.6310;28-Dec-2015
101801;ICICI Prudential Floating Interest Fund Plan C - Dividend Daily;INF109K01AA9;;100.1712;100.1712;100.1712;28-Dec-2015
101798;ICICI Prudential Floating Interest Fund Plan C - Fortnightly Dividend;INF109K01993;;100.9178;100.9178;100.9178;28-Dec-2015
111546;ICICI Prudential Savings Fund Plan C - Weekly Dividend Option;INF109K01EM6;INF109K01AC5;100.6309;100.6309;100.6309;28-Dec-2015

Nippon India Mutual Fund
118656;Nippon India Floating Rate Fund  - Direct Plan Growth Plan - Growth Option;INF204K01E05;;23.6444;23.5262;23.6444;28-Dec-2015
102676;NIPPON INDIA FLOATING RATE FUND - DAILY IDCW REINVESTMENT Option;;INF204K01CI7;10.1200;10.0694;10.1200;28-Dec-2015
118654;NIPPON INDIA FLOATING RATE FUND - DIRECT Plan - DAILY IDCW Option;;INF204K01D71;10.1200;10.0694;10.1200;28-Dec-2015
124590;NIPPON INDIA FLOATING RATE FUND - DIRECT Plan - IDCW Option;INF204KA1DU8;INF204KA1DV6;11.0424;10.9872;11.0424;28-Dec-2015
118655;NIPPON INDIA FLOATING RATE FUND - DIRECT Plan - MONTHLY IDCW Option;INF204K01D89;INF204K01D97;10.6217;10.5686;10.6217;28-Dec-2015
118661;NIPPON INDIA FLOATING RATE FUND - DIRECT Plan - QUARTERLY IDCW Option;INF204K01C98;INF204K01D06;10.1643;10.1135;10.1643;28-Dec-2015
118660;NIPPON INDIA FLOATING RATE FUND - DIRECT Plan - WEEKLY IDCW Option;INF204K01D14;INF204K01E13;10.1325;10.0818;10.1325;28-Dec-2015
102673;Nippon India Floating Rate Fund - Growth Plan-Growth Option;INF204K01CG1;;23.2892;23.1728;23.2892;28-Dec-2015
124589;NIPPON INDIA FLOATING RATE FUND - IDCW Option;INF204KA1DS2;INF204KA1DT0;10.9887;10.9338;10.9887;28-Dec-2015
102675;NIPPON INDIA FLOATING RATE FUND - MONTHLY IDCW Option;INF204K01CH9;INF204K01CK3;10.5000;10.4475;10.5000;28-Dec-2015
112942;NIPPON INDIA FLOATING RATE FUND - QUARTERLY IDCW Option;INF204K01HK2;INF204K01HL0;10.3310;10.2793;10.3310;28-Dec-2015
102677;NIPPON INDIA FLOATING RATE FUND - WEEKLY IDCW Option;INF204K01OQ5;INF204K01CJ5;10.1317;10.0810;10.1317;28-Dec-2015

Open Ended Schemes ( Hybrid Scheme - Conservative Hybrid Fund )


Aditya Birla Sun Life Mutual Fund
120550;Aditya Birla Sun Life Regular Savings Fund - DIRECT - MONTHLY IDCW;INF209K01R47;;16.4697;16.3050;16.4697;28-Dec-2015
120705;Aditya Birla Sun Life Regular Savings Fund - Growth / Payment - Direct Plan;INF209K01XH4;INF209K01XJ0;30.3863;30.0824;30.3863;28-Dec-2015
101818;Aditya Birla Sun Life Regular Savings Fund - Growth / Payment - Regular Plan;INF209K01751;INF209K01777;29.7944;29.4965;29.7944;28-Dec-2015
101816;Aditya Birla Sun Life Regular Savings Fund - REGULAR - MONTHLY IDCW;INF209K01769;INF209K01DF0;13.6163;13.4801;13.6163;28-Dec-2015

Axis Mutual Fund
120477;Axis Conservative Hybrid Fund - Direct Plan - Annual IDCW;INF846K01DY0;INF846K01DZ7;12.6604;12.5338;12.6604;28-Dec-2015
120480;Axis Conservative Hybrid Fund - Direct Plan - Growth Option;INF846K01EA8;;16.4532;16.2887;16.4532;28-Dec-2015
120478;Axis Conservative Hybrid Fund - Direct Plan - Half Yearly;INF846K01EB6;INF846K01EC4;11.9969;11.8769;11.9969;28-Dec-2015
120479;Axis Conservative Hybrid Fund - Direct Plan - Quarterly;INF846K01ED2;INF846K01EE0;13.0819;12.9511;13.0819;28-Dec-2015
112927;Axis Conservative Hybrid Fund - Regular Plan - Annual IDCW;INF846K01743;INF846K01750;12.6108;12.4847;12.6108;28-Dec-2015
112924;Axis Conservative Hybrid Fund - Regular Plan - Growth Option;INF846K01693;;15.8124;15.6543;15.8124;28-Dec-2015
112926;Axis Conservative Hybrid Fund - Regular Plan - Half Yearly IDCW;INF846K01727;INF846K01735;11.7013;11.5843;11.7013;28-Dec-2015
112925;Axis Conservative Hybrid Fund - Regular Plan - Quarterly IDCW;INF846K01701;INF846K01719;11.4513;11.3368;11.4513;28-Dec-2015

Bandhan Mutual Fund
112353;BANDHAN Conservative Hybrid Fund - Regular Plan - Growth;INF194K01RW9;;17.1433;17.1433;17.1433;28-Dec-2015
112352;BANDHAN Conservative Hybrid Fund - Regular Plan - IDCW;INF194K01RY5;INF194K01RX7;12.6862;12.6862;12.6862;28-Dec-2015
113361;BANDHAN Conservative Hybrid Fund - Regular Plan - Quarterly IDCW;INF194K01SB1;INF194K01SA3;12.6514;12.6514;12.6514;28-Dec-2015
118491;BANDHAN Conservative Hybrid Fund-Direct Plan-Growth;INF194K015B9;;17.6215;17.6215;17.6215;28-Dec-2015
118490;BANDHAN Conservative Hybrid Fund-Direct Plan-IDCW;INF194K017B5;INF194K016B7;13.1594;13.1594;13.1594;28-Dec-2015
118492;BANDHAN Conservative Hybrid Fund-Direct Plan-Quarterly IDCW;INF194K010C8;INF194K019B1;13.3569;13.3569;13.3569;28-Dec-2015

Baroda BNP Paribas Mutual Fund
102661;BARODA CONSERVATIVE HYBRID FUND - Plan A - Growth Option;INF955L01161;;19.1074;18.9163;19.1074;28-Dec-2015
102662;BARODA CONSERVATIVE HYBRID FUND - Plan A - Monthly IDCW Option;INF955L01179;INF955L01187;13.1511;13.0196;13.1511;28-Dec-2015
102663;BARODA CONSERVATIVE HYBRID FUND - Plan A - Quarterly IDCW Option;INF955L01195;INF955L01203;13.0017;12.8717;13.0017;28-Dec-2015
119389;BARODA CONSERVATIVE HYBRID FUND - Plan B (Direct) - Growth Option;INF955L01AQ9;;19.6029;19.4069;19.6029;28-Dec-2015
119391;BARODA CONSERVATIVE HYBRID FUND - Plan B (Direct) - Quarterly IDCW Option;INF955L01AR7;;13.1441;13.0127;13.1441;28-Dec-2015
119390;BARODA CONSERVATIVE HYBRID FUND - Plan B (Direct)- Monthly IDCW Option;INF955L01AO4;;13.2648;13.1322;13.2648;28-Dec-2015

BNP Paribas Mutual Fund
120082;BNP Paribas Conservative Hybrid Fund - Direct Plan - Growth Option;INF251K01HR8;;23.0491;23.0491;23.0491;28-Dec-2015
120083;BNP Paribas Conservative Hybrid Fund - Direct Plan - Monthly Income Distribution cum Capital Withdrawal Option;INF251K01HS6;INF251K01HT4;11.1176;11.1176;11.1176;28-Dec-2015
120111;BNP Paribas Conservative Hybrid Fund - Direct Plan - Quarterly Income Distribution cum Capital Withdrawal Option;INF251K01HU2;INF251K01HV0;10.1858;10.1858;10.1858;28-Dec-2015
113560;BNP PARIBAS Conservative Hybrid Fund-Regular Plan-Growth Option;INF251K01845;;22.3875;22.3875;22.3875;28-Dec-2015
113561;BNP PARIBAS Conservative hybrid Fund-Regular Plan-Monthly Income Distribution cum Capital Withdrawal Option;INF251K01852;INF251K01860;10.3830;10.3830;10.3830;28-Dec-2015
113562;BNP PARIBAS Conservative Hybrid Fund-Regular Plan-Quarterly Income Distribution cum Capital Withdrawal Option;INF251K01878;INF251K01886;10.1754;10.1754;10.1754;28-Dec-2015

Canara Robeco Mutual Fund
118309;CANARA ROBECO CONSERVATIVE HYBRID FUND - DIRECT PLAN - GROWTH OPTION;INF760K01GB4;;47.0799;47.0799;47.0799;28-Dec-2015
118311;CANARA ROBECO CONSERVATIVE HYBRID FUND - DIRECT PLAN - MONTHLY IDCW (Payout/Reinvestment);INF760K01FZ5;INF760K01GA6;15.0511;15.0511;15.0511;28-Dec-2015
118310;CANARA ROBECO CONSERVATIVE HYBRID FUND - DIRECT PLAN - QUARTERLY IDCW (Payout/Reinvestment);INF760K01GC2;INF760K01GD0;15.3056;15.3056;15.3056;28-Dec-2015
100601;CANARA ROBECO CONSERVATIVE HYBRID FUND - REGULAR PLAN - GROWTH OPTION;INF760K01282;;45.7489;45.7489;45.7489;28-Dec-2015
100600;CANARA ROBECO CONSERVATIVE HYBRID FUND - REGULAR PLAN - MONTHLY IDCW (Payout/Reinvestment);INF760K01308;INF760K01316;14.5921;14.5921;14.5921;28-Dec-2015
112378;CANARA ROBECO CONSERVATIVE HYBRID FUND - REGULAR PLAN - QUARTERLY IDCW (Payout/Reinvestment);INF760K01AP7;INF760K01AQ5;14.8208;14.8208;14.8208;28-Dec-2015

DSP Mutual Fund
118994;DSP Regular Savings Fund - Direct Plan - Growth;INF740K01NO5;;30.3719;30.0682;30.3719;28-Dec-2015
118992;DSP Regular Savings Fund - Direct Plan - IDCW - Monthly;INF740K01NP2;INF740K01NR8;12.4014;12.2774;12.4014;28-Dec-2015
118993;DSP Regular Savings Fund - Direct Plan - IDCW - Quarterly ;INF740K01NQ0;INF740K01NS6;13.3731;13.2394;13.3731;28-Dec-2015
102450;DSP Regular Savings Fund - Regular Plan - IDCW - Monthly;INF740K01458;INF740K01466;11.9535;11.8340;11.9535;28-Dec-2015
102451;DSP Regular Savings Fund - Regular Plan - IDCW - Quarterly ;INF740K01474;INF740K01482;13.1109;12.9798;13.1109;28-Dec-2015
102448;DSP Regular Savings Fund- Regular Plan - Growth;INF740K01441;;29.8038;29.5058;29.8038;28-Dec-2015

Franklin Templeton Mutual Fund
118574;Franklin India Debt Hybrid Fund - Direct - GROWTH;INF090I01GF1;;45.335;44.8817;45.335;28-Dec-2015
100948;Franklin India Debt Hybrid Fund - Growth;INF090I01EA7;;44.378;43.9342;44.378;28-Dec-2015
118575;Franklin India Debt Hybrid Fund - Plan A - Direct - Monthly - IDCW;INF090I01GG9;INF090I01GH7;14.2009;14.0589;14.2009;28-Dec-2015
118576;Franklin India Debt Hybrid Fund - Plan A - Direct - Quarterly - IDCW;INF090I01GI5;INF090I01GJ3;13.604;13.468;13.604;28-Dec-2015
100949;Franklin India Debt Hybrid Fund - Plan A - Monthly - IDCW;INF090I01EB5;INF090I01EC3;13.8726;13.7339;13.8726;28-Dec-2015
100950;Franklin India Debt Hybrid Fund - Plan A - Quarterly - IDCW;INF090I01ED1;INF090I01EE9;13.2881;13.1552;13.2881;28-Dec-2015

Groww Mutual Fund
135690;Indiabulls Savings Income Fund- Direct Plan- - Monthly- Income Distribution cum capital withdrawal Option (Payout & Reinvestment);INF666M01BL9;INF666M01BM7;10.0435;9.9431;10.0435;28-Dec-2015
135691;Indiabulls Savings Income Fund- Regular Plan-Monthly - Income Distribution cum capital withdrawal Option (Payout & Reinvestment);INF666M01BO3;INF666M01BP0;10.0328;9.9325;10.0328;28-Dec-2015
135689;Indiabulls Savings Income Fund-Direct Plan-Growth Option;INF666M01BK1;;10.0435;9.9431;10.0435;28-Dec-2015
135692;Indiabulls Savings Income Fund-Regular Plan-Growth Option;INF666M01BN5;;10.0328;9.9325;10.0328;28-Dec-2015

HDFC Mutual Fund
119118;HDFC Hybrid Debt Fund - Growth Option - Direct Plan;INF179K01XE6;;35.9142;35.5551;35.9142;28-Dec-2015
102147;HDFC Hybrid Debt Fund - Growth Plan;INF179K01AE4;;35.4430;35.0886;35.4430;28-Dec-2015
102148;HDFC Hybrid Debt Fund - IDCW Monthly;INF179K01AA2;INF179K01AB0;14.0264;13.8861;14.0264;28-Dec-2015
119119;HDFC Hybrid Debt Fund - IDCW Monthly - Direct Plan;INF179K01XF3;INF179K01XG1;14.2364;14.0940;14.2364;28-Dec-2015
102149;HDFC Hybrid Debt Fund - IDCW Quarterly;INF179K01AC8;INF179K01AD6;14.6971;14.5501;14.6971;28-Dec-2015
119120;HDFC Hybrid Debt Fund - IDCW Quarterly - Direct Plan;INF179K01XH9;INF179K01XI7;14.9180;14.7688;14.9180;28-Dec-2015
119121;HDFC MF MIP STP -Direct Plan - Growth Option;INF179K01XJ5;;25.5934;25.3375;25.5934;28-Dec-2015
119122;HDFC MF MIP STP -Direct Plan - Monthly Dividend Option;INF179K01XK3;INF179K01XL1;11.7752;11.6574;11.7752;28-Dec-2015
119117;HDFC MF MIP STP-Direct Plan - Quarterly Dividend Option;INF179K01XM9;INF179K01XN7;12.3054;12.1823;12.3054;28-Dec-2015
102144;HDFC MF Monthly Income Plan-Short Term Plan-Growth Option;INF179K01AF1;;25.1695;24.9178;25.1695;28-Dec-2015
102145;HDFC MF Monthly Income Plan-Short Term Plan-Monthly Dividend Option;INF179K01AG9;INF179K01AH7;11.5611;11.4455;11.5611;28-Dec-2015
102146;HDFC MF Monthly Income Plan-Short Term Plan-Quarterly Dividend Option;INF179K01AI5;INF179K01AJ3;12.0839;11.9631;12.0839;28-Dec-2015

HSBC Mutual Fund
120073;HSBC Conservative Hybrid Fund - Direct Growth;INF336L01DW4;;30.1349;30.1349;30.1349;28-Dec-2015
120074;HSBC Conservative Hybrid Fund - Direct Monthly IDCW;INF336L01DX2;INF336L01DY0;14.1949;14.1949;14.1949;28-Dec-2015
120075;HSBC Conservative Hybrid Fund - Direct Quarterly IDCW;INF336L01DZ7;INF336L01EA8;14.0644;14.0644;14.0644;28-Dec-2015
102262;HSBC Conservative Hybrid Fund - Regular Growth;INF336L01099;;29.6511;29.6511;29.6511;28-Dec-2015
102260;HSBC Conservative Hybrid Fund - Regular Monthly IDCW;INF336L01107;INF336L01115;13.2737;13.2737;13.2737;28-Dec-2015
102261;HSBC Conservative Hybrid Fund - Regular Quarterly IDCW;INF336L01123;INF336L01131;13.3734;13.3734;13.3734;28-Dec-2015

ICICI Prudential Mutual Fund
123183;ICICI Prudential Regular Savings Fund - Direct Plan - Bonus;INF109KA1301;;32.1345;31.8132;32.1345;28-Dec-2015
120616;ICICI Prudential Regular Savings Fund - Direct Plan - Growth;INF109K01S39;;32.1396;31.8182;32.1396;28-Dec-2015
120613;ICICI Prudential Regular Savings Fund - Direct Plan - Half Yearly IDCW;INF109K01S47;INF109K01S54;14.3930;14.2491;14.3930;28-Dec-2015
120615;ICICI Prudential Regular Savings Fund - Direct Plan - Monthly IDCW;INF109K01S62;INF109K01S70;14.1969;14.0549;14.1969;28-Dec-2015
120614;ICICI Prudential Regular Savings Fund - Direct Plan - Quarterly IDCW;INF109K01S88;INF109K01S96;12.7502;12.6227;12.7502;28-Dec-2015
128110;ICICI Prudential Regular Savings Fund - Plan - Bonus;INF109KA1319;;13.1229;12.9917;13.1229;28-Dec-2015
102330;ICICI Prudential Regular Savings Fund - Plan - Growth;INF109K01902;;31.4207;31.1065;31.4207;28-Dec-2015
113098;ICICI Prudential Regular Savings Fund - Plan - Half Yearly IDCW;INF109K01IW6;INF109K01WX5;12.2651;12.1424;12.2651;28-Dec-2015
102331;ICICI Prudential Regular Savings Fund - Plan - Monthly IDCW;INF109K01ER5;INF109K01894;13.4080;13.2739;13.4080;28-Dec-2015
113097;ICICI Prudential Regular Savings Fund - Plan - Quarterly IDCW;INF109K01IX4;INF109K01WY3;11.6193;11.5031;11.6193;28-Dec-2015

Invesco Mutual Fund
120554;Invesco India Regular Savings Fund - Direct Plan  - Growth;INF205K01TX7;;1434.0001;1419.6601;1434.0001;28-Dec-2015
120555;Invesco India Regular Savings Fund - Direct Plan - Monthly Dividend;INF205K01TY5;INF205K01TZ2;1032.3087;1021.9856;1032.3087;28-Dec-2015
112887;Invesco India Regular Savings Fund - Growth;INF205K01UA3;;1411.8893;1397.7704;1411.8893;28-Dec-2015
112888;Invesco India Regular Savings Fund - Monthly Dividend;INF205K01UB1;INF205K01UC9;1094.2594;1083.3168;1094.2594;28-Dec-2015

Kotak Mahindra Mutual Fund
114859;Kotak Debt Hybrid - Growth;INF174K01393;;24.01;24.01;24.01;28-Dec-2015
120154;Kotak Debt Hybrid - Growth - Direct;INF174K01JZ1;;24.5657;24.5657;24.5657;28-Dec-2015
114858;Kotak Debt Hybrid - Monthly Payout of Income Distribution cum capital withdrawal option;INF174K01419;INF174K01401;12.1411;12.1411;12.1411;28-Dec-2015
120155;Kotak Debt Hybrid - Monthly Payout of Income Distribution cum capital withdrawal option - Direct;INF174K01KA2;INF174K01KB0;12.3078;12.3078;12.3078;28-Dec-2015
114860;Kotak Debt Hybrid - Quarterly Payout of Income Distribution cum capital withdrawal option;INF174K01435;INF174K01427;12.9686;12.9686;12.9686;28-Dec-2015
120156;Kotak Debt Hybrid - Quarterly Payout of Income Distribution cum capital withdrawal option - Direct;INF174K01KC8;;13.2546;13.2546;13.2546;28-Dec-2015

L&T Mutual Fund
119852;L&T Conservative Hybrid Fund -Direct Plan- Growth;INF917K01GF1;;28.6976;28.4106;28.6976;28-Dec-2015
112487;L&T Conservative Hybrid Fund- Regular Plan - Growth;INF917K01056;;28.1129;27.8318;28.1129;28-Dec-2015
119853;L&T Conservative Hybrid Fund -Direct Plan-Monthly IDCW;INF917K01GH7;INF917K01GG9;11.1100;10.9989;11.1100;28-Dec-2015
112488;L&T Conservative Hybrid Fund -Regular Plan - Monthly IDCW;INF917K01031;INF917K01049;10.9153;10.8061;10.9153;28-Dec-2015
119854;L&T Conservative Hybrid Fund -Direct Plan-Quarterly IDCW;INF917K01GJ3;INF917K01GI5;11.8925;11.7736;11.8925;28-Dec-2015
112489;L&T Conservative Hybrid Fund -Regular Plan -Quarterly IDCW;INF917K01064;INF917K01072;11.6669;11.5502;11.6669;28-Dec-2015

LIC Mutual Fund
120276;LIC MF Conservative Hybrid Fund-Direct Plan-Growth;INF767K01EO7;;45.0904;44.6395;45.0904;28-Dec-2015
120277;LIC MF Conservative Hybrid Fund-Direct Plan-Monthly IDCW;INF767K01EP4;INF767K01ES8;10.5027;10.3977;10.5027;28-Dec-2015
120274;LIC MF Conservative Hybrid Fund-Direct Plan-Quarterly IDCW;INF767K01EQ2;INF767K01ET6;10.6521;10.5456;10.6521;28-Dec-2015
120275;LIC MF Conservative Hybrid Fund-Direct Plan-Yearly IDCW;INF767K01ER0;INF767K01EU4;11.6270;11.5107;11.6270;28-Dec-2015
101869;LIC MF Conservative Hybrid Fund-Regular Plan-Growth;INF767K01808;;44.3397;43.8963;44.3397;28-Dec-2015
101866;LIC MF Conservative Hybrid Fund-Regular Plan-Monthly IDCW;INF767K01816;INF767K01824;10.3287;10.2254;10.3287;28-Dec-2015
101867;LIC MF Conservative Hybrid Fund-Regular Plan-Quarterly IDCW;INF767K01832;INF767K01840;10.6664;10.5597;10.6664;28-Dec-2015
101868;LIC MF Conservative Hybrid Fund-Regular Plan-Yearly IDCW;INF767K01857;INF767K01865;11.4433;11.3289;11.4433;28-Dec-2015

Navi Mutual Fund
113143;Navi Conservative Hybrid  Fund - Quarterly IDCW;INF959L01114;INF959L01122;11.0623;11.0623;11.0623;28-Dec-2015
119157;Navi Conservative Hybrid Fund - Direct Plan Monthly IDCW;INF959L01684;INF959L01692;11.2979;11.2979;11.2979;28-Dec-2015
119158;Navi Conservative Hybrid Fund - Direct Plan Quarterly IDCW;INF959L01700;INF959L01718;11.6878;11.6878;11.6878;28-Dec-2015
113141;Navi Conservative Hybrid Fund - Monthly IDCW;INF959L01098;INF959L01106;10.6968;10.6968;10.6968;28-Dec-2015
119156;Navi Conservative Hybrid Fund-Direct Plan-Growth Option;INF959L01676;;16.0326;16.0326;16.0326;28-Dec-2015
113142;Navi Conservative Hybrid Fund-Growth;INF959L01130;;15.4539;15.4539;15.4539;28-Dec-2015

Nippon India Mutual Fund
118727;NIPPON INDIA HYBRID BOND FUND - DIRECT Plan - MONTHLY IDCW Option;INF204K01YW2;INF204K01YX0;12.7582;12.5668;12.7582;28-Dec-2015
118729;NIPPON INDIA HYBRID BOND FUND - DIRECT Plan - QUARTERLY IDCW Option;INF204K01YY8;INF204K01YZ5;12.8334;12.6409;12.8334;28-Dec-2015
118726;Nippon India Hybrid Bond Fund - Direct Plan Growth Plan - Growth Option;INF204K01YV4;;35.1794;34.6517;35.1794;28-Dec-2015
102173;NIPPON INDIA HYBRID BOND FUND - MONTHLY IDCW Option;INF204K01FE9;INF204K01FF6;12.1204;11.9386;12.1204;28-Dec-2015
102174;NIPPON INDIA HYBRID BOND FUND - QUARTERLY IDCW Option;INF204K01FG4;INF204K01FH2;12.6605;12.4706;12.6605;28-Dec-2015
102172;Nippon India Hybrid Bond Fund-Growth Plan;INF204K01FD1;;34.3039;33.7893;34.3039;28-Dec-2015

SBI Mutual Fund
119836;SBI Conservative Hybrid Fund  - Direct Plan - Quarterly Income Distribution cum Capital Withdrawal Option (IDCW);INF200K01TV2;INF200K01TW0;12.44;12.3156;12.44;28-Dec-2015
119837;SBI Conservative Hybrid Fund - Direct Plan - Annual Income Distribution cum Capital Withdrawal Option (IDCW);INF200K01TQ2;INF200K01TR0;15.4533;15.2988;15.4533;28-Dec-2015
119839;SBI Conservative Hybrid Fund - Direct Plan - Growth;INF200K01TS8;;32.047;31.7265;32.047;28-Dec-2015
119838;SBI Conservative Hybrid Fund - Direct Plan - Monthly Income Distribution cum Capital Withdrawal Option (IDCW);INF200K01TT6;INF200K01TU4;13.9614;13.8218;13.9614;28-Dec-2015
100929;SBI Conservative Hybrid Fund - Regular Plan - Annual Income Distribution cum Capital Withdrawal Option (IDCW);INF200K01909;INF200K01917;13.7845;13.6467;13.7845;28-Dec-2015
100968;SBI Conservative Hybrid Fund - Regular Plan - Growth;INF200K01859;;31.3267;31.0134;31.3267;28-Dec-2015
100927;SBI Conservative Hybrid Fund - Regular Plan - Monthly Income Distribution cum Capital Withdrawal Option (IDCW);INF200K01867;INF200K01875;11.8878;11.7689;11.8878;28-Dec-2015
100928;SBI Conservative Hybrid Fund - Regular Plan - Quarterly Income Distribution cum Capital Withdrawal Option (IDCW);INF200K01883;INF200K01891;11.6649;11.5483;11.6649;28-Dec-2015

Sundaram Mutual Fund
102175;Sundaram  Monthly Income Plan-Monthly Dividend;INF903J01HQ8;INF903J01HT2;11.6153;11.6153;11.6153;28-Dec-2015
102176;Sundaram  Monthly Income Plan-Quarterly-Dividend;INF903J01HR6;INF903J01HU0;10.9184;10.9184;10.9184;28-Dec-2015
118331;Sundaram Monthly Income Plan - Moderate Plan - Bonus Option;INF903J01ME4;;13.3473;13.3473;13.3473;28-Dec-2015
119654;Sundaram Monthly Income Plan - Moderate Plan - Direct Plan - Growth Option;INF903J01QH8;;20.5460;20.5460;20.5460;28-Dec-2015
119650;Sundaram Monthly Income Plan - Moderate Plan - Direct Plan - Monthly Dividend Option;INF903J01QK2;INF903J01QL0;11.8715;11.8715;11.8715;28-Dec-2015
119651;Sundaram Monthly Income Plan - Moderate Plan - Direct Plan - Quarterly Dividend Option;INF903J01QM8;INF903J01QN6;11.0709;11.0709;11.0709;28-Dec-2015
102178;Sundaram Monthly Income Plan-Growth;INF903J01HP0;;20.0306;20.0306;20.0306;28-Dec-2015
102177;Sundaram Monthly Income Plan-Half-yearly Dividend;INF903J01HS4;INF903J01HV8;11.0560;11.0560;11.0560;28-Dec-2015
119635;Sundaram Conservative Hybrid Fund (Formerly Known as Sundaram Debt Oriented Hybrid Fund) Direct Plan - Growth;INF903J01OP6;;15.8168;15.8168;15.8168;28-Dec-2015
119637;Sundaram Conservative Hybrid Fund (Formerly Known as Sundaram Debt Oriented Hybrid Fund) Direct Plan - Quarterly Income Distribution cum Capital Withdrawal (IDCW);INF903J01OR2;INF903J01OU6;13.4535;13.4535;13.4535;28-Dec-2015
112868;Sundaram Conservative Hybrid Fund (Formerly Known as Sundaram Debt Oriented Hybrid Fund) Regular Plan - Growth;INF903J01HB0;;15.6654;15.6654;15.6654;28-Dec-2015
112869;Sundaram Conservative Hybrid Fund (Formerly Known as Sundaram Debt Oriented Hybrid Fund) Regular Plan - Half yearly Income Distribution cum Capital Withdrawal (IDCW);INF903J01HE4;INF903J01HH7;13.1904;13.1904;13.1904;28-Dec-2015
112867;Sundaram Conservative Hybrid Fund (Formerly Known as Sundaram Debt Oriented Hybrid Fund) Regular Plan - Monthly Income Distribution cum Capital Withdrawal (IDCW);INF903J01HC8;INF903J01HF1;13.3448;13.3448;13.3448;28-Dec-2015
112870;Sundaram Conservative Hybrid Fund (Formerly Known as Sundaram Debt Oriented Hybrid Fund) Regular Plan - Quarterly Income Distribution cum Capital Withdrawal (IDCW);INF903J01HD6;INF903J01HG9;13.3748;13.3748;13.3748;28-Dec-2015
119644;Sundaram Regular Savings Fund - Direct Plan - Growth Option;INF903J01OF7;;14.2218;13.8663;14.2218;28-Dec-2015
112873;Sundaram Regular Savings Fund - DIVIDEND;INF903J01HJ3;INF903J01HM7;11.6610;11.3695;11.6610;28-Dec-2015
112874;Sundaram Regular Savings Fund - GROWTH;INF903J01HI5;;13.9950;13.6451;13.9950;28-Dec-2015
112871;Sundaram Regular Savings Fund - Half-yearly Dividend;INF903J01HL9;INF903J01HO3;11.5735;11.2842;11.5735;28-Dec-2015
112872;Sundaram Regular Savings Fund - Quarterly Dividend;INF903J01HK1;INF903J01HN5;11.3950;11.1101;11.3950;28-Dec-2015
119645;Sundaram Regular Savings Fund - Quarterly Dividend Option;INF903J01OK7;INF903J01OL5;11.4149;11.1295;11.4149;28-Dec-2015

UTI Mutual Fund
102533;UTI Conservative Hybrd Fund - Regular Plan - Monthly Payment Option;INF789F01927;;31.9067;31.9067;31.9067;28-Dec-2015
120789;UTI Conservative Hybrid Fund - Direct Plan - Flexi IDCW;INF789F01UH1;INF789F01UI9;31.4087;31.4087;31.4087;28-Dec-2015
120779;UTI Conservative Hybrid Fund - Direct Plan - Growth Option;INF789F01UJ7;;32.4455;32.4455;32.4455;28-Dec-2015
120778;UTI Conservative Hybrid Fund - Direct Plan - Monthly IDCW;INF789F01UK5;INF789F01UL3;14.8911;14.8911;14.8911;28-Dec-2015
120790;UTI Conservative Hybrid Fund - Direct Plan - Monthly Payment Option;INF789F01UM1;;31.9175;31.9175;0;28-Dec-2015
102534;UTI Conservative Hybrid Fund - Regular Plan - Flexi IDCW;INF789F01877;INF789F01885;30.8562;30.8562;30.8562;28-Dec-2015
102535;UTI Conservative Hybrid Fund - Regular Plan - Growth Option;INF789F01893;;31.8906;31.8906;31.8906;28-Dec-2015
102536;UTI Conservative Hybrid Fund - Regular Plan - Monthly IDCW;INF789F01901;INF789F01919;14.6085;14.6085;14.6085;28-Dec-2015

Open Ended Schemes ( Hybrid Scheme - Balanced Hybrid Fund )


Nippon India Mutual Fund
118738;NIPPON INDIA BALANCED ADVANTAGE FUND - DIRECT Plan - IDCW Option;INF204K01G78;INF204K01G86;28.0383;27.7579;28.0383;28-Dec-2015
118736;Nippon India Balanced Advantage Fund - Direct Plan Growth Plan - Growth Option;INF204K01G94;;66.0187;65.3585;66.0187;28-Dec-2015
102848;NIPPON INDIA BALANCED ADVANTAGE FUND - IDCW Option;INF204K01570;INF204K01588;25.3930;25.1391;25.3930;28-Dec-2015
102847;Nippon India Balanced Advantage Fund-Growth Plan-Bonus Option;INF204K01596;;64.9206;64.2714;64.9206;28-Dec-2015
102846;Nippon India Balanced Advantage Fund-Growth Plan-Growth Option;INF204K01604;;64.9206;64.2714;64.9206;28-Dec-2015

Sundaram Mutual Fund
119542;Sundaram Equity Hybrid Fund Direct Plan - Growth;INF903J01MP0;;63.5390;62.9036;63.5390;28-Dec-2015
119545;Sundaram Equity Hybrid Fund Direct Plan - Income Distribution cum Capital Withdrawal (IDCW);INF903J01MN5;INF903J01MO3;13.8887;13.7498;13.8887;28-Dec-2015
111924;Sundaram Equity Hybrid Fund Institutional Plan - Income Distribution cum Capital Withdrawal (IDCW);INF903J01751;INF903J01769;14.5730;14.4273;14.5730;28-Dec-2015
100617;Sundaram Equity Hybrid Fund Regular Plan - Growth;INF903J01744;;62.6109;61.9848;62.6109;28-Dec-2015
101472;Sundaram Equity Hybrid Fund Regular Plan - Income Distribution cum Capital Withdrawal (IDCW);INF903J01728;INF903J01736;13.6463;13.5098;13.6463;28-Dec-2015

Open Ended Schemes ( Hybrid Scheme - Aggressive Hybrid Fund )


Aditya Birla Sun Life Mutual Fund
120517;Aditya Birla Sun Life Equity Hybrid'95 Fund - Direct Plan-Growth;INF209K01ZC0;;576.06;570.30;576.06;28-Dec-2015
103155;Aditya Birla Sun Life Equity Hybrid'95 Fund - Regular Plan-Growth;INF209K01BT5;;561.66;556.04;561.66;28-Dec-2015
120518;Aditya Birla Sun Life Equity Hybrid'95 Fund -DIRECT - IDCW;INF209KA1LH3;INF209K01ZB2;171.48;169.77;171.48;28-Dec-2015
103154;Aditya Birla Sun Life Equity Hybrid'95 Fund -Regular - IDCW;INF209K01BS7;INF209K01EE1;135.47;134.12;135.47;28-Dec-2015

Baroda BNP Paribas Mutual Fund
101912;BARODA  HYBRID EQUITY FUND - Plan A - Growth Option;INF955L01708;;42.45;42.03;42.45;28-Dec-2015
101913;BARODA HYBRID EQUITY FUND - Plan A - IDCW Option;INF955L01682;INF955L01690;19.36;19.17;19.36;28-Dec-2015
119326;BARODA HYBRID EQUITY FUND - Plan B (Direct) - Growth Option;INF955L01948;;43.74;43.30;43.74;28-Dec-2015
119325;BARODA HYBRID EQUITY FUND - Plan B (Direct) - IDCW Option;INF955L01922;;20.22;20.02;20.22;28-Dec-2015
125112;Baroda Pioneer Hybrid Equity Fund - Plan A - Bonus Option;INF955L01DB5;;42.45;42.03;42.45;28-Dec-2015

Canara Robeco Mutual Fund
118272;CANARA ROBECO EQUITY HYBRID FUND - DIRECT PLAN - GROWTH OPTION;INF760K01EZ8;;115.8200;115.8200;115.8200;28-Dec-2015
118271;CANARA ROBECO EQUITY HYBRID FUND - DIRECT PLAN - MONTHLY IDCW (Payout/Reinvestment);INF760K01EX3;INF760K01EY1;79.2100;79.2100;79.2100;28-Dec-2015
106166;CANARA ROBECO EQUITY HYBRID FUND - REGULAR PLAN - GROWTH OPTION;INF760K01050;;114.6500;114.6500;114.6500;28-Dec-2015
106167;CANARA ROBECO EQUITY HYBRID FUND - REGULAR PLAN - MONTHLY IDCW (Payout/Reinvestment);INF760K01068;INF760K01076;78.3900;78.3900;78.3900;28-Dec-2015

DSP Mutual Fund
119019;DSP Aggressive Hybrid Fund - Direct Plan - Growth;INF740K01NY4;;111.349;110.236;111.349;28-Dec-2015
119020;DSP Aggressive Hybrid Fund - Direct Plan - IDCW;INF740K01NZ1;INF740K01OA2;31.849;31.531;31.849;28-Dec-2015
131086;DSP Aggressive Hybrid Fund - Direct Plan - Quarterly Dividend;INF740K010D5;INF740K011D3;11.734;11.617;11.734;28-Dec-2015
131087;DSP Aggressive Hybrid Fund - Regular Plan - Quarterly Dividend;INF740K018C0;INF740K019C8;11.560;11.444;11.560;28-Dec-2015
100081;DSP Aggressive Hybrid Fund- Regular Plan - Growth;INF740K01318;;109.309;108.216;109.309;28-Dec-2015
100082;DSP Aggressive Hybrid Fund- Regular Plan - IDCW;INF740K01326;INF740K01334;24.278;24.035;24.278;28-Dec-2015

Edelweiss Mutual Fund
118625;Edelweiss Aggressive Hybrid Fund  - Direct Plan - IDCW Option;INF754K01CB6;INF754K01CC4;17.56;17.56;17.56;28-Dec-2015
112013;Edelweiss Aggressive Hybrid Fund  - Plan B - IDCW Option;INF754K01137;INF754K01145;19.47;19.47;19.47;28-Dec-2015
112108;Edelweiss Aggressive Hybrid Fund - Regular Plan - Growth Option;INF754K01202;;19.35;19.35;19.35;28-Dec-2015
112109;Edelweiss Aggressive Hybrid Fund - Regular Plan - IDCW Option;INF754K01178;INF754K01186;17.33;17.33;17.33;28-Dec-2015
112012;Edelweiss Aggressive Hybrid Fund- Plan B-Growth Option;INF754K01160;;19.10;19.10;19.10;28-Dec-2015
118624;Edelweiss Aggressive Hybrid Fund-Direct Plan-Growth Option;INF754K01CE0;;19.55;19.55;19.55;28-Dec-2015

Franklin Templeton Mutual Fund
118546;Franklin India Equity Hybrid Fund - Direct - Growth;INF090I01FZ1;;92.3293;91.406;92.3293;28-Dec-2015
118547;Franklin India Equity Hybrid Fund - Direct - IDCW ;INF090I01GA2;INF090I01GB0;22.0607;21.8401;22.0607;28-Dec-2015
100550;Franklin India Equity Hybrid Fund - Growth Plan;INF090I01817;;90.25;89.3475;90.25;28-Dec-2015
100549;Franklin India Equity Hybrid Fund - IDCW ;INF090I01825;INF090I01833;21.5118;21.2967;21.5118;28-Dec-2015

HDFC Mutual Fund
119062;HDFC Hybrid Equity Fund - Growth Option - Direct Plan;INF179K01XZ1;;43.827;43.389;43.827;28-Dec-2015
102948;HDFC Hybrid Equity Fund - Growth Plan;INF179K01AS4;;43.089;42.658;43.089;28-Dec-2015
119061;HDFC Hybrid Equity Fund - IDCW Option - Direct Plan;INF179K01XX6;INF179K01XY4;15.177;15.025;15.177;28-Dec-2015
102947;HDFC Hybrid Equity Fund - IDCW Plan;INF179K01AQ8;INF179K01AR6;14.892;14.743;14.892;28-Dec-2015

ICICI Prudential Mutual Fund
120251;ICICI Prudential Equity & Debt Fund - Direct Plan - Growth;INF109K01Y07;;94.57;93.62;94.57;28-Dec-2015
131453;ICICI Prudential Equity & Debt Fund - Direct Plan - Half Yearly IDCW;INF109KA1Y19;INF109KA1Y01;11.09;10.98;11.09;28-Dec-2015
120252;ICICI Prudential Equity & Debt Fund - Direct Plan - Monthly IDCW;INF109K01X81;INF109K01X99;25.37;25.12;25.37;28-Dec-2015
100356;ICICI Prudential Equity & Debt Fund - Growth;INF109K01480;;92.06;91.14;92.06;28-Dec-2015
131452;ICICI Prudential Equity & Debt Fund - Half Yearly IDCW;INF109KA1X93;INF109KA1X85;11.05;10.94;11.05;28-Dec-2015
100355;ICICI Prudential Equity & Debt Fund - Monthly IDCW;INF109K01DX5;INF109K01498;22.17;21.95;22.17;28-Dec-2015

JM Financial Mutual Fund
130904;JM Aggressive Hybrid Fund (Direct) - Annual Bonus Option;INF192K01HB8;;38.1357;38.1357;38.1357;28-Dec-2015
131477;JM Aggressive Hybrid Fund (Direct) - Annual IDCW;INF192K01HJ1;INF192K01HK9;27.0043;27.0043;27.0043;28-Dec-2015
133401;JM Aggressive Hybrid Fund (Direct) - Bonus Option - Principal Units;INF192K01GP0;;38.4007;38.4007;38.4007;28-Dec-2015
120484;JM Aggressive Hybrid Fund (Direct) - Growth Option;INF192K01BQ9;;38.2270;38.2270;38.2270;28-Dec-2015
133409;JM Aggressive Hybrid Fund (Direct) - Half Yearly Bonus Option - Principal Units;INF192K01HV6;;38.4007;38.4007;38.4007;28-Dec-2015
133402;JM Aggressive Hybrid Fund (Direct) - Half Yearly IDCW;INF192K01HH5;INF192K01HI3;27.0804;27.0804;27.0804;28-Dec-2015
120483;JM Aggressive Hybrid Fund (Direct) - IDCW;INF192K01BO4;INF192K01BP1;26.8491;26.8491;26.8491;28-Dec-2015
133412;JM Aggressive Hybrid Fund (Direct) - Monthly IDCW;INF192K01HN3;INF192K01HO1;27.0804;27.0804;27.0804;28-Dec-2015
133411;JM Aggressive Hybrid Fund (Direct) - Quarterly Bonus Option - Principal Units;INF192K01HZ7;;38.4007;38.4007;38.4007;28-Dec-2015
133406;JM Aggressive Hybrid Fund (Direct) - Quarterly IDCW;INF192K01HR4;INF192K01HS2;27.0035;27.0035;27.0035;28-Dec-2015
133407;JM Aggressive Hybrid Fund (Regular) - Annual Bonus Option - Principal Units;INF192K01GZ9;;37.0874;37.0874;37.0874;28-Dec-2015
131476;JM Aggressive Hybrid Fund (Regular) - Annual IDCW;INF192K01HF9;INF192K01HG7;26.4421;26.4421;26.4421;28-Dec-2015
133400;JM Aggressive Hybrid Fund (Regular) - Bonus Option - Principal Units;INF192K01GN5;;37.0874;37.0874;37.0874;28-Dec-2015
133403;JM Aggressive Hybrid Fund (Regular) - Half Yearly Bonus Option - Principal Units;INF192K01HT0;;37.0874;37.0874;37.0874;28-Dec-2015
133408;JM Aggressive Hybrid Fund (Regular) - Half Yearly IDCW;INF192K01HD4;INF192K01HE2;26.4403;26.4403;26.4403;28-Dec-2015
100220;JM Aggressive Hybrid Fund (Regular) - IDCW;INF192K01528;INF192K01536;10.2828;10.2828;10.2828;28-Dec-2015
133404;JM Aggressive Hybrid Fund (Regular) - Monthly IDCW;INF192K01HL7;INF192K01HM5;26.4403;26.4403;26.4403;28-Dec-2015
133410;JM Aggressive Hybrid Fund (Regular) - Quarterly Bonus Option - Principal Units;INF192K01HX2;;37.0874;37.0874;37.0874;28-Dec-2015
133405;JM Aggressive Hybrid Fund (Regular) - Quarterly IDCW;INF192K01HP8;INF192K01HQ6;17.5223;17.5223;17.5223;28-Dec-2015
100221;JM Aggressive Hybrid Fund (Regular) -Growth Option;INF192K01544;;36.7655;36.7655;36.7655;28-Dec-2015

Kotak Mahindra Mutual Fund
133036;Kotak Equity Hybrid - Growth;INF174K01E92;;18.271;18.088;18.271;28-Dec-2015
133035;Kotak Equity Hybrid - Growth - Direct;INF174K01F00;;18.819;18.631;18.819;28-Dec-2015
119767;Kotak Equity Hybrid - Payout of Income Distribution cum  capital withdrawal option - Direct;INF174K01LL7;INF174K01LM5;15.223;15.071;15.223;28-Dec-2015
100286;Kotak Equity Hybrid - Payout of Income Distribution cum capital withdrawal option;INF174K01450;INF174K01443;14.714;14.567;14.714;28-Dec-2015

L&T Mutual Fund
133871;L&T Hybrid Equity Fund - Direct Plan - Annual IDCW;INF917K01TY5;INF917K01TX7;10.687;10.580;10.687;28-Dec-2015
119348;L&T Hybrid Equity Fund - Direct Plan -IDCW;INF917K01LD6;;18.734;18.547;18.734;28-Dec-2015
119347;L&T Hybrid Equity Fund - Direct Plan-Growth;INF917K01LE4;;20.394;20.190;20.394;28-Dec-2015
133870;L&T Hybrid Equity Fund - Regular Plan- Annual IDCW;INF917K01TW9;INF917K01TV1;10.589;10.483;10.589;28-Dec-2015
118191;L&T Hybrid Equity Fund- Regular Plan - Growth;INF917K01LB0;;19.831;19.633;19.831;28-Dec-2015
118192;L&T Hybrid Equity Fund- Regular Plan - IDCW;INF917K01KZ1;INF917K01LA2;17.689;17.512;17.689;28-Dec-2015

LIC Mutual Fund
120261;LIC MF Aggressive Hybrid Fund-Direct Plan-Growth;INF767K01ED0;;81.4686;80.6539;81.4686;28-Dec-2015
120260;LIC MF Aggressive Hybrid Fund-Direct Plan-IDCW;INF767K01EC2;INF767K01EE8;13.8036;13.6656;13.8036;28-Dec-2015
100323;LIC MF Aggressive Hybrid Fund-Regular Plan-Growth;INF767K01030;;79.9701;79.1704;79.9701;28-Dec-2015
100321;LIC MF Aggressive Hybrid Fund-Regular Plan-IDCW;INF767K01022;INF767K01014;13.5472;13.4117;13.5472;28-Dec-2015

Mirae Asset Mutual Fund
134813;Mirae Asset Aggressive Hybrid Fund - Direct Plan - Growth;INF769K01DH9;;10.010;9.810;10.010;28-Dec-2015
134814;Mirae Asset Aggressive Hybrid Fund - Direct Plan - IDCW;INF769K01DI7;INF769K01DJ5;10.010;9.810;10.010;28-Dec-2015
134815;Mirae Asset Aggressive Hybrid Fund - Regular Plan - Growth;INF769K01DE6;;9.949;9.750;9.949;28-Dec-2015
134816;Mirae Asset Aggressive Hybrid Fund - Regular Plan - IDCW;INF769K01DF3;INF769K01DG1;9.949;9.750;9.949;28-Dec-2015

Nippon India Mutual Fund
118794;Nippon India Equity Hybrid Fund  - Direct Plan Growth Plan;INF204K01B08;;42.0753;41.6545;42.0753;28-Dec-2015
118793;NIPPON INDIA EQUITY HYBRID FUND - DIRECT Plan - IDCW Option;INF204K01B16;INF204K01B24;20.4837;20.2789;20.4837;28-Dec-2015
122766;NIPPON INDIA EQUITY HYBRID FUND - DIRECT Plan - QUARTERLY IDCW Option;INF204K011R2;INF204K012R0;14.1957;14.0537;14.1957;28-Dec-2015
112936;Nippon India Equity Hybrid Fund - Growth Plan;INF204K01FW1;;41.0498;40.6393;41.0498;28-Dec-2015
112937;NIPPON INDIA EQUITY HYBRID FUND - IDCW Option;INF204K01FX9;INF204K01FY7;17.6252;17.4489;17.6252;28-Dec-2015
122765;NIPPON INDIA EQUITY HYBRID FUND - QUARTERLY IDCW Option;INF204K013R8;INF204K014R6;14.3554;14.2118;14.3554;28-Dec-2015

Principal Mutual Fund
119484;Principal Hybrid Equity Fund- Direct Plan - Growth Option;INF173K01FE6;;52.08;51.56;52.08;28-Dec-2015
101266;Principal Hybrid Equity Fund- Monthly Income Distribution CUM Capital Withdrawal;INF173K01CI4;INF173K01CJ2;22.65;22.42;22.65;28-Dec-2015
119485;Principal Hybrid Equity Fund-Direct Plan - Monthly Income Distribution CUM Capital Withdrawal Option;INF173K01FB2;INF173K01FC0;25.05;24.80;25.05;28-Dec-2015
101265;Principal Hybrid Equity Fund-Growth;INF173K01CL8;;50.84;50.33;50.84;28-Dec-2015

quant Mutual Fund
101070;quant Absolute Fund - Growth Option - Regular Plan;INF966L01267;;102.2109;101.1888;102.2109;28-Dec-2015
120819;quant Absolute Fund-Growth Option-Direct Plan;INF966L01556;;102.6278;101.6015;102.6278;28-Dec-2015
101069;quant Absolute Fund-IDCW Option - Regular Plan;INF966L01242;INF966L01259;17.6767;17.4999;17.6767;28-Dec-2015
120818;quant Absolute Fund-IDCW Option-Direct Plan;INF966L01531;INF966L01549;17.8368;17.6584;17.8368;28-Dec-2015

SBI Mutual Fund
119609;SBI EQUITY HYBRID FUND - DIRECT PLAN - Growth;INF200K01RY0;;98.8213;97.8331;98.8213;28-Dec-2015
119604;SBI Equity Hybrid Fund - Direct Plan - Income Distribution cum Capital Withdrawal Option (IDCW);INF200K01RW4;INF200K01RX2;38.137;37.7556;38.137;28-Dec-2015
101551;SBI Equity Hybrid Fund - Regular Plan - Income Distribution cum Capital Withdrawal Option (IDCW);INF200K01115;INF200K01123;27.1018;26.8308;27.1018;28-Dec-2015
102885;SBI EQUITY HYBRID FUND - REGULAR PLAN -Growth;INF200K01107;;96.6653;95.6986;96.6653;28-Dec-2015

Shriram Mutual Fund
125711;Shriram Aggressive Hybrid Fund- Direct Growth;INF680P01042;;12.9963;12.8663;12.9963;28-Dec-2015
125712;Shriram Aggressive Hybrid Fund- Direct- IDCW;INF680P01059;INF680P01067;10.3727;10.269;10.3727;28-Dec-2015
125713;Shriram Aggressive Hybrid Fund- Regular Growth;INF680P01018;;12.8461;12.7176;12.8461;28-Dec-2015
125714;Shriram Aggressive Hybrid Fund- Regular-IDCW;INF680P01026;INF680P01034;10.2696;10.1669;10.2696;28-Dec-2015

Tata Mutual Fund
119053;Tata Hybrid Equity Fund -Direct Plan- Growth Option;INF277K01MN2;;171.6131;169.8970;171.6131;28-Dec-2015
119057;Tata Hybrid Equity Fund- Direct Plan - Monthly Payout of IDCW Option;INF277K01MO0;INF277K01MP7;67.0660;66.3953;67.0660;28-Dec-2015
119058;Tata Hybrid Equity Fund- Direct Plan - Periodic Payout of IDCW Option;INF277K01ML6;INF277K01MM4;79.2467;78.4542;79.2467;28-Dec-2015
100414;Tata Hybrid Equity Fund- Regular Plan - Growth Option;INF277K01303;;168.7692;167.0815;168.7692;28-Dec-2015
113134;Tata Hybrid Equity Fund- Regular Plan - Monthly Payout of IDCW Option;INF277K01CS2;INF277K01CW4;65.7603;65.1027;65.7603;28-Dec-2015
101222;Tata Hybrid Equity Fund- Regular Plan - Periodic Payout of IDCW Option;INF277K01DB6;INF277K01295;77.7338;76.9565;77.7338;28-Dec-2015

UTI Mutual Fund
120673;UTI Aggressive Hybrid Fund - Direct Plan - IDCW;INF789F01SI3;INF789F01SJ1;28.2609;28.2609;28.26;28-Dec-2015
100684;UTI Aggressive Hybrid Fund - Regular Plan - Growth;INF789F01323;;126.8864;126.8864;126.89;28-Dec-2015
100685;UTI Aggressive Hybrid Fund - Regular Plan - IDCW;INF789F01307;INF789F01315;27.9529;27.9529;27.95;28-Dec-2015
120674;UTI Aggressive Hybrid Fund -Direct Plan - Growth;INF789F01SK9;;128.1198;128.1198;128.12;28-Dec-2015

Open Ended Schemes ( Hybrid Scheme - Dynamic Asset Allocation or Balanced Advantage )


Aditya Birla Sun Life Mutual Fund
131670;Aditya Birla Sun Life Balanced Advantage Fund - Direct Plan - Growth Option;INF084M01DJ5;;38.52;38.13;38.52;28-Dec-2015
131666;Aditya Birla Sun Life Balanced Advantage Fund - Regular Plan - Growth Option;INF084M01AB8;;37.66;37.28;37.66;28-Dec-2015
131671;Aditya Birla Sun Life Balanced Advantage Fund -DIRECT - IDCW;INF084M01DK3;INF084M01DL1;18.21;18.03;18.21;28-Dec-2015
131665;Aditya Birla Sun Life Balanced Advantage Fund -REGULAR - IDCW;INF084M01AC6;INF084M01AD4;17.76;17.58;17.76;28-Dec-2015

Bandhan Mutual Fund
131355;BANDHAN Balanced Advantage Fund Direct Plan Growth;INF194KA1UH1;;10.7275;10.7275;10.7275;28-Dec-2015
131356;BANDHAN Balanced Advantage Fund Direct Plan IDCW;INF194KA1UI9;INF194KA1UJ7;10.6163;10.6163;10.6163;28-Dec-2015
131357;BANDHAN Balanced Advantage Fund Regular Plan Growth;INF194KA1UE8;;10.5450;10.5450;10.5450;28-Dec-2015
131354;BANDHAN Balanced Advantage Fund Regular Plan IDCW;INF194KA1UF5;INF194KA1UG3;10.4441;10.4441;10.4441;28-Dec-2015

Bank of India Mutual Fund
127852;BANK OF INDIA BALANCED ADVANTAGE FUND  DIRECT PLAN IDCW;INF761K01BM0;INF761K01BN8;11.8869;11.8869;11.8869;28-Dec-2015
127851;BANK OF INDIA BALANCED ADVANTAGE FUND  REGULAR PLAN IDCW;INF761K01BP3;INF761K01BQ1;10.7110;10.7110;10.7110;28-Dec-2015
127850;BANK OF INDIA BALANCED ADVANTAGE FUND DIRECT PLAN  GROWTH;INF761K01BO6;;12.6125;12.6125;12.6125;28-Dec-2015
127849;BANK OF INDIA BALANCED ADVANTAGE FUND REGULAR PLAN  GROWTH;INF761K01BR9;;12.5317;12.5317;12.5317;28-Dec-2015

DSP Mutual Fund
126393;DSP Dynamic Asset Allocation Fund - Direct Plan - Growth;INF740K01K81;;12.0144;11.8943;12.0144;28-Dec-2015
126391;DSP Dynamic Asset Allocation Fund - Direct Plan - IDCW - Monthly;INF740K01K99;INF740K01L07;10.2600;10.1574;10.2600;28-Dec-2015
126394;DSP Dynamic Asset Allocation Fund - Regular Plan - Growth;INF740K01K57;;11.8155;11.6973;11.8155;28-Dec-2015
126392;DSP Dynamic Asset Allocation Fund - Regular Plan - IDCW - Monthly;INF740K01K65;INF740K01K73;10.0763;9.9755;10.0763;28-Dec-2015

Edelweiss Mutual Fund
118614;Edelweiss Balanced Advantage Fund - Direct Plan - Quarterly - IDCW Option;INF754K01BP8;INF754K01BQ6;14.39;14.25;14.39;28-Dec-2015
112117;Edelweiss Balanced Advantage Fund - Regular Plan - Growth Option;INF754K01285;;18.37;18.19;18.37;28-Dec-2015
112118;Edelweiss Balanced Advantage Fund - Regular Plan - Quarterly - IDCW Option;INF754K01251;INF754K01269;12.97;12.84;12.97;28-Dec-2015
118615;Edelweiss Balanced Advantage Fund -Direct Plan-Growth Option;INF754K01BS2;;18.63;18.44;18.63;28-Dec-2015

HDFC Mutual Fund
100119;HDFC Balanced Advantage Fund - Growth Plan;INF179K01830;;131.665;130.348;131.665;28-Dec-2015
118968;HDFC Balanced Advantage Fund - Growth Plan - Direct Plan;INF179K01WA6;;133.562;132.226;133.562;28-Dec-2015
100120;HDFC Balanced Advantage Fund - IDCW Plan;INF179K01814;INF179K01822;29.870;29.571;29.870;28-Dec-2015
118969;HDFC Balanced Advantage Fund - IDCW Plan - Direct Plan;INF179K01VY8;INF179K01VZ5;30.350;30.047;30.350;28-Dec-2015

HSBC Mutual Fund
106671;HSBC Dynamic Asset Allocation Fund - Dividend;INF336L01404;INF336L01396;13.3588;13.3588;13.3588;28-Dec-2015
106670;HSBC Dynamic Asset Allocation Fund - Growth;INF336L01412;;13.3588;13.3588;13.3588;28-Dec-2015
120041;HSBC Dynamic Asset Allocation Fund-Dividend Direct;INF336L01CE4;INF336L01CF1;13.6493;13.6493;13.6493;28-Dec-2015
120042;HSBC Dynamic Asset Allocation Fund-Growth Direct;INF336L01CG9;;13.6493;13.6493;13.6493;28-Dec-2015

ICICI Prudential Mutual Fund
120377;ICICI Prudential Balanced Advantage Fund - Direct Plan -  Growth;INF109K012B0;;27.05;26.78;27.05;28-Dec-2015
120376;ICICI Prudential Balanced Advantage Fund - Direct Plan -  IDCW;INF109K010B4;INF109K011B2;17.86;17.68;17.86;28-Dec-2015
122236;ICICI Prudential Balanced Advantage Fund - Direct Plan - Monthly IDCW;INF109K016W7;INF109K015W9;13.90;13.76;13.90;28-Dec-2015
131451;ICICI Prudential Balanced Advantage Fund - Direct Plan - Quarterly IDCW;INF109KA1Y50;INF109KA1Y43;10.95;10.84;10.95;28-Dec-2015
104685;ICICI Prudential Balanced Advantage Fund - Growth;INF109K01BH2;;26.25;25.99;26.25;28-Dec-2015
104686;ICICI Prudential Balanced Advantage Fund - IDCW;INF109K01EG8;INF109K01BG4;15.51;15.35;15.51;28-Dec-2015
122168;ICICI Prudential Balanced Advantage Fund - Monthly IDCW;INF109K018W3;INF109K017W5;13.47;13.34;13.47;28-Dec-2015
131450;ICICI Prudential Balanced Advantage Fund - Quarterly IDCW;INF109KA1Y35;INF109KA1Y27;10.73;10.62;10.73;28-Dec-2015

Invesco Mutual Fund
120333;Invesco India Balanced Advantage Fund - Direct Plan - Growth;INF205K01LN5;;22.45;22.23;22.45;28-Dec-2015
120332;Invesco India Balanced Advantage Fund - Direct Plan - IDCW (Payout / Reinvestment);INF205K01LL9;INF205K01LM7;18.51;18.32;18.51;28-Dec-2015
106317;Invesco India Balanced Advantage Fund - Growth;INF205K01213;;21.57;21.35;21.57;28-Dec-2015
106316;Invesco India Balanced Advantage Fund - IDCW (Payout / Reinvestment);INF205K01239;INF205K01221;18.44;18.26;18.44;28-Dec-2015

L&T Mutual Fund
119298;L&T Balanced Advantage Fund-Direct Plan-Growth;INF917K01IN1;;20.437;20.233;20.437;28-Dec-2015
119297;L&T Balanced Advantage Fund-Direct Plan-IDCW;INF917K01IM3;INF917K01IL5;18.960;18.770;18.960;28-Dec-2015
118194;L&T Balanced Advantage Fund-Regular Plan-Growth;INF917K01KY4;;19.920;19.721;19.920;28-Dec-2015
118193;L&T Balanced Advantage Fund-Regular Plan-IDCW;INF917K01KW8;INF917K01KX6;18.455;18.270;18.455;28-Dec-2015

Principal Mutual Fund
119482;Principal Balanced Advantage Fund - Direct Plan - Growth Option;INF173K01FI7;;17.14;16.97;17.14;28-Dec-2015
119483;Principal Balanced Advantage Fund - Direct Plan - Monthly Income Distribution CUM Capital Withdrawal Option;INF173K01FF3;INF173K01FG1;16.35;16.19;16.35;28-Dec-2015
114301;Principal Balanced Advantage Fund - Growth Option;INF173K01585;;16.72;16.55;16.72;28-Dec-2015
114302;Principal Balanced Advantage Fund - Monthly Income Distribution CUM Capital Withdrawal Option;INF173K01551;INF173K01569;15.13;14.98;15.13;28-Dec-2015

SBI Mutual Fund
134110;SBI Dynamic Asset Allocation Fund - Direct Plan - Growth;INF200KA1671;;9.9747;9.875;9.9747;28-Dec-2015
134109;SBI Dynamic Asset Allocation Fund - Regular Plan - Growth;INF200KA1648;;9.9324;9.8331;9.9324;28-Dec-2015
134111;SBI Dynamic Asset Allocation Fund- Direct Plan - Income Distribution cum Capital Withdrawal Option (IDCW);INF200KA1689;INF200KA1697;9.9744;9.8747;9.9744;28-Dec-2015
134108;SBI Dynamic Asset Allocation Fund- Regular Plan - Income Distribution cum Capital Withdrawal Option (IDCW);INF200KA1655;INF200KA1663;9.9324;9.8331;9.9324;28-Dec-2015

UTI Mutual Fund
100646;UTI - Unit Linked Insurance Plan;;;19.6801;19.6801;19.6801;28-Dec-2015
120784;UTI - Unit Linked Insurance Plan- Direct;;;19.9728;19.9728;19.9728;28-Dec-2015

Open Ended Schemes ( Hybrid Scheme - Multi Asset Allocation )


Axis Mutual Fund
120524;Axis Multi Asset Allocation Fund - Direct Plan - Growth Option;INF846K01EV4;;15.2358;15.0834;15.2358;28-Dec-2015
120523;Axis Multi Asset Allocation Fund - Direct Plan - Monthly IDCW;INF846K01ET8;INF846K01EU6;13.1191;12.9879;13.1191;28-Dec-2015
113064;Axis Multi Asset Allocation Fund - Regular Plan - Growth Option;INF846K01768;;14.7803;14.6325;14.7803;28-Dec-2015
113065;Axis Multi Asset Allocation Fund - Regular Plan - Monthly IDCW;INF846K01776;INF846K01784;12.0550;11.9345;12.0550;28-Dec-2015

HDFC Mutual Fund
103131;HDFC Multi-Asset Fund - Growth Option;INF179K01AP0;;25.6462;25.3897;25.6462;28-Dec-2015
119131;HDFC Multi-Asset Fund - Growth Option - Direct Plan;INF179K01XW8;;26.1044;25.8434;26.1044;28-Dec-2015
103130;HDFC Multi-Asset Fund - IDCW Option;INF179K01AN5;INF179K01AO3;12.0429;11.9225;12.0429;28-Dec-2015
119130;HDFC Multi-Asset Fund - IDCW Option - Direct Plan;INF179K01XU2;INF179K01XV0;12.6932;12.5663;12.6932;28-Dec-2015

ICICI Prudential Mutual Fund
120334;ICICI Prudential Multi-Asset Fund - Direct Plan - Growth;INF109K015K4;;186.9149;185.0458;186.9149;28-Dec-2015
120335;ICICI Prudential Multi-Asset Fund - Direct Plan - IDCW;INF109K013K9;INF109K014K7;22.0277;21.8074;22.0277;28-Dec-2015
101144;ICICI Prudential Multi-Asset Fund - Growth;INF109K01761;;182.7527;180.9252;182.7527;28-Dec-2015
101143;ICICI Prudential Multi-Asset Fund - IDCW;INF109K01ED5;INF109K01779;20.5363;20.3309;20.5363;28-Dec-2015
115269;ICICI Prudential Multi-Asset Fund- Institutional Growth Option;INF109K01TN2;;17.6287;17.4524;17.6287;28-Dec-2015
104898;ICICI Prudential Multi-Asset Fund-Institutional Option - I;INF109K01787;;29.9894;29.6895;29.9894;28-Dec-2015

Navi Mutual Fund
119174;Navi 3 IN 1 FUND - Direct Plan Monthly IDCW Payout;INF959L01551;INF959L01569;14.7925;14.7925;14.7925;28-Dec-2015
119175;Navi 3 IN 1 FUND - Direct Plan Quarterly IDCW Payout;INF959L01577;INF959L01585;14.7621;14.7621;14.7621;28-Dec-2015
114854;Navi 3 IN 1 FUND - MONTHLY IDCW Payout;INF959L01023;INF959L01049;14.4622;14.4622;14.4622;28-Dec-2015
115101;Navi 3 IN 1 FUND - QUARTERLY IDCW Payout;INF959L01031;INF959L01056;14.4557;14.4557;14.4557;28-Dec-2015
119176;Navi 3 in 1 Fund-Direct Plan-Growth Option;INF959L01544;;14.9005;14.9005;14.9005;28-Dec-2015
114855;Navi 3 in 1 Fund-Growth;INF959L01015;;14.4579;14.4579;14.4579;28-Dec-2015

quant Mutual Fund
120820;quant Multi Asset Fund - IDCW Option - Direct Plan;INF966L01564;INF966L01572;27.5044;27.3669;27.5044;28-Dec-2015
101071;quant Multi Asset Fund - IDCW Option - Regular Plan;INF966L01184;INF966L01192;27.5044;27.3669;27.5044;28-Dec-2015
101072;quant Multi Asset Fund-GROWTH OPTION - Regular Plan;INF966L01200;;30.0460;29.8958;30.0460;28-Dec-2015
120821;quant Multi Asset Fund-GROWTH OPTION-Direct Plan;INF966L01580;;30.0460;29.8958;30.0460;28-Dec-2015

SBI Mutual Fund
119840;SBI Multi Asset Allocation Fund - Direct Plan - Annual Income Distribution cum Capital Withdrawal Option (IDCW);INF200K01TX8;INF200K01TY6;15.1521;15.0006;15.1521;28-Dec-2015
119843;SBI MULTI ASSET ALLOCATION FUND - DIRECT PLAN - GROWTH;INF200K01TZ3;;21.8223;21.6041;21.8223;28-Dec-2015
119841;SBI Multi Asset Allocation Fund - Direct Plan - Monthly Income Distribution cum Capital Withdrawal Option (IDCW);INF200K01UA4;INF200K01UB2;12.0744;11.9537;12.0744;28-Dec-2015
119842;SBI Multi Asset Allocation Fund - Direct Plan - Quarterly Income Distribution cum Capital Withdrawal Option (IDCW);INF200K01UC0;INF200K01UD8;12.8338;12.7055;12.8338;28-Dec-2015
103409;SBI Multi Asset Allocation Fund - Regular Plan - Annual Income Distribution cum Capital Withdrawal Option (IDCW);INF200K01784;INF200K01792;14.9094;14.7603;14.9094;28-Dec-2015
103408;SBI MULTI ASSET ALLOCATION FUND - REGULAR PLAN - GROWTH;INF200K01800;;21.4759;21.2611;21.4759;28-Dec-2015
103400;SBI Multi Asset Allocation Fund - Regular Plan - Monthly Income Distribution cum Capital Withdrawal Option (IDCW);INF200K01818;INF200K01826;11.9209;11.8017;11.9209;28-Dec-2015
103401;SBI Multi Asset Allocation Fund - Regular Plan - Quarterly Income Distribution cum Capital Withdrawal Option (IDCW);INF200K01834;INF200K01842;12.0964;11.9754;12.0964;28-Dec-2015

Sundaram Mutual Fund
119573;Sundaram Multi Asset Fund Direct Dividend;INF903J01NO1;INF903J01NP8;11.8645;11.7459;11.8645;28-Dec-2015
119572;Sundaram Multi Asset Fund Direct Growth;INF903J01NQ6;;12.9015;12.7725;12.9015;28-Dec-2015
115242;Sundaram Multi Asset Fund Dividend Payout;INF903J01CL0;INF903J01CM8;11.6484;11.5319;11.6484;28-Dec-2015
115241;Sundaram Multi Asset Fund Growth;INF903J01CK2;;12.6533;12.5268;12.6533;28-Dec-2015

Union Mutual Fund
119328;Union Asset Allocation Fund - Direct Plan - Dividend Option;INF582M01948;INF582M01930;13.0180;12.9529;13.0180;28-Dec-2015
119327;Union Asset Allocation Fund - Direct Plan - Growth Option;INF582M01922;;13.0180;12.9529;13.0180;28-Dec-2015
117394;Union Asset Allocation Fund - Dividend Option;INF582M01484;INF582M01476;12.7688;12.7050;12.7688;28-Dec-2015
117393;Union Asset Allocation Fund - Growth Option;INF582M01468;;12.7688;12.7050;12.7688;28-Dec-2015

UTI Mutual Fund
120760;UTI Multi Asset Allocation Fund - Direct Plan - Growth Option;INF789F01VE6;;27.3046;27.3046;27.3;28-Dec-2015
120761;UTI Multi Asset Allocation Fund - Direct Plan - IDCW;INF789F01VC0;INF789F01VD8;16.7934;16.7934;16.79;28-Dec-2015
111599;UTI Multi Asset Allocation Fund - Regular Plan - Growth Option;INF789F01AP6;;26.8002;26.8002;26.8;28-Dec-2015
111602;UTI Multi Asset Allocation Fund - Regular Plan - IDCW;INF789F01AN1;INF789F01AO9;16.436;16.436;16.44;28-Dec-2015

Open Ended Schemes ( Hybrid Scheme - Arbitrage Fund )


Aditya Birla Sun Life Mutual Fund
119526;Aditya Birla Sun Life Arbitrage Fund - Growth - Direct Plan;INF209K01VP1;;15.8586;15.7793;15.8586;28-Dec-2015
112088;Aditya BIRLA SUN LIFE ARBITRAGE FUND - REGULAR PLAN - GROWTH;INF209K01264;;15.6491;15.5709;15.6491;28-Dec-2015
119525;Aditya Birla Sun Life Arbitrage Fund-DIRECT - IDCW;INF209K01P80;INF209K01VQ9;11.0399;10.9847;11.0399;28-Dec-2015
112087;Aditya Birla Sun Life Arbitrage Fund-Regular - IDCW;INF209K01256;INF209K01CI6;10.8981;10.8436;10.8981;28-Dec-2015

Axis Mutual Fund
130773;Axis Arbitrage Fund - Direct Plan - Growth;INF846K01PZ1;;11.1681;11.1402;11.1681;28-Dec-2015
130774;Axis Arbitrage Fund - Direct Plan - Monthly IDCW;INF846K01QA2;INF846K01QB0;10.6858;10.6591;10.6858;28-Dec-2015
130771;Axis Arbitrage Fund - Regular Plan - Growth;INF846K01QC8;;11.0373;11.0097;11.0373;28-Dec-2015
130776;Axis Arbitrage Fund - Regular Plan - Monthly IDCW;INF846K01QD6;INF846K01QE4;10.4682;10.4420;10.4682;28-Dec-2015

Bandhan Mutual Fund
108844;BANDHAN Arbitrage Fund - Plan B - Dividend;INF194K01623;INF194K01631;14.6102;14.6102;14.6102;28-Dec-2015
108846;BANDHAN Arbitrage Fund - Plan B - Growth;INF194K01615;;19.8524;19.8524;19.8524;28-Dec-2015
133680;BANDHAN Arbitrage Fund - Regular Plan - Annual IDCW;INF194KA1YD2;INF194KA1YE0;10.6549;10.6549;10.6549;28-Dec-2015
108845;BANDHAN Arbitrage Fund - Regular Plan - Growth;INF194K01649;;19.2313;19.2313;19.2313;28-Dec-2015
108847;BANDHAN Arbitrage Fund - Regular Plan - Monthly IDCW;INF194K01656;INF194K01664;12.6018;12.6018;12.6018;28-Dec-2015
118474;BANDHAN Arbitrage Fund-Direct Plan- Growth;INF194K01Y60;;19.5059;19.5059;19.5059;28-Dec-2015
133679;BANDHAN Arbitrage Fund-Direct Plan-Annual IDCW;INF194KA1YG5;INF194KA1YH3;10.7018;10.7018;10.7018;28-Dec-2015
118475;BANDHAN Arbitrage Fund-Direct Plan-Monthly IDCW;INF194K01Y78;INF194K01Y86;12.9141;12.9141;12.9141;28-Dec-2015

Edelweiss Mutual Fund
130209;Edelweiss Arbitrage Fund - Direct Plan - IDCW Option;INF754K01EB2;INF754K01EC0;10.3513;10.3513;10.3513;28-Dec-2015
130207;Edelweiss Arbitrage Fund - Regular Plan - IDCW Option;INF754K01EG1;INF754K01EH9;10.3383;10.3383;10.3383;28-Dec-2015
130206;Edelweiss Arbitrage Fund- Direct Plan- Growth Option;INF754K01EA4;;11.3282;11.3282;11.3282;28-Dec-2015
130208;Edelweiss Arbitrage Fund- Regular Plan -Bonus Option;INF754K01EJ5;;11.2712;11.2712;11.2712;28-Dec-2015
130205;Edelweiss Arbitrage Fund- Regular Plan- Growth Option;INF754K01EF3;;11.2712;11.2712;11.2712;28-Dec-2015

Groww Mutual Fund
133181;Groww Arbitrage Fund (formerly known as Indiabulls Arbitrage Fund) - Direct Plan - Growth Option;INF666M01AW8;;10.9134;10.8861;10.9134;28-Dec-2015
133184;Groww Arbitrage Fund (formerly known as Indiabulls Arbitrage Fund) - Regular Plan - Growth Option;INF666M01BA2;;10.8370;10.8099;10.8370;28-Dec-2015
133182;Indiabulls Arbitrage Fund - Direct Plan - Dividend Option;;;10.4526;10.4265;10.4526;28-Dec-2015
133185;Indiabulls Arbitrage Fund - Regular Plan - Dividend Option;;;10.3774;10.3515;10.3774;28-Dec-2015

HDFC Mutual Fund
118931;HDFC ARBITRAGE FUND - Growth Option - Direct Plan;INF179K01UU8;;18.096;18.051;18.096;28-Dec-2015
118930;HDFC ARBITRAGE FUND - Quarterly IDCW Option - Direct Plan;INF179K01UV6;INF179K01UW4;13.712;13.678;13.712;28-Dec-2015
106796;HDFC ARBITRAGE FUND - Retail Growth Option;INF179K01319;;17.918;17.873;17.918;28-Dec-2015
106799;HDFC ARBITRAGE FUND - Retail IDCW Option;;;13.306;13.273;13.306;28-Dec-2015
106797;HDFC ARBITRAGE FUND - Retail Quarterly IDCW Option;INF179K01327;;12.734;12.702;12.734;28-Dec-2015
106793;HDFC ARBITRAGE FUND - Wholesale Growth Option;INF179K01343;;18.226;18.180;18.226;28-Dec-2015
129052;HDFC ARBITRAGE FUND - Wholesale Growth Option - Direct Plan;INF179KA1KT6;;11.414;11.385;11.414;28-Dec-2015
106795;HDFC ARBITRAGE FUND - Wholesale IDCW Option;INF179KA1KM1;INF179KA1KL3;10.476;10.450;10.476;28-Dec-2015
129053;HDFC ARBITRAGE FUND - Wholesale IDCW Option - Direct Plan;INF179KA1KQ2;INF179KA1KP4;10.633;10.606;10.633;28-Dec-2015
129054;HDFC ARBITRAGE FUND - Wholesale Monthly IDCW - Direct Plan;INF179KA1KS8;INF179KA1KR0;10.405;10.379;10.405;28-Dec-2015
129051;HDFC ARBITRAGE FUND - Wholesale Monthly IDCW Option  ;INF179KA1KO7;INF179KA1KN9;10.852;10.825;10.852;28-Dec-2015

ICICI Prudential Mutual Fund
104684;ICICI Prudential Equity - Arbitrage Fund-Institutional Growth Option;INF109K01BD1;;20.3553;20.2535;20.3553;28-Dec-2015
130898;ICICI Prudential Equity Arbitrage Fund - Bonus;INF109KA1C15;;11.0416;10.9864;11.0416;28-Dec-2015
120364;ICICI Prudential Equity Arbitrage Fund - Direct Plan - Growth;INF109K016O4;;20.3898;20.2879;20.3898;28-Dec-2015
120365;ICICI Prudential Equity Arbitrage Fund - Direct Plan - IDCW;INF109K017O2;INF109K015O6;14.2283;14.1572;14.2283;28-Dec-2015
130951;ICICI Prudential Equity Arbitrage Fund - Direct Plan Bonus;INF109KA1C07;;11.0936;11.0381;11.0936;28-Dec-2015
104683;ICICI Prudential Equity Arbitrage Fund - Growth;INF109K01BF6;;20.0913;19.9908;20.0913;28-Dec-2015
104681;ICICI Prudential Equity Arbitrage Fund - IDCW;INF109K01EF0;INF109K01BE9;13.7625;13.6937;13.7625;28-Dec-2015

Invesco Mutual Fund
130788;Invesco India Arbitrage Fund - Annual Bonus;INF205K01P50;;18.6610;18.5677;18.6610;28-Dec-2015
122785;Invesco India Arbitrage Fund - Bonus Option;INF205K01VF0;;12.4410;12.3788;12.4410;28-Dec-2015
130787;Invesco India Arbitrage Fund - Direct Plan - Annual Bonus;INF205K01P68;;18.9975;18.9025;18.9975;28-Dec-2015
122784;Invesco India Arbitrage Fund - Direct Plan - Bonus Option;INF205K01VO2;;12.6650;12.6017;12.6650;28-Dec-2015
120401;Invesco India Arbitrage Fund - Direct Plan - Growth Option;INF205K01KR8;;18.9976;18.9026;18.9976;28-Dec-2015
120400;Invesco India Arbitrage Fund - Direct Plan - IDCW (Payout / Reinvestment);INF205K01KP2;INF205K01KQ0;12.9980;12.9330;12.9980;28-Dec-2015
105603;Invesco India Arbitrage Fund - Growth Option;INF205K01122;;18.6609;18.5676;18.6609;28-Dec-2015
105604;Invesco India Arbitrage Fund - IDCW (Payout / Reinvestment);INF205K01148;INF205K01130;12.6757;12.6123;12.6757;28-Dec-2015

JM Financial Mutual Fund
133395;JM Arbitrage Fund (Direct) - Annual Bonus Option - Principal Units;INF192K01GX4;;10.5844;10.5315;10.5844;28-Dec-2015
135173;JM Arbitrage Fund (Direct) - Annual IDCW;INF192K01KY4;INF192K01KZ1;11.0961;11.0406;11.0961;28-Dec-2015
130604;JM Arbitrage Fund (Direct) - Bonus Option - Principal Units;INF192K01GL9;;11.0278;10.9727;11.0278;28-Dec-2015
120482;JM Arbitrage Fund (Direct) - Growth Option;INF192K01BN6;;20.5695;20.4667;20.5695;28-Dec-2015
133397;JM Arbitrage Fund (Direct) - Half Yearly Bonus Option - Principal Units;INF192K01ID2;;20.5501;20.4473;20.5501;28-Dec-2015
135171;JM Arbitrage Fund (Direct) - Half Yearly IDCW;INF192K01KU2;INF192K01KV0;11.0961;11.0406;11.0961;28-Dec-2015
135172;JM Arbitrage Fund (Direct) - Monthly IDCW;INF192K01KM9;INF192K01KN7;11.0806;11.0252;11.0806;28-Dec-2015
133398;JM Arbitrage Fund (Direct) - Quarterly Bonus Option - Principal Units;INF192K01IH3;;20.5501;20.4473;20.5501;28-Dec-2015
135174;JM Arbitrage Fund (Direct) - Quarterly IDCW;INF192K01KQ0;INF192K01KR8;11.0961;11.0406;11.0961;28-Dec-2015
120481;JM Arbitrage Fund (Direct)- IDCW;INF192K01BL0;INF192K01BM8;10.7356;10.6819;10.7356;28-Dec-2015
133394;JM Arbitrage Fund (Regular) - Annual Bonus Option - Principal Units;INF192K01GV8;;20.3018;20.2003;20.3018;28-Dec-2015
135167;JM Arbitrage Fund (Regular) - Annual IDCW;INF192K01KW8;INF192K01KX6;10.7871;10.7332;10.7871;28-Dec-2015
130603;JM Arbitrage Fund (Regular) - Bonus Option - Principal Units;INF192K01GJ3;;11.0102;10.9551;11.0102;28-Dec-2015
103780;JM Arbitrage Fund (Regular) - Growth Option;INF192K01510;;20.2520;20.1507;20.2520;28-Dec-2015
133399;JM Arbitrage Fund (Regular) - Half Yearly Bonus Option - Principal Units;INF192K01IB6;;20.3360;20.2343;20.3360;28-Dec-2015
135170;JM Arbitrage Fund (Regular) - Half Yearly IDCW;INF192K01KS6;INF192K01KT4;10.7871;10.7332;10.7871;28-Dec-2015
103781;JM Arbitrage Fund (Regular) - IDCW ;INF192K01494;INF192K01502;10.4280;10.3759;10.4280;28-Dec-2015
135168;JM Arbitrage Fund (Regular) - Monthly IDCW;INF192K01KK3;INF192K01KL1;10.7796;10.7257;10.7796;28-Dec-2015
133396;JM Arbitrage Fund (Regular) - Quarterly Bonus Option - Principal Units;INF192K01IF7;;20.3360;20.2343;20.3360;28-Dec-2015
135169;JM Arbitrage Fund (Regular) - Quarterly IDCW;INF192K01KO5;INF192K01KP2;10.7871;10.7332;10.7871;28-Dec-2015

Kotak Mahindra Mutual Fund
133033;Kotak Equity Arbitrage Fund -  Payout of Income Distribution cum capital withdrawal option-Bimonthly Direct;INF174K01F26;INF174K01F42;20.2767;20.1753;20.2767;28-Dec-2015
105968;Kotak Equity Arbitrage Fund - Growth;INF174K01302;;21.6673;21.559;21.6673;28-Dec-2015
119771;Kotak Equity Arbitrage Fund - Growth - Direct;INF174K01LC6;;21.9947;21.8847;21.9947;28-Dec-2015
105967;Kotak Equity Arbitrage Fund - Payout of Income Distribution cum capital withdrawal option;INF174K01328;INF174K01310;10.7925;10.7385;10.7925;28-Dec-2015
119770;Kotak Equity Arbitrage Fund - Payout of Income Distribution cum capital withdrawal option - Direct;INF174K01LE2;INF174K01LD4;10.9386;10.8839;10.9386;28-Dec-2015
133034;Kotak Equity Arbitrage Fund -Payout of Income Distribution cum capital withdrawal option Bimonthly;INF174K01F18;INF174K01F34;20.0764;19.976;20.0764;28-Dec-2015

L&T Mutual Fund
130453;L&T Arbitrage Opportunities Fund - Direct Plan - Bonus;INF917K01QW5;;11.295;11.239;11.295;28-Dec-2015
130450;L&T Arbitrage Opportunities Fund - Direct Plan - Growth;INF917K01QR5;;11.295;11.239;11.295;28-Dec-2015
130447;L&T Arbitrage Opportunities Fund - Direct Plan - Monthly IDCW;INF917K01QT1;INF917K01QS3;10.326;10.274;10.326;28-Dec-2015
130448;L&T Arbitrage Opportunities Fund - Direct Plan - Quarterly IDCW;INF917K01QV7;INF917K01QU9;10.518;10.465;10.518;28-Dec-2015
130451;L&T Arbitrage Opportunities Fund - Regular Plan - Bonus;INF917K01QQ7;;11.191;11.135;11.191;28-Dec-2015
130446;L&T Arbitrage Opportunities Fund - Regular Plan - Growth;INF917K01QL8;;11.191;11.135;11.191;28-Dec-2015
130452;L&T Arbitrage Opportunities Fund - Regular Plan - Monthly IDCW;INF917K01QN4;INF917K01QM6;10.257;10.206;10.257;28-Dec-2015
130449;L&T Arbitrage Opportunities Fund - Regular Plan - Quarterly IDCW;INF917K01QP9;INF917K01QO2;10.441;10.389;10.441;28-Dec-2015

Nippon India Mutual Fund
118587;NIPPON INDIA ARBITRAGE FUND - DIRECT Plan - IDCW Option;INF204K01YA8;INF204K01YB6;12.3055;12.2747;12.3055;28-Dec-2015
128821;NIPPON INDIA ARBITRAGE FUND - DIRECT Plan - MONTHLY IDCW Option;INF204KA1MV7;INF204KA1MW5;10.6436;10.6170;10.6436;28-Dec-2015
118585;Nippon India Arbitrage Fund - Direct Plan Growth Plan - Growth Option;INF204K01XZ7;;15.7423;15.7029;15.7423;28-Dec-2015
113345;Nippon India Arbitrage Fund - Growth Plan - Growth Option;INF204K01IY1;;15.5415;15.5026;15.5415;28-Dec-2015
113346;NIPPON INDIA ARBITRAGE FUND - IDCW Option;INF204K01IZ8;INF204K01JA9;11.9610;11.9311;11.9610;28-Dec-2015
128820;NIPPON INDIA ARBITRAGE FUND - MONTHLY IDCW Option;INF204KA1MT1;INF204KA1MU9;10.5366;10.5103;10.5366;28-Dec-2015

SBI Mutual Fund
119574;SBI Arbitrage Opportunities Fund - Direct Plan - Gr;INF200K01QU0;;20.1672;20.0664;20.1672;28-Dec-2015
119567;SBI Arbitrage Opportunities Fund - Direct Plan - Income Distribution cum Capital Withdrawal Option (IDCW);INF200K01QS4;INF200K01QT2;13.7892;13.7203;13.7892;28-Dec-2015
104457;SBI Arbitrage Opportunities Fund - Regular Plan - Gr;INF200K01156;;19.9024;19.8029;19.9024;28-Dec-2015
104458;SBI Arbitrage Opportunities Fund - Regular Plan - Income Distribution cum Capital Withdrawal Option (IDCW);INF200K01131;INF200K01149;13.0939;13.0284;13.0939;28-Dec-2015

UTI Mutual Fund
120795;UTI Arbitrage Fund - Direct Plan - Growth Option;INF789FB1RG6;;20.7574;0;20.7574;28-Dec-2015
120796;UTI Arbitrage Fund - Direct Plan - IDCW;INF789FB1RE1;INF789FB1RF8;16.0966;0;16.0966;28-Dec-2015
104075;UTI Arbitrage Fund - Regular Plan - Growth Option;INF789FB1RJ0;;20.5059;0;20.5059;28-Dec-2015
104074;UTI Arbitrage Fund - Regular Plan - IDCW;INF789FB1RH4;INF789FB1RI2;15.6327;0;15.6327;28-Dec-2015

Open Ended Schemes ( Hybrid Scheme - Equity Savings )


Aditya Birla Sun Life Mutual Fund
132996;Aditya Birla Sun Life Equity Savings Fund - Direct - IDCW;INF209KA1TQ7;INF209KA1TR5;10.35;10.25;10.35;28-Dec-2015
132995;Aditya Birla Sun Life Equity Savings Fund - Direct Plan - Growth;INF209KA1TP9;;10.55;10.44;10.55;28-Dec-2015
132997;Aditya Birla Sun Life Equity Savings Fund - Regular - IDCW;INF209KA1TT1;INF209KA1TU9;10.23;10.13;10.23;28-Dec-2015
132998;Aditya Birla Sun Life Equity Savings Fund - Regular Plan - Growth;INF209KA1TS3;;10.43;10.33;10.43;28-Dec-2015

Axis Mutual Fund
135120;Axis Equity Savings Fund - Direct Plan - Growth;INF846K01VJ3;;10.05;9.95;10.05;28-Dec-2015
135121;Axis Equity Savings Fund - Direct Plan - Monthly IDCW;INF846K01VK1;INF846K01VL9;10.04;9.94;10.04;28-Dec-2015
135124;Axis Equity Savings Fund - Direct Plan - Quarterly IDCW;INF846K01VM7;INF846K01VN5;10.05;9.95;10.05;28-Dec-2015
135122;Axis Equity Savings Fund - Regular Plan - Growth;INF846K01VO3;;10.00;9.90;10.00;28-Dec-2015
135123;Axis Equity Savings Fund - Regular Plan - Monthly IDCW;INF846K01VP0;INF846K01VQ8;10.00;9.90;10.00;28-Dec-2015
135125;Axis Equity Savings Fund - Regular Plan - Quarterly IDCW;INF846K01VR6;INF846K01VS4;10.00;9.90;10.00;28-Dec-2015

Bandhan Mutual Fund
108995;BANDHAN Equity Savings Fund - Regular Plan - Growth;INF194K01581;;16.8646;16.8646;16.8646;28-Dec-2015
108992;BANDHAN Equity Savings Fund - Regular Plan - Monthly IDCW;INF194K01599;INF194K01607;11.9732;11.9732;11.9732;28-Dec-2015
133682;BANDHAN Equity Savings Fund - Regular Plan -Annual IDCW;INF194KA1XX2;INF194KA1XY0;10.4164;10.4164;10.4164;28-Dec-2015
108993;BANDHAN Equity Savings Fund -B-DIVIDEND;INF194K01565;INF194K01573;12.1804;12.1804;12.1804;28-Dec-2015
133681;BANDHAN Equity Savings Fund-Direct Plan-Annual IDCW;INF194KA1YA8;INF194KA1YB6;10.4241;10.4241;10.4241;28-Dec-2015
118477;BANDHAN Equity Savings Fund-Direct Plan-Growth;INF194K01Z02;;17.0816;17.0816;17.0816;28-Dec-2015
118476;BANDHAN Equity Savings Fund-Direct Plan-Monthly IDCW;INF194K01Z10;INF194K01Z28;12.1852;12.1852;12.1852;28-Dec-2015

HDFC Mutual Fund
119128;HDFC Equity Savings Fund - Growth Option - Direct Plan;INF179K01XT4;;26.873;26.604;26.873;28-Dec-2015
101585;HDFC Equity Savings Fund - GROWTH PLAN;INF179K01AM7;;26.513;26.248;26.513;28-Dec-2015
119129;HDFC Equity Savings Fund - IDCW Option - Direct Plan;INF179K01XR8;INF179K01XS6;11.539;11.424;11.539;28-Dec-2015
101586;HDFC Equity Savings Fund - IDCW PLAN;INF179K01AK1;INF179K01AL9;11.372;11.258;11.372;28-Dec-2015

ICICI Prudential Mutual Fund
133051;ICICI Prudential Equity Savings Fund - Cumulative option;INF109KA14I5;;10.45;10.35;10.45;28-Dec-2015
133054;ICICI Prudential Equity Savings Fund - Direct Plan - Cumulative option;INF109KA11J9;;10.55;10.44;10.55;28-Dec-2015
133056;ICICI Prudential Equity Savings Fund - Direct Plan - Half Yearly IDCW;INF109KA14J3;INF109KA17J6;10.31;10.21;10.31;28-Dec-2015
133049;ICICI Prudential Equity Savings Fund - Direct Plan - Monthly IDCW;INF109KA12J7;INF109KA15J0;10.27;10.17;10.27;28-Dec-2015
133052;ICICI Prudential Equity Savings Fund - Direct Plan - Quarterly IDCW;INF109KA13J5;INF109KA16J8;10.31;10.21;10.31;28-Dec-2015
133057;ICICI Prudential Equity Savings Fund - Half Yearly IDCW;INF109KA17I8;INF109KA10J1;10.23;10.13;10.23;28-Dec-2015
133050;ICICI Prudential Equity Savings Fund - Monthly IDCW;INF109KA15I2;INF109KA18I6;10.16;10.06;10.16;28-Dec-2015
133053;ICICI Prudential Equity Savings Fund - Quarterly IDCW;INF109KA16I0;INF109KA19I4;10.28;10.18;10.28;28-Dec-2015

IDBI Mutual Fund
114982;IDBI Equity Savings Fund Growth Option;INF397L01315;;14.3532;14.2097;14.3532;28-Dec-2015
118452;IDBI Equity Savings Fund Growth Option Direct;INF397L01AZ5;;14.5527;14.4072;14.5527;28-Dec-2015
114630;IDBI Equity Savings Fund IDCW Option;INF397L01257;INF397L01265;12.2212;12.0990;12.2212;28-Dec-2015
118453;IDBI Equity Savings Fund IDCW Option Direct;INF397L01BA6;INF397L01BB4;11.6401;11.5237;11.6401;28-Dec-2015
118454;IDBI Equity Savings Fund Option Direct;INF397L01BD0;INF397L01BE8;0.0000;0.0000;0.0000;28-Dec-2015
114983;IDBI Equity Savings Fund Quarterly IDCW Option;INF397L01281;INF397L01299;11.7506;11.6331;11.7506;28-Dec-2015

Kotak Mahindra Mutual Fund
131373;Kotak Equity Savings Fund - Direct - Growth;INF174K01D28;;11.0294;11.0294;11.0294;28-Dec-2015
131375;Kotak Equity Savings Fund - Direct - Monthly Payout of Income Distribution cum capital withdrawal option;INF174K01D36;INF174K01D51;10.3994;10.3994;10.3994;28-Dec-2015
131377;Kotak Equity Savings Fund - Direct - Quarterly Payout of Income Distribution cum capital withdrawal option;INF174K01D44;INF174K01D69;10.4028;10.4028;10.4028;28-Dec-2015
131372;Kotak Equity Savings Fund - Regular - Growth;INF174K01C78;;10.9453;10.9453;10.9453;28-Dec-2015
131374;Kotak Equity Savings Fund - Regular - Monthly Payout of Income Distribution cum capital withdrawal option;INF174K01C86;INF174K01D02;10.3659;10.3659;10.3659;28-Dec-2015
131376;Kotak Equity Savings Fund - Regular - QuarterlyPayout of Income Distribution cum capital withdrawal option;INF174K01C94;INF174K01D10;10.3657;10.3657;10.3657;28-Dec-2015

L&T Mutual Fund
119802;L&T Equity Savings Fund - Direct Plan-Growth;INF917K01GE4;;14.856;14.707;14.856;28-Dec-2015
119803;L&T Equity Savings Fund - Direct Plan-Monthly IDCW;INF917K01GA2;;11.720;11.603;11.720;28-Dec-2015
115887;L&T Equity Savings Fund - Regular Plan - Growth;INF917K01AA5;;14.533;14.388;14.533;28-Dec-2015
115883;L&T Equity Savings Fund - Regular Plan - Monthly IDCW;INF917K01965;INF917K01973;12.092;11.971;12.092;28-Dec-2015
115886;L&T Equity Savings Fund - Regular Plan - Quarterly IDCW;INF917K01981;INF917K01999;11.689;11.572;11.689;28-Dec-2015
119801;L&T Equity Savings Fund- Direct Plan-Quarterly IDCW;INF917K01GD6;INF917K01GC8;12.086;11.965;12.086;28-Dec-2015

Nippon India Mutual Fund
134597;NIPPON INDIA EQUITY SAVINGS FUND - Direct Plan - IDCW Option;INF204KA1W93;INF204KA1X01;10.3408;10.2374;10.3408;28-Dec-2015
134599;NIPPON INDIA EQUITY SAVINGS FUND - Direct Plan - MONTHLY IDCW Option;INF204KA1X35;INF204KA1X43;10.3408;10.2374;10.3408;28-Dec-2015
134601;NIPPON INDIA EQUITY SAVINGS FUND - Direct Plan - QUARTERLY IDCW Option;INF204KA1X19;INF204KA1X27;10.3408;10.2374;10.3408;28-Dec-2015
134596;NIPPON INDIA EQUITY SAVINGS FUND - IDCW Option;INF204KA1W10;INF204KA1W28;10.2800;10.1772;10.2800;28-Dec-2015
134598;NIPPON INDIA EQUITY SAVINGS FUND - MONTHLY IDCW Option;INF204KA1W51;INF204KA1W69;10.2800;10.1772;10.2800;28-Dec-2015
134600;NIPPON INDIA EQUITY SAVINGS FUND - QUARTERLY IDCW Option;INF204KA1W36;INF204KA1W44;10.2800;10.1772;10.2800;28-Dec-2015
134595;Nippon India Equity Savings Fund- Direct Plan- Growth Plan- Bonus Option;INF204KA1W85;;10.3408;10.2374;10.3408;28-Dec-2015
134594;Nippon India Equity Savings Fund- Direct Plan- Growth Plan-Growth Option;INF204KA1W77;;10.3408;10.2374;10.3408;28-Dec-2015
134602;Nippon India Equity Savings Fund- Growth Plan- Bonus Option;INF204KA1W02;;10.2800;10.1772;10.2800;28-Dec-2015
134593;Nippon India Equity Savings Fund- Growth Plan- Growth Option;INF204KA1V94;;10.2800;10.1772;10.2800;28-Dec-2015

Principal Mutual Fund
119472;Principal Equity Savings Fund - Direct Plan - Growth Option;INF173K01GZ9;;29.2199;28.9277;29.2199;28-Dec-2015
119470;Principal Equity Savings Fund - Direct Plan - Income Distribution CUM Capital Withdrawal Option - Half Yearly;INF173K01HC6;INF173K01HD4;10.9538;10.8443;10.9538;28-Dec-2015
101498;Principal Equity Savings Fund - Growth Option;INF173K01213;;28.5691;28.2834;28.5691;28-Dec-2015
101499;Principal Equity Savings Fund - Half Yearly Income Distribution CUM Capital Withdrawal;INF173K01247;INF173K01254;10.7841;10.6763;10.7841;28-Dec-2015
101500;Principal Equity Savings Fund -Quaterly Income Distribution CUM Capital Withdrawal;INF173K01262;INF173K01270;12.2389;12.1165;12.2389;28-Dec-2015
119471;Principal Equity Savings Fund- Direct Plan - Income Distribution CUM Capital Withdrawal Option - Quaterly;INF173K01HF9;INF173K01HG7;12.5046;12.3796;12.5046;28-Dec-2015

SBI Mutual Fund
134643;SBI Equity Savings Fund - Direct Plan - Growth;INF200KA1DF3;;10.4233;10.3191;10.4233;28-Dec-2015
134641;SBI Equity Savings Fund - Direct Plan - Monthly Income Distribution cum Capital Withdrawal Option (IDCW);INF200KA1DG1;INF200KA1DH9;10.2976;10.1946;10.2976;28-Dec-2015
134640;SBI Equity Savings Fund - Direct Plan - Quarterly Income Distribution cum Capital Withdrawal Option (IDCW);INF200KA1DI7;INF200KA1DJ5;10.2682;10.1655;10.2682;28-Dec-2015
134644;SBI Equity Savings Fund - Regular Plan - Growth;INF200KA1DA4;;10.3103;10.2072;10.3103;28-Dec-2015
134639;SBI Equity Savings Fund - Regular Plan - Monthly Income Distribution cum Capital Withdrawal Option (IDCW);INF200KA1DB2;INF200KA1DC0;10.1889;10.087;10.1889;28-Dec-2015
134642;SBI Equity Savings Fund - Regular Plan - Quarterly Income Distribution cum Capital Withdrawal Option (IDCW);INF200KA1DD8;INF200KA1DE6;10.1596;10.058;10.1596;28-Dec-2015

Tata Mutual Fund
101906;Tata Equity Savings Fund -Regular Plan-Growth Option;INF277K01907;;26.7452;26.4777;26.7452;28-Dec-2015
119960;Tata Equity Savings Fund- Direct Plan- Growth Option;INF277K01QH5;;27.4613;27.1867;27.4613;28-Dec-2015
102118;Tata Equity Savings Fund- Regular Plan - Periodic Payout of IDCW Option;INF277K01EF5;INF277K01915;13.5677;13.4320;13.5677;28-Dec-2015
101609;TATA Equity Savings Fund- Regular Plan -Monthly Payout of IDCW option;INF277K01EE8;INF277K01899;13.5407;13.4053;13.5407;28-Dec-2015
119958;Tata Equity Savings Fund-Direct Plan - Monthly Payout of IDCW Option;INF277K01QI3;INF277K01QJ1;13.7041;13.5671;13.7041;28-Dec-2015
119959;Tata Equity Savings Fund-Direct Plan - Periodic Payout of IDCWS Option;INF277K01QK9;INF277K01QL7;14.1006;13.9596;14.1006;28-Dec-2015

Open Ended Schemes ( Solution Oriented Scheme - Retirement Fund )


Franklin Templeton Mutual Fund
118548;Franklin India  PENSION PLAN - Direct - Growth;INF090I01JZ3;;101.2446;101.2446;101.2446;28-Dec-2015
118549;Franklin India Pension Plan - Direct - IDCW ;INF090I01KA4;INF090I01KB2;18.3802;18.3802;18.3802;28-Dec-2015
100535;Franklin India Pension Plan - IDCW ;INF090I01528;INF090I01536;18.0315;18.0315;18.0315;28-Dec-2015
100536;Franklin India Pension Plan-Growth;INF090I01510;;99.3518;99.3518;99.3518;28-Dec-2015

Nippon India Mutual Fund
133570;NIPPON INDIA RETIREMENT FUND - INCOME GENERATION SCHEME - Direct Plan - IDCW Option;INF204KA1C71;;10.4327;10.3284;10.4327;28-Dec-2015
133571;NIPPON INDIA RETIREMENT FUND - INCOME GENERATION SCHEME - IDCW Option;INF204KA1C63;;10.2957;10.1927;10.2957;28-Dec-2015
133569;Nippon India Retirement Fund- Income Generation Scheme- Direct Plan- Growth Plan - Growth Option;INF204KA1C30;;10.4327;10.3284;10.4327;28-Dec-2015
133629;Nippon India Retirement Fund- Income Generation Scheme- Direct Plan-Growth Plan- Bonus Option;INF204KA1C55;;10.4327;10.3284;10.4327;28-Dec-2015
133628;Nippon India Retirement Fund- Income Generation Scheme- Growth Plan- Bonus Option;INF204KA1C48;;10.2957;10.1927;10.2957;28-Dec-2015
133572;Nippon India Retirement Fund- Income Generation Scheme-Growth Plan - Growth Option;INF204KA1C22;;10.2957;10.1927;10.2957;28-Dec-2015
133566;NIPPON INDIA RETIREMENT FUND - WEALTH CREATION SCHEME - Direct Plan - IDCW Option;INF204KA1C14;;10.3320;10.2287;10.3320;28-Dec-2015
133567;NIPPON INDIA RETIREMENT FUND - WEALTH CREATION SCHEME - IDCW Option;INF204KA1C06;;10.1927;10.0908;10.1927;28-Dec-2015
133568;Nippon India Retirement Fund- Wealth Creation Scheme- Direct Plan- Growth Plan - Growth Option;INF204KA1B72;;10.3320;10.2287;10.3320;28-Dec-2015
133630;Nippon India Retirement Fund- Wealth Creation Scheme- Direct Plan-Growth Plan- Bonus Option;INF204KA1B98;;10.3320;10.2287;10.3320;28-Dec-2015
133565;Nippon India Retirement Fund- Wealth Creation Scheme- Growth Plan - Growth Option;INF204KA1B64;;10.1927;10.0908;10.1927;28-Dec-2015
133631;Nippon India Retirement Fund- Wealth Creation Scheme- Growth Plan- Bonus Option;INF204KA1B80;;10.1927;10.0908;10.1927;28-Dec-2015

Principal Mutual Fund
135751;Principal Retirement Savings Fund - Conservative Plan - Direct Sub-Plan - Growth;INF173K01MT0;;10.0653;10.0653;10.0653;28-Dec-2015
135752;Principal Retirement Savings Fund- Conservative Plan - Regular Sub-Plan - Growth;INF173K01MS2;;10.0622;10.0622;10.0622;28-Dec-2015
135753;Principal Retirement Savings Fund - Moderate Plan - Direct Sub-Plan - Growth;INF173K01MV6;;10.1242;10.1242;10.1242;28-Dec-2015
135754;Principal Retirement Savings Fund - Moderate Plan - Regular Sub-Plan - Growth;INF173K01MU8;;10.1207;10.1207;10.1207;28-Dec-2015
135749;Principal Retirement Savings Fund - Progressive Plan - Direct Sub-Plan - Growth;INF173K01MX2;;10.1854;10.1854;10.1854;28-Dec-2015
135750;Principal Retirement Savings Fund - Progressive Plan - Regular Sub - Plan - Growth;INF173K01MW4;;10.1834;10.1834;10.1834;28-Dec-2015

Tata Mutual Fund
119256;Tata Retirement Savings Fund- Conservative Plan-Direct Plan-Growth Option;INF277K01QM5;;15.5896;15.5896;15.5896;28-Dec-2015
115944;Tata Retirement Savings Fund- Conservative Plan-Regular Plan-Growth Option;INF277K01FI6;;15.0461;15.0461;15.0461;28-Dec-2015
119255;Tata Retirement Savings Fund- Moderate Plan -Direct Plan-Growth Option;INF277K01QN3;;21.1597;20.5249;21.1597;28-Dec-2015
115943;Tata Retirement Savings Fund- Moderate Plan-Regular Plan-Growth Option;INF277K01FH8;;20.2621;19.6542;20.2621;28-Dec-2015
115942;Tata Retirement Savings Fund - Progressive Plan -Regular Plan-Growth Option;INF277K01FG0;;19.2006;18.6246;19.2006;28-Dec-2015
119251;Tata Retirement Savings Fund- Progressive Plan -Direct Plan-Growth Option;INF277K01QO1;;20.2210;19.6144;20.2210;28-Dec-2015

UTI Mutual Fund
100682;UTI Retirement Fund - Regular Plan;;;20.3012;20.3012;20.3012;28-Dec-2015
120766;UTI Retirement Fund- Direct Plan;;;20.6176;20.6176;20.6176;28-Dec-2015

Open Ended Schemes ( Solution Oriented Scheme - Childrenâs Fund )


Axis Mutual Fund
135762;Axis Children's Fund - Lock in - Direct Growth;INF846K01WO1;;10.0951;10.0951;10.0951;28-Dec-2015
135765;Axis Children's Fund - Lock in - Direct Plan - IDCW;INF846K01WP8;;10.0950;10.0950;10.0950;28-Dec-2015
135759;Axis Children's Fund - Lock in - Regular Growth;INF846K01WJ1;;10.0867;10.0867;10.0867;28-Dec-2015
135760;Axis Children's Fund - Lock in - Regular Plan - IDCW;INF846K01WK9;;10.0867;10.0867;10.0867;28-Dec-2015
135764;Axis Children's Fund - No Lock in - Direct Growth;INF846K01WR4;;10.0980;9.7951;10.0980;28-Dec-2015
135763;Axis Children's Fund - No Lock in - Direct Plan - IDCW;INF846K01WS2;INF846K01WQ6;10.0951;9.7922;10.0951;28-Dec-2015
135766;Axis Children's Fund - No Lock in - Regular Plan - Growth;INF846K01WM5;;10.0870;9.7844;10.0870;28-Dec-2015
135761;Axis Children's Fund - No Lock in - Regular Plan - IDCW;INF846K01WN3;INF846K01WL7;10.0867;9.7841;10.0867;28-Dec-2015

HDFC Mutual Fund
119066;HDFC Childrens Fund - Direct Plan;;;85.326;82.766;85.326;28-Dec-2015
100900;HDFC Childrens Fund - Growth Plan;;;83.681;81.171;83.681;28-Dec-2015
119067;HDFC Childrens Fund Savings Plan-Direct Plan;;;37.5629;36.4360;37.5629;28-Dec-2015
100899;HDFC Childrens Fund-Savings;;;36.6632;35.5633;36.6632;28-Dec-2015

ICICI Prudential Mutual Fund
101127;ICICI Prudential Child Care Fund (Gift Plan) - Cumulative;INF109K01605;;101.88;100.86;101.88;28-Dec-2015
120579;ICICI Prudential Child Care Fund (Gift Plan) - Direct Plan - Cumulative;INF109K01Y49;;104.07;103.03;104.07;28-Dec-2015

LIC Mutual Fund
120285;LIC MF Children's Fund-Direct Plan-Growth;INF767K01FB1;;14.5518;14.4063;14.5518;28-Dec-2015
101271;LIC MF Children's Fund-Regular Plan-Growth;INF767K01048;;14.2060;14.0639;14.2060;28-Dec-2015

SBI Mutual Fund
119719;SBI Magnum Children's Benefit Fund - Savings Plan - DIRECT PLAN - GROWTH;INF200K01QR6;;39.0525;37.8809;39.0525;28-Dec-2015
101169;SBI Magnum Children's Benefit Fund - Savings Plan - REGULAR PLAN - GROWTH;INF200K01776;;38.023;36.8823;38.023;28-Dec-2015

Tata Mutual Fund
101490;Tata Young Citizen Fund [>3 years upto 7 years] Regular Plan;;;21.0155;20.5952;21.0155;28-Dec-2015
101489;Tata Young Citizen Fund [Upto 3 years] Regular Plan;;;21.0155;20.3850;21.0155;28-Dec-2015
101491;Tata Young Citizens' Fund -Regular Plan-Growth Option;INF277K01AJ5;;21.0155;20.8053;21.0155;28-Dec-2015
119312;Tata Young Citizens' Fund-Direct Plan-Growth Option;INF277K01QW4;;21.6274;21.4111;21.6274;28-Dec-2015
119299;Tata Young Citizens' Fund [> 3 years upto 7 years]-Direct Plan Growth;;;21.6274;21.1949;21.6274;28-Dec-2015
119296;Tata Young Citizens' Fund [Upto 3 years]-Direct Plan Growth;;;21.6274;20.9786;21.6274;28-Dec-2015

UTI Mutual Fund
120724;UTI Children's Equity Fund - Direct Plan - Growth Option;;;26.2734;26.2734;26.2734;28-Dec-2015
120725;UTI Children's Equity Fund - Direct Plan - IDCW;;;26.3096;26.3096;26.3096;28-Dec-2015
102267;UTI Children's Equity Fund - Regular Plan - Growth Option;;;25.8799;25.8799;25.8799;28-Dec-2015
102266;UTI Children's Equity Fund - Regular Plan - IDCW;;;25.8797;25.8797;25.8797;28-Dec-2015
120771;UTI Children's Hybrid Fund - Direct Plan;;;17.9913;17.9913;17.9913;28-Dec-2015
100678;UTI Children's Hybrid Fund - Regular Plan;;;17.9324;17.9324;17.9324;28-Dec-2015

Open Ended Schemes ( Other Scheme - Index Funds )


Aditya Birla Sun Life Mutual Fund
119648;Aditya Birla Sun Life Nifty 50 Index Fund - Growth - Direct Plan;INF209K01VY3;;77.4214;77.4214;77.4214;28-Dec-2015
101314;Aditya Birla Sun Life Nifty 50 Index Fund - Growth - Regular Plan;INF209K01LB2;;77.6460;77.6460;77.6460;28-Dec-2015
119649;Aditya Birla Sun Life Nifty 50 Index Fund -DIRECT - IDCW;INF209K01VX5;;12.3104;12.3104;12.3104;28-Dec-2015
101313;Aditya Birla Sun Life Nifty 50 Index Fund -REGULAR - IDCW;INF209K01LA4;INF209K01LC0;12.1242;12.1242;12.1242;28-Dec-2015

Bandhan Mutual Fund
112877;BANDHAN Nifty 50 Index Fund - Regular Plan - Growth;INF194K01920;;15.8717;15.8717;15.8717;28-Dec-2015
112878;BANDHAN Nifty 50 Index Fund - Regular Plan - IDCW;INF194K01938;INF194K01946;15.9965;15.9965;15.9965;28-Dec-2015
118482;BANDHAN Nifty 50 Index Fund-Direct Plan-Growth;INF194K012A8;;15.9017;15.9017;15.9017;28-Dec-2015
118483;BANDHAN Nifty 50 Index Fund-Direct Plan-IDCW;INF194K013A6;INF194K014A4;16.0376;16.0376;16.0376;28-Dec-2015

Franklin Templeton Mutual Fund
118580;Franklin India INDEX FUND- NSE Nifty 50 Index Fund - Direct - IDCW;INF090I01GQ8;INF090I01GR6;63.3188;62.6856;63.3188;28-Dec-2015
100484;Franklin India Index Fund- NSE Nifty 50 Index Fund - Growth;INF090I01890;;62.7101;62.083;62.7101;28-Dec-2015
105067;Franklin India INDEX FUND- NSE NIFTY 50 INDEX FUND - IDCW;INF090I01874;INF090I01882;62.7101;62.083;62.7101;28-Dec-2015
118581;Franklin India INDEX FUND- NSE NIFTY 50 INDEX FUND- Direct - Growth;INF090I01GS4;;63.3188;62.6856;63.3188;28-Dec-2015

HDFC Mutual Fund
119065;HDFC BSE Sensex Index Fund - Direct Plan;INF179K01WN9;;225.1124;222.8613;225.1124;28-Dec-2015
101281;HDFC BSE Sensex Index Fund - Growth Plan;INF179K01LA9;;223.5062;221.2711;223.5062;28-Dec-2015
119063;HDFC Nifty 50 Index Fund - Direct Plan;INF179K01WM1;;70.3629;69.6593;70.3629;28-Dec-2015
101525;HDFC Nifty 50 Index Fund - Growth Plan;INF179K01KZ8;;69.9882;69.2883;69.9882;28-Dec-2015

ICICI Prudential Mutual Fund
101349;ICICI Prudential Nifty 50 Index Fund - Cumulative Option;INF109K01PI0;;75.6735;75.4843;75.6735;28-Dec-2015
120620;ICICI Prudential Nifty 50 Index Fund - Direct Plan Cumulative Option;INF109K012M7;;76.5916;76.4001;76.5916;28-Dec-2015
135391;ICICI Prudential Nifty 50 Index Fund - Direct Plan IDCW Option;INF109KB1NL1;INF109KB1NM9;10.2986;10.2729;10.2986;28-Dec-2015
135390;ICICI Prudential Nifty 50 Index Fund - IDCW Option;INF109KB1NN7;INF109KB1NO5;10.0854;10.0602;10.0854;28-Dec-2015
120684;ICICI Prudential Nifty Next 50 Index Fund - Direct Plan -  Growth;INF109K01Y80;;17.5583;17.5144;17.5583;28-Dec-2015
120683;ICICI Prudential Nifty Next 50 Index Fund - Direct Plan -  IDCW;INF109K01Y64;INF109K01Y72;17.5528;17.5089;17.5528;28-Dec-2015
112957;ICICI Prudential Nifty Next 50 Index Fund - Growth;INF109K01IF1;;17.3199;17.2766;17.3199;28-Dec-2015
112958;ICICI Prudential Nifty Next 50 Index Fund -IDCW;INF109K01PR1;INF109K01IE4;17.3199;17.2766;17.3199;28-Dec-2015

IDBI Mutual Fund
118347;IDBI NIFTY 50  Index Fund Growth Direct;INF397L01AP6;;15.0924;15.0924;15.0924;28-Dec-2015
113062;IDBI Nifty 50  Index Fund IDCW;INF397L01083;INF397L01075;14.1893;14.1893;14.1893;28-Dec-2015
113063;IDBI NIFTY 50 Index Fund Growth;INF397L01091;;14.8781;14.8781;14.8781;28-Dec-2015
118455;IDBI Nifty 50 Index Fund IDCW Direct;INF397L01AN1;INF397L01AO9;14.3980;14.3980;14.3980;28-Dec-2015
113250;IDBI Nifty Next 50  Index Fund IDCW;INF397L01166;INF397L01182;15.1766;15.1766;15.1766;28-Dec-2015
113249;IDBI Nifty Next 50 Index Fund Growth;INF397L01174;;15.1766;15.1766;15.1766;28-Dec-2015
118348;IDBI Nifty Next 50 Index Fund Growth Direct;INF397L01AW2;;15.4409;15.4409;15.4409;28-Dec-2015
118456;IDBI Nifty Next 50 Index Fund IDCW Direct;INF397L01AY8;INF397L01AX0;15.4409;15.4409;15.4409;28-Dec-2015

LIC Mutual Fund
120308;LIC MF BSE Sensex Index Fund-Direct Plan-Growth;INF767K01FJ4;;49.4844;48.9896;49.4844;28-Dec-2015
120312;LIC MF BSE Sensex Index Fund-Direct Plan-IDCW;INF767K01FI6;INF767K01FK2;16.6193;16.4531;16.6193;28-Dec-2015
101199;LIC MF BSE Sensex Index Fund-Regular Plan-Growth;INF767K01139;;48.7244;48.2372;48.7244;28-Dec-2015
101198;LIC MF BSE Sensex Index Fund-Regular Plan-IDCW;INF767K01121;INF767K01113;16.6998;16.5328;16.6998;28-Dec-2015
120307;LIC MF Nifty 50 Index Fund-Direct Plan-Growth;INF767K01FF2;;44.6362;44.1898;44.6362;28-Dec-2015
120309;LIC MF Nifty 50 Index Fund-Direct Plan-IDCW;INF767K01FG0;INF767K01FH8;16.4620;16.2974;16.4620;28-Dec-2015
101201;LIC MF Nifty 50 Index Fund-Regular Plan-Growth;INF767K01162;;43.9616;43.5220;43.9616;28-Dec-2015
101200;LIC MF Nifty 50 Index Fund-Regular Plan-IDCW;INF767K01154;INF767K01147;16.2157;16.0535;16.2157;28-Dec-2015

Nippon India Mutual Fund
113295;NIPPON INDIA INDEX FUND - BSE SENSEX PLAN - ANNUAL - IDCW Option;INF204K01IQ7;INF204K01IT1;12.7805;12.7485;12.7805;28-Dec-2015
118786;NIPPON INDIA INDEX FUND - BSE SENSEX PLAN - DIRECT Plan - ANNUAL - IDCW Option;INF204K01K64;INF204K01K72;12.9099;12.8776;12.9099;28-Dec-2015
118788;NIPPON INDIA INDEX FUND - BSE SENSEX PLAN - DIRECT Plan - HALF YEARLY - IDCW Option;INF204K01K98;INF204K01L06;12.9099;12.8776;12.9099;28-Dec-2015
118790;NIPPON INDIA INDEX FUND - BSE SENSEX PLAN - DIRECT Plan - QUARTERLY - IDCW Option;INF204K01L14;INF204K01L22;12.9099;12.8776;12.9099;28-Dec-2015
118785;Nippon India Index Fund - BSE Sensex Plan - Direct Plan Growth Plan - Bonus Option;INF204K01K56;;12.9099;12.8776;12.9099;28-Dec-2015
118791;Nippon India Index Fund - BSE Sensex Plan - Direct Plan Growth Plan - Growth Option;INF204K01K80;;12.9099;12.8776;12.9099;28-Dec-2015
113270;Nippon India Index Fund - BSE Sensex Plan - Growth Plan - Bonus Option;INF204K01IN4;;12.7805;12.7485;12.7805;28-Dec-2015
113269;Nippon India Index Fund - BSE Sensex Plan - Growth Plan - Growth Option;INF204K01IM6;;12.7805;12.7485;12.7805;28-Dec-2015
113294;NIPPON INDIA INDEX FUND - BSE SENSEX PLAN - HALF YEARLY - IDCW Option;INF204K01IP9;INF204K01IS3;12.7805;12.7485;12.7805;28-Dec-2015
113271;NIPPON INDIA INDEX FUND - BSE SENSEX PLAN - QUARTERLY - IDCW Option;INF204K01IO2;INF204K01IR5;12.7805;12.7485;12.7805;28-Dec-2015
113300;NIPPON INDIA INDEX FUND - NIFTY 50 PLAN - ANNUAL - IDCW Option;INF204K01II4;INF204K01IL8;13.2258;13.1927;13.2258;28-Dec-2015
118743;NIPPON INDIA INDEX FUND - NIFTY 50 PLAN - DIRECT Plan - ANNUAL - IDCW Option;INF204K01H10;INF204K01H28;13.3767;13.3433;13.3767;28-Dec-2015
118745;NIPPON INDIA INDEX FUND - NIFTY 50 PLAN - DIRECT Plan - HALF YEARLY - IDCW Option;INF204K01H44;INF204K01H51;13.3767;13.3433;13.3767;28-Dec-2015
118740;NIPPON INDIA INDEX FUND - NIFTY 50 PLAN - DIRECT Plan - QUARTERLY - IDCW Option;INF204K01H69;INF204K01H77;13.3767;13.3433;13.3767;28-Dec-2015
118742;Nippon India Index Fund - Nifty 50 Plan - Direct Plan Growth Plan - Bonus Option;INF204K01H02;;13.3767;13.3433;13.3767;28-Dec-2015
118741;Nippon India Index Fund - Nifty 50 Plan - Direct Plan Growth Plan - Growth Option;INF204K01H36;;13.3767;13.3433;13.3767;28-Dec-2015
113297;Nippon India Index Fund - Nifty 50 Plan - Growth Plan - Bonus Option;INF204K01IF0;;13.2258;13.1927;13.2258;28-Dec-2015
113296;Nippon India Index Fund - Nifty 50 Plan - Growth Plan - Growth Option;INF204K01IE3;;13.2258;13.1927;13.2258;28-Dec-2015
113299;NIPPON INDIA INDEX FUND - NIFTY 50 PLAN - HALF YEARLY - IDCW Option;INF204K01IH6;INF204K01IK0;13.2258;13.1927;13.2258;28-Dec-2015
113298;NIPPON INDIA INDEX FUND - NIFTY 50 PLAN - QUARTERLY - IDCW Option;INF204K01IG8;INF204K01IJ2;13.2258;13.1927;13.2258;28-Dec-2015

Principal Mutual Fund
119488;Principal Nifty 100 Equal Weight Fund - Direct Plan - Growth Option;INF173K01EZ4;;55.3362;54.7828;55.3362;28-Dec-2015
119487;Principal Nifty 100 Equal Weight Fund- Direct Plan - Income Distribution CUM Capital Withdrawal Option;INF173K01EW1;INF173K01EX9;32.5205;32.1953;32.5205;28-Dec-2015
100153;Principal Nifty 100 Equal Weight Fund-Growth;INF173K01AG2;;54.5753;54.0295;54.5753;28-Dec-2015
100152;Principal Nifty 100 Equal Weight Fund-Income Distribution CUM Capital Withdrawal;INF173K01AH0;INF173K01AI8;32.0751;31.7543;32.0751;28-Dec-2015

SBI Mutual Fund
119827;SBI NIFTY INDEX FUND - DIRECT PLAN - GROWTH;INF200K01TE8;;67.7184;67.0412;67.7184;28-Dec-2015
119826;SBI Nifty Index Fund - Direct Plan - Income Distribution cum Capital Withdrawal Option (IDCW);INF200K01TC2;INF200K01TD0;34.7549;34.4074;34.7549;28-Dec-2015
102272;SBI NIFTY INDEX FUND - REGULAR PLAN - GROWTH;INF200K01537;;66.9355;66.2661;66.9355;28-Dec-2015
102273;SBI Nifty Index Fund - Regular Plan - Income Distribution cum Capital Withdrawal Option (IDCW);INF200K01545;INF200K01552;34.2855;33.9426;34.2855;28-Dec-2015

Tata Mutual Fund
119287;Tata S&P BSE Sensex Index Fund - Direct Plan;INF277K01PK1;;63.8362;63.6766;63.8362;28-Dec-2015
101746;Tata S&P BSE Sensex Index Fund -Regular Plan;INF277K01758;;62.9964;62.8389;62.9964;28-Dec-2015
119288;Tata Nifty 50 Index Fund -Direct Plan;INF277K01PJ3;;49.0702;48.9475;49.0702;28-Dec-2015
101659;Tata Nifty 50 Index Fund -Regular Plan;INF277K01741;;47.0664;46.9487;47.0664;28-Dec-2015

Taurus Mutual Fund
118881;Taurus Nifty 50 Index Fund - Direct Plan - Growth;INF044D01CQ5;;15.0304;14.9552;15.0304;28-Dec-2015
118882;Taurus Nifty 50 Index Fund - Direct Plan - Payout of Income Distribution cum Capital Withdrawal option;INF044D01CR3;INF044D01CS1;15.0255;14.9504;15.0255;28-Dec-2015
112948;Taurus Nifty 50 Index Fund - Regular Plan - Growth;INF044D01948;;14.7517;14.6779;14.7517;28-Dec-2015
112949;Taurus Nifty 50 Index Fund - Regular Plan - Payout of Income Distribution cum Capital Withdrawal option;INF044D01914;INF044D01922;14.7517;14.6779;14.7517;28-Dec-2015

UTI Mutual Fund
120717;UTI Nifty 50 Index Fund - Direct Plan - IDCW;INF789F01WY2;INF789F01WZ9;25.6037;25.6037;25.6037;28-Dec-2015
120716;UTI Nifty 50 Index Fund - Growth Option- Direct;INF789F01XA0;;50.2981;50.2981;50.2981;28-Dec-2015
100822;UTI Nifty 50 Index Fund - Regular Plan - Growth Option;INF789F01JN2;;50.0315;50.0315;50.0315;28-Dec-2015
100823;UTI Nifty 50 Index Fund - Regular Plan - IDCW;INF789F01JL6;INF789F01JM4;25.4699;25.4699;25.4699;28-Dec-2015

Open Ended Schemes ( Other Scheme - Gold ETF )


Aditya Birla Sun Life Mutual Fund
115127;Aditya Birla Sun Life Gold ETF;INF209KB18D3;;2444.0578;2444.0578;2444.0578;28-Dec-2015

Axis Mutual Fund
113434;Axis Gold ETF;INF846K01W80;;2379.2190;2379.2190;2379.2190;28-Dec-2015

Canara Robeco Mutual Fund
117076;Canara Robeco Gold Exchange Traded Fund;INF760K01BR1;;2400.7413;2400.7413;2400.7413;28-Dec-2015

HDFC Mutual Fund
113049;HDFC Gold ETF - Growth Option;INF179KC1981;;2379.4870;0.0000;0.0000;28-Dec-2015

ICICI Prudential Mutual Fund
113076;ICICI Prudential Gold ETF;INF109KC1NT3;;2410.0553;N.A.;N.A.;28-Dec-2015

IDBI Mutual Fund
115939;IDBI Gold Exchange Traded Fund;INF397L01554;;2439.8069;2439.8069;0.0000;28-Dec-2015

Invesco Mutual Fund
112368;Invesco India Gold Exchange Traded Fund;INF205K01361;;2406.5708;2406.5708;2406.5708;28-Dec-2015

Kotak Mahindra Mutual Fund
106193;KOTAK GOLD ETF;INF174KA1HJ8;;232.977;232.977;232.977;28-Dec-2015

Quantum Mutual Fund
107693;Quantum Gold Fund;INF082J01408;;1164.8193;1164.8193;1164.8193;28-Dec-2015

SBI Mutual Fund
111954;SBI Gold ETF;INF200KA16D8;;2394.8038;2394.8038;2394.8038;28-Dec-2015

UTI Mutual Fund
105463;UTI GOLD Exchange Traded Fund;INF789F1AUX7;;2335.2545;0;2335.2545;28-Dec-2015

Open Ended Schemes ( Other Scheme - Other  ETFs )


Aditya Birla Sun Life Mutual Fund
115512;Aditya Birla Sun Life Nifty 50 ETF;INF209KB19D1;;82.5257;82.5257;82.5257;28-Dec-2015

Edelweiss Mutual Fund
134536;Edelweiss ETF - Nifty 50;INF754K01EK3;;8004.0370;8004.0370;8004.0370;28-Dec-2015
135859;Edelweiss ETF - Nifty Bank;INF754K01EL1;;1695.4985;1695.4985;1695.4985;28-Dec-2015

HDFC Mutual Fund
135854;HDFC BSE Sensex ETF - Growth Plan;INF179KC1HX2;;2597.92;2597.92;2597.92;28-Dec-2015
135853;HDFC NIFTY 50 ETF - Growth Plan;INF179KC1965;;791.17;791.17;791.17;28-Dec-2015

ICICI Prudential Mutual Fund
101705;ICICI Prudential BSE Sensex ETF;INF346A01034;;265.2362;265.2362;265.2362;28-Dec-2015
123004;ICICI Prudential Nifty 100 ETF;INF109KC16V9;;83.3971;N.A.;N.A.;28-Dec-2015
121366;ICICI Prudential Nifty 50 ETF;INF109K012R6;;81.7200;N.A.;N.A.;28-Dec-2015

Invesco Mutual Fund
115284;Invesco India Nifty 50 Exchange Traded Fund;INF205K01DA9;;807.6538;807.6538;807.6538;28-Dec-2015

Kotak Mahindra Mutual Fund
109010;Kotak BSE Sensex ETF;INF174KA1JD7;;264.3084;264.3084;264.3084;28-Dec-2015
112351;Kotak Nifty 50 ETF;INF174K014P6;;802.8405;802.8405;802.8405;28-Dec-2015
135744;Kotak Nifty 50 Value 20 ETF - Payout of Income Distribution cum capital withdrawal option;INF174K01Z71;;35.8913;35.8913;35.8913;28-Dec-2015
133122;Kotak Nifty Bank ETF;INF174K01F59;;171.214;171.214;171.214;28-Dec-2015
106929;Kotak Nifty PSU Bank ETF;INF373I01023;;297.7379;297.7379;297.7379;28-Dec-2015

LIC Mutual Fund
135672;LIC MF BSE Sensex ETF;INF767K01OT5;;260.4481;260.4481;260.4481;28-Dec-2015
135607;LIC MF Nifty 50 ETF;INF767K01OS7;;78.9627;78.9627;78.9627;28-Dec-2015
133307;LIC MF Nifty 8-13 yr G-Sec ETF;INF767K01MV5;;14.4841;14.4841;14.4841;28-Dec-2015

Motilal Oswal Mutual Fund
114984;Motilal Oswal Nasdaq 100 ETF (MOFN100);INF247L01AP3;;304.4374;304.4374;304.4374;28-Dec-2015
113069;Motilal Oswal Nifty 50 ETF;INF247L01536;;76.0909;76.0909;76.0909;28-Dec-2015
114456;Motilal Oswal Nifty Midcap 100 ETF;INF247L01023;;13.9173;13.9173;13.9173;28-Dec-2015

Nippon India Mutual Fund
131331;Nippon India ETF BSE Sensex;INF204KA1UN7;;264.6960;264.6960;264.6960;28-Dec-2015
121146;Nippon India ETF Nifty 100;INF204K014N5;;81.7918;81.7918;81.7918;28-Dec-2015
134782;Nippon India ETF Nifty 50 Value 20;INF204KA17D8;;360.3239;360.3239;360.3239;28-Dec-2015
128639;Nippon India ETF Nifty Dividend Opportunities 50;INF204KA1MS3;;19.8673;19.8673;19.8673;28-Dec-2015
128331;Nippon India ETF Nifty India Consumption;INF204KA1LD7;;36.4244;36.4244;36.4244;28-Dec-2015

Quantum Mutual Fund
108479;Quantum Nifty 50 ETF;INF082J01028;;839.6680;839.6680;839.6680;28-Dec-2015

SBI Mutual Fund
134014;SBI BSE 100 ETF;INF200KA1572;;81.6244;81.6244;81.6244;28-Dec-2015
121109;SBI BSE SENSEX ETF;INF200K01VT2;;271.4156;271.4156;271.4156;28-Dec-2015
135106;SBI Nifty 50 ETF;INF200KA1FS1;;79.4415;79.4415;79.4415;28-Dec-2015
134008;SBI Nifty Bank ETF;INF200KA1580;;171.1893;171.1893;171.1893;28-Dec-2015
134013;SBI Nifty Next 50 ETF;INF200KA1598;;199.4076;199.4076;199.4076;28-Dec-2015

UTI Mutual Fund
135321;UTI BSE Sensex ETF;INF789FB1X58;;260.8576;0;0;28-Dec-2015
135320;UTI Nifty 50 ETF;INF789F1AZC0;;794.7242;0;0;28-Dec-2015

Open Ended Schemes ( Other Scheme - FoF Overseas )


Aditya Birla Sun Life Mutual Fund
132141;Aditya Birla Sun Life Global Emerging Opportunities Fund - Direct - IDCW;INF084M01EC8;INF084M01ED6;9.9456;9.9456;9.9456;28-Dec-2015
132140;Aditya Birla Sun Life Global Emerging Opportunities Fund - Direct plan - Growth Option;INF084M01EB0;;9.9641;9.9641;9.9641;28-Dec-2015
132139;Aditya Birla Sun Life Global Emerging Opportunities Fund - Regular - IDCW;INF084M01AU8;INF084M01AV6;9.8674;9.8674;9.8674;28-Dec-2015
132138;Aditya Birla SUn Life Global Emerging Opportunities Fund - Regular Plan - Growth Option;INF084M01AT0;;9.8649;9.8649;9.8649;28-Dec-2015
132009;Aditya Birla Sun Life Global Excellence Equity Fund Of Fund - Retail Plan - Direct Plan - Growth Option;INF084M01EH7;;18.01;17.83;18.01;28-Dec-2015
132005;Aditya Birla Sun Life Global Excellence Equity Fund Of Fund- Retail Plan - Regular Plan - Growth Option;INF084M01AZ7;;17.76;17.58;17.76;28-Dec-2015
132010;Aditya Birla Sun Life Global Excellence Equity Fund Of Fund-DIRECT - RETAIL - IDCW;INF084M01EI5;INF084M01EJ3;18.02;17.84;18.02;28-Dec-2015
132003;Aditya Birla Sun Life Global Excellence Equity Fund Of Fund-REGULAR - RETAIL - IDCW;INF084M01BA8;INF084M01BB6;17.77;17.59;17.77;28-Dec-2015

DSP Mutual Fund
130493;DSP Global Allocation Fund of Fund - Direct Plan - Growth;INF740K01Z50;;10.5333;10.4280;10.5333;28-Dec-2015
130491;DSP Global Allocation Fund of Fund - Direct Plan - IDCW;INF740K01Z68;INF740K01Z76;10.5333;10.4280;10.5333;28-Dec-2015
130492;DSP Global Allocation Fund of Fund - Regular Plan - Growth;INF740K01Z27;;10.4577;10.3531;10.4577;28-Dec-2015
130490;DSP Global Allocation Fund of Fund - Regular Plan - IDCW;INF740K01Z35;INF740K01Z43;10.4577;10.3531;10.4577;28-Dec-2015
119275;DSP Global Clean Energy Fund of Fund - Direct Plan - Growth;INF740K01PC5;;11.0546;10.9441;11.0546;28-Dec-2015
119276;DSP Global Clean Energy Fund of Fund - Direct Plan - IDCW;INF740K01PD3;INF740K01PE1;9.9680;9.8683;9.9680;28-Dec-2015
112126;DSP Global Clean Energy Fund of Fund - Regular Plan - Growth;INF740K01284;;10.9713;10.8616;10.9713;28-Dec-2015
112127;DSP Global Clean Energy Fund of Fund - Regular Plan - IDCW;INF740K01292;INF740K01300;9.3831;9.2893;9.3831;28-Dec-2015
119252;DSP US Flexible Equity Fund of Fund - Direct Plan - Growth;INF740K01OH7;;17.7120;17.5349;17.7120;28-Dec-2015
119253;DSP US Flexible Equity Fund of Fund - Direct Plan - IDCW;INF740K01OI5;INF740K01OJ3;17.7120;17.5349;17.7120;28-Dec-2015
117691;DSP US Flexible Equity Fund of Fund - Regular Plan - Growth Option;INF740K01LP6;;17.4014;17.2274;17.4014;28-Dec-2015
117692;DSP US Flexible Equity Fund of Fund - Regular Plan - IDCW;INF740K01LQ4;;14.6387;14.4923;14.6387;28-Dec-2015
119271;DSP World Agriculture Fund - Direct Plan - Growth;INF740K01OE4;;14.0739;13.9332;14.0739;28-Dec-2015
119272;DSP World Agriculture Fund - Direct Plan - IDCW;INF740K01OF1;INF740K01OG9;13.2699;13.1372;13.2699;28-Dec-2015
115882;DSP World Agriculture Fund - Regular Plan - Growth;INF740K01EK2;;13.9371;13.7977;13.9371;28-Dec-2015
115881;DSP World Agriculture Fund - Regular Plan - IDCW;INF740K01EL0;;11.8771;11.7583;11.8771;28-Dec-2015
119277;DSP World Gold Fund of Fund - Direct Plan - Growth;INF740K01OZ9;;8.4955;8.4105;8.4955;28-Dec-2015
119278;DSP World Gold Fund of Fund - Direct Plan - IDCW;INF740K01PA9;INF740K01PB7;6.9584;6.8888;6.9584;28-Dec-2015
106597;DSP World Gold Fund of Fund - Regular Plan - Growth;INF740K01250;;8.3955;8.3115;8.3955;28-Dec-2015
106596;DSP World Gold Fund of Fund - Regular Plan - IDCW;INF740K01268;INF740K01276;6.8743;6.8056;6.8743;28-Dec-2015
119279;DSP World Mining Fund of Fund - Direct Plan - Growth;INF740K01PF8;;4.7231;4.6759;4.7231;28-Dec-2015
119280;DSP World Mining Fund of Fund - Direct Plan - IDCW;INF740K01PG6;INF740K01PH4;4.7231;4.6759;4.7231;28-Dec-2015
112293;DSP World Mining Fund of Fund - Regular Plan - Growth;INF740K01730;;4.6516;4.6051;4.6516;28-Dec-2015
112347;DSP World Mining Fund of Fund - Regular Plan - IDCW;INF740K01748;INF740K01AL8;4.6516;4.6051;4.6516;28-Dec-2015

Franklin Templeton Mutual Fund
118550;Franklin India Feeder - Franklin U S Opportunities Fund - Direct - IDCW ;INF090I01JP4;INF090I01JQ2;21.4438;21.2294;21.4438;28-Dec-2015
116632;Franklin India Feeder - Franklin U S Opportunities Fund - IDCW ;INF090I01EV3;INF090I01EU5;20.7550;20.5475;20.7550;28-Dec-2015
116633;Franklin India Feeder - Franklin U.S. Opportunities Fund - Growth;INF090I01EW1;;20.7550;20.5475;20.7550;28-Dec-2015
118551;Franklin India Feeder - Franklin US Opportunities Fund - Direct - Growth;INF090I01JR0;;21.4438;21.2294;21.4438;28-Dec-2015
129440;Franklin India Feeder - Templeton European Opportunities Fund - Direct - Growth;INF090I01KX6;;8.9039;8.8149;8.9039;28-Dec-2015
129441;Franklin India Feeder - Templeton European Opportunities Fund - Direct - IDCW ;INF090I01KY4;INF090I01KZ1;8.9039;8.8149;8.9039;28-Dec-2015
129438;Franklin India Feeder - Templeton European Opportunities Fund - Growth;INF090I01KU2;;8.7249;8.6377;8.7249;28-Dec-2015
129439;Franklin India Feeder - Templeton European Opportunities Fund - IDCW ;INF090I01KV0;INF090I01KW8;8.7249;8.6377;8.7249;28-Dec-2015

ICICI Prudential Mutual Fund
123654;ICICI Prudential Global Stable Equity Fund (FOF) - Direct - Growth;INF109KA1CE0;;12.30;11.93;12.30;28-Dec-2015
123652;ICICI Prudential Global Stable Equity Fund (FOF) - Direct - IDCW;INF109KA1CG5;INF109KA1CF7;12.30;11.93;12.30;28-Dec-2015
123651;ICICI Prudential Global Stable Equity Fund (FOF) - Growth;INF109KA1CB6;;12.07;11.71;12.07;28-Dec-2015
123653;ICICI Prudential Global Stable Equity Fund (FOF) - IDCW;INF109KA1CD2;INF109KA1CC4;12.07;11.71;12.07;28-Dec-2015

Kotak Mahindra Mutual Fund
106441;Kotak Global Emerging Market Fund - Growth;INF174K01DV3;;12.839;12.711;12.839;28-Dec-2015
119779;Kotak Global Emerging Market Fund - Growth - Direct;INF174K01LW4;;13.049;12.919;13.049;28-Dec-2015
106442;Kotak Global Emerging Market Fund - Payout of Income Distribution cum capital withdrawal option;INF174K01DX9;INF174K01DW1;12.839;12.711;12.839;28-Dec-2015
119778;Kotak Global Emerging Market Fund - Payout of Income Distribution cum capital withdrawal option - Direct;INF174K01LX2;;13.09;12.959;13.09;28-Dec-2015
133832;Kotak US Equity Fund - Direct Plan - Dividend option;INF178L01CM3;INF178L01CN1;12.002;11.882;12.002;28-Dec-2015
133831;Kotak US Equity Fund - Direct Plan - Growth option;INF178L01CL5;;12.002;11.882;12.002;28-Dec-2015
133830;Kotak US Equity Fund - Standard Plan - Dividend option;INF178L01CJ9;INF178L01CK7;11.821;11.703;11.821;28-Dec-2015
133833;Kotak US Equity Fund - Standard Plan - Growth option;INF178L01CI1;;11.82;11.702;11.82;28-Dec-2015
133814;Kotak World Gold Fund - Standard Plan - Dividend Option;INF178L01145;INF178L01137;5.19;5.138;5.19;28-Dec-2015
133815;Kotak World Gold Fund - Standard Plan - Growth Option;INF178L01152;;6.261;6.198;6.261;28-Dec-2015
133817;Kotak World Gold Fund- Direct Plan- Dividend Option;INF178L01AM7;INF178L01AN5;5.308;5.255;5.308;28-Dec-2015
133816;Kotak World Gold Fund- Direct Plan- Growth Option;INF178L01AO3;;6.396;6.332;6.396;28-Dec-2015

Sundaram Mutual Fund
119602;Sundaram Global Brand Fund Direct Plan - Growth;INF903J01OB6;;12.5836;12.5836;12.5836;28-Dec-2015
119601;Sundaram Global Brand Fund Direct Plan - Income Distribution cum Capital Withdrawal (IDCW);INF903J01NZ7;INF903J01OA8;11.3791;11.3791;11.3791;28-Dec-2015
106370;Sundaram Global Brand Fund Regular Plan - Growth;INF903J01EX1;;12.4147;12.4147;12.4147;28-Dec-2015
106369;Sundaram Global Brand Fund Regular Plan - Income Distribution cum Capital Withdrawal (IDCW);INF903J01EY9;INF903J01EZ6;10.6429;10.6429;10.6429;28-Dec-2015

Open Ended Schemes ( Other Scheme - FoF Domestic )


Aditya Birla Sun Life Mutual Fund
131897;Aditya Birla Sun Life Active Debt Multi Manager FoF Scheme - DIRECT - IDCW;INF084M01DQ0;INF084M01DR8;12.4313;12.3070;12.4313;28-Dec-2015
131898;Aditya Birla Sun Life Active Debt Multi Manager FoF Scheme - Direct Plan - Growth Option;INF084M01DP2;;19.8452;19.6467;19.8452;28-Dec-2015
131895;Aditya Birla Sun Life Active Debt Multi Manager FoF Scheme - REGULAR - IDCW;INF084M01AI3;INF084M01AJ1;12.2941;12.1712;12.2941;28-Dec-2015
131896;Aditya Birla Sun Life Active Debt Multi Manager FoF Scheme - Regular Plan - Growth Option;INF084M01AH5;;19.6056;19.4095;19.6056;28-Dec-2015
131865;Aditya Birla Sun Life Asset Allocator FoF- Direct Plan - Growth Option;INF084M01DM9;;10.6816;10.6816;10.6816;28-Dec-2015
131864;Aditya Birla Sun Life Asset Allocator FoF- Regular Plan - Growth Option;INF084M01AE2;;21.3737;21.3737;21.3737;28-Dec-2015
131866;Aditya Birla Sun Life Asset Allocator FoF-DIRECT - IDCW;INF084M01DN7;INF084M01DO5;10.1772;10.1772;10.1772;28-Dec-2015
131863;Aditya Birla Sun Life Asset Allocator FoF-REGULAR - IDCW;INF084M01AF9;INF084M01AG7;19.6750;19.6750;19.6750;28-Dec-2015
132187;Aditya Birla Sun Life Financial Planning Fund - Aggressive Plan - Direct - IDCW;INF084M01EX4;INF084M01EY2;15.3559;15.3559;15.3559;28-Dec-2015
132186;Aditya Birla Sun Life Financial Planning Fund - Aggressive Plan - Direct Plan - Growth Option;INF084M01EW6;;16.7707;16.7707;16.7707;28-Dec-2015
132180;Aditya Birla Sun Life Financial Planning Fund - Aggressive Plan - Regular Plan - Growth Option;INF084M01101;;16.5043;16.5043;16.5043;28-Dec-2015
132181;Aditya Birla Sun Life Financial Planning Fund - Aggressive Plan -Regular - IDCW;INF084M01119;INF084M01127;15.1051;15.1051;15.1051;28-Dec-2015
132183;Aditya Birla Sun Life Financial Planning Fund - Conservative Plan - Direct Plan - Growth Option;INF084M01EQ8;;14.7351;14.7351;14.7351;28-Dec-2015
132178;Aditya Birla Sun life Financial Planning Fund - Conservative Plan - Regular Plan - Growth Option;INF084M01044;;14.5184;14.5184;14.5184;28-Dec-2015
132179;Aditya Birla Sun Life Financial Planning Fund - Conservative Plan -Regular - IDCW;INF084M01051;INF084M01069;13.2103;13.2103;13.2103;28-Dec-2015
132185;Aditya Birla Sun Life Financial Planning Fund - Moderate Plan - Direct Plan - Growth Option;INF084M01ET2;;15.5356;15.5356;15.5356;28-Dec-2015
132174;Aditya Birla Sun Life Financial Planning Fund - Moderate Plan - Regular Plan - Growth Option;INF084M01077;;15.3285;15.3285;15.3285;28-Dec-2015
132175;Aditya Birla Sun Life Financial Planning Fund -Moderate  Plan -  Regular -  IDCW;INF084M01085;INF084M01093;13.7474;13.7474;13.7474;28-Dec-2015
132189;Aditya Birla Sun Life Financial Planning Fund -Moderate  Plan - Direct - IDCW;INF084M01EU0;INF084M01EV8;14.0736;14.0736;14.0736;28-Dec-2015
120546;Aditya Birla Sun Life Gold Fund - Growth - Direct Plan;INF209K01YU5;;8.4837;8.3989;8.4837;28-Dec-2015
120545;Aditya Birla Sun Life Gold Fund-DIRECT - IDCW;INF209K01YT7;;8.4788;8.3940;8.4788;28-Dec-2015
116796;Aditya Birla Sun Life Gold Fund-Growth;INF209K01PF4;;8.4222;8.3380;8.4222;28-Dec-2015
116795;Aditya Birla Sun Life Gold Fund-REGULAR - IDCW;INF209K01PG2;INF209K01PH0;8.4208;8.3366;8.4208;28-Dec-2015

Axis Mutual Fund
120473;Axis Gold Fund - Direct Plan - Growth option;INF846K01DS2;;8.6510;8.5645;8.6510;28-Dec-2015
120472;Axis Gold Fund - Direct Plan - IDCW;INF846K01DQ6;INF846K01DR4;8.6417;8.5553;8.6417;28-Dec-2015
115897;Axis Gold Fund - Regular Plan - Growth Option;INF846K01AL3;;8.2914;8.2085;8.2914;28-Dec-2015
115898;Axis Gold Fund - Regular Plan - IDCW;INF846K01AM1;INF846K01AN9;8.3007;8.2177;8.3007;28-Dec-2015

Bandhan Mutual Fund
118412;BANDHAN ALL SEASONS BOND FUND - DIRECT PLAN-WEEKLY IDCW;;INF194K01V71;11.0182;11.0182;11.0182;28-Dec-2015
108547;BANDHAN All Seasons Bond Fund - Regular Plan - Annual IDCW;INF194K01SG0;INF194K01SF2;18.0261;18.0261;18.0261;28-Dec-2015
117868;BANDHAN All Seasons Bond Fund - Regular Plan - Daily IDCW;;INF194K01F55;11.0189;11.0189;11.0189;28-Dec-2015
115874;BANDHAN All Seasons Bond Fund - Regular Plan - Fortnightly IDCW;INF194K01SM8;INF194K01SL0;11.0317;11.0317;11.0317;28-Dec-2015
108545;BANDHAN All Seasons Bond Fund - Regular Plan - Growth;INF194K01SE5;;22.8366;22.8366;22.8366;28-Dec-2015
108546;BANDHAN All Seasons Bond Fund - Regular Plan - Half Yearly IDCW;INF194K01SI6;INF194K01SH8;11.7425;11.7425;11.7425;28-Dec-2015
131399;BANDHAN All Seasons Bond Fund - Regular Plan - Periodic IDCW;INF194KA1TS0;INF194KA1TT8;11.2142;11.2142;11.2142;28-Dec-2015
108544;BANDHAN All Seasons Bond Fund - Regular Plan - Quarterly IDCW;INF194K01SK2;INF194K01SJ4;12.1673;12.1673;12.1673;28-Dec-2015
117867;BANDHAN All Seasons Bond Fund - Regular Plan - Weekly IDCW;;INF194K01F63;11.0168;11.0168;11.0168;28-Dec-2015
118409;BANDHAN All Seasons Bond Fund-Direct Plan-Daily IDCW;;INF194K01V63;11.0171;11.0171;11.0171;28-Dec-2015
118414;BANDHAN All Seasons Bond Fund-Direct Plan-Fortnightly IDCW;INF194K01V55;INF194K01V48;11.0335;11.0335;11.0335;28-Dec-2015
118410;BANDHAN All Seasons Bond Fund-Direct Plan-Growth;INF194K01U72;;23.1399;23.1399;23.1399;28-Dec-2015
131398;BANDHAN All Seasons Bond Fund-Direct Plan-Periodic IDCW;INF194KA1TV4;INF194KA1TW2;11.2460;11.2460;11.2460;28-Dec-2015
118413;BANDHAN All Seasons Bond Fund-Direct Plan-Quarterly IDCW;INF194K01V30;INF194K01V22;12.2977;12.2977;12.2977;28-Dec-2015
112332;BANDHAN Asset Allocation Fund - Regular Plan - Aggressive Plan - Growth;INF194K01953;;17.8148;17.8148;17.8148;28-Dec-2015
112331;BANDHAN Asset Allocation Fund - Regular Plan - Aggressive Plan - IDCW;INF194K01961;INF194K01979;14.2455;14.2455;14.2455;28-Dec-2015
118485;BANDHAN Asset Allocation Fund Of Fund-Aggressive Plan-Direct Plan-Growth;INF194K012B6;;17.9639;17.9639;17.9639;28-Dec-2015
118484;BANDHAN Asset Allocation Fund Of Fund-Aggressive Plan-Direct Plan-IDCW;INF194K013B4;INF194K014B2;15.5340;15.5340;15.5340;28-Dec-2015
112327;BANDHAN Asset Allocation Fund - Regular Plan - Conservative Plan - Growth;INF194K01987;;16.6237;16.6237;16.6237;28-Dec-2015
112328;BANDHAN Asset Allocation Fund - Regular Plan - Conservative Plan - IDCW;INF194K01995;INF194K01AA1;13.2656;13.2656;13.2656;28-Dec-2015
118486;BANDHAN Asset Allocation Fund Of Fund-Conservative Plan-Direct Plan-Growth;INF194K016A9;;16.7813;16.7813;16.7813;28-Dec-2015
118487;BANDHAN Asset Allocation Fund Of Fund-Conservative Plan-Direct Plan-IDCW;INF194K017A7;INF194K018A5;13.4091;13.4091;13.4091;28-Dec-2015
112329;BANDHAN Asset Allocation Fund - Regular Plan - Moderate Plan - Growth;INF194K01AB9;;17.5149;17.5149;17.5149;28-Dec-2015
112330;BANDHAN Asset Allocation Fund - Regular Plan - Moderate Plan - IDCW;INF194K01AC7;INF194K01AD5;14.3939;14.3939;14.3939;28-Dec-2015
118489;BANDHAN Asset Allocation Fund Of Fund-Moderate Plan-Direct Plan-Growth;INF194K019A3;;17.6710;17.6710;17.6710;28-Dec-2015

Canara Robeco Mutual Fund
118300;Canara Robeco Gold Savings Fund - Direct Plan - Dividend Option;INF760K01FD2;INF760K01FE0;7.8823;7.8823;7.8823;28-Dec-2015
118301;Canara Robeco Gold Savings Fund - Direct Plan - Growth Option;INF760K01FF7;;7.8874;7.8874;7.8874;28-Dec-2015
117540;Canara Robeco Gold Savings Fund - Regular Plan - Dividend;INF760K01BY7;INF760K01BX9;7.8635;7.8635;7.8635;28-Dec-2015
117541;Canara Robeco Gold Savings Fund - Regular Plan - Growth;INF760K01BW1;;7.8587;7.8587;7.8587;28-Dec-2015

Franklin Templeton Mutual Fund
118543;Franklin India Dynamic Asset Allocation Fund Of Funds - Direct - Growth;INF090I01HV6;;64.0951;63.4541;64.0951;28-Dec-2015
118542;Franklin India Dynamic Asset Allocation Fund of funds - Direct - IDCW ;INF090I01HT0;INF090I01HU8;38.6638;38.2772;38.6638;28-Dec-2015
101657;Franklin India Dynamic Asset Allocation Fund of funds - IDCW ;INF090I01247;INF090I01254;37.5637;37.1881;37.5637;28-Dec-2015
101656;Franklin India Dynamic Asset Allocation Fund of Funds-Growth;INF090I01262;;62.4518;61.8273;62.4518;28-Dec-2015
118511;Franklin India Life Stage Fund of Funds - 20's Plan - Direct - IDCW ;INF090I01HW4;INF090I01HX2;29.0838;28.793;29.0838;28-Dec-2015
102108;Franklin India Life Stage Fund of Funds - 20's Plan - IDCW ;INF090I01577;;28.6106;28.3245;28.6106;28-Dec-2015
102107;Franklin INDIA LIFE STAGE FUND OF FUNDS - THE 20S PLAN (G);INF090I01593;;62.0474;61.4269;62.0474;28-Dec-2015
118512;Franklin INDIA LIFE STAGE FUND OF FUNDS - THE 20S PLAN - Direct - Growth;INF090I01HY0;;62.9124;62.2833;62.9124;28-Dec-2015
118513;Franklin India Life Stage Fund of Funds - 30's Plan - Direct - IDCW ;INF090I01HZ7;INF090I01IA8;23.0256;22.8529;23.0256;28-Dec-2015
102110;Franklin India Life Stage Fund of Funds - 30's Plan - IDCW ;INF090I01601;;22.6545;22.4846;22.6545;28-Dec-2015
102109;Franklin INDIA LIFE STAGE FUND OF FUNDS - THE 30S PLAN (G);INF090I01627;;45.4167;45.0761;45.4167;28-Dec-2015
118514;Franklin India Life Stage Fund of Funds - The 30s Plan - Direct - Growth;INF090I01IB6;;46.1189;45.773;46.1189;28-Dec-2015
118515;Franklin India Life Stage Fund of Funds - 40's Plan - Direct - IDCW ;INF090I01IC4;INF090I01ID2;15.0509;14.938;15.0509;28-Dec-2015
102111;Franklin India Life Stage Fund of Funds - 40's Plan - IDCW ;INF090I01635;;14.8432;14.7319;14.8432;28-Dec-2015
102112;Franklin INDIA LIFE STAGE FUND OF FUNDS - THE 40S PLAN (G);INF090I01650;;36.9417;36.6646;36.9417;28-Dec-2015
118516;Franklin India Life Stage Fund of Funds - The 40s Plan - Direct - Growth;INF090I01IE0;;37.5382;37.2567;37.5382;28-Dec-2015
118520;Franklin India Life Stage Fund of Funds - 50's Plus Floating Rate Plan - Direct - IDCW ;INF090I01JM1;INF090I01JN9;14.4041;14.2601;14.4041;28-Dec-2015
102546;Franklin India Life Stage Fund Of Funds - 50's Plus Floating Rate Plan - IDCW ;INF090I01692;;14.2258;14.0835;14.2258;28-Dec-2015
102547;Franklin India Life Stage Fund of Funds - The 50s Plus Flo (Gro);INF090I01718;;29.397;29.103;29.397;28-Dec-2015
118519;Franklin India Life Stage Fund Of Funds - The 50S Plus Floating Rate Plan - Direct - Growth;INF090I01JO7;;29.7882;29.4903;29.7882;28-Dec-2015
118517;Franklin India Life Stage Fund of Funds - 50's Plus Plan - Direct - IDCW ;INF090I01IF7;INF090I01IG5;13.607;13.4709;13.607;28-Dec-2015
102113;Franklin India Life Stage Fund of Funds - 50's Plus Plan - IDCW ;INF090I01668;;13.3876;13.2537;13.3876;28-Dec-2015
102114;Franklin INDIA LIFE STAGE FUND OF FUNDS - THE 50+S PLAN (G);INF090I01684;;27.8874;27.6085;27.8874;28-Dec-2015
118518;Franklin India Life Stage Fund of Funds - The 50s Plus - Direct - Growth;INF090I01IH3;;28.388;28.1041;28.388;28-Dec-2015
132990;Franklin India Multi - Asset Solution Fund of Funds - Direct - IDCW;INF090I01LI5;INF090I01LJ3;10.3;10.197;10.3;28-Dec-2015
132987;Franklin India Multi - Asset Solution Fund of Funds- Growth Plan;INF090I01LE4;;10.1087;10.0076;10.1087;28-Dec-2015
132989;Franklin India Multi - Asset Solution Fund of Funds- Growth Plan - Direct;INF090I01LH7;;10.3;10.197;10.3;28-Dec-2015
132988;Franklin India Multi - Asset Solution Fund of Funds- IDCW;INF090I01LF1;INF090I01LG9;10.1087;10.0076;10.1087;28-Dec-2015

HDFC Mutual Fund
130533;HDFC Dynamic PE Ratio Fund of Funds - Growth Option;INF179KA1SF8;;13.6648;13.5282;13.6648;28-Dec-2015
130543;HDFC Dynamic PE Ratio Fund of Funds - Growth Option - Direct Plan;INF179KA1SC5;;13.9542;13.8147;13.9542;28-Dec-2015
130540;HDFC Dynamic PE Ratio Fund of Funds - IDCW Option;INF179KA1SG6;;11.9758;11.8560;11.9758;28-Dec-2015
130547;HDFC Dynamic PE Ratio Fund of Funds - IDCW Option - Direct Plan;INF179KA1SD3;;12.2563;12.1337;12.2563;28-Dec-2015
119132;HDFC Gold ETF Fund of Fund - Direct Plan;INF179K01VX0;;8.6924;8.5186;8.6924;28-Dec-2015
115934;HDFC Gold ETF Fund of Fund - Growth Option;INF179K01LC5;;8.6136;8.4413;8.6136;28-Dec-2015

HSBC Mutual Fund
129195;HSBC Managed Solutions - Conservative - Growth;INF336L01IM4;;11.8333;11.8333;11.8333;28-Dec-2015
129197;HSBC Managed Solutions - Conservative - Growth Direct;INF336L01IP7;;11.8827;11.8827;11.8827;28-Dec-2015
129196;HSBC Managed Solutions India Conservative Fund IDCW;INF336L01IK8;INF336L01IL6;11.8333;11.8333;11.8333;28-Dec-2015
129199;HSBC Managed Solutions - Growth - Dividend;INF336L01HY1;INF336L01HZ8;12.7838;12.7838;12.7838;28-Dec-2015
129201;HSBC Managed Solutions - Growth - Dividend Direct;INF336L01IB7;INF336L01IC5;12.8413;12.8413;12.8413;28-Dec-2015
129065;HSBC Managed Solutions - Growth - Growth;INF336L01IA9;;12.7838;12.7838;12.7838;28-Dec-2015
129200;HSBC Managed Solutions - Growth - Growth Direct;INF336L01ID3;;12.8413;12.8413;12.8413;28-Dec-2015
129191;HSBC Managed Solutions - Moderate - Growth;INF336L01IG6;;12.4682;12.4682;12.4682;28-Dec-2015
129193;HSBC Managed Solutions - Moderate - Growth Direct;INF336L01IJ0;;12.5202;12.5202;12.5202;28-Dec-2015
129192;HSBC Managed Solutions India Moderate Fund IDCW;INF336L01IE1;INF336L01IF8;12.4682;12.4682;12.4682;28-Dec-2015

ICICI Prudential Mutual Fund
120679;ICICI Prudential Asset Allocator Fund (FOF) - Direct Plan - Growth;INF109K01X16;;38.9710;38.5813;38.9710;28-Dec-2015
120680;ICICI Prudential Asset Allocator Fund (FOF) - Direct Plan - IDCW;INF109K01W90;INF109K01X08;38.9523;38.5628;38.9523;28-Dec-2015
102137;ICICI Prudential Asset Allocator Fund (FOF) - Growth;INF109K01837;;38.2176;37.8354;38.2176;28-Dec-2015
102138;ICICI Prudential Asset Allocator Fund (FOF) - IDCW;INF109K01FJ9;INF109K01845;38.2176;37.8354;38.2176;28-Dec-2015
120703;ICICI Prudential Debt Management Fund (FOF) - Direct Plan -  IDCW;INF109K01X57;INF109K01X65;22.9467;22.9467;22.9467;28-Dec-2015
120702;ICICI Prudential Debt Management Fund (FOF) - Direct Plan - Growth;INF109K01X73;;22.8619;22.8619;22.8619;28-Dec-2015
102141;ICICI Prudential Debt Management Fund (FOF) - Growth;INF109K01878;;22.7434;22.7434;22.7434;28-Dec-2015
102143;ICICI Prudential Debt Management Fund (FOF ) - IDCW;INF109K01FS0;INF109K01886;22.7434;22.7434;22.7434;28-Dec-2015
120313;ICICI Prudential Income Optimizer Fund (FOF) - Direct Plan - Growth;INF109K01W82;;27.8188;27.5406;27.8188;28-Dec-2015
120314;ICICI Prudential Income Optimizer Fund (FOF) - Direct Plan - IDCW;INF109K01W66;INF109K01W74;27.6276;27.3513;27.6276;28-Dec-2015
102139;ICICI Prudential Income Optimizer Fund (FOF) - Growth;INF109K01811;;27.3149;27.0418;27.3149;28-Dec-2015
102140;ICICI Prudential Income Optimizer Fund (FOF) - IDCW;INF109K01EB9;INF109K01829;27.3149;27.0418;27.3149;28-Dec-2015
102134;ICICI Prudential Passive Strategy Fund (FOF) - IDCW;INF109K01DW7;INF109K01803;47.0648;46.5942;47.0648;28-Dec-2015
120243;ICICI Prudential Passive Strategy Fund (FOF) - Direct Plan -  IDCW;INF109K01W33;INF109K01W41;47.7703;47.2926;47.7703;28-Dec-2015
120242;ICICI Prudential Passive Strategy Fund (FOF) - Direct Plan - Growth;INF109K01W58;;47.7717;47.2940;47.7717;28-Dec-2015
102133;ICICI Prudential Passive Strategy Fund (FOF) - Growth;INF109K01795;;47.0648;46.5942;47.0648;28-Dec-2015
120685;ICICI Prudential Regular Gold Savings Fund (FOF) - Direct Plan -  Growth;INF109K01U92;;8.9464;8.7675;8.9464;28-Dec-2015
120686;ICICI Prudential Regular Gold Savings Fund (FOF) - Direct Plan -  IDCW;INF109K01U76;INF109K01U84;8.9468;8.7679;8.9468;28-Dec-2015
115833;ICICI Prudential Regular Gold Savings Fund (FOF) - Growth;INF109K01TK8;;8.8733;8.6958;8.8733;28-Dec-2015
115834;ICICI Prudential Regular Gold Savings Fund (FOF) - IDCW;INF109K01TM4;INF109K01TL6;8.8733;8.6958;8.8733;28-Dec-2015
120700;ICICI Prudential Thematic Advantage Fund (FOF) - Direct Plan - Growth;INF109K01X40;;51.8294;51.3111;51.8294;28-Dec-2015
102135;ICICI Prudential Thematic Advantage Fund (FOF) - Growth;INF109K01852;;51.6584;51.1418;51.6584;28-Dec-2015
102136;ICICI Prudential Thematic Advantage Fund (FOF) - IDCW;INF109K01FR2;INF109K01860;51.6584;51.1418;51.6584;28-Dec-2015

IDBI Mutual Fund
117714;IDBI GOLD FUND;INF397L01992;;7.8656;7.7869;7.8656;28-Dec-2015
118343;IDBI GOLD FUND Direct;INF397L01BU4;;7.9260;7.8467;7.9260;28-Dec-2015

Invesco Mutual Fund
120530;Invesco India Gold ETF Fund of Fund - Direct Plan - IDCW (Payout / Reinvestment);INF205K01NH3;INF205K01NI1;7.4296;7.4296;7.4296;28-Dec-2015
120531;Invesco India Gold ETF Fund of Fund - Direct Plan- - Growth;INF205K01NJ9;;7.4372;7.4372;7.4372;28-Dec-2015
116077;Invesco India Gold ETF Fund of Fund - Growth;INF205K01FA4;;7.3807;7.3807;7.3807;28-Dec-2015
116075;Invesco India Gold ETF Fund of Fund - IDCW (Payout / Reinvestment);INF205K01FB2;INF205K01FC0;7.3808;7.3808;7.3808;28-Dec-2015

Kotak Mahindra Mutual Fund
114758;Kotak Gold Fund Growth;INF174K01AT3;;10.9426;10.7237;10.9426;28-Dec-2015
119781;Kotak Gold Fund Growth - Direct;INF174K01MP6;;11.087;10.8653;11.087;28-Dec-2015
114757;Kotak Gold Fund Payout of Income Distribution cum capital withdrawal option;INF174K01AU1;INF174K01AV9;10.9428;10.7239;10.9428;28-Dec-2015
119780;Kotak Gold Fund Payout of Income Distribution cum capital withdrawal option- Direct;INF174K01MQ4;INF174K01MR2;11.0878;10.866;11.0878;28-Dec-2015
119777;Kotak Multi Asset Allocator Fund of Fund - Dynamic - Direct Growth - Direct;INF174K01LN3;;61.08;60.469;61.08;28-Dec-2015
119776;Kotak Multi Asset Allocator Fund of Fund - Dynamic - Direct Payout of Income Distribution cum capital withdrawal option;INF174K01LO1;INF174K01LP8;59.988;59.388;59.988;28-Dec-2015
102574;Kotak Multi Asset Allocator Fund of Fund - Dynamic - Growth;INF174K01468;;60.805;60.197;60.805;28-Dec-2015
102573;Kotak Multi Asset Allocator Fund of Fund - Dynamic - Payout of Income Distribution cum capital withdrawal option;INF174K01484;INF174K01476;59.189;58.597;59.189;28-Dec-2015

Nippon India Mutual Fund
118662;NIPPON INDIA GOLD SAVINGS FUND - Direct Plan - IDCW Option;INF204K01YD2;INF204K01YE0;11.1981;10.9741;11.1981;28-Dec-2015
118663;Nippon India Gold Savings Fund - Direct Plan Growth Plan - Growth Option;INF204K01YC4;;11.1981;10.9741;11.1981;28-Dec-2015
114617;NIPPON INDIA GOLD SAVINGS FUND - IDCW Option;INF204K01KO8;INF204K01KP5;11.0716;10.8502;11.0716;28-Dec-2015
114616;Nippon India Gold Savings Fund-Growth plan- Growth Option;INF204K01KN0;;11.0716;10.8502;11.0716;28-Dec-2015

Quantum Mutual Fund
112039;Quantum Equity Fund of Funds - Direct Plan Growth Option;INF082J01093;;24.944;24.570;24.944;28-Dec-2015
112038;Quantum Equity Fund Of Funds - Direct Plan IDCW;INF082J01101;INF082J01119;24.944;24.570;24.944;28-Dec-2015
115132;Quantum Gold Savings Fund - Direct Plan Growth Option;INF082J01150;;10.8324;10.6699;10.8324;28-Dec-2015
117608;Quantum Multi Asset Fund of Funds - Direct Plan Growth Option;INF082J01168;;13.8062;13.6681;13.8062;28-Dec-2015

SBI Mutual Fund
119789;SBI Gold Fund - Direct Plan - Income Distribution cum Capital Withdrawal Option (IDCW);INF200K01RN3;INF200K01RO1;8.411;8.3269;8.411;28-Dec-2015
115677;SBI Gold Fund - Regular Plan - Income Distribution cum Capital Withdrawal Option (IDCW);INF200K01HB9;INF200K01HC7;8.3136;8.2305;8.3136;28-Dec-2015
115676;SBI GOLD FUND REGULAR PLAN - GROWTH;INF200K01HA1;;8.3122;8.2291;8.3122;28-Dec-2015
119788;SBI GOLD FUND- DIRECT PLAN - GROWTH;INF200K01RP8;;8.4136;8.3295;8.4136;28-Dec-2015

Open Ended Schemes ( Equity Scheme - Flexi Cap Fund )


Aditya Birla Sun Life Mutual Fund
120564;Aditya Birla Sun Life Flexi Cap Fund - Growth - Direct Plan;INF209K01XX1;;485.29;480.44;485.29;28-Dec-2015
103166;Aditya Birla Sun Life Flexi Cap Fund - Growth - Regular Plan;INF209K01AJ8;;473.76;469.02;473.76;28-Dec-2015
120565;Aditya Birla Sun Life Flexi Cap Fund -DIRECT - IDCW;INF209KA1LE0;INF209K01XY9;93.82;92.88;93.82;28-Dec-2015
103165;Aditya Birla Sun Life Flexi Cap Fund -Regular - IDCW;INF209K01AQ3;INF209K01DT1;83.14;82.31;83.14;28-Dec-2015

Bandhan Mutual Fund
108594;BANDHAN Flexi Cap Fund - Regular Plan - Growth;INF194K01391;;72.1802;72.1802;72.1802;28-Dec-2015
108595;BANDHAN Flexi Cap Fund - Regular Plan - IDCW;INF194K01409;INF194K01417;34.2895;34.2895;34.2895;28-Dec-2015
118424;BANDHAN Flexi Cap Fund-Direct Plan-Growth;INF194K01W62;;73.6852;73.6852;73.6852;28-Dec-2015
118423;BANDHAN Flexi Cap Fund-Direct Plan-IDCW;INF194K01W70;INF194K01W88;34.8270;34.8270;34.8270;28-Dec-2015

Canara Robeco Mutual Fund
118275;CANARA ROBECO FLEXICAP FUND - DIRECT PLAN - GROWTH OPTION;INF760K01EF0;;93.8800;93.8800;93.8800;28-Dec-2015
118276;CANARA ROBECO FLEXICAP FUND - DIRECT PLAN - IDCW (Payout/Reinvestment);INF760K01ED5;INF760K01EE3;40.6100;40.6100;40.6100;28-Dec-2015
101922;CANARA ROBECO FLEXICAP FUND - REGULAR PLAN - GROWTH OPTION;INF760K01019;;92.4300;92.4300;92.4300;28-Dec-2015
101923;CANARA ROBECO FLEXICAP FUND - REGULAR PLAN - IDCW (Payout/Reinvestment);INF760K01027;INF760K01035;31.7200;31.7200;31.7200;28-Dec-2015

DSP Mutual Fund
119076;DSP Flexi Cap Fund - Direct Plan - Growth;INF740K01PI2;;27.592;27.316;27.592;28-Dec-2015
119077;DSP Flexi Cap Fund - Direct Plan - IDCW;INF740K01PJ0;INF740K01PK8;70.230;69.528;70.230;28-Dec-2015
105875;DSP Flexi Cap Fund - Regular Plan - Growth;INF740K01037;;27.123;26.852;27.123;28-Dec-2015
100080;DSP Flexi Cap Fund - Regular Plan - IDCW;INF740K01011;INF740K01029;56.849;56.281;56.849;28-Dec-2015

Franklin Templeton Mutual Fund
118535;Franklin India Flexi Cap Fund - Direct - Growth;INF090I01FK3;;447.1053;442.6342;447.1053;28-Dec-2015
118534;Franklin India Flexi Cap Fund - Direct - IDCW ;INF090I01FL1;INF090I01FM9;37.2703;36.8976;37.2703;28-Dec-2015
100520;Franklin India Flexi Cap Fund - Growth;INF090I01239;;436.2557;431.8931;436.2557;28-Dec-2015
100519;Franklin India Flexi Cap Fund - IDCW ;INF090I01213;INF090I01221;36.3032;35.9402;36.3032;28-Dec-2015

HDFC Mutual Fund
118955;HDFC Flexi Cap Fund - Growth Option - Direct Plan;INF179K01UT0;;456.169;451.607;456.169;28-Dec-2015
101762;HDFC Flexi Cap Fund - Growth Plan;INF179K01608;;446.299;441.836;446.299;28-Dec-2015
118954;HDFC Flexi Cap Fund - IDCW Option - Direct Plan;INF179K01VL5;INF179K01VM3;52.277;51.754;52.277;28-Dec-2015
101763;HDFC Flexi Cap Fund - IDCW Plan;INF179K01582;INF179K01590;51.018;50.508;51.018;28-Dec-2015

HSBC Mutual Fund
120046;HSBC Flexi Cap Fund - Direct Growth;INF336L01DH5;;63.3226;63.3226;63.3226;28-Dec-2015
120045;HSBC Flexi Cap Fund - Direct IDCW;INF336L01DF9;INF336L01DG7;22.6165;22.6165;22.6165;28-Dec-2015
102252;HSBC Flexi Cap Fund - Regular Growth;INF336L01AF5;;61.9242;61.9242;61.9242;28-Dec-2015
102251;HSBC Flexi Cap Fund - Regular IDCW;INF336L01AE8;INF336L01AD0;20.9347;20.9347;20.9347;28-Dec-2015

IDBI Mutual Fund
128236;IDBI FLEXI CAP FUND Growth Direct;INF397L01HF2;;16.7200;16.5500;16.7200;28-Dec-2015
128235;IDBI FLEXI CAP FUND Growth Regular;INF397L01HJ4;;16.5600;16.3900;16.5600;28-Dec-2015
128233;IDBI FLEXI CAP FUND IDCW - Direct Plan;INF397L01HC9;;15.7300;15.5700;15.7300;28-Dec-2015
128234;IDBI FLEXI CAP FUND IDCW - Regular Plan;INF397L01HG0;;15.5700;15.4100;15.5700;28-Dec-2015

JM Financial Mutual Fund
120492;JM Flexicap Fund (Direct) - Growth Option;INF192K01CC7;;21.0838;21.0838;21.0838;28-Dec-2015
120491;JM Flexicap Fund (Direct) - IDCW;INF192K01CA1;INF192K01CB9;19.4657;19.4657;19.4657;28-Dec-2015
109522;JM Flexicap Fund (Regular) - Growth option;INF192K01635;;20.5182;20.5182;20.5182;28-Dec-2015
109523;JM Flexicap Fund (Regular) - IDCW;INF192K01619;INF192K01627;19.0831;19.0831;19.0831;28-Dec-2015

Kotak Mahindra Mutual Fund
112090;Kotak Flexicap Fund - Growth;INF174K01336;;22.799;22.571;22.799;28-Dec-2015
120166;Kotak Flexicap Fund - Growth - Direct;INF174K01LS2;;23.368;23.134;23.368;28-Dec-2015
112089;Kotak Flexicap Fund - Payout of Income Distribution cum capital withdrawal option;INF174K01351;INF174K01344;18.438;18.254;18.438;28-Dec-2015
120165;Kotak Flexicap Fund - Payout of Income Distribution cum capital withdrawal option- Direct;INF174K01LQ6;INF174K01LR4;18.931;18.742;18.931;28-Dec-2015

LIC Mutual Fund
120264;LIC MF Flexi Cap Fund-Direct Plan-Growth;INF767K01EG3;;38.3573;37.9737;38.3573;28-Dec-2015
120263;LIC MF Flexi Cap Fund-Direct Plan-IDCW;INF767K01EF5;INF767K01EH1;14.7967;14.6487;14.7967;28-Dec-2015
100313;LIC MF Flexi Cap Fund-Regular Plan-Growth;INF767K01071;;37.7577;37.3801;37.7577;28-Dec-2015
100312;LIC MF Flexi Cap Fund-Regular Plan-IDCW;INF767K01063;INF767K01055;13.9153;13.7761;13.9153;28-Dec-2015

Motilal Oswal Mutual Fund
129047;Motilal Oswal Flexi Cap Fund Direct - IDCW Payout/Reinvestment;INF247L01528;INF247L01510;17.8281;17.8281;17.8281;28-Dec-2015
129046;Motilal Oswal Flexi cap Fund Direct Plan-Growth Option;INF247L01502;;17.8281;17.8281;17.8281;28-Dec-2015
129049;Motilal Oswal Flexi cap Fund Regular - IDCW Payout/Reinvestment;INF247L01494;INF247L01486;17.5123;17.5123;17.5123;28-Dec-2015
129048;Motilal Oswal Flexi Cap Fund Regular Plan-Growth Option;INF247L01478;;17.5123;17.5123;17.5123;28-Dec-2015

PGIM India Mutual Fund
133837;PGIM India Flexi Cap Fund - Direct Plan - Dividend Option;INF663L01FG9;INF663L01FH7;10.13;10.03;10.13;28-Dec-2015
133839;PGIM India Flexi Cap Fund - Direct Plan - Growth Option;INF663L01FF1;;10.13;10.03;10.13;28-Dec-2015
133838;PGIM India Flexi Cap Fund - Regular Plan - Dividend Option;INF663L01FK1;INF663L01FL9;10.09;9.99;10.09;28-Dec-2015
133836;PGIM India Flexi Cap Fund - Regular Plan - Growth Option;INF663L01FJ3;;10.09;9.99;10.09;28-Dec-2015

PPFAS Mutual Fund
122639;Parag Parikh Flexi Cap Fund - Direct Plan - Growth;INF879O01027;;17.7102;17.3560;17.7102;28-Dec-2015
122640;Parag Parikh Flexi Cap Fund - Regular Plan - Growth;INF879O01019;;17.4883;17.1385;17.4883;28-Dec-2015

quant Mutual Fund
109830;quant Flexi Cap Fund - Growth Option - Regular Plan;INF966L01457;;17.9134;17.7343;17.9134;28-Dec-2015
120843;quant Flexi Cap Fund - Growth Option-Direct Plan;INF966L01911;;18.1817;17.9999;18.1817;28-Dec-2015
120842;quant Flexi Cap Fund - IDCW Option - Direct Plan;INF966L01895;INF966L01903;12.8368;12.7084;12.8368;28-Dec-2015
109831;quant Flexi Cap Fund - IDCW Option - Regular Plan;INF966L01432;INF966L01440;12.8282;12.6999;12.8282;28-Dec-2015

SBI Mutual Fund
119718;SBI Flexicap Fund - DIRECT PLAN - Growth Option;INF200K01UG1;;34.1641;33.8225;34.1641;28-Dec-2015
119717;SBI Flexicap Fund - Direct Plan - Income Distribution cum Capital Withdrawal Option (IDCW);INF200K01UE6;INF200K01UF3;22.6583;22.4317;22.6583;28-Dec-2015
103216;SBI Flexicap Fund - Regular Plan - Income Distribution cum Capital Withdrawal Option (IDCW);INF200K01230;INF200K01248;19.9244;19.7252;19.9244;28-Dec-2015
103215;SBI Flexicap Fund - REGULAR PLAN -Growth Option;INF200K01222;;33.5506;33.2151;33.5506;28-Dec-2015

Taurus Mutual Fund
118884;Taurus Flexi Cap Fund - Direct Plan -  Payout of Income Distribution cum Capital Withdrawal option;INF044D01BV7;INF044D01BW5;62.38;61.76;62.38;28-Dec-2015
118883;Taurus Flexi Cap Fund - Direct Plan - Growth;INF044D01BU9;;89.98;89.08;89.98;28-Dec-2015
100476;Taurus Flexi Cap Fund - Regular Plan - Growth ;INF044D01989;;88.33;87.45;88.33;28-Dec-2015
111640;Taurus Flexi Cap Fund - Regular Plan - Payout of Income Distribution cum Capital Withdrawal option;INF044D01955;INF044D01963;62.18;61.56;62.18;28-Dec-2015

Union Mutual Fund
119292;Union Flexi Cap Fund - Direct Plan - Growth Option;INF582M01633;;15.21;15.06;15.21;28-Dec-2015
119293;Union Flexi Cap Fund - Direct Plan - IDCW Option;INF582M01658;INF582M01641;15.21;15.06;15.21;28-Dec-2015
115270;Union Flexi Cap Fund - Growth Option;INF582M01104;;14.88;14.73;14.88;28-Dec-2015
115290;Union Flexi Cap Fund - IDCW Option;INF582M01120;INF582M01112;12.87;12.74;12.87;28-Dec-2015

UTI Mutual Fund
100669;UTI - Flexi Cap Fund-Growth Option;INF789F01513;;99.9264;99.9264;99.93;28-Dec-2015
120662;UTI - Flexi Cap Fund-Growth Option - Direct;INF789F01TC4;;100.8803;100.8803;100.88;28-Dec-2015
120663;UTI Flexi Cap Fund - Direct Plan - IDCW;INF789F01TA8;INF789F01TB6;81.9471;81.9471;81.95;28-Dec-2015
100668;UTI Flexi Cap Fund - Regular Plan - IDCW;INF189A01053;INF789F01505;81.1378;81.1378;81.14;28-Dec-2015

Close Ended Schemes ( Income )


360 ONE Mutual Fund (Formerly Known as IIFL Mutual Fund)
121898;IIFL Fixed Maturity Plan - Series 6 - Direct Plan - Growth Option;INF579M01951;;12.6897;12.6897;12.6897;28-Dec-2015
121900;IIFL Fixed Maturity Plan - Series 6 - Regular Plan - Growth Option;INF579M01936;;12.6643;12.6643;12.6643;28-Dec-2015

Aditya Birla Sun Life Mutual Fund
125057;Aditya Birla Sun Life Capital Protection Oriented Fund - Series 16 - Direct Plan-Growth;INF209KB1887;;12.5585;12.5585;12.5585;28-Dec-2015
125056;Aditya Birla Sun Life Capital Protection Oriented Fund - Series 16 - Regular Plan-Growth;INF209KB1879;;12.2357;12.2357;12.2357;28-Dec-2015
125517;Aditya Birla Sun Life Capital Protection Oriented Fund - Series 17 - Direct Plan-Growth;INF209KB1AG7;;12.5839;12.5839;12.5839;28-Dec-2015
125518;Aditya Birla Sun Life Capital Protection Oriented Fund - Series 17 - Regular Plan-Growth;INF209KB1AF9;;12.1949;12.1949;12.1949;28-Dec-2015
126611;Aditya Birla Sun Life Capital Protection Oriented Fund - Series 18 - Direct Plan-Growth;INF209KB1AO1;;12.3580;12.3580;12.3580;28-Dec-2015
126610;Aditya Birla Sun Life Capital Protection Oriented Fund - Series 18 - Regular Plan-Growth;INF209KB1AN3;;12.0263;12.0263;12.0263;28-Dec-2015
127535;Aditya Birla Sun Life Capital Protection Oriented Fund - Series 19 - Direct Plan-Growth;INF209KB1CS8;;12.0462;12.0462;12.0462;28-Dec-2015
127534;Aditya Birla Sun Life Capital Protection Oriented Fund - Series 19 - Regular Plan-Growth;INF209KB1CR0;;11.7157;11.7157;11.7157;28-Dec-2015
129215;Aditya Birla Sun Life Capital Protection Oriented Fund - Series 20 - Direct Plan-Growth;INF209KA1HH1;;11.8119;11.8119;11.8119;28-Dec-2015
129214;Aditya Birla Sun Life Capital Protection Oriented Fund - Series 20 - Regular Plan-Growth;INF209KA1HI9;;11.5144;11.5144;11.5144;28-Dec-2015
129921;Aditya Birla Sun Life Capital Protection Oriented Fund - Series 21 - Direct Plan-Growth;INF209KB1HJ6;;11.3681;11.3681;11.3681;28-Dec-2015
129922;Aditya Birla Sun Life Capital Protection Oriented Fund - Series 21 - Regular Plan-Growth;INF209KB1HK4;;11.1004;11.1004;11.1004;28-Dec-2015
130785;Aditya Birla Sun Life Capital Protection Oriented Fund - Series 22 - Direct Plan - Growth;INF209KB1IR7;;11.2307;11.2307;11.2307;28-Dec-2015
130786;Aditya Birla Sun Life Capital Protection Oriented Fund - Series 22 - Regular Plan - Growth;INF209KB1IS5;;11.0073;11.0073;11.0073;28-Dec-2015
131165;Aditya Birla Sun Life Capital Protection Oriented Fund - Series 23 - Direct Plan - Growth;INF209KA1OP0;;11.0577;11.0577;11.0577;28-Dec-2015
131166;Aditya Birla Sun Life Capital Protection Oriented Fund - Series 23 - Regular Plan - Growth;INF209KA1OQ8;;10.8539;10.8539;10.8539;28-Dec-2015
132977;Aditya Birla Sun Life Capital Protection Oriented Fund - Series 25 - Direct Plan - Growth;INF209KA1TN4;;10.0490;10.0490;10.0490;28-Dec-2015
132978;Aditya Birla Sun Life Capital Protection Oriented Fund - Series 25 - Regular Plan - Growth;INF209KA1TO2;;9.8911;9.8911;9.8911;28-Dec-2015
134149;Aditya Birla Sun Life Capital Protection Oriented Fund - Series 26 - Direct Plan-Growth;INF209KA1J73;;9.5672;9.5672;9.5672;28-Dec-2015
134148;Aditya Birla Sun Life Capital Protection Oriented Fund - Series 26 - Regular Plan-Growth;INF209KA1J81;;9.4900;9.4900;9.4900;28-Dec-2015
135776;Aditya Birla Sun Life Capital Protection Oriented Fund - Series 29 - Direct Plan-Growth;INF209KA10O9;;10.0348;10.0348;10.0348;28-Dec-2015
135775;Aditya Birla Sun Life Capital Protection Oriented Fund - Series 29 - Regular Plan-Growth;INF209KA11O7;;10.0257;10.0257;10.0257;28-Dec-2015
126600;Aditya Birla Sun Life Fixed Term Plan - Corporate Bond Series A (1170 days) - Direct Plan-Dividend;INF209KA1623;;12.0997;12.0997;12.0997;28-Dec-2015
126598;Aditya Birla Sun Life Fixed Term Plan - Corporate Bond Series A (1170 days) - Direct Plan-Growth;INF209KA1615;;12.2476;12.2476;12.2476;28-Dec-2015
126599;Aditya Birla Sun Life Fixed Term Plan - Corporate Bond Series A (1170 days) - Regular Plan-Dividend;INF209KA1607;;12.0367;12.0367;12.0367;28-Dec-2015
126601;Aditya Birla Sun Life Fixed Term Plan - Corporate Bond Series A (1170 days) - Regular Plan-Growth;INF209KA1599;;12.1841;12.1841;12.1841;28-Dec-2015
126744;Aditya Birla Sun Life Fixed Term Plan - Corporate Bond Series B (1168 days) - Direct Plan-Dividend;INF209KA1664;;12.1245;12.1245;12.1245;28-Dec-2015
126745;Aditya Birla Sun Life Fixed Term Plan - Corporate Bond Series B (1168 days) - Direct Plan-Growth;INF209KA1656;;12.1245;12.1245;12.1245;28-Dec-2015
126743;Aditya Birla Sun Life Fixed Term Plan - Corporate Bond Series B (1168 days) - Regular Plan-Dividend;INF209KA1649;;12.0171;12.0171;12.0171;28-Dec-2015
126746;Aditya Birla Sun Life Fixed Term Plan - Corporate Bond Series B (1168 days) - Regular Plan-Growth;INF209KA1631;;12.0171;12.0171;12.0171;28-Dec-2015
116499;Aditya Birla Sun Life Fixed Term Plan-Series EN-Dividend;INF209K01OA8;;14.1836;14.1836;14.1836;28-Dec-2015
116500;Aditya Birla Sun Life Fixed Term Plan-Series EN-Growth;INF209K01NZ7;;14.1836;14.1836;14.1836;28-Dec-2015
118242;Aditya Birla Sun Life Fixed Term Plan-Series GC (1217 days)-Dividend;INF209KA1X75;;10.5847;10.5847;10.5847;28-Dec-2015
118243;Aditya Birla Sun Life Fixed Term Plan-Series GC (1217 days)-Growth;INF209KA1X18;;12.8586;12.8586;12.8586;28-Dec-2015
120942;Aditya Birla Sun Life Fixed Term Plan - Series GI (1185 days) - Direct Plan-Growth;INF209K01ZS6;;12.9584;12.9584;12.9584;28-Dec-2015
120938;Aditya Birla Sun Life Fixed Term Plan - Series GI (1185 days) - Direct Plan-Normal Dividend;INF209K01ZT4;;12.6234;12.6234;12.6234;28-Dec-2015
120939;Aditya Birla Sun Life Fixed Term Plan - Series GI (1185 days) - Direct Plan-Quarterly Dividend;INF209K01ZU2;;11.1636;11.1636;11.1636;28-Dec-2015
120940;Aditya Birla Sun Life Fixed Term Plan - Series GI (1185 days) - Regular Plan-Normal Dividend;INF209K01ZQ0;;12.5476;12.5476;12.5476;28-Dec-2015
120941;Aditya Birla Sun Life Fixed Term Plan - Series GI (1185 days) - Regular Plan-Quarterly Dividend;INF209K01ZR8;;11.1359;11.1359;11.1359;28-Dec-2015
120943;Aditya Birla Sun Life Fixed Term Plan - Series GI (1185 days) -Regular Plan-Growth;INF209K01ZP2;;12.8825;12.8825;12.8825;28-Dec-2015
123007;Aditya Birla Sun Life Fixed Term Plan - Series HC (1099 days) - Direct Plan-Growth;INF209KA1Q74;;12.3664;12.3664;12.3664;28-Dec-2015
123005;Aditya Birla Sun Life Fixed Term Plan - Series HC (1099 days) - Direct Plan-Normal Dividend;INF209KA1Q82;;10.6097;10.6097;10.6097;28-Dec-2015
123006;Aditya Birla Sun Life Fixed Term Plan - Series HC (1099 days) - Direct Plan-Quarterly Dividend;INF209KA1Q90;;10.5350;10.5350;10.5350;28-Dec-2015
123010;Aditya Birla Sun Life Fixed Term Plan - Series HC (1099 days) - Regular Plan-Growth;INF209KA1R08;;12.3289;12.3289;12.3289;28-Dec-2015
123009;Aditya Birla Sun Life Fixed Term Plan - Series HC (1099 days) - Regular Plan-Quarterly Dividend;INF209KA1Q66;;10.5238;10.5238;10.5238;28-Dec-2015
123235;Aditya Birla Sun Life Fixed Term Plan - Series HI (1099 days) - Direct Plan-Growth;INF209KA1NC0;;12.4579;12.4579;12.4579;28-Dec-2015
123233;Aditya Birla Sun Life Fixed Term Plan - Series HI (1099 days) - Regular Plan-Growth;INF209KA1MZ3;;12.4491;12.4491;12.4491;28-Dec-2015
123236;Aditya Birla Sun Life Fixed Term Plan - Series HI (1099 days) - Regular Plan-Normal Dividend;INF209KA1NA4;;11.3425;11.3425;11.3425;28-Dec-2015
123442;Aditya Birla Sun Life Fixed Term Plan - Series HJ (1105 days) - Direct Plan-Growth;INF209KA1NO5;;12.4675;12.4675;12.4675;28-Dec-2015
123443;Aditya Birla Sun Life Fixed Term Plan - Series HJ (1105 days) - Regular Plan-Growth;INF209KA1NL1;;12.4590;12.4590;12.4590;28-Dec-2015
123438;Aditya Birla Sun Life Fixed Term Plan - Series HJ (1105 days) - Regular Plan-Normal Dividend;INF209KA1NM9;;11.3333;11.3333;11.3333;28-Dec-2015
123439;Aditya Birla Sun Life Fixed Term Plan - Series HJ (1105 days) - Regular Plan-Quarterly Dividend;INF209KA1NN7;;10.8959;10.8959;10.8959;28-Dec-2015
123433;Aditya Birla Sun Life Fixed Term Plan - Series HK (1100 days) - Direct Plan-Growth;INF209KA1NU2;;12.4900;12.4900;12.4900;28-Dec-2015
123437;Aditya Birla Sun Life Fixed Term Plan - Series HK (1100 days) - Regular Plan-Growth;INF209KA1NR8;;12.4815;12.4815;12.4815;28-Dec-2015
123602;Aditya Birla Sun Life Fixed Term Plan - Series HL (1463 days) - Direct Plan-Growth;INF209KB1382;;12.4885;12.4885;12.4885;28-Dec-2015
123601;Aditya Birla Sun Life Fixed Term Plan - Series HL (1463 days) - Direct Plan-Normal Dividend;INF209KB1390;;11.3064;11.3064;11.3064;28-Dec-2015
123603;Aditya Birla Sun Life Fixed Term Plan - Series HL (1463 days) - Regular Plan-Growth;INF209KB1416;;12.4750;12.4750;12.4750;28-Dec-2015
123605;Aditya Birla Sun Life Fixed Term Plan - Series HL (1463 days) - Regular Plan-Normal Dividend;INF209KB1424;;11.2979;11.2979;11.2979;28-Dec-2015
123805;Aditya Birla Sun Life Fixed Term Plan - Series HM (1098 days) - Direct Plan-Growth;INF209KA1OM7;;12.4877;12.4877;12.4877;28-Dec-2015
123802;Aditya Birla Sun Life Fixed Term Plan - Series HM (1098 days) - Direct Plan-Normal Dividend;INF209KA1ON5;;11.2922;11.2922;11.2922;28-Dec-2015
123803;Aditya Birla Sun Life Fixed Term Plan - Series HM (1098 days) - Regular Plan-Growth;INF209KA1OJ3;;12.4542;12.4542;12.4542;28-Dec-2015
123806;Aditya Birla Sun Life Fixed Term Plan - Series HM (1098 days) - Regular Plan-Normal Dividend;INF209KA1OK1;;11.2788;11.2788;11.2788;28-Dec-2015
123807;Aditya Birla Sun Life Fixed Term Plan - Series HM (1098 days) - Regular Plan-Quarterly Dividend;INF209KA1OL9;;10.8620;10.8620;10.8620;28-Dec-2015
123828;Aditya Birla Sun Life Fixed Term Plan - Series HQ (1098 days) - Direct Plan-Growth;INF209KA1OU0;;12.4762;12.4762;12.4762;28-Dec-2015
123831;Aditya Birla Sun Life Fixed Term Plan - Series HQ (1098 days) - Direct Plan-Quarterly Dividend;INF209KA1OW6;;10.8628;10.8628;10.8628;28-Dec-2015
123827;Aditya Birla Sun Life Fixed Term Plan - Series HQ (1098 days) - Regular Plan-Growth;INF209KA1OR6;;12.4414;12.4414;12.4414;28-Dec-2015
123829;Aditya Birla Sun Life Fixed Term Plan - Series HQ (1098 days) - Regular Plan-Normal Dividend;INF209KA1OS4;;11.2586;11.2586;11.2586;28-Dec-2015
124047;Aditya Birla Sun Life Fixed Term Plan - Series HR (1096 days) - Direct Plan-Growth;INF209K019B4;;12.3384;12.3384;12.3384;28-Dec-2015
124043;Aditya Birla Sun Life Fixed Term Plan - Series HR (1096 days) - Direct Plan-Normal Dividend;INF209K010C1;;12.3385;12.3385;12.3385;28-Dec-2015
124046;Aditya Birla Sun Life Fixed Term Plan - Series HR (1096 days) - Direct Plan-Quarterly Dividend;INF209K011C9;;11.1859;11.1859;11.1859;28-Dec-2015
124045;Aditya Birla Sun Life Fixed Term Plan - Series HR (1096 days) - Regular Plan-Growth;INF209K016B0;;12.1978;12.1978;12.1978;28-Dec-2015
124044;Aditya Birla Sun Life Fixed Term Plan - Series HR (1096 days) - Regular Plan-Normal Dividend;INF209K017B8;;12.1978;12.1978;12.1978;28-Dec-2015
124048;Aditya Birla Sun Life Fixed Term Plan - Series HR (1096 days) - Regular Plan-Quarterly Dividend;INF209K018B6;;11.1207;11.1207;11.1207;28-Dec-2015
124053;Aditya Birla Sun Life Fixed Term Plan - Series HS (1465 days) - Direct Plan-Growth;INF209KB1598;;12.4651;12.4651;12.4651;28-Dec-2015
124052;Aditya Birla Sun Life Fixed Term Plan - Series HS (1465 days) - Regular Plan-Growth;INF209KB1606;;12.4290;12.4290;12.4290;28-Dec-2015
124054;Aditya Birla Sun Life Fixed Term Plan - Series HS (1465 days) - Regular Plan-Normal Dividend;INF209KB1614;;11.2519;11.2519;11.2519;28-Dec-2015
124051;Aditya Birla Sun Life Fixed Term Plan - Series HS (1465 days) - Regular Plan-Quarterly Dividend;INF209KB1622;;10.8457;10.8457;10.8457;28-Dec-2015
124064;Aditya Birla Sun Life Fixed Term Plan - Series HV (1098 days) - Direct Plan-Growth;INF209KA1PG6;;12.3892;12.3892;12.3892;28-Dec-2015
124063;Aditya Birla Sun Life Fixed Term Plan - Series HV (1098 days) - Direct Plan-Normal Dividend;INF209KA1PH4;;11.2499;11.2499;11.2499;28-Dec-2015
124066;Aditya Birla Sun Life Fixed Term Plan - Series HV (1098 days) - Regular Plan-Growth;INF209KA1PD3;;12.3558;12.3558;12.3558;28-Dec-2015
124065;Aditya Birla Sun Life Fixed Term Plan - Series HV (1098 days) - Regular Plan-Quarterly Dividend;INF209KA1PF8;;10.8415;10.8415;10.8415;28-Dec-2015
124071;Aditya Birla Sun Life Fixed Term Plan - Series HW (1099 days) - Direct Plan-Growth;INF209KA12K3;;12.1852;12.1852;12.1852;28-Dec-2015
124073;Aditya Birla Sun Life Fixed Term Plan - Series HW (1099 days) - Regular Plan-Growth;INF209KA15K6;;12.0479;12.0479;12.0479;28-Dec-2015
124072;Aditya Birla Sun Life Fixed Term Plan - Series HW (1099 days) - Regular Plan-Normal Dividend;INF209KA16K4;;10.2160;10.2160;10.2160;28-Dec-2015
124410;Aditya Birla Sun Life Fixed Term Plan - Series HY (1098 days) - Direct Plan-Growth;INF209KA1PS1;;12.4071;12.4071;12.4071;28-Dec-2015
124405;Aditya Birla Sun Life Fixed Term Plan - Series HY (1098 days) - Direct Plan-Normal Dividend;INF209KA1PT9;;11.2569;11.2569;11.2569;28-Dec-2015
124408;Aditya Birla Sun Life Fixed Term Plan - Series HY (1098 days) - Regular Plan-Growth;INF209KA1PP7;;12.3700;12.3700;12.3700;28-Dec-2015
124406;Aditya Birla Sun Life Fixed Term Plan - Series HY (1098 days) - Regular Plan-Normal Dividend;INF209KA1PQ5;;11.2345;11.2345;11.2345;28-Dec-2015
124407;Aditya Birla Sun Life Fixed Term Plan - Series HY (1098 days) - Regular Plan-Quarterly Dividend;INF209KA1PR3;;10.8407;10.8407;10.8407;28-Dec-2015
124481;Aditya Birla Sun Life Fixed Term Plan - Series IC (1098 days) - Direct Plan-Growth;INF209KA1QK6;;12.3051;12.3051;12.3051;28-Dec-2015
124479;Aditya Birla Sun Life Fixed Term Plan - Series IC (1098 days) - Direct Plan-Normal Dividend;INF209KA1QL4;;11.2182;11.2182;11.2182;28-Dec-2015
124484;Aditya Birla Sun Life Fixed Term Plan - Series IC (1098 days) - Regular Plan-Growth;INF209KA1QH2;;12.2663;12.2663;12.2663;28-Dec-2015
124482;Aditya Birla Sun Life Fixed Term Plan - Series IC (1098 days) - Regular Plan-Normal Dividend;INF209KA1QI0;;11.1995;11.1995;11.1995;28-Dec-2015
124483;Aditya Birla Sun Life Fixed Term Plan - Series IC (1098 days) - Regular Plan-Quarterly Dividend;INF209KA1QJ8;;10.8214;10.8214;10.8214;28-Dec-2015
124486;Aditya Birla Sun Life Fixed Term Plan - Series ID (1094 days) - Direct Plan-Growth;INF209K019G3;;12.3124;12.3124;12.3124;28-Dec-2015
124485;Aditya Birla Sun Life Fixed Term Plan - Series ID (1094 days) - Direct Plan-Normal Dividend;INF209K010H0;;12.3124;12.3124;12.3124;28-Dec-2015
124490;Aditya Birla Sun Life Fixed Term Plan - Series ID (1094 days) - Regular Plan-Growth;INF209K016G9;;12.1795;12.1795;12.1795;28-Dec-2015
124487;Aditya Birla Sun Life Fixed Term Plan - Series ID (1094 days) - Regular Plan-Normal Dividend;INF209K017G7;;12.1795;12.1795;12.1795;28-Dec-2015
124489;Aditya Birla Sun Life Fixed Term Plan - Series ID (1094 days) - Regular Plan-Quarterly Dividend;INF209K018G5;;11.0798;11.0798;11.0798;28-Dec-2015
124765;Aditya Birla Sun Life Fixed Term Plan - Series IG (1098 days) - Direct Plan-Growth;INF209KA1QY7;;12.2481;12.2481;12.2481;28-Dec-2015
124768;Aditya Birla Sun Life Fixed Term Plan - Series IG (1098 days) - Regular Plan-Growth;INF209KA1QT7;;12.2073;12.2073;12.2073;28-Dec-2015
124856;Aditya Birla Sun Life Fixed Term Plan - Series IL (1097 days) - Direct Plan-Growth;INF209KA1SE5;;12.1698;12.1698;12.1698;28-Dec-2015
124854;Aditya Birla Sun Life Fixed Term Plan - Series IL (1097 days) - Direct Plan-Normal Dividend;INF209KA1SF2;;11.1451;11.1451;11.1451;28-Dec-2015
124859;Aditya Birla Sun Life Fixed Term Plan - Series IL (1097 days) - Regular Plan-Growth;INF209KA1SB1;;12.1314;12.1314;12.1314;28-Dec-2015
124858;Aditya Birla Sun Life Fixed Term Plan - Series IL (1097 days) - Regular Plan-Quarterly Dividend;INF209KA1SD7;;10.7984;10.7984;10.7984;28-Dec-2015
125053;Aditya Birla Sun Life Fixed Term Plan - Series IO (1097 days) - Direct Plan-Growth;INF209KA1SQ9;;12.0893;12.0893;12.0893;28-Dec-2015
125055;Aditya Birla Sun Life Fixed Term Plan - Series IO (1097 days) - Regular Plan-Growth;INF209KA1SN6;;12.0476;12.0476;12.0476;28-Dec-2015
125073;Aditya Birla Sun Life Fixed Term Plan - Series IP (1100 days) - Direct Plan-Growth;INF209KB1069;;12.2409;12.2409;12.2409;28-Dec-2015
125071;Aditya Birla Sun Life Fixed Term Plan - Series IP (1100 days) - Direct Plan-Normal Dividend;INF209KB1077;;12.2409;12.2409;12.2409;28-Dec-2015
125076;Aditya Birla Sun Life Fixed Term Plan - Series IP (1100 days) - Regular Plan-Growth;INF209KB1093;;12.1563;12.1563;12.1563;28-Dec-2015
125074;Aditya Birla Sun Life Fixed Term Plan - Series IP (1100 days) - Regular Plan-Normal Dividend;INF209KB1101;;12.1563;12.1563;12.1563;28-Dec-2015
125072;Aditya Birla Sun Life Fixed Term Plan - Series IP (1100 days) -Direct Plan-Quarterly Dividend;INF209KB1085;;11.0822;11.0822;11.0822;28-Dec-2015
125170;Aditya Birla Sun Life Fixed Term Plan - Series IU (1099 days) - Direct Plan-Growth;INF209KA1W35;;12.0131;12.0131;12.0131;28-Dec-2015
125173;Aditya Birla Sun Life Fixed Term Plan - Series IU (1099 days) - Regular Plan-Growth;INF209KA1W68;;11.9069;11.9069;11.9069;28-Dec-2015
125171;Aditya Birla Sun Life Fixed Term Plan - Series IU (1099 days) - Regular Plan-Normal Dividend;INF209KA1W76;;10.5615;10.5615;10.5615;28-Dec-2015
125172;Aditya Birla Sun Life Fixed Term Plan - Series IU (1099 days) - Regular Plan-Quarterly Dividend;INF209KA1W27;;10.4960;10.4960;10.4960;28-Dec-2015
125447;Aditya Birla Sun Life Fixed Term Plan - Series IX (1105 days) - Direct Plan-Growth;INF209KB1903;;12.1574;12.1574;12.1574;28-Dec-2015
125448;Aditya Birla Sun Life Fixed Term Plan - Series IX (1105 days) - Direct Plan-Normal Dividend;INF209KB1911;;12.1574;12.1574;12.1574;28-Dec-2015
125451;Aditya Birla Sun Life Fixed Term Plan - Series IX (1105 days) - Regular Plan-Growth;INF209KB1937;;12.0400;12.0400;12.0400;28-Dec-2015
125450;Aditya Birla Sun Life Fixed Term Plan - Series IX (1105 days) - Regular Plan-Normal Dividend;INF209KB1945;;12.0400;12.0400;12.0400;28-Dec-2015
125449;Aditya Birla Sun Life Fixed Term Plan - Series IX (1105 days) - Regular Plan-Quarterly Dividend;INF209KB1895;;11.0938;11.0938;11.0938;28-Dec-2015
125442;Aditya Birla Sun Life Fixed Term Plan - Series IY (1598 days) - Direct Plan-Growth;INF209KA1V77;;11.9219;11.9219;11.9219;28-Dec-2015
125445;Aditya Birla Sun Life Fixed Term Plan - Series IY (1598 days) - Regular Plan-Growth;INF209KA1W01;;11.8099;11.8099;11.8099;28-Dec-2015
125443;Aditya Birla Sun Life Fixed Term Plan - Series IY (1598 days) - Regular Plan-Normal Dividend;INF209KA1W19;;10.5289;10.5289;10.5289;28-Dec-2015
125444;Aditya Birla Sun Life Fixed Term Plan - Series IY (1598 days) - Regular Plan-Quarterly Dividend;INF209KA1V69;;10.4742;10.4742;10.4742;28-Dec-2015
125581;Aditya Birla Sun Life Fixed Term Plan - Series JA (1464 days) - Direct Plan-Growth;INF209KB1AA0;;11.9631;11.9631;11.9631;28-Dec-2015
125584;Aditya Birla Sun Life Fixed Term Plan - Series JA (1464 days) - Regular Plan-Growth;INF209KB1AD4;;11.9433;11.9433;11.9433;28-Dec-2015
126067;Aditya Birla Sun Life Fixed Term Plan - Series JI (1099 days) - Direct Plan-Growth;INF209KA1VU5;;11.9173;11.9173;11.9173;28-Dec-2015
126068;Aditya Birla Sun Life Fixed Term Plan - Series JI (1099 days) - Regular Plan-Growth;INF209KA1VX9;;11.8958;11.8958;11.8958;28-Dec-2015
126015;Aditya Birla Sun Life Fixed Term Plan - Series JJ (1092 days) - Direct Plan-Growth;INF209K011Y3;;12.0763;12.0763;12.0763;28-Dec-2015
126013;Aditya Birla Sun Life Fixed Term Plan - Series JJ (1092 days) - Direct Plan-Normal Dividend;INF209K012Y1;;12.0763;12.0763;12.0763;28-Dec-2015
126017;Aditya Birla Sun Life Fixed Term Plan - Series JJ (1092 days) - Regular Plan-Growth;INF209K018X0;;11.9609;11.9609;11.9609;28-Dec-2015
126016;Aditya Birla Sun Life Fixed Term Plan - Series JJ (1092 days) - Regular Plan-Normal Dividend;INF209K019X8;;11.9609;11.9609;11.9609;28-Dec-2015
126018;Aditya Birla Sun Life Fixed Term Plan - Series JJ (1092 days) - Regular Plan-Quarterly Dividend;INF209K010Y5;;11.0786;11.0786;11.0786;28-Dec-2015
126108;Aditya Birla Sun Life Fixed Term Plan - Series JK (1099 days) - Direct Plan-Growth;INF209KA19B7;;11.9436;11.9436;11.9436;28-Dec-2015
126107;Aditya Birla Sun Life Fixed Term Plan - Series JK (1099 days) - Direct Plan-Quarterly Dividend;INF209KA11C2;;10.4896;10.4896;10.4896;28-Dec-2015
126112;Aditya Birla Sun Life Fixed Term Plan - Series JK (1099 days) - Regular Plan-Growth;INF209KA12C0;;11.8659;11.8659;11.8659;28-Dec-2015
126110;Aditya Birla Sun Life Fixed Term Plan - Series JK (1099 days) - Regular Plan-Normal Dividend;INF209KA13C8;;10.5288;10.5288;10.5288;28-Dec-2015
126111;Aditya Birla Sun Life Fixed Term Plan - Series JK (1099 days) - Regular Plan-Quarterly Dividend;INF209KA18B9;;10.4704;10.4704;10.4704;28-Dec-2015
126228;Aditya Birla Sun Life Fixed Term Plan - Series JP (1175 days) - Direct Plan-Growth;INF209KA15C3;;11.8977;11.8977;11.8977;28-Dec-2015
126225;Aditya Birla Sun Life Fixed Term Plan - Series JP (1175 days) - Regular Plan-Growth;INF209KA18C7;;11.8284;11.8284;11.8284;28-Dec-2015
126229;Aditya Birla Sun Life Fixed Term Plan - Series JP (1175 days) - Regular Plan-Normal Dividend;INF209KA19C5;;10.5251;10.5251;10.5251;28-Dec-2015
126365;Aditya Birla Sun Life Fixed Term Plan-Series JQ (1099 days)-Direct Plan-Growth;INF209KA1XE5;;11.8537;11.8537;11.8537;28-Dec-2015
126367;Aditya Birla Sun Life Fixed Term Plan-Series JQ (1099 days)-Regular Plan-Growth;INF209KA1XH8;;11.8217;11.8217;11.8217;28-Dec-2015
126368;Aditya Birla Sun Life Fixed Term Plan-Series JQ (1099 days)-Regular Plan-Normal Dividend;INF209KA1XI6;;10.8248;10.8248;10.8248;28-Dec-2015
126369;Aditya Birla Sun Life Fixed Term Plan-Series JQ (1099 days)-Regular Plan-Quarterly Dividend;INF209KA1XD7;;10.6530;10.6530;10.6530;28-Dec-2015
126453;Aditya Birla Sun Life Fixed Term Plan - Series JR (1162 days) - Direct Plan-Growth;INF209KA11D0;;11.8211;11.8211;11.8211;28-Dec-2015
126452;Aditya Birla Sun Life Fixed Term Plan - Series JR (1162 days) - Direct Plan-Quarterly Dividend;INF209KA13D6;;10.4469;10.4469;10.4469;28-Dec-2015
126450;Aditya Birla Sun Life Fixed Term Plan - Series JR (1162 days) - Regular Plan-Growth;INF209KA14D4;;11.7536;11.7536;11.7536;28-Dec-2015
126449;Aditya Birla Sun Life Fixed Term Plan - Series JR (1162 days) - Regular Plan-Normal Dividend;INF209KA15D1;;10.4785;10.4785;10.4785;28-Dec-2015
126908;Aditya Birla Sun Life Fixed Term Plan - Series JX (1530 days) - Direct Plan-Growth;INF209KA1R32;;11.7788;11.7788;11.7788;28-Dec-2015
126911;Aditya Birla Sun Life Fixed Term Plan - Series JX (1530 days) - Regular Plan-Growth;INF209KA1R65;;11.7094;11.7094;11.7094;28-Dec-2015
126986;Aditya Birla Sun Life Fixed Term Plan - Series JY (1162 days) - Direct Plan-Growth;INF209KB1AW4;;11.8147;11.8147;11.8147;28-Dec-2015
126984;Aditya Birla Sun Life Fixed Term Plan - Series JY (1162 days) - Direct Plan-Normal Dividend;INF209KB1AX2;;10.7741;10.7741;10.7741;28-Dec-2015
126985;Aditya Birla Sun Life Fixed Term Plan - Series JY (1162 days) - Direct Plan-Quarterly Dividend;INF209KB1AY0;;10.6187;10.6187;10.6187;28-Dec-2015
126983;Aditya Birla Sun Life Fixed Term Plan - Series JY (1162 days) - Regular Plan-Growth;INF209KB1AZ7;;11.7846;11.7846;11.7846;28-Dec-2015
126987;Aditya Birla Sun Life Fixed Term Plan - Series JY (1162 days) - Regular Plan-Normal Dividend;INF209KB1BA8;;10.7607;10.7607;10.7607;28-Dec-2015
127062;Aditya Birla Sun Life Fixed Term Plan - Series KA (1154 days) - Direct Plan-Growth;INF209KA1R99;;11.7686;11.7686;11.7686;28-Dec-2015
127064;Aditya Birla Sun Life Fixed Term Plan - Series KA (1154 days) - Regular Plan-Growth;INF209KA1S23;;11.6995;11.6995;11.6995;28-Dec-2015
127063;Aditya Birla Sun Life Fixed Term Plan - Series KA (1154 days) - Regular Plan-Normal Dividend;INF209KA1S31;;10.5703;10.5703;10.5703;28-Dec-2015
127349;Aditya Birla Sun Life Fixed Term Plan - Series KC (1159 days) - Direct Plan-Growth;INF209KB1AQ6;;11.7929;11.7929;11.7929;28-Dec-2015
127347;Aditya Birla Sun Life Fixed Term Plan - Series KC (1159 days) - Regular Plan-Growth;INF209KB1AT0;;11.7840;11.7840;11.7840;28-Dec-2015
127486;Aditya Birla Sun Life Fixed Term Plan - Series KD (1143 days) - Direct Plan-Growth;INF209KB1BI1;;11.7749;11.7749;11.7749;28-Dec-2015
127489;Aditya Birla Sun Life Fixed Term Plan - Series KD (1143 days) - Regular Plan-Growth;INF209KB1BL5;;11.7659;11.7659;11.7659;28-Dec-2015
127395;Aditya Birla Sun Life Fixed Term Plan - Series KE (1511 days) - Direct Plan-Growth;INF209KA1Q17;;11.7273;11.7273;11.7273;28-Dec-2015
127398;Aditya Birla Sun Life Fixed Term Plan - Series KE (1511 days) - Regular Plan-Growth;INF209KA1Q41;;11.6593;11.6593;11.6593;28-Dec-2015
127589;Aditya Birla Sun Life Fixed Term Plan - Series KF (1140 days) - Direct Plan-Growth;INF209KB1BO9;;11.7751;11.7751;11.7751;28-Dec-2015
127592;Aditya Birla Sun Life Fixed Term Plan - Series KF (1140 days) - Regular Plan-Growth;INF209KB1BR2;;11.7657;11.7657;11.7657;28-Dec-2015
127596;Aditya Birla Sun Life Fixed Term Plan - Series KG (1136 days) - Direct Plan-Growth;INF209KB1BU6;;11.7551;11.7551;11.7551;28-Dec-2015
127594;Aditya Birla Sun Life Fixed Term Plan - Series KG (1136 days) - Regular Plan-Growth;INF209KB1BX0;;11.7464;11.7464;11.7464;28-Dec-2015
127597;Aditya Birla Sun Life Fixed Term Plan - Series KG (1136 days) - Regular Plan-Normal Dividend;INF209KB1BY8;;10.7064;10.7064;10.7064;28-Dec-2015
127603;Aditya Birla Sun Life Fixed Term Plan - Series KH (1505 days) - Direct Plan-Growth;INF209KA1S49;;11.7232;11.7232;11.7232;28-Dec-2015
127604;Aditya Birla Sun Life Fixed Term Plan - Series KH (1505 days) - Regular Plan-Growth;INF209KA1T06;;11.6401;11.6401;11.6401;28-Dec-2015
127601;Aditya Birla Sun Life Fixed Term Plan - Series KH (1505 days) - Regular Plan-Quarterly Dividend;INF209KA1S80;;10.4954;10.4954;10.4954;28-Dec-2015
127827;Aditya Birla Sun Life Fixed Term Plan - Series KI (1133 days) - Direct Plan-Growth;INF209KB1CA6;;11.7470;11.7470;11.7470;28-Dec-2015
127830;Aditya Birla Sun Life Fixed Term Plan - Series KI (1133 days) - Regular Plan-Growth;INF209KB1CD0;;11.7381;11.7381;11.7381;28-Dec-2015
127829;Aditya Birla Sun Life Fixed Term Plan - Series KI (1133 days) - Regular Plan-Quarterly Dividend;INF209KB1BZ5;;10.5692;10.5692;10.5692;28-Dec-2015
127833;Aditya Birla Sun Life Fixed Term Plan - Series KJ (1499 days) - Direct Plan-Growth;INF209KA1T30;;11.6816;11.6816;11.6816;28-Dec-2015
127835;Aditya Birla Sun Life Fixed Term Plan - Series KJ (1499 days) - Regular Plan-Growth;INF209KA1T63;;11.5928;11.5928;11.5928;28-Dec-2015
127836;Aditya Birla Sun Life Fixed Term Plan - Series KJ (1499 days) - Regular Plan-Normal Dividend;INF209KA1T71;;10.5298;10.5298;10.5298;28-Dec-2015
127990;Aditya Birla Sun Life Fixed Term Plan - Series KK (1129 days) - Direct Plan-Growth;INF209KB1CG3;;11.7787;11.7787;11.7787;28-Dec-2015
127994;Aditya Birla Sun Life Fixed Term Plan - Series KK (1129 days) - Direct Plan-Normal Dividend;INF209KB1CH1;;10.7157;10.7157;10.7157;28-Dec-2015
127993;Aditya Birla Sun Life Fixed Term Plan - Series KK (1129 days) - Regular Plan-Growth;INF209KB1CJ7;;11.7693;11.7693;11.7693;28-Dec-2015
127992;Aditya Birla Sun Life Fixed Term Plan - Series KK (1129 days) - Regular Plan-Quarterly Dividend;INF209KB1CF5;;10.5828;10.5828;10.5828;28-Dec-2015
128002;Aditya Birla Sun Life Fixed Term Plan - Series KM (1099 days) - Direct Plan-Growth;INF209KB1CM1;;11.7212;11.7212;11.7212;28-Dec-2015
128005;Aditya Birla Sun Life Fixed Term Plan - Series KM (1099 days) - Regular Plan-Growth;INF209KB1CP4;;11.7126;11.7126;11.7126;28-Dec-2015
128003;Aditya Birla Sun Life Fixed Term Plan - Series KM (1099 days) - Regular Plan-Normal Dividend;INF209KB1CQ2;;10.6939;10.6939;10.6939;28-Dec-2015
128171;Aditya Birla Sun Life Fixed Term Plan - Series KN (1121 days) - Direct Plan-Growth;INF209KB1EO3;;11.6967;11.6967;11.6967;28-Dec-2015
128169;Aditya Birla Sun Life Fixed Term Plan - Series KN (1121 days) - Direct Plan-Normal Dividend;INF209KB1EP0;;10.6867;10.6867;10.6867;28-Dec-2015
128174;Aditya Birla Sun Life Fixed Term Plan - Series KN (1121 days) - Regular Plan-Growth;INF209KB1ER6;;11.6873;11.6873;11.6873;28-Dec-2015
128303;Aditya Birla Sun Life Fixed Term Plan - Series KO (1498 days) - Direct Plan-Growth;INF209KA1U52;;11.6565;11.6565;11.6565;28-Dec-2015
128305;Aditya Birla Sun Life Fixed Term Plan - Series KO (1498 days) - Direct Plan-Quarterly Dividend;INF209KA1U78;;10.4910;10.4910;10.4910;28-Dec-2015
128304;Aditya Birla Sun Life Fixed Term Plan - Series KO (1498 days) - Regular Plan-Growth;INF209KA1U86;;11.5932;11.5932;11.5932;28-Dec-2015
128308;Aditya Birla Sun Life Fixed Term Plan - Series KO (1498 days) - Regular Plan-Normal Dividend;INF209KA1U94;;10.5301;10.5301;10.5301;28-Dec-2015
128190;Aditya Birla Sun Life Fixed Term Plan - Series KP (1504 days) - Direct Plan-Growth;INF209KA1X34;;11.6627;11.6627;11.6627;28-Dec-2015
128187;Aditya Birla Sun Life Fixed Term Plan - Series KP (1504 days) - Regular Plan-Growth;INF209KA1X67;;11.5721;11.5721;11.5721;28-Dec-2015
128454;Aditya Birla Sun Life Fixed Term Plan - Series KQ (1119 days) - Direct Plan-Growth;INF209KB1EU0;;11.6808;11.6808;11.6808;28-Dec-2015
128456;Aditya Birla Sun Life Fixed Term Plan - Series KQ (1119 days) - Regular Plan-Growth;INF209KB1EX4;;11.6641;11.6641;11.6641;28-Dec-2015
128486;Aditya Birla Sun Life Fixed Term Plan - Series KR (1124 days) - Direct Plan-Growth;INF209KA1M52;;11.6722;11.6722;11.6722;28-Dec-2015
128490;Aditya Birla Sun Life Fixed Term Plan - Series KR (1124 days) - Direct Plan-Normal Dividend;INF209KA1M60;;10.5896;10.5896;10.5896;28-Dec-2015
128489;Aditya Birla Sun Life Fixed Term Plan - Series KR (1124 days) - Regular Plan-Growth;INF209KA1M86;;11.6339;11.6339;11.6339;28-Dec-2015
128506;Aditya Birla Sun Life Fixed Term Plan - Series KS (1100 days) - Direct Plan-Growth;INF209KA1G27;;11.6662;11.6662;11.6662;28-Dec-2015
128509;Aditya Birla Sun Life Fixed Term Plan - Series KS (1100 days) - Regular Plan-Growth;INF209KA1G50;;11.6549;11.6549;11.6549;28-Dec-2015
128507;Aditya Birla Sun Life Fixed Term Plan - Series KS (1100 days) - Regular Plan-Normal Dividend;INF209KA1G68;;10.6556;10.6556;10.6556;28-Dec-2015
128642;Aditya Birla Sun Life Fixed Term Plan - Series KT (1119 days) - Direct Plan-Growth;INF209KA1N10;;11.6448;11.6448;11.6448;28-Dec-2015
128645;Aditya Birla Sun Life Fixed Term Plan - Series KT (1119 days) - Regular Plan-Growth;INF209KA1N44;;11.5745;11.5745;11.5745;28-Dec-2015
128644;Aditya Birla Sun Life Fixed Term Plan - Series KT (1119 days) - Regular Plan-Quarterly Dividend;INF209KA1N02;;10.4993;10.4993;10.4993;28-Dec-2015
128826;Aditya Birla Sun Life Fixed Term Plan - Series KW (1477 days) - Direct Plan-Growth;INF209KA1O35;;11.5864;11.5864;11.5864;28-Dec-2015
128824;Aditya Birla Sun Life Fixed Term Plan - Series KW (1477 days) - Regular Plan-Growth;INF209KA1O68;;11.5404;11.5404;11.5404;28-Dec-2015
128823;Aditya Birla Sun Life Fixed Term Plan - Series KW (1477 days) - Regular Plan-Quarterly Dividend;INF209KA1O27;;10.5091;10.5091;10.5091;28-Dec-2015
128892;Aditya Birla Sun Life Fixed Term Plan - Series KX (1475 days) - Direct Plan-Growth;INF209KA1O92;;11.5812;11.5812;11.5812;28-Dec-2015
128895;Aditya Birla Sun Life Fixed Term Plan - Series KX (1475 days) - Regular Plan-Growth;INF209KA1P26;;11.5708;11.5708;11.5708;28-Dec-2015
128893;Aditya Birla Sun Life Fixed Term Plan - Series KX (1475 days) - Regular Plan-Normal Dividend;INF209KA1P34;;10.5743;10.5743;10.5743;28-Dec-2015
128969;Aditya Birla Sun Life Fixed Term Plan - Series KZ (1103 days)  - Direct Plan-Growth;INF209KA1P59;;11.5674;11.5674;11.5674;28-Dec-2015
128973;Aditya Birla Sun Life Fixed Term Plan - Series KZ (1103 days)  - Direct Plan-Normal Dividend;INF209KA1P67;;10.5907;10.5907;10.5907;28-Dec-2015
128970;Aditya Birla Sun Life Fixed Term Plan - Series KZ (1103 days)  - Regular Plan-Normal Dividend;INF209KA1P91;;10.5868;10.5868;10.5868;28-Dec-2015
128971;Aditya Birla Sun Life Fixed Term Plan - Series KZ (1103 days)  - Regular Plan-Quarterly Dividend;INF209KA1P42;;10.5213;10.5213;10.5213;28-Dec-2015
128972;Aditya Birla Sun Life Fixed Term Plan - Series KZ (1103 days) - Regular Plan-Growth;INF209KA1P83;;11.5580;11.5580;11.5580;28-Dec-2015
129059;Aditya Birla Sun Life Fixed Term Plan - Series LA (1099 days)  - Direct Plan-Growth;INF209KA1T97;;11.5600;11.5600;11.5600;28-Dec-2015
129060;Aditya Birla Sun Life Fixed Term Plan - Series LA (1099 days)  - Regular Plan-Normal Dividend;INF209KA1U37;;10.5668;10.5668;10.5668;28-Dec-2015
129064;Aditya Birla Sun Life Fixed Term Plan - Series LA (1099 days) - Regular Plan-Growth;INF209KA1U29;;11.5413;11.5413;11.5413;28-Dec-2015
129121;Aditya Birla Sun Life Fixed Term Plan - Series LC (1099 days) - Direct Plan-Growth;INF209KA1Y17;;11.5426;11.5426;11.5426;28-Dec-2015
129122;Aditya Birla Sun Life Fixed Term Plan - Series LC (1099 days) - Regular Plan-Growth;INF209KA1Y41;;11.5238;11.5238;11.5238;28-Dec-2015
129125;Aditya Birla Sun Life Fixed Term Plan - Series LC (1099 days) - Regular Plan-Normal Dividend;INF209KA1Y58;;10.5433;10.5433;10.5433;28-Dec-2015
129128;Aditya Birla Sun Life Fixed Term Plan - Series LD (1106 days) - Direct Plan-Growth;INF209KA16Y5;;11.7522;11.7522;11.7522;28-Dec-2015
129130;Aditya Birla Sun Life Fixed Term Plan - Series LD (1106 days) - Direct Plan-Normal Dividend;INF209KA17Y3;;11.7522;11.7522;11.7522;28-Dec-2015
129129;Aditya Birla Sun Life Fixed Term Plan - Series LD (1106 days) - Regular Plan-Growth;INF209KA19Y9;;11.6823;11.6823;11.6823;28-Dec-2015
129132;Aditya Birla Sun Life Fixed Term Plan - Series LD (1106 days) - Regular Plan-Normal Dividend;INF209KA10Z5;;11.6823;11.6823;11.6823;28-Dec-2015
129131;Aditya Birla Sun Life Fixed Term Plan - Series LD (1106 days) - Regular Plan-Quarterly Dividend;INF209KA15Y7;;11.0112;11.0112;11.0112;28-Dec-2015
129397;Aditya Birla Sun Life Fixed Term Plan - Series LF (1100 days) - Direct Plan-Growth;INF209KA1Y74;;11.5684;11.5684;11.5684;28-Dec-2015
129398;Aditya Birla Sun Life Fixed Term Plan - Series LF (1100 days) - Regular Plan-Growth;INF209KA1Z08;;11.5507;11.5507;11.5507;28-Dec-2015
129399;Aditya Birla Sun Life Fixed Term Plan - Series LF (1100 days) - Regular Plan-Normal Dividend;INF209KA1Z16;;10.5725;10.5725;10.5725;28-Dec-2015
129432;Aditya Birla Sun Life Fixed Term Plan - Series LG (1157 days) - Direct Plan-Growth;INF209KA1Z32;;11.5485;11.5485;11.5485;28-Dec-2015
129435;Aditya Birla Sun Life Fixed Term Plan - Series LG (1157 days) - Regular Plan-Growth;INF209KA1Z65;;11.5313;11.5313;11.5313;28-Dec-2015
129490;Aditya Birla Sun Life Fixed Term Plan - Series LI (1173 days) - Direct Plan-Growth;INF209KA1Z99;;11.5232;11.5232;11.5232;28-Dec-2015
129488;Aditya Birla Sun Life Fixed Term Plan - Series LI (1173 days) - Direct Plan-Normal Dividend;INF209KA10A8;;10.5449;10.5449;10.5449;28-Dec-2015
129492;Aditya Birla Sun Life Fixed Term Plan - Series LI (1173 days) - Regular Plan-Growth;INF209KA12A4;;11.5058;11.5058;11.5058;28-Dec-2015
129493;Aditya Birla Sun Life Fixed Term Plan - Series LI (1173 days) - Regular Plan-Normal Dividend;INF209KA13A2;;10.5387;10.5387;10.5387;28-Dec-2015
129536;Aditya Birla Sun Life Fixed Term Plan - Series LJ (1150 days) - Direct Plan-Growth;INF209KA15A7;;11.5293;11.5293;11.5293;28-Dec-2015
129538;Aditya Birla Sun Life Fixed Term Plan - Series LJ (1150 days) - Regular Plan-Growth;INF209KA18A1;;11.5123;11.5123;11.5123;28-Dec-2015
129539;Aditya Birla Sun Life Fixed Term Plan - Series LJ (1150 days) - Regular Plan-Normal Dividend;INF209KA19A9;;10.5444;10.5444;10.5444;28-Dec-2015
129535;Aditya Birla Sun Life Fixed Term Plan - Series LJ (1150days) - Direct Plan-Quarterly Dividend;INF209KA17A3;;10.4904;10.4904;10.4904;28-Dec-2015
129635;Aditya Birla Sun Life Fixed Term Plan - Series LK (1148 days) - Direct Plan-Growth;INF209KA11B4;;11.5277;11.5277;11.5277;28-Dec-2015
129634;Aditya Birla Sun Life Fixed Term Plan - Series LK (1148 days) - Regular Plan-Growth;INF209KA14B8;;11.5107;11.5107;11.5107;28-Dec-2015
129671;Aditya Birla Sun Life Fixed Term Plan - Series LL (1104 days) - Direct Plan-Growth;INF209KA15Z4;;11.5562;11.5562;11.5562;28-Dec-2015
129669;Aditya Birla Sun Life Fixed Term Plan - Series LL (1104 days) - Direct Plan-Normal Dividend;INF209KA16Z2;;11.5562;11.5562;11.5562;28-Dec-2015
129667;Aditya Birla Sun Life Fixed Term Plan - Series LL (1104 days) - Regular Plan-Growth;INF209KA18Z8;;11.4891;11.4891;11.4891;28-Dec-2015
129666;Aditya Birla Sun Life Fixed Term Plan - Series LL (1104 days) - Regular Plan-Normal Dividend;INF209KA19Z6;;11.4891;11.4891;11.4891;28-Dec-2015
129668;Aditya Birla Sun Life Fixed Term Plan - Series LL (1104 days) - Regular Plan-Quarterly Dividend;INF209KA14Z7;;10.9141;10.9141;10.9141;28-Dec-2015
129954;Aditya Birla Sun Life Fixed Term Plan - Series LO (1142 days) - Direct Plan-Growth;INF209KA15F6;;11.4003;11.4003;11.4003;28-Dec-2015
129958;Aditya Birla Sun Life Fixed Term Plan-Series LO (1142 days) - Regular Plan-Growth Option;INF209KA18F0;;11.3845;11.3845;11.3845;28-Dec-2015
129959;Aditya Birla Sun Life Fixed Term Plan-Series LO (1142 days) - Regular Plan-Normal Dividend;INF209KA19F8;;10.4566;10.4566;10.4566;28-Dec-2015
129957;Aditya Birla Sun Life Fixed Term Plan-Series LO (1142 days) - Regular Plan-Quarterly Dividend;INF209KA14F9;;10.4143;10.4143;10.4143;28-Dec-2015
130569;Aditya Birla Sun Life Fixed Term Plan - Series LQ (1113 days) - Direct Plan - Growth;INF209KA19H4;;11.3276;11.3276;11.3276;28-Dec-2015
130573;Aditya Birla Sun Life Fixed Term Plan - Series LQ (1113 days) - Regular Plan - Growth Option;INF209KA12I7;;11.3125;11.3125;11.3125;28-Dec-2015
130570;Aditya Birla Sun Life Fixed Term Plan - Series LQ (1113 days) - Regular Plan - Normal Dividend;INF209KA13I5;;10.3986;10.3986;10.3986;28-Dec-2015
130912;Aditya Birla Sun Life Fixed Term Plan - Series LU (1104 days) - Direct Plan - Growth;INF209KA1NI7;;11.3883;11.3883;11.3883;28-Dec-2015
130917;Aditya Birla Sun Life Fixed Term Plan - Series LU (1104 days) - Direct Plan - Normal Dividend;INF209KA1NJ5;;11.3886;11.3886;11.3886;28-Dec-2015
130916;Aditya Birla Sun Life Fixed Term Plan - Series LU (1104 days) - Direct Plan - Quarterly Dividend;INF209KA1NK3;;10.9530;10.9530;10.9530;28-Dec-2015
130913;Aditya Birla Sun Life Fixed Term Plan - Series LU (1104 days) - Regular Plan - Growth;INF209KA1NF3;;11.3527;11.3527;11.3527;28-Dec-2015
130914;Aditya Birla Sun Life Fixed Term Plan - Series LU (1104 days) - Regular Plan - Normal Dividend;INF209KA1NG1;;11.3527;11.3527;11.3527;28-Dec-2015
130915;Aditya Birla Sun Life Fixed Term Plan - Series LU (1104 days) - Regular Plan - Quarterly Dividend;INF209KA1NH9;;10.9297;10.9297;10.9297;28-Dec-2015
131088;Aditya Birla Sun Life Fixed Term Plan - Series LV (1099 days) - Direct Plan - Growth;INF209KA1OG9;;11.3442;11.3442;11.3442;28-Dec-2015
131090;Aditya Birla Sun Life Fixed Term Plan - Series LV (1099 days) - Direct Plan - Quarterly Dividend;INF209KA1OI5;;10.9301;10.9301;10.9301;28-Dec-2015
131091;Aditya Birla Sun Life Fixed Term Plan - Series LV (1099 days) - Regular Plan - Growth;INF209KA1OD6;;11.3308;11.3308;11.3308;28-Dec-2015
131092;Aditya Birla Sun Life Fixed Term Plan - Series LV (1099 days) - Regular Plan - Normal Dividend;INF209KA1OE4;;11.3308;11.3308;11.3308;28-Dec-2015
131093;Aditya Birla Sun Life Fixed Term Plan - Series LV (1099 days) - Regular Plan - Quarterly Dividend;INF209KA1OF1;;10.9211;10.9211;10.9211;28-Dec-2015
131362;Aditya Birla Sun Life Fixed Term Plan - Series LX (1099 days) - Direct Plan - Growth;INF209KA1PY9;;11.2583;11.2583;11.2583;28-Dec-2015
131359;Aditya Birla Sun Life Fixed Term Plan - Series LX (1099 days) - Direct Plan - Normal Dividend;INF209KA1PZ6;;11.2583;11.2583;11.2583;28-Dec-2015
131364;Aditya Birla Sun Life Fixed Term Plan - Series LX (1099 days) - Regular Plan - Growth;INF209KA1PV5;;11.2456;11.2456;11.2456;28-Dec-2015
131361;Aditya Birla Sun Life Fixed Term Plan - Series LX (1099 days) - Regular Plan - Normal Dividend;INF209KA1PW3;;11.2456;11.2456;11.2456;28-Dec-2015
131360;Aditya Birla Sun Life Fixed Term Plan - Series LX (1099 days) - Regular Plan - Quarterly Dividend;INF209KA1PX1;;10.8738;10.8738;10.8738;28-Dec-2015
131553;Aditya Birla Sun Life Fixed Term Plan - Series MA (1099 days) - Direct Plan - Growth;INF209KA1RO6;;11.1755;11.1755;11.1755;28-Dec-2015
131554;Aditya Birla Sun Life Fixed Term Plan - Series MA (1099 days) - Direct Plan - Normal Dividend;INF209KA1RP3;;11.1754;11.1754;11.1754;28-Dec-2015
131549;Aditya Birla Sun Life Fixed Term Plan - Series MA (1099 days) - Direct Plan - Quarterly Dividend;INF209KA1RQ1;;10.8517;10.8517;10.8517;28-Dec-2015
131550;Aditya Birla Sun Life Fixed Term Plan - Series MA (1099 days) - Regular Plan - Growth;INF209KA1RL2;;11.1635;11.1635;11.1635;28-Dec-2015
131552;Aditya Birla Sun Life Fixed Term Plan - Series MA (1099 days) - Regular Plan - Normal Dividend;INF209KA1RM0;;11.1635;11.1635;11.1635;28-Dec-2015
131551;Aditya Birla Sun Life Fixed Term Plan - Series MA (1099 days) - Regular Plan - Quarterly Dividend;INF209KA1RN8;;10.8430;10.8430;10.8430;28-Dec-2015
132903;Aditya Birla Sun Life Fixed Term Plan - Series MD (1099 days) - Direct Plan - Growth;INF209KA1TC7;;11.0086;11.0086;11.0086;28-Dec-2015
132907;Aditya Birla Sun Life Fixed Term Plan - Series MD (1099 days) - Direct Plan - Normal Dividend;INF209KA1TD5;;11.0086;11.0086;11.0086;28-Dec-2015
132906;Aditya Birla Sun Life Fixed Term Plan - Series MD (1099 days) - Regular Plan - Growth;INF209KA1SZ0;;10.9697;10.9697;10.9697;28-Dec-2015
132908;Aditya Birla Sun Life Fixed Term Plan - Series MD (1099 days) - Regular Plan - Normal Dividend;INF209KA1TA1;;10.9697;10.9697;10.9697;28-Dec-2015
132905;Aditya Birla Sun Life Fixed Term Plan - Series MD (1099 days) - Regular Plan - Quarterly Dividend;INF209KA1TB9;;10.7064;10.7064;10.7064;28-Dec-2015
134052;Aditya Birla Sun Life Fixed Term Plan - Series MK (1105 days) - Direct Plan - Growth;INF209KA1I82;;10.6523;10.6523;10.6523;28-Dec-2015
134054;Aditya Birla Sun Life Fixed Term Plan - Series MK (1105 days) - Direct Plan - Quarterly Dividend;INF209KA1J08;;10.5775;10.5775;10.5775;28-Dec-2015
134055;Aditya Birla Sun Life Fixed Term Plan - Series MK (1105 days) - Regular Plan - Growth;INF209KA1I58;;10.6452;10.6452;10.6452;28-Dec-2015
134056;Aditya Birla Sun Life Fixed Term Plan - Series MK (1105 days) - Regular Plan - Normal Dividend;INF209KA1I66;;10.6455;10.6455;10.6455;28-Dec-2015
134057;Aditya Birla Sun Life Fixed Term Plan - Series MK (1105 days) - Regular Plan - Quarterly Dividend;INF209KA1I74;;10.5718;10.5718;10.5718;28-Dec-2015
134691;Aditya Birla Sun Life Fixed Term Plan - Series MP (1141 days) - Direct Plan-Growth;INF209KA19D3;;10.4914;10.4914;10.4914;28-Dec-2015
134692;Aditya Birla Sun Life Fixed Term Plan - Series MP (1141 days) - Direct Plan-Normal Dividend;INF209KA10E0;;10.4914;10.4914;10.4914;28-Dec-2015
134695;Aditya Birla Sun Life Fixed Term Plan - Series MP (1141 days) - Regular Plan-Growth;INF209KA16D9;;10.4634;10.4634;10.4634;28-Dec-2015
134694;Aditya Birla Sun Life Fixed Term Plan - Series MP (1141 days) - Regular Plan-Quarterly Dividend;INF209KA18D5;;10.4634;10.4634;10.4634;28-Dec-2015
134723;Aditya Birla Sun Life Fixed Term Plan - Series MQ (1159 days)-Direct Plan-Growth;INF209KA12E6;;10.4819;10.4819;10.4819;28-Dec-2015
134725;Aditya Birla Sun Life Fixed Term Plan - Series MQ (1159 days)-Direct Plan-Normal Dividend;INF209KA13E4;;10.4819;10.4819;10.4819;28-Dec-2015
134724;Aditya Birla Sun Life Fixed Term Plan - Series MQ (1159 days)-Direct Plan-Quarterly Dividend;INF209KA14E2;;10.4390;10.4390;10.4390;28-Dec-2015
134721;Aditya Birla Sun Life Fixed Term Plan - Series MQ (1159 days)-Regular Plan-Growth;INF209KA15E9;;10.4761;10.4761;10.4761;28-Dec-2015
134720;Aditya Birla Sun Life Fixed Term Plan - Series MQ (1159 days)-Regular Plan-Normal Dividend;INF209KA16E7;;10.4761;10.4761;10.4761;28-Dec-2015
134722;Aditya Birla Sun Life Fixed Term Plan - Series MQ (1159 days)-Regular Plan-Quarterly Dividend;INF209KA17E5;;10.4335;10.4335;10.4335;28-Dec-2015
134738;Aditya Birla Sun Life Fixed Term Plan - Series MR (1153 days) - Direct Plan-Normal Dividend;INF209KA19E1;;10.4803;10.4803;10.4803;28-Dec-2015
134735;Aditya Birla Sun Life Fixed Term Plan - Series MR (1153 days) - Regular Plan-Growth;INF209KA11F5;;10.4743;10.4743;10.4743;28-Dec-2015
134734;Aditya Birla Sun Life Fixed Term Plan - Series MR (1153 days) - Regular Plan-Normal Dividend;INF209KA12F3;;10.4743;10.4743;10.4743;28-Dec-2015
134736;Aditya Birla Sun Life Fixed Term Plan - Series MR (1153 days) - Regular Plan-Quarterly Plan;INF209KA13F1;;10.4326;10.4326;10.4326;28-Dec-2015
134737;Aditya Birla Sun Life Fixed Term Plan - Series MR (1153 days)-Direct Plan-Growth;INF209KA18E3;;10.4802;10.4802;10.4802;28-Dec-2015
134951;Aditya Birla Sun Life Fixed Term Plan - Series MU (1117 days) - Direct Plan-Growth;INF209KA15H2;;10.3794;10.3794;10.3794;28-Dec-2015
134952;Aditya Birla Sun Life Fixed Term Plan - Series MU (1117 days) - Direct Plan-Normal Dividend;INF209KA16H0;;10.3798;10.3798;10.3798;28-Dec-2015
134953;Aditya Birla Sun Life Fixed Term Plan - Series MU (1117 days) - Direct Plan-Quarterly dividend;INF209KA17H8;;10.3794;10.3794;10.3794;28-Dec-2015
134948;Aditya Birla Sun Life Fixed Term Plan - Series MU (1117 days) - Regular Plan-Growth;INF209KA12H9;;10.3355;10.3355;10.3355;28-Dec-2015
134950;Aditya Birla Sun Life Fixed Term Plan - Series MU (1117 days) - Regular Plan-Normal Dividend;INF209KA13H7;;10.3355;10.3355;10.3355;28-Dec-2015
134949;Aditya Birla Sun Life Fixed Term Plan - Series MU (1117 days) - Regular Plan-Quarterly Dividend;INF209KA14H5;;10.3355;10.3355;10.3355;28-Dec-2015
135449;Aditya Birla Sun Life Fixed Term Plan - Series MX (1128 days) - Direct Plan - Growth;INF209KA12L1;;10.2098;10.2098;10.2098;28-Dec-2015
135448;Aditya Birla Sun Life Fixed Term Plan - Series MX (1128 days) - Regular Plan - Growth;INF209KA15L4;;10.2072;10.2072;10.2072;28-Dec-2015
135445;Aditya Birla Sun Life Fixed Term Plan - Series MX (1128 days) - Regular Plan - Normal Dividend;INF209KA16L2;;10.2072;10.2072;10.2072;28-Dec-2015
135446;Aditya Birla Sun Life Fixed Term Plan - Series MX (1128 days) - Regular Plan - Quarterly Dividend;INF209KA17L0;;10.2072;10.2072;10.2072;28-Dec-2015
135540;Aditya Birla Sun Life Fixed Term Plan - Series MY (1107 days) - Direct Plan-Growth;INF209KA14M5;;10.1053;10.1053;10.1053;28-Dec-2015
135541;Aditya Birla Sun Life Fixed Term Plan - Series MY (1107 days) - Direct Plan-Quarterly Dividend;INF209KA16M0;;10.1053;10.1053;10.1053;28-Dec-2015
135539;Aditya Birla Sun Life Fixed Term Plan - Series MY (1107 days) - Regular Plan - Quarterly Dividend;INF209KA13M7;;10.1032;10.1032;10.1032;28-Dec-2015
135537;Aditya Birla Sun Life Fixed Term Plan - Series MY (1107 days) - Regular Plan-Growth;INF209KA11M1;;10.1032;10.1032;10.1032;28-Dec-2015
135538;Aditya Birla Sun Life Fixed Term Plan - Series MY (1107 days) - Regular Plan-Normal Dividend;INF209KA12M9;;10.1031;10.1031;10.1031;28-Dec-2015
135872;Aditya Birla Sun Life Fixed Term Plan - Series NB (1099 days) - Direct Plan-Growth;INF209KA16O6;;10.0277;10.0277;10.0277;28-Dec-2015
135870;Aditya Birla Sun Life Fixed Term Plan - Series NB (1099 days) - Regular Plan-Growth;INF209KA13O3;;10.0267;10.0267;10.0267;28-Dec-2015
135868;Aditya Birla Sun Life Fixed Term Plan - Series NB (1099 days) - Regular Plan-Normal Dividend;INF209KA14O1;;10.0268;10.0268;10.0268;28-Dec-2015
120221;Aditya Birla Sun Life Interval Income Fund - Annual Plan I-Direct Plan-Growth;INF209K01UG2;;12.8512;12.8512;12.8512;28-Dec-2015
120219;Aditya Birla Sun Life Interval Income Fund - Annual Plan I-Regular Plan-Growth;INF209K01UJ6;;12.8658;12.8658;12.8658;28-Dec-2015
120218;Aditya Birla Sun Life Interval Income Fund - Annual Plan I-Regular Plan-Quarterly Dividend;INF209K01UL2;;10.6404;10.6404;10.6404;28-Dec-2015
123115;Aditya Birla Sun Life Interval Income Fund - Annual Plan IX-Direct Plan-Growth;INF209K01U26;;12.3394;12.3394;12.3394;28-Dec-2015
123114;Aditya Birla Sun Life Interval Income Fund - Annual Plan IX-Direct Plan-Normal Dividend;INF209K01U34;;10.3007;10.3007;10.3007;28-Dec-2015
123116;Aditya Birla Sun Life Interval Income Fund - Annual Plan IX-Regular Plan-Growth;INF209K01U59;;12.3258;12.3258;12.3258;28-Dec-2015
123117;Aditya Birla Sun Life Interval Income Fund - Annual Plan IX-Regular Plan-Normal Dividend;INF209K01U67;;10.2949;10.2949;10.2949;28-Dec-2015
123119;Aditya Birla Sun Life Interval Income Fund - Annual Plan IX-Regular Plan-Quarterly Dividend;INF209K01U75;;10.2955;10.2955;10.2955;28-Dec-2015
121816;Aditya Birla Sun Life Interval Income Fund - Annual Plan V - Direct Plan-Growth;INF209K01J62;;12.6574;12.6574;12.6574;28-Dec-2015
121815;Aditya Birla Sun Life Interval Income Fund - Annual Plan V - Direct Plan-Normal Dividend;INF209K01J70;;10.6523;10.6523;10.6523;28-Dec-2015
121820;Aditya Birla Sun Life Interval Income Fund - Annual Plan V - Regular Plan-Growth;INF209K01J96;;12.6448;12.6448;12.6448;28-Dec-2015
123609;Aditya Birla Sun Life Interval Income Fund - Annual Plan X-Direct Plan-Growth;INF209K01X49;;12.3673;12.3673;12.3673;28-Dec-2015
123611;Aditya Birla Sun Life Interval Income Fund - Annual Plan X-Regular Plan-Growth;INF209K01X72;;12.3487;12.3487;12.3487;28-Dec-2015
123610;Aditya Birla Sun Life Interval Income Fund - Annual Plan X-Regular Plan-Normal Dividend;INF209K01X80;;10.2537;10.2537;10.2537;28-Dec-2015
123612;Aditya Birla Sun Life Interval Income Fund - Annual Plan X-Regular Plan-Quarterly Dividend;INF209K01X98;;10.2529;10.2529;10.2529;28-Dec-2015
106412;Aditya Birla Sun Life Interval Income Fund - Quarterly Series 1 - Growth - Regular Plan;INF209K01HN5;;19.4312;19.4312;19.4312;28-Dec-2015
106413;Aditya Birla Sun Life Interval Income Fund - Quarterly Series 1 - institutional - IDCW;INF209K01HR6;INF209K01HS4;10.0615;10.0615;10.0615;28-Dec-2015
106411;Aditya Birla Sun Life Interval Income Fund - Quarterly Series 1 - Regular - IDCW;INF209K01HO3;INF209K01HP0;10.0615;10.0615;10.0615;28-Dec-2015
119535;Aditya Birla Sun Life Interval Income Fund - Quarterly Series I - Growth - Direct Plan;INF209K01YQ3;;19.4383;19.4383;19.4383;28-Dec-2015
106414;Aditya Birla Sun Life Interval Income Fund - Quarterly Series I- Institutional Growth;INF209K01HQ8;;15.8517;15.8517;15.8517;28-Dec-2015
120708;Aditya Birla Sun Life Quarterly Interval Fund -  Series 4 - Growth - Direct Plan;INF209K01YS9;;18.9254;18.9254;18.9254;28-Dec-2015
107308;Aditya Birla Sun Life Quarterly Interval Fund - Series 4 DIVIDEND;INF209K01HL9;INF209K01HM7;10.0000;10.0000;10.0000;28-Dec-2015
107307;Aditya Birla Sun Life Quarterly Interval Fund - Series 4 GROWTH;INF209K01HK1;;18.9255;18.9255;18.9255;28-Dec-2015

Axis Mutual Fund
117980;Axis Capital Protection Oriented Fund - Series 5 - Dividend option;INF846K01XO9;;12.9135;12.9135;12.9135;28-Dec-2015
117979;Axis Capital Protection Oriented Fund - Series 5 - Growth Option;INF846K01XN1;;12.9136;12.9136;12.9136;28-Dec-2015
125017;Axis Fixed Term Plan - Series 42 - Direct Plan - Growth;INF846K01UO5;;12.0002;12.0002;12.0002;28-Dec-2015
125014;Axis Fixed Term Plan - Series 42 - Regular Plan - Dividend;INF846K01UJ5;;11.8913;11.8913;11.8913;28-Dec-2015
125013;Axis Fixed Term Plan - Series 42 - Regular Plan - Growth;INF846K01UL1;;11.8920;11.8920;11.8920;28-Dec-2015
125429;Axis Fixed Term Plan - Series 43 - Direct Plan - growth;INF846K01UU2;;11.9344;11.9344;11.9344;28-Dec-2015
125426;Axis Fixed Term Plan - Series 43 - Regular Plan - Growth;INF846K01UR8;;11.8290;11.8290;11.8290;28-Dec-2015
126203;Axis Fixed Term Plan - Series 47 - Direct Plan - Growth;INF846K01VE4;;11.8367;11.8367;11.8367;28-Dec-2015
126200;Axis Fixed Term Plan - Series 47 - Regular Plan - Growth;INF846K01VB0;;11.7266;11.7266;11.7266;28-Dec-2015
126202;Axis Fixed Term Plan - Series 47 - Regular Plan - Quarterly Dividend;INF846K01VA2;;10.3046;10.3046;10.3046;28-Dec-2015
126252;Axis Fixed Term Plan - Series 48 (30 Days) - Direct - Dividend;INF846K01YQ2;;12.0397;12.0397;12.0397;28-Dec-2015
126251;Axis Fixed Term Plan - Series 48 (30 Days) - Direct Plan - Growth;INF846K01YS8;;12.0396;12.0396;12.0396;28-Dec-2015
126249;Axis Fixed Term Plan - Series 48 (30 Days) - Regular Plan - Dividend (Payout Facility);INF846K01YN9;;11.9278;11.9278;11.9278;28-Dec-2015
126248;Axis Fixed Term Plan - Series 48 (30 Days) - Regular Plan - Growth;INF846K01YP4;;11.9278;11.9278;11.9278;28-Dec-2015
126250;Axis Fixed Term Plan - Series 48 (30 Days) - Regular Plan - Half Yearly Dividend;INF846K01YO7;;11.0131;11.0131;11.0131;28-Dec-2015
126759;Axis Fixed Term Plan - Series 49 - Direct Plan - Growth;INF846K01TY6;;11.7451;11.7451;11.7451;28-Dec-2015
126757;Axis Fixed Term Plan - Series 49 - Regular Plan - Dividend;INF846K01TT6;;11.6358;11.6358;11.6358;28-Dec-2015
126756;Axis Fixed Term Plan - Series 49 - Regular Plan - Growth;INF846K01TV2;;11.6420;11.6420;11.6420;28-Dec-2015
127276;Axis Fixed Term Plan - Series 52 - Direct Plan - Growth;INF846K01UE6;;11.7282;11.7282;11.7282;28-Dec-2015
127272;Axis Fixed Term Plan - Series 52 - Regular Plan - Growth;INF846K01UB2;;11.6348;11.6348;11.6348;28-Dec-2015
127274;Axis Fixed Term Plan - Series 52 - Regular Plan - Quarterly Dividend;INF846K01UA4;;10.2960;10.2960;10.2960;28-Dec-2015
127278;Axis Fixed Term Plan - Series 53 (1150 Days) - Direct Plan - Growth;INF846K01KD9;;11.9842;11.9842;11.9842;28-Dec-2015
127280;Axis Fixed Term Plan - Series 53 (1150 Days) - Regular Plan - Dividend;INF846K01KE7;;11.8651;11.8651;11.8651;28-Dec-2015
127279;Axis Fixed Term Plan - Series 53 (1150 Days) - Regular Plan - Growth;INF846K01KG2;;11.8651;11.8651;11.8651;28-Dec-2015
129384;Axis Fixed Term plan - Series 64 - Direct Plan - Dividend;INF846K01XK7;;11.6446;11.6446;11.6446;28-Dec-2015
129383;Axis Fixed Term Plan - Series 64 - Direct plan - Growth;INF846K01XM3;;11.6445;11.6445;11.6445;28-Dec-2015
129386;Axis Fixed Term Plan - Series 64 - Regular plan -  Dividend;INF846K01XH3;;11.5401;11.5401;11.5401;28-Dec-2015
129381;Axis Fixed Term Plan - Series 64 - Regular Plan - Growth;INF846K01XJ9;;11.5401;11.5401;11.5401;28-Dec-2015
129382;Axis Fixed Term Plan - Series 64 - Regular Plan - Quarterly dividend;INF846K01XI1;;10.4783;10.4783;10.4783;28-Dec-2015
130047;Axis Fixed Term Plan - Series 67 (1218 days) - Direct Plan - Growth;INF846K01OT7;;11.6426;11.6426;11.6426;28-Dec-2015
130045;Axis Fixed Term Plan - Series 67 (1218 days) - Regular Plan - Dividend;INF846K01OX9;;11.5025;11.5025;11.5025;28-Dec-2015
130044;Axis Fixed Term Plan - Series 67 (1218 days) - Regular plan - Growth;INF846K01OW1;;11.5026;11.5026;11.5026;28-Dec-2015
130665;Axis Fixed Term Plan - Series 69 (3 Years) - Direct Plan - Growth;INF846K01PT4;;11.4639;11.4639;11.4639;28-Dec-2015
130663;Axis Fixed Term Plan - Series 69 (3 Years) - Regular Plan - Dividend;INF846K01PX6;;11.3611;11.3611;11.3611;28-Dec-2015
130662;Axis Fixed Term Plan - Series 69 (3 Years) - Regular Plan - Growth;INF846K01PW8;;11.3611;11.3611;11.3611;28-Dec-2015
130664;Axis Fixed Term Plan - Series 69 - (3 Years) - Regular Plan - Half Yearly Dividend;INF846K01PY4;;10.8414;10.8414;10.8414;28-Dec-2015
134301;Axis Fixed Term Plan - Series 74 (1105 days) - Direct Plan - Dividend;INF846K01RY0;;10.6176;10.6176;10.6176;28-Dec-2015
134302;Axis Fixed Term Plan - Series 74 (1105 days) - Direct Plan - Growth;INF846K01RX2;;10.6144;10.6144;10.6144;28-Dec-2015
134300;Axis Fixed Term Plan - Series 74 (1105 days) - Regular Plan - Dividend;INF846K01SB6;;10.6029;10.6029;10.6029;28-Dec-2015
134299;Axis Fixed Term Plan - Series 74 (1105 days) - Regular Plan - Growth;INF846K01SA8;;10.6029;10.6029;10.6029;28-Dec-2015
134303;Axis Fixed Term Plan - Series 74 (1105 days) - Regular Plan - Half yearly dividend;INF846K01SC4;;10.6027;10.6027;10.6027;28-Dec-2015
128151;Axis Fixed Term Plan - Series 61 (1122 Days) - Direct Plan - Growth;INF846K01MP9;;11.8851;11.8851;11.8851;28-Dec-2015
128148;Axis Fixed Term Plan - Series 61 (1122 Days) - Regular Plan - Dividend;INF846K01MT1;;11.7730;11.7730;11.7730;28-Dec-2015
128147;Axis Fixed Term Plan - Series 61 (1122 Days) - Regular Plan - Growth;INF846K01MS3;;11.7730;11.7730;11.7730;28-Dec-2015
128149;Axis Fixed Term Plan - Series 61 (1122 Days) - Regular Plan - Half yearly dividend;INF846K01MU9;;10.9746;10.9746;10.9746;28-Dec-2015
133430;Axis Hybrid Fund - Series 18 - Direct Plan - Direct Plan - Dividend;INF846K01QY2;;9.8141;9.8141;9.8141;28-Dec-2015
133429;Axis Hybrid Fund - Series 18 - Direct Plan - Growth;INF846K01QX4;;9.8141;9.8141;9.8141;28-Dec-2015
133428;Axis Hybrid Fund - Series 18 - Regular Plan - Dividend;INF846K01RA0;;9.7377;9.7377;9.7377;28-Dec-2015
133427;Axis Hybrid Fund - Series 18 - Regular Plan - Growth;INF846K01QZ9;;9.7378;9.7378;9.7378;28-Dec-2015
129390;Axis Hybrid Fund - Series 11 - Direct Plan - Dividend;INF846K01OA7;;10.8804;10.8804;10.8804;28-Dec-2015
129389;Axis Hybrid Fund - Series 11 - Direct Plan - Growth;INF846K01NZ6;;10.8804;10.8804;10.8804;28-Dec-2015
129388;Axis Hybrid Fund - Series 11 - Regular Plan - Dividend;INF846K01OC3;;10.6947;10.6947;10.6947;28-Dec-2015
129387;Axis Hybrid Fund - Series 11 - Regular plan - Growth;INF846K01OB5;;10.6938;10.6938;10.6938;28-Dec-2015
129756;Axis Hybrid Fund - Series 12 - Direct Plan - Dividend;INF846K01OE9;;10.8041;10.8041;10.8041;28-Dec-2015
129755;Axis Hybrid Fund - Series 12 - Direct Plan - Growth;INF846K01OD1;;10.8039;10.8039;10.8039;28-Dec-2015
129754;Axis Hybrid Fund - Series 12 - Regular Plan - Dividend;INF846K01OG4;;10.6227;10.6227;10.6227;28-Dec-2015
129753;Axis Hybrid Fund - Series 12 - Regular Plan - Growth;INF846K01OF6;;10.6227;10.6227;10.6227;28-Dec-2015
130060;Axis Hybrid Fund - Series 13 - Direct Plan - Dividend;INF846K01PA4;;10.7146;10.7146;10.7146;28-Dec-2015
130059;Axis Hybrid Fund - Series 13 - Direct Plan - Growth;INF846K01OZ4;;10.7146;10.7146;10.7146;28-Dec-2015
130058;Axis Hybrid Fund - Series 13 - Regular Plan - Dividend;INF846K01PC0;;10.5451;10.5451;10.5451;28-Dec-2015
130057;Axis Hybrid Fund - Series 13 - Regular Plan - Growth;INF846K01PB2;;10.5452;10.5452;10.5452;28-Dec-2015
130887;Axis Hybrid Fund - Series 14 - Direct Plan - Dividend;INF846K01QG9;;10.5346;10.5346;10.5346;28-Dec-2015
130886;Axis Hybrid Fund - Series 14 - Direct Plan - Growth;INF846K01QF1;;10.4199;10.4199;10.4199;28-Dec-2015
130889;Axis Hybrid Fund - Series 14 - Regular Plan - Dividend;INF846K01QI5;;10.2064;10.2064;10.2064;28-Dec-2015
130888;Axis Hybrid Fund - Series 14 - Regular Plan - Growth;INF846K01QH7;;10.2063;10.2063;10.2063;28-Dec-2015
131084;Axis Hybrid Fund - Series 15 - Direct Plan - Dividend;INF846K01QK1;;10.2865;10.2865;10.2865;28-Dec-2015
131083;Axis Hybrid Fund - Series 15 - Direct Plan - Growth;INF846K01QJ3;;10.2865;10.2865;10.2865;28-Dec-2015
131082;Axis Hybrid Fund - Series 15 - Regular Plan - Dividend;INF846K01QM7;;10.1439;10.1439;10.1439;28-Dec-2015
131085;Axis Hybrid Fund - Series 15 - Regular Plan - Growth;INF846K01QL9;;10.1440;10.1440;10.1440;28-Dec-2015
133564;Axis Hybrid Fund - Series 19 - Direct plan - Dividend;INF846K01RC6;;9.7070;9.7070;9.7070;28-Dec-2015
133562;Axis Hybrid Fund - Series 19 - Regular Plan - Dividend;INF846K01RE2;;9.6371;9.6371;9.6371;28-Dec-2015
133561;Axis Hybrid Fund - Series 19 - Regular plan - Growth;INF846K01RD4;;9.6355;9.6355;9.6355;28-Dec-2015
133563;Axis Hybrid Fund - Series 19 -Direct Plan - Growth;INF846K01RB8;;9.7099;9.7099;9.7099;28-Dec-2015
134534;Axis Hybrid Fund - Series 22 - Direct Plan - Dividend;INF846K01UG1;;9.6147;9.6147;9.6147;28-Dec-2015
134535;Axis Hybrid Fund - Series 22 - Direct Plan - Growth;INF846K01UF3;;9.6147;9.6147;9.6147;28-Dec-2015
134533;Axis Hybrid Fund - Series 22 - Regular Plan - Dividend;INF846K01UI7;;9.5481;9.5481;9.5481;28-Dec-2015
134532;Axis Hybrid Fund - Series 22 - Regular Plan - Growth;INF846K01UH9;;9.5481;9.5481;9.5481;28-Dec-2015
134622;Axis Hybrid Fund - Series 23 - Direct Plan - Dividend;INF846K01UW8;;9.6600;9.6600;9.6600;28-Dec-2015
134621;Axis Hybrid Fund - Series 23 - Direct Plan - Growth;INF846K01UV0;;9.6600;9.6600;9.6600;28-Dec-2015
134619;Axis Hybrid Fund - Series 23 - Regular Plan - Growth;INF846K01UX6;;9.5979;9.5979;9.5979;28-Dec-2015
134620;Axis Hybrid Funs - Series 23 - Regular Plan - Dividend;INF846K01UY4;;9.5979;9.5979;9.5979;28-Dec-2015
134743;Axis Hybrid Fund - Series 24 - Direct Plan - Dividend;INF846K01VF1;;9.7117;9.7117;9.7117;28-Dec-2015
134741;Axis Hybrid Fund - Series 24 - Direct Plan - Growth;INF846K01VG9;;9.7095;9.7095;9.7095;28-Dec-2015
134740;Axis Hybrid Fund - Series 24 - Regular Plan - Dividend;INF846K01VH7;;9.6527;9.6527;9.6527;28-Dec-2015
134742;Axis Hybrid Fund - Series 24 - Regular Plan - Growth;INF846K01VI5;;9.6527;9.6527;9.6527;28-Dec-2015
135235;Axis Hybrid Fund - Series 25 - Direct Plan - Dividend;INF846K01VU0;;9.8144;9.8144;9.8144;28-Dec-2015
135233;Axis Hybrid Fund - Series 25 - Direct Plan - Growth;INF846K01VT2;;9.8144;9.8144;9.8144;28-Dec-2015
135234;Axis Hybrid Fund - Series 25 - Regular Plan - Dividend;INF846K01VW6;;9.7773;9.7773;9.7773;28-Dec-2015
135232;Axis Hybrid Fund - Series 25 - Regular Plan - Growth;INF846K01VV8;;9.7773;9.7773;9.7773;28-Dec-2015
135284;Axis Hybrid Fund - Series 26 - Direct Plan - Dividend;INF846K01VY2;;9.9031;9.9031;9.9031;28-Dec-2015
135282;Axis Hybrid Fund - Series 26 - Direct Plan - Growth;INF846K01VX4;;9.9032;9.9032;9.9032;28-Dec-2015
135283;Axis Hybrid Fund - Series 26 - Regular Plan - Dividend;INF846K01WA0;;9.8705;9.8705;9.8705;28-Dec-2015
135285;Axis Hybrid Fund - Series 26 - Regular Plan - Growth;INF846K01VZ9;;9.8705;9.8705;9.8705;28-Dec-2015
135529;Axis Hybrid Fund - Series 27 - Direct Plan - Dividend;INF846K01WC6;;9.7257;9.7257;9.7257;28-Dec-2015
135528;Axis Hybrid Fund - Series 27 - Direct Plan - Growth;INF846K01WB8;;9.7258;9.7258;9.7258;28-Dec-2015
135526;Axis Hybrid Fund - Series 27 - Regular Plan - Dividend;INF846K01WE2;;9.7080;9.7080;9.7080;28-Dec-2015
135527;Axis Hybrid Fund - Series 27 - Regular Plan - Growth;INF846K01WD4;;9.7080;9.7080;9.7080;28-Dec-2015
135619;Axis Hybrid Fund - Series 28 - Direct Plan - Dividend;INF846K01WG7;;9.9845;9.9845;9.9845;28-Dec-2015
135618;Axis Hybrid Fund - Series 28 - Direct Plan - Growth;INF846K01WF9;;9.9846;9.9846;9.9846;28-Dec-2015
135621;Axis Hybrid Fund - Series 28 - Regular Plan - Dividend;INF846K01WI3;;9.9722;9.9722;9.9722;28-Dec-2015
135620;Axis Hybrid Fund - Series 28 - Regular Plan - Growth;INF846K01WH5;;9.9722;9.9722;9.9722;28-Dec-2015
122951;Axis Hybrid Fund - Series 5 (1346 Days) - Direct Plan - Growth;INF846K01YW0;;12.5302;12.5302;12.5302;28-Dec-2015
122953;Axis Hybrid Fund - Series 5 (1346 Days) - Regular Plan - Dividend;INF846K01YT6;;12.2443;12.2443;12.2443;28-Dec-2015
122950;Axis Hybrid Fund - Series 5 (1346 Days) - Regular Plan - Growth;INF846K01YU4;;12.2445;12.2445;12.2445;28-Dec-2015
122952;Axis Hybrid Fund - Series 5 (1346 Days)- Direct Plan - Dividend;INF846K01YV2;;12.5302;12.5302;12.5302;28-Dec-2015
123062;Axis Hybrid Fund Series 6 (1324 Days) - Direct - Dividend;INF846K01ZD7;;12.7198;12.7198;12.7198;28-Dec-2015
123065;Axis Hybrid Fund Series 6 (1324 Days) - Direct - Growth;INF846K01ZE5;;12.7236;12.7236;12.7236;28-Dec-2015
123064;Axis Hybrid Fund Series 6 (1324 Days) - Regular - Dividend;INF846K01ZB1;;12.4371;12.4371;12.4371;28-Dec-2015
123063;Axis Hybrid Fund Series 6 (1324 Days) - Regular - Growth;INF846K01ZC9;;12.4371;12.4371;12.4371;28-Dec-2015
123980;Axis Hybrid Fund - Series 7 (1305 Day) - Direct Plan - Growth;INF846K01ZI6;;12.6380;12.6380;12.6380;28-Dec-2015
123981;Axis Hybrid Fund - Series 7 (1305 Days) - Direct Plan -Dividend;INF846K01ZH8;;12.6289;12.6289;12.6289;28-Dec-2015
123979;Axis Hybrid Fund - Series 7 (1305 Days) - Regular Plan - Dividend;INF846K01ZF2;;12.3546;12.3546;12.3546;28-Dec-2015
123978;Axis Hybrid Fund - Series 7 (1305 Days) - Regular Plan - Growth;INF846K01ZG0;;12.3546;12.3546;12.3546;28-Dec-2015
126357;Axis Hybrid Fund Series 8 (1279 days) - Direct Plan - Dividend;INF846K01JG4;;11.4813;11.4813;11.4813;28-Dec-2015
126356;Axis Hybrid Fund Series 8 (1279 days) - Direct Plan - Growth;INF846K01JF6;;11.4817;11.4817;11.4817;28-Dec-2015
126355;Axis Hybrid Fund Series 8 (1279 days) - Regular Plan - Dividend;INF846K01JE9;;11.2752;11.2752;11.2752;28-Dec-2015
126354;Axis Hybrid Fund Series 8 (1279 days) - Regular Plan - Growth;INF846K01JD1;;11.2752;11.2752;11.2752;28-Dec-2015
126958;Axis Hybrid Fund Series 9 (1282 days) -  Direct Plan - Dividend;INF846K01JK6;;11.4850;11.4850;11.4850;28-Dec-2015
126956;Axis Hybrid Fund Series 9 (1282 days) -  Direct Plan - Growth;INF846K01JJ8;;11.4850;11.4850;11.4850;28-Dec-2015
126955;Axis Hybrid Fund Series 9 (1282 days) - Regular Plan - Dividend;INF846K01JI0;;11.2870;11.2870;11.2870;28-Dec-2015
126957;Axis Hybrid Fund Series 9 (1282 days) - Regular Plan - Growth;INF846K01JH2;;11.2870;11.2870;11.2870;28-Dec-2015

Bandhan Mutual Fund
122858;IDFC FTP - Series 21(370 Days)- Direct Plan-Growth;INF194KA1J77;;12.2672;12.2672;12.2672;28-Dec-2015
122863;IDFC FTP - Series 21(370 Days)- Regular Plan-Growth;INF194KA1J36;;12.2124;12.2124;12.2124;28-Dec-2015
122865;IDFC FTP - Series 21(370 Days)- Regular Plan-Half Yearly Dividend;INF194KA1J51;;10.2362;10.2362;10.2362;28-Dec-2015
122866;IDFC FTP - Series 21(370 Days)- Regular Plan-Periodic Dividend;INF194KA1J69;;10.3802;10.3802;10.3802;28-Dec-2015
122864;IDFC FTP - Series 21(370 Days)- Regular Plan-Quarterly Dividend;INF194KA1J44;;10.2360;10.2360;10.2360;28-Dec-2015
122976;IDFC FTP - Series 23 (365 Days) -Direct Plan_Growth;INF194KA1K17;;12.4317;12.4317;12.4317;28-Dec-2015
122968;IDFC FTP - Series 23 (365 Days)-Regular Plan_Growth;INF194KA1J85;;12.3636;12.3636;12.3636;28-Dec-2015
123013;IDFC FTP-S 24 (729 days) -Regular Plan_Growth;INF194KA1QV0;;12.4148;12.4148;12.4148;28-Dec-2015
123015;IDFC FTP-S 24 (729 days) -Regular Plan_Quarterly Dividend;INF194KA1QW8;;10.3654;10.3654;10.3654;28-Dec-2015
123018;IDFC FTP-S 24(729 days) -Direct Plan_Growth;INF194KA1QT4;;12.4427;12.4427;12.4427;28-Dec-2015
123271;IDFC FTP -S 25 (729 days) _Regular Plan_Half yearly Dividend;INF194KA1QZ1;;10.3136;10.3136;10.3136;28-Dec-2015
123030;IDFC FTP -S 25 (729 days)_Direct Plan_Growth;INF194KA1QY4;;12.4517;12.4517;12.4517;28-Dec-2015
123028;IDFC FTP -S 25 (729 days)_Regular Plan_Growth;INF194KA1RA2;;12.4240;12.4240;12.4240;28-Dec-2015
123353;IDFC FTP - S 26 (489 days) _Direct Plan Growth;INF194KA1H12;;12.3831;12.3831;12.3831;28-Dec-2015
123360;IDFC FTP - S 26 (489 days) _Regular Plan Growth;INF194KA1H20;;12.3135;12.3135;12.3135;28-Dec-2015
123359;IDFC FTP - S 26 (489 days) _Regular Plan Half yearly Dividend;INF194KA1H38;;10.2232;10.2232;10.2232;28-Dec-2015
123357;IDFC FTP - S 26 (489 days)_Regular Plan Quarterly Dividend;INF194KA1H46;;10.2231;10.2231;10.2231;28-Dec-2015
123513;IDFC FTP - S 27 (366 days)_Direct Plan Growth;INF194KA1T83;;12.4429;12.4429;12.4429;28-Dec-2015
123509;IDFC FTP - S 27 (366 days)_Regular Plan Growth;INF194KA1T67;;12.3948;12.3948;12.3948;28-Dec-2015
123514;IDFC FTP - S 27 (366 days)_Regular Plan Periodic Dividend;INF194KA1T75;;11.2294;11.2294;11.2294;28-Dec-2015
123587;IDFC FTP - Series 28 (1098 days) _Direct Plan_Growth;INF194K017W1;;12.7006;12.7006;12.7006;28-Dec-2015
123585;IDFC FTP - Series 28 (1098 days) _Regular Plan_Quarterly Dividend;INF194K014W8;;10.8226;10.8226;10.8226;28-Dec-2015
123583;IDFC FTP - Series 28 (1098 days)_Regular Plan_Growth;INF194K013W0;;12.6034;12.6034;12.6034;28-Dec-2015
123586;IDFC FTP - Series 28 (1098 days)_Regular Plan_Half Yearly Dividend;INF194K015W5;;10.5585;10.5585;10.5585;28-Dec-2015
123591;IDFC FTP - Series 28 (1098 days)_Regular Plan_Periodic Dividend;INF194K016W3;;11.5190;11.5190;11.5190;28-Dec-2015
123702;IDFC FTP - Series 29 (485 days)_Regular Plan_Growth;INF194KA1H61;;12.3136;12.3136;12.3136;28-Dec-2015
123697;IDFC FTP - Series 29 (485 days)_Regular Plan_Quarterly Dividend;INF194KA1H79;;10.2221;10.2221;10.2221;28-Dec-2015
123694;IDFC FTP - Series 29(485 days)_Direct Plan_Growth;INF194KA1H53;;12.3858;12.3858;12.3858;28-Dec-2015
123789;IDFC FTP - Series 31 (729 days)_Direct Plan_Growth;INF194KA1RQ8;;12.4528;12.4528;12.4528;28-Dec-2015
123780;IDFC FTP - Series 31 (729 days)_Regular Plan_Growth;INF194KA1RM7;;12.4302;12.4302;12.4302;28-Dec-2015
123788;IDFC FTP - Series 31 (729 days)_Regular Plan_Periodic Dividend;INF194KA1RP0;;11.2261;11.2261;11.2261;28-Dec-2015
123880;IDFC FTP - Series 32 (729 days)_Direct Plan_Growth;INF194KA1RV8;;12.3590;12.3590;12.3590;28-Dec-2015
123879;IDFC FTP - Series 32 (729 days)_Regular Plan_Growth;INF194KA1RR6;;12.3117;12.3117;12.3117;28-Dec-2015
124194;IDFC FTP - Series 33 (729 days)_Direct Plan_Growth;INF194KA1UB4;;12.3759;12.3759;12.3759;28-Dec-2015
124188;IDFC FTP - Series 33 (729 days)_Regular Plan_Growth;INF194KA1TY8;;12.3286;12.3286;12.3286;28-Dec-2015
124279;IDFC FTP - Series 34 (728 days)_Direct Plan_Growth;INF194KA1UN9;;12.3594;12.3594;12.3594;28-Dec-2015
124271;IDFC FTP - Series 34 (728 days)_Regular Plan_Growth;INF194KA1UK5;;12.3125;12.3125;12.3125;28-Dec-2015
124378;IDFC FTP - Series 35 (732 days)-Direct Plan_Growth;INF194KA1UR0;;12.2898;12.2898;12.2898;28-Dec-2015
124384;IDFC FTP - Series 35 (732 days)-Regular Plan_Growth;INF194KA1UO7;;12.1959;12.1959;12.1959;28-Dec-2015
124440;IDFC FTP - Series 39 (506 days)- Direct Plan_Growth;INF194KA1D65;;12.1744;12.1744;12.1744;28-Dec-2015
124442;IDFC FTP - Series 39 (506 days)- Regular Plan_Growth;INF194KA1D32;;12.0876;12.0876;12.0876;28-Dec-2015
124604;IDFC FTP - S 40 (729 days) -Direct Plan-Growth;INF194KA1UX8;;12.2333;12.2333;12.2333;28-Dec-2015
124608;IDFC FTP - S 40 (729 days)-Regular Plan-Growth;INF194KA1UU4;;12.1538;12.1538;12.1538;28-Dec-2015
124689;IDFC FTP -S 41 (566 days)- Direct Plan_Growth;INF194KA1I60;;12.0573;12.0573;12.0573;28-Dec-2015
124686;IDFC FTP -S 41 (566 days)- Regular Plan_Growth;INF194KA1I45;;11.9905;11.9905;11.9905;28-Dec-2015
124735;IDFC FTP -S 42  (731 days)-Direct Plan_Growth;INF194KA1VD8;;12.1486;12.1486;12.1486;28-Dec-2015
124737;IDFC FTP -S 42 (731 days)-Regular Plan_Quarterly Dividend;INF194KA1VB2;;10.3682;10.3682;10.3682;28-Dec-2015
124743;IDFC FTP -S 42(731 days) -Regular Plan_Growth;INF194KA1VA4;;12.0696;12.0696;12.0696;28-Dec-2015
124788;IDFC FTP -S 44 (730 days)_Direct Plan_Growth;INF194KA1VX6;;12.0348;12.0348;12.0348;28-Dec-2015
124784;IDFC FTP -S 44 (730 days)_Regular Plan_Growth;INF194KA1VU2;;12.0112;12.0112;12.0112;28-Dec-2015
125281;IDFC FTP - Series 48 (601 days)_Direct Plan_Growth;INF194KA1F06;;12.0492;12.0492;12.0492;28-Dec-2015
125284;IDFC FTP - Series 48 (601 days)_Regular Plan_Growth;INF194KA1E72;;12.0290;12.0290;12.0290;28-Dec-2015
125286;IDFC FTP - Series 48 (601 days)_Regular Plan_Quarterly Dividend;INF194KA1E80;;10.2419;10.2419;10.2419;28-Dec-2015
125472;IDFC FTP S 49 (729 Days)_Direct Plan_Growth;INF194KA1XA0;;11.9479;11.9479;11.9479;28-Dec-2015
125475;IDFC FTP S 49 (729 Days)_Direct Plan_Quarterly Dividend;INF194KA1XB8;;10.2930;10.2930;10.2930;28-Dec-2015
125468;IDFC FTP S 49 (729 Days)_Regular Plan_Growth;INF194KA1WX4;;11.9101;11.9101;11.9101;28-Dec-2015
125602;IDFC FTP S-50 (729 Days)_Direct Plan_Growth;INF194KA1XF9;;11.9188;11.9188;11.9188;28-Dec-2015
125604;IDFC FTP S-50 (729 Days)_Regular Plan_Growth;INF194KA1XC6;;11.8824;11.8824;11.8824;28-Dec-2015
125609;IDFC FTP S -51(597 Days)_Direct Plan_Growth;INF194KA1E49;;11.9542;11.9542;11.9542;28-Dec-2015
125616;IDFC FTP S -51(597 Days)_Regular Plan_Growth;INF194KA1E15;;11.8989;11.8989;11.8989;28-Dec-2015
125615;IDFC FTP S -51(597 Days)_Regular Plan_Quarterly Dividend;INF194KA1E23;;10.2334;10.2334;10.2334;28-Dec-2015
125727;IDFC FTP S52(728 Days)_Direct Plan_Growth;INF194KA1XL7;;11.8997;11.8997;11.8997;28-Dec-2015
125723;IDFC FTP S52(728 Days)_Regular Plan_Growth;INF194KA1XI3;;11.8412;11.8412;11.8412;28-Dec-2015
125726;IDFC FTP S52(728 Days)_Regular Plan_Half Yearly Dividend;INF194KA1XK9;;10.2432;10.2432;10.2432;28-Dec-2015
125910;IDFC FTP S-54(732 Days)_Direct Plan_Growth;INF194KA1XN3;;11.9006;11.9006;11.9006;28-Dec-2015
125901;IDFC FTP S-54(732 Days)_Regular Plan_Growth;INF194KA1XM5;;11.8627;11.8627;11.8627;28-Dec-2015
126050;IDFC FTP S 57(594 Days)_Direct Plan_Growth;INF194KA1G13;;11.9040;11.9040;11.9040;28-Dec-2015
126042;IDFC FTP S 57(594 Days)_Regular Plan_Growth;INF194KA1F71;;11.8489;11.8489;11.8489;28-Dec-2015
126175;IDFC FTP S-59(728 Days)_Direct Plan_Growth;INF194KA1XO1;;11.8496;11.8496;11.8496;28-Dec-2015
126171;IDFC FTP S-59(728 Days)_Regular Plan_Growth;INF194KA1XQ6;;11.7244;11.7244;11.7244;28-Dec-2015
126188;IDFC FTP S-60(643 Days)_Direct Plan_Growth;INF194KA1G62;;11.8754;11.8754;11.8754;28-Dec-2015
126181;IDFC FTP S-60(643 Days)_Regular Plan_Growth;INF194KA1G21;;11.8211;11.8211;11.8211;28-Dec-2015
126299;IDFC FTP S-62(636 Days)_Direct Plan_Growth;INF194KA1H04;;11.8483;11.8483;11.8483;28-Dec-2015
126294;IDFC FTP S-62(636 Days)_Regular Plan_Growth;INF194KA1G70;;11.7702;11.7702;11.7702;28-Dec-2015
126296;IDFC FTP S-62(636 Days)_Regular Plan_Half Yearly Dividend;INF194KA1G96;;10.2352;10.2352;10.2352;28-Dec-2015
126297;IDFC FTP S-62(636 Days)_Regular Plan_Quarterly Dividend;INF194KA1G88;;10.2352;10.2352;10.2352;28-Dec-2015
126536;IDFC FTP-65(728 Days)_Direct Plan_Growth;INF194KA1XV6;;11.7724;11.7724;11.7724;28-Dec-2015
126533;IDFC FTP-65(728 Days)_Regular Plan_Growth;INF194KA1XS2;;11.7323;11.7323;11.7323;28-Dec-2015
126546;IDFC FTP - S 66(1170 Days)_Direct Plan_Growth;INF194KA1ZX7;;11.7980;11.7980;11.7980;28-Dec-2015
126552;IDFC FTP - S 66(1170 Days)_Regular Plan_Growth;INF194KA1ZW9;;11.7054;11.7054;11.7054;28-Dec-2015
126722;IDFC FTP-S67 (729 Days)_Regular Plan_Growth;INF194KA1YJ9;;11.7089;11.7089;11.7089;28-Dec-2015
126713;IDFC FTP-S67(729 Days)_Direct Plan_Growth;INF194KA1YM3;;11.7727;11.7727;11.7727;28-Dec-2015
126720;IDFC FTP-S67(729 Days)_Regular Plan_Periodic Dividend;INF194KA1YL5;;10.7272;10.7272;10.7272;28-Dec-2015
126719;IDFC FTP-S67(729 Days)_Regular Plan_Quaterly Dividend;INF194KA1YK7;;10.2850;10.2850;10.2850;28-Dec-2015
126799;IDFC FTP S-69(728 Days)_Direct Plan_Growth;INF194KA1YQ4;;11.7752;11.7752;11.7752;28-Dec-2015
126796;IDFC FTP S-69(728 Days)_Direct Plan_Periodic Dividend;INF194KA1YP6;;10.7194;10.7194;10.7194;28-Dec-2015
126791;IDFC FTP S-69(728 Days)_Regular Plan_Growth;INF194KA1YN1;;11.7426;11.7426;11.7426;28-Dec-2015
126808;IDFC FTP S-70(1169 Days)_Direct Plan_Growth;INF194KA1A19;;11.7674;11.7674;11.7674;28-Dec-2015
126805;IDFC FTP S-70(1169 Days)_Regular Plan_Growth;INF194KA1ZY5;;11.6585;11.6585;11.6585;28-Dec-2015
126810;IDFC FTP S-70(1169 Days)_Regular Plan_Quaterly Dividend;INF194KA1A01;;10.2917;10.2917;10.2917;28-Dec-2015
126820;IDFC FTP S-71 (795 Days)_Direct Plan_Growth;INF194KA1HO4;INF194KA1R10;11.8810;11.8810;11.8810;28-Dec-2015
126819;IDFC FTP S-71 (795 Days)_Regular Plan_Growth;INF194KA1HS5;INF194KA1Q94;11.7781;11.7781;11.7781;28-Dec-2015
126823;IDFC FTP S-71 (795 Days)_Regular Plan_Quaterly Dividend;INF194KA1HT3;INF194KA1R02;10.4348;10.4348;10.4348;28-Dec-2015
127172;IDFC FTP -S74(1169 Days) -Direct Plan_Growth;INF194KA1A92;;11.7575;11.7575;11.7575;28-Dec-2015
127165;IDFC FTP -S74(1169 Days) -Regular Plan_Growth;INF194KA1A50;;11.6650;11.6650;11.6650;28-Dec-2015
127494;IDFC FTP S-75(1170 Days)_Direct Plan_Growth;INF194KA1B26;;11.7432;11.7432;11.7432;28-Dec-2015
127490;IDFC FTP S-75(1170 Days)_Regular Plan_Growth;INF194KA1B18;;11.6529;11.6529;11.6529;28-Dec-2015
127687;IDFC FTP S-77(1170 Days)_Direct Plan_Growth;INF194KA1B42;;11.7196;11.7196;11.7196;28-Dec-2015
127684;IDFC FTP S-77(1170 Days)_Regular Plan_Growth;INF194KA1B34;;11.6698;11.6698;11.6698;28-Dec-2015
127863;IDFC FTP S-78(1096 Days)_Direct Plan_Growth;INF194KA1ZA5;;11.7045;11.7045;11.7045;28-Dec-2015
127864;IDFC FTP S-78(1096 Days)_Regular Plan_Growth;INF194KA1YZ5;;11.6577;11.6577;11.6577;28-Dec-2015
127944;IDFC FTP S-79(1170 Days)_Direct Plan_Growth;INF194KA1B91;;11.6726;11.6726;11.6726;28-Dec-2015
127938;IDFC FTP S-79(1170 Days)_Regular Plan_Growth;INF194KA1B59;;11.5822;11.5822;11.5822;28-Dec-2015
127940;IDFC FTP S-79(1170 Days)_Regular Plan_Periodic Dividend;INF194KA1B83;;10.5698;10.5698;10.5698;28-Dec-2015
127947;IDFC FTP S-83(729 Days)_Direct Plan_Growth;INF194KA1ZC1;;11.6786;11.6786;11.6786;28-Dec-2015
127950;IDFC FTP S-83(729 Days)_Regular Plan_Growth;INF194KA1ZB3;;11.6577;11.6577;11.6577;28-Dec-2015
128010;IDFC FTP S-84(1175 Days)_Direct Plan_Growth;INF194KA1ZQ1;;11.6598;11.6598;11.6598;28-Dec-2015
128014;IDFC FTP S-84(1175 Days)_Regular Plan_Growth;INF194KA1ZP3;;11.6093;11.6093;11.6093;28-Dec-2015
128214;IDFC FTP S-85(728 Days)_Direct Plan_Growth;INF194KA14B2;;11.6603;11.6603;11.6603;28-Dec-2015
128213;IDFC FTP S-85(728 Days)_Regular Plan_Growth;INF194KA13B4;;11.6338;11.6338;11.6338;28-Dec-2015
128226;IDFC FTP S-86(1175 Days)_Direct Plan_Growth;INF194KA1ZI8;;11.6291;11.6291;11.6291;28-Dec-2015
128221;IDFC FTP S-86(1175 Days)_Regular Plan_Growth;INF194KA1ZF4;;11.5550;11.5550;11.5550;28-Dec-2015
128474;IDFC FTP S-88(1175 Days)_Direct Plan_Growth;INF194KA1ZO6;;11.6030;11.6030;11.6030;28-Dec-2015
128475;IDFC FTP S-88(1175 Days)_Regular Plan_Growth;INF194KA1ZL2;;11.5644;11.5644;11.5644;28-Dec-2015
128549;IDFC FTP-S 89(742 Days)_Direct Plan_Growth;INF194KA17B5;;11.7306;11.7306;11.7306;28-Dec-2015
128553;IDFC FTP-S 89(742 Days)_Direct Plan_Periodic Dividend;INF194KA1NH6;INF194KA1Q86;11.2918;11.2918;11.2918;28-Dec-2015
128546;IDFC FTP-S 89(742 Days)_Regular Plan_Growth;INF194KA15B9;;11.6303;11.6303;11.6303;28-Dec-2015
128551;IDFC FTP-S 89(742 Days)_Regular Plan_Half Yearly Dividend;INF194KA1NK0;INF194KA1Q60;10.3527;10.3527;10.3527;28-Dec-2015
128550;IDFC FTP-S 89(742 Days)_Regular Plan_Quarterly Dividend;INF194KA16B7;;10.4176;10.4176;10.4176;28-Dec-2015
128934;IDFC FTP S -90(728 Days)_Direct Plan_Growth;INF194KA1NM6;INF194KA1Q29;11.7056;11.7056;11.7056;28-Dec-2015
128938;IDFC FTP S -90(728 Days)_Direct Plan_Half Yearly Dividend;INF194KA1NO2;INF194KA1Q37;10.3974;10.3974;10.3974;28-Dec-2015
128936;IDFC FTP S -90(728 Days)_Regular Plan_Growth;INF194KA1NQ7;INF194KA1P87;11.6556;11.6556;11.6556;28-Dec-2015
128940;IDFC FTP S -90(728 Days)_Regular Plan_Half Yearly Dividend;INF194KA1NS3;INF194KA1Q03;10.3886;10.3886;10.3886;28-Dec-2015
128941;IDFC FTP S -90(728 Days)_Regular Plan_Periodic Dividend;INF194KA1NT1;INF194KA1Q11;11.2757;11.2757;11.2757;28-Dec-2015
128937;IDFC FTP S -90(728 Days)_Regular Plan_Quaterly Dividend;INF194KA1NR5;INF194KA1P95;10.4502;10.4502;10.4502;28-Dec-2015
129011;IDFC FTP S -91(1158 Days)_Direct Plan_ Growth;INF194KA1C41;;11.5351;11.5351;11.5351;28-Dec-2015
129015;IDFC FTP S -91(1158 Days)_Regular Plan_ Growth;INF194KA1C09;;11.5038;11.5038;11.5038;28-Dec-2015
129465;IDFC FTP-S 92(735 Days)_Direct Plan_Growth;INF194KA1E07;;11.5069;11.5069;11.5069;28-Dec-2015
129462;IDFC FTP-S 92(735 Days)_Regular Plan_Growth;INF194KA1D73;;11.4881;11.4881;11.4881;28-Dec-2015
129463;IDFC FTP-S 92(735 Days)_Regular Plan_Quarterly Dividend;INF194KA1D81;;10.2414;10.2414;10.2414;28-Dec-2015
129501;IDFC FTP S - 93 (732 Days)_Regular Plan_Growth;INF194KA1F22;;11.4763;11.4763;11.4763;28-Dec-2015
129505;IDFC FTP S-93 (732 Days)_DIrect Plan_Growth;INF194KA1F55;;11.4950;11.4950;11.4950;28-Dec-2015
129929;IDFC FTP S -97 (788 Days) _Direct Plan_Growth;INF194KA1H87;;11.4163;11.4163;11.4163;28-Dec-2015
129934;IDFC FTP S-97 (788 Days)_Regular Plan_Growth;INF194KA1I11;;11.3850;11.3850;11.3850;28-Dec-2015
129985;IDFC FTP S_99(777Days)_Direct_Growth;INF194KA1J10;;11.3671;11.3671;11.3671;28-Dec-2015
129979;IDFC FTP S_99(777Days)_Regular_Growth;INF194KA1I78;;11.3381;11.3381;11.3381;28-Dec-2015
134585;IDFC FIXED TERM PLAN SERIES-108 (1144Days)- Direct Plan- Growth;INF194KA1C58;;10.5567;10.5567;10.5567;28-Dec-2015
134588;IDFC FIXED TERM PLAN SERIES-108 (1144Days)- Regular Plan- Growth;INF194KA1D16;;10.4891;10.4891;10.4891;28-Dec-2015
134583;IDFC FIXED TERM PLAN SERIES-108(1144Days)- Regular Plan- Quarterly Dividend;INF194KA1C90;;10.2430;10.2430;10.2430;28-Dec-2015

Bank of India Mutual Fund
134946;BOI AXA Capital Protection Oriented Fund Series 4 Direct Growth;INF761K01DI4;;9.5510;9.5510;9.5510;28-Dec-2015
134947;BOI AXA Capital Protection Oriented Fund Series 4 Regular Growth;INF761K01DJ2;;9.5391;9.5391;9.5391;28-Dec-2015
135524;BOI AXA Capital Protection Oriented  Fund Series 5 Regular Plan Growth;INF761K01DL8;;9.7639;9.7639;9.7639;28-Dec-2015
135525;BOI AXA Capital Protection Oriented Fund Series 5 Direct Plan Growth;INF761K01DK0;;9.7687;9.7687;9.7687;28-Dec-2015
133060;BOI AXA Capital Protection Oriented Fund Series 2  Regular Plan Growth;INF761K01DB9;;9.9597;9.9597;9.9597;28-Dec-2015
133061;BOI AXA Capital Protection Oriented Fund Series 2 Direct Plan Dividend;INF761K01CY3;;10.0254;10.0254;10.0254;28-Dec-2015
133063;BOI AXA Capital Protection Oriented Fund Series 2 Direct Plan Growth;INF761K01CZ0;;10.0254;10.0254;10.0254;28-Dec-2015
133062;BOI AXA Capital Protection Oriented Fund Series 2 Regular Plan Dividend;INF761K01DA1;;9.9597;9.9597;9.9597;28-Dec-2015
133496;BOI AXA Capital Protection Oriented Fund Series 3 Direct Plan Dividend;INF761K01DC7;;9.6930;9.6930;9.6930;28-Dec-2015
133495;BOI AXA Capital Protection Oriented Fund Series 3 Direct Plan Growth;INF761K01DD5;;9.6926;9.6926;9.6926;28-Dec-2015
133494;BOI AXA Capital Protection Oriented Fund Series 3 Regular Plan Dividend;INF761K01DE3;;9.6425;9.6425;9.6425;28-Dec-2015
133493;BOI AXA Capital Protection Oriented Fund Series 3 Regular Plan Growth;INF761K01DF0;;9.6425;9.6425;9.6425;28-Dec-2015
125371;BOI AXA Capital Protection Oriented Fund- Series 1  Direct Growth;INF761K01AY7;;12.1589;12.1589;12.1589;28-Dec-2015
125369;BOI AXA Capital Protection Oriented Fund- Series 1  Regular Dividend;INF761K01AX9;;11.9348;11.9348;11.9348;28-Dec-2015
125368;BOI AXA Capital Protection Oriented Fund- Series 1  Regular Growth;INF761K01AW1;;11.9348;11.9348;11.9348;28-Dec-2015

Baroda BNP Paribas Mutual Fund
123911;Baroda Pioneer Fixed Maturity Plan Series E -Plan B (Direct) -Dividend Payout;INF955L01FC8;;11.2537;11.2537;11.2537;28-Dec-2015
123910;Baroda Pioneer Fixed Maturity Plan Series E -Plan B (Direct)- Growth;INF955L01FB0;;12.4615;12.4615;12.4615;28-Dec-2015
123909;Baroda Pioneer Fixed Maturity Plan Series E- Plan A- Dividend Payout;INF955L01FA2;;11.2235;11.2235;11.2235;28-Dec-2015
123908;Baroda Pioneer Fixed Maturity Plan Series E- Plan A- Growth;INF955L01EZ2;;12.4043;12.4043;12.4043;28-Dec-2015
126090;Baroda Pioneer Fixed Maturity Plan Series J - Plan A - Growth;INF955L01EB3;;11.8949;11.8949;11.8949;28-Dec-2015
126091;Baroda Pioneer Fixed Maturity Plan Series J - Plan B (Direct) - Growth;INF955L01ED9;;11.9250;11.9250;11.9250;28-Dec-2015
128861;Baroda Pioneer Fixed Maturity Plan - Series N - Plan A - Growth;INF955L01ER9;;11.5358;11.5358;11.5358;28-Dec-2015
128862;Baroda Pioneer Fixed Maturity Plan - Series N - Plan B (Direct) - Growth;INF955L01ET5;;11.5663;11.5663;11.5663;28-Dec-2015
128054;Baroda Pioneer Fixed Maturity Plan Series M -Plan B (Direct) -Dividend Payout;INF955L01EQ1;;10.5715;10.5715;10.5715;28-Dec-2015
128055;Baroda Pioneer Fixed Maturity Plan Series M -Plan B (Direct)- Growth;INF955L01EP3;;11.6739;11.6739;11.6739;28-Dec-2015
128057;Baroda Pioneer Fixed Maturity Plan Series M- Plan A- Growth;INF955L01EN8;;11.6336;11.6336;11.6336;28-Dec-2015
134121;Baroda Pioneer Hybrid Fund - Series 1 - Plan A - Dividend Pay-out option;INF955L01GG7;;9.4512;9.4512;9.4512;28-Dec-2015
134122;Baroda Pioneer Hybrid Fund - Series 1- Plan A - Growth Option;INF955L01GF9;;9.4512;9.4512;9.4512;28-Dec-2015
134123;Baroda Pioneer Hybrid Fund - Series 1- Plan B (Direct) - Growth Option;INF955L01GH5;;9.5818;9.5818;9.5818;28-Dec-2015
134120;Baroda Pioneer Hybrid Fund- Series 1- Plan B (Direct) - Dividend Pay-out Option;INF955L01GI3;;9.5818;9.5818;9.5818;28-Dec-2015

BNP Paribas Mutual Fund
122286;BNP Paribas Capital Protection Oriented Fund - Direct Plan - Growth;INF251K01OD4;;12.4236;12.4236;12.4236;28-Dec-2015
122285;BNP Paribas Capital Protection Oriented Fund - Dividend Option;INF251K01IY2;;12.3370;12.3370;12.3370;28-Dec-2015
122288;BNP Paribas Capital Protection Oriented Fund - Growth;INF251K01IX4;;12.3370;12.3370;12.3370;28-Dec-2015
122857;BNP Paribas Capital Protection Oriented Fund Series II - Direct Plan - Dividend on maturity Option;INF251K01OI3;;12.5794;12.5794;12.5794;28-Dec-2015
122854;BNP Paribas Capital Protection Oriented Fund Series II - Direct Plan - Growth Option;INF251K01OH5;;12.5819;12.5819;12.5819;28-Dec-2015
122855;BNP Paribas Capital Protection Oriented Fund Series II - Dividend on Maturity Option;INF251K01OG7;;12.5011;12.5011;12.5011;28-Dec-2015
122856;BNP Paribas Capital Protection Oriented Fund Series II - Growth Option;INF251K01OF9;;12.5011;12.5011;12.5011;28-Dec-2015
125011;BNP Paribas Dual Advantage Fund - Series I Direct Plan Dividend Option;INF251K01LJ7;;11.9432;11.9432;11.9432;28-Dec-2015
125012;BNP Paribas Dual Advantage Fund - Series I Direct Plan Growth Option;INF251K01LK5;;11.9481;11.9481;11.9481;28-Dec-2015
125009;BNP Paribas Dual Advantage Fund - Series I Dividend Option;INF251K01LH1;;11.8831;11.8831;11.8831;28-Dec-2015
125010;BNP Paribas Dual Advantage Fund - Series I Growth Option;INF251K01LI9;;11.8831;11.8831;11.8831;28-Dec-2015

Canara Robeco Mutual Fund
133879;Canara Robeco Capital Protection Oriented Fund - Series 4 - Direct Plan - Growth Option;INF760K01HM9;;10.4783;10.4783;10.4783;28-Dec-2015
133881;Canara Robeco Capital Protection Oriented Fund - Series 4 - Regular Plan - Dividend Payout Option;INF760K01HP2;;10.4437;10.4437;10.4437;28-Dec-2015
133880;Canara Robeco Capital Protection Oriented Fund - Series 4 - Regular Plan - Growth Option;INF760K01HO5;;10.4437;10.4437;10.4437;28-Dec-2015
134157;Canara Robeco Capital Protection Oriented Fund - Series 5 - Direct Plan - Dividend Option;INF760K01HV0;;9.9112;9.9112;9.9112;28-Dec-2015
134156;Canara Robeco Capital protection Oriented Fund - Series 5 - Direct Plan - Growth Option;INF760K01HU2;;9.9112;9.9112;9.9112;28-Dec-2015
134159;Canara Robeco Capital protection Oriented Fund - Series 5 - Regular Plan - Growth Option;INF760K01HW8;;9.9021;9.9021;9.9021;28-Dec-2015
134158;Canara Robeco Capital protection Oriented Fund - Serries 5 - Regular Plan - Dividend option;INF760K01HX6;;9.9021;9.9021;9.9021;28-Dec-2015
135676;Canara Robeco Capital protection Oriented Fund - Series 6 - Regular Plan - Dividend Payout Option;INF760K01IB0;;10.0592;10.0592;10.0592;28-Dec-2015
135673;Canara Robeco capital protection Oriented Fund series 6  - Direct Plan - Growth Option;INF760K01HY4;;10.0611;10.0611;10.0611;28-Dec-2015
135674;Canara Robeco Capital Protection Oriented Fund Series 6 - Direct Plan - Dividend Payout Option;INF760K01HZ1;;10.0611;10.0611;10.0611;28-Dec-2015
135675;Canara Robeco Capital Protection Oriented Fund Series 6 - Regular Plan - Growth Option;INF760K01IA2;;10.0592;10.0592;10.0592;28-Dec-2015
131012;CANARA ROBECO CAPITAL PROTECTION ORIENDED FUND- SERIES 3 -DIRECT PLAN- DIVIDEND PAYOUT OPTION;INF760K01HF3;;11.1382;11.1382;11.1382;28-Dec-2015
131010;CANARA ROBECO CAPITAL PROTECTION ORIENTED FUND - SERIES 3-GROWTH PLAN;INF760K01HG1;;11.0733;11.0733;11.0733;28-Dec-2015
131011;CANARA ROBECO CAPITAL PROTECTION ORIENTED FUND-SERIES 3- DIvidend PLAN;INF760K01HH9;;11.0733;11.0733;11.0733;28-Dec-2015
131013;CANARA ROBECO CAPITAL PROTECTION ORIENTED FUND-SERIES 3-DIRECT PLAN-GROWTH OPTION;INF760K01HE6;;11.1382;11.1382;11.1382;28-Dec-2015
125021;Canara Robeco Capital Protection Oriented Fund- Series 2 (Plan A) - Direct Plan - Dividend;INF760K01GV2;;12.3977;12.3977;12.3977;28-Dec-2015
125020;Canara Robeco Capital Protection Oriented Fund- Series 2 (Plan A) - Direct Plan - Growth;INF760K01GU4;;12.3977;12.3977;12.3977;28-Dec-2015
125022;Canara Robeco Capital Protection Oriented Fund- Series 2 (Plan A) - Regular Plan - Dividend;INF760K01GX8;;12.2795;12.2795;12.2795;28-Dec-2015
125019;Canara Robeco Capital Protection Oriented Fund- Series 2 (Plan A) - Regular Plan - Growth;INF760K01GW0;;12.2795;12.2795;12.2795;28-Dec-2015

Deutsche Mutual Fund
117886;DWS Fixed Maturity Plan - Series 16 (DFMP - 16) - Annual Dividend (Payout Option);INF223JA1KT5;;11.1570;11.1570;11.1570;28-Dec-2015
117888;DWS Fixed Maturity Plan - Series 16 (DFMP - 16) - Dividend (Payout Option);INF223JA1KS7;;10.8625;10.8625;10.8625;28-Dec-2015
117887;DWS Fixed Maturity Plan - Series 16 (DFMP - 16) - Growth;INF223JA1KR9;;12.8973;12.8973;12.8973;28-Dec-2015
117889;DWS Fixed Maturity Plan - Series 16 (DFMP - 16) - Quarterly Dividend (Payout Option);INF223JA1KU3;;10.9053;10.9053;10.9053;28-Dec-2015
130014;DWS FIXED MATURITY PLAN - SERIES 70 - DIRECT PLAN -GROWTH;INF223J016D1;;11.5364;11.5364;11.5364;28-Dec-2015
130019;DWS FIXED MATURITY PLAN - SERIES 70 - REGULAR PLAN -ANNUAL DIVIDEND;INF223J011D2;;10.7331;10.7331;10.7331;28-Dec-2015
130016;DWS FIXED MATURITY PLAN - SERIES 70 - REGULAR PLAN -GROWTH;INF223J012D0;;11.4243;11.4243;11.4243;28-Dec-2015
130017;DWS FIXED MATURITY PLAN - SERIES 70 - REGULAR PLAN -QUARTERLY DIVIDEND;INF223J010D4;;10.9921;10.9921;10.9921;28-Dec-2015
130018;DWS FIXED MATURITY PLAN - SERIES 70 - REGULAR PLAN -REGULAR DIVIDEND;INF223J019C7;;10.7289;10.7289;10.7289;28-Dec-2015
130036;DWS Fixed Maturity Plan - Series 71 - Direct Plan -Growth;INF223J012F5;;11.5248;11.5248;11.5248;28-Dec-2015
130033;DWS Fixed Maturity Plan - Series 71 - Regular Plan - Growth;INF223J018E5;;11.4155;11.4155;11.4155;28-Dec-2015
130032;DWS Fixed Maturity Plan - Series 71 - Regular Plan -Annual Dividend;INF223J017E7;;10.7736;10.7736;10.7736;28-Dec-2015
130034;DWS Fixed Maturity Plan - Series 71 - Regular Plan -Quarterly Dividend;INF223J016E9;;10.4784;10.4784;10.4784;28-Dec-2015
130035;DWS Fixed Maturity Plan - Series 71 - Regular Plan -Regular Dividend;INF223J015E1;;10.5706;10.5706;10.5706;28-Dec-2015
130115;DWS Fixed Maturity Plan - Series 72 - Direct Plan -Growth;INF223J014E4;;11.5430;11.5430;11.5430;28-Dec-2015
130114;DWS Fixed Maturity Plan - Series 72 - Regular Plan -Annual Dividend;INF223J019D5;;10.8074;10.8074;10.8074;28-Dec-2015
130111;DWS Fixed Maturity Plan - Series 72 - Regular Plan -Growth;INF223J010E2;;11.4452;11.4452;11.4452;28-Dec-2015
130112;DWS Fixed Maturity Plan - Series 72 - Regular Plan -Quarterly Dividend;INF223J018D7;;10.5417;10.5417;10.5417;28-Dec-2015
130113;DWS Fixed Maturity Plan - Series 72 - Regular Plan -Regular Dividend;INF223J017D9;;10.6000;10.6000;10.6000;28-Dec-2015
130811;DWS Fixed Maturity Plan - Series 75 - Direct Plan - Growth;INF223J010K9;;11.4986;11.4986;11.4986;28-Dec-2015
130813;DWS Fixed Maturity Plan - Series 75 - Regular Plan - Growth;INF223J016J8;;11.3931;11.3931;11.3931;28-Dec-2015
130814;DWS Fixed Maturity Plan - Series 75 - Regular Plan - Quarterly Dividend;INF223J014J3;;10.6561;10.6561;10.6561;28-Dec-2015
130815;DWS Fixed Maturity Plan - Series 75 - Regular Plan - Regular Dividend;INF223J013J5;;10.6538;10.6538;10.6538;28-Dec-2015
131366;DWS Fixed Maturity Plan - Series 77 - Direct Plan - Growth;INF223J018V9;;11.2954;11.2954;11.2954;28-Dec-2015
131368;DWS Fixed Maturity Plan - Series 77 - Regular Plan - Growth;INF223J014V8;;11.2218;11.2218;11.2218;28-Dec-2015
131370;DWS Fixed Maturity Plan - Series 77 - Regular Plan - Quarterly Dividend;INF223J012V2;;10.9541;10.9541;10.9541;28-Dec-2015
131449;DWS Fixed Maturity Plan - Series 78 - Direct Plan - Annual Dividend;INF223J016W1;;10.8251;10.8251;10.8251;28-Dec-2015
131493;DWS Fixed Maturity Plan - Series 78 - Direct Plan - Growth;INF223J017W9;;11.1996;11.1996;11.1996;28-Dec-2015
131491;DWS Fixed Maturity Plan - Series 78 - Regular Plan - Growth;INF223J013W8;;11.1211;11.1211;11.1211;28-Dec-2015
133009;DWS Fixed Maturity Plan - Series 82 - Direct Plan - Growth;INF223JA1172;;10.9895;10.9895;10.9895;28-Dec-2015
133014;DWS Fixed Maturity Plan - Series 82 - Regular Plan - Growth;INF223JA1131;;10.9773;10.9773;10.9773;28-Dec-2015
133015;DWS Fixed Maturity Plan - Series 82 - Regular Plan - Quarterly Dividend;INF223JA1115;;10.9750;10.9750;10.9750;28-Dec-2015
133936;DWS Fixed Matuirty Plan - Series 85 - Regular Plan - Annual Dividend;INF223JA1AB4;;10.6865;10.6865;10.6865;28-Dec-2015
133932;DWS Fixed Maturity Plan - Series 85 - Direct Plan - Growth;INF223JA1AG3;;10.6904;10.6904;10.6904;28-Dec-2015
133934;DWS Fixed Maturity Plan - Series 85 - Regular Plan - Growth;INF223JA1AC2;;10.6863;10.6863;10.6863;28-Dec-2015
133931;DWS Fixed Maturity Plan - Series 85 - Regular Plan - Quarterly Dividend;INF223JA1AA6;;10.6897;10.6897;10.6897;28-Dec-2015
133935;DWS Fixed Maturity Plan - Series 85 - Regular Plan - Regular Dividend;INF223JA1990;;10.6865;10.6865;10.6865;28-Dec-2015
134220;DWS Fixed Maturity Plan - Series 86 - Direct Plan - Growth;INF223JA1CH7;;10.7027;10.7027;10.7027;28-Dec-2015
134226;DWS Fixed Maturity Plan - Series 86 - Regular Plan - Growth;INF223JA1CD6;;10.6770;10.6770;10.6770;28-Dec-2015
134223;DWS Fixed Maturity Plan - Series 86 - Regular Plan - Regular Dividend;INF223JA1CA2;;10.6770;10.6770;10.6770;28-Dec-2015
134234;DWS Fixed Maturity Plan - Series 87 - Direct Plan - Growth;INF223JA1CP0;;10.6585;10.6585;10.6585;28-Dec-2015
134230;DWS Fixed Maturity Plan - Series 87 - Regular Plan - Growth;INF223JA1CL9;;10.6544;10.6544;10.6544;28-Dec-2015
134754;DWS Fixed Maturity Plan - Series 91 - Direct Option - Growth;INF223JA1HT1;;10.4751;10.4751;10.4751;28-Dec-2015
134780;DWS Fixed Maturity Plan - Series 91 - Regular Option - Growth;INF223JA1HX3;;10.4722;10.4722;10.4722;28-Dec-2015
135741;DWS Fixed Maturity Plan - Series 95 - Direct Option - Growth;;;10.0082;10.0082;10.0082;28-Dec-2015
135742;DWS Fixed Maturity Plan - Series 95 - Regular Option - Growth;;;10.0073;10.0073;10.0073;28-Dec-2015
135739;DWS Fixed Maturity Plan - Series 95 - Regular Option - Regular Dividend;;;10.0072;10.0072;10.0072;28-Dec-2015
122961;DWS FIXED MATURITY PLAN - SERIES 31- DIRECT PLAN - GROWTH;INF223JA1JK6;;12.3967;12.3967;12.3967;28-Dec-2015
122967;DWS FIXED MATURITY PLAN - SERIES 31- REGULAR PLAN - ANNUAL DIVIDEND PAYOUT;INF223JA1JE9;;11.2565;11.2565;11.2565;28-Dec-2015
122963;DWS FIXED MATURITY PLAN - SERIES 31- REGULAR PLAN - GROWTH;INF223JA1JF6;;12.3223;12.3223;12.3223;28-Dec-2015
122966;DWS FIXED MATURITY PLAN - SERIES 31- REGULAR PLAN - QUARTERLY DIVIDEND;INF223JA1JD1;;11.0249;11.0249;11.0249;28-Dec-2015
123245;DWS FIXED MATURITY PLAN - SERIES 32- DIRECT PLAN - GROWTH;INF223J018L0;;12.4741;12.4741;12.4741;28-Dec-2015
123242;DWS FIXED MATURITY PLAN - SERIES 32- REGULAR PLAN - GROWTH;INF223J013L1;;12.3934;12.3934;12.3934;28-Dec-2015
123383;DWS FIXED MATURITY PLAN - SERIES 33 - REGULAR PLAN - DIVIDEND PAYOUT;INF223JA1JL4;;11.1270;11.1270;11.1270;28-Dec-2015
123390;DWS FIXED MATURITY PLAN - SERIES 33- DIRECT PLAN - GROWTH;INF223JA1JU5;;12.3554;12.3554;12.3554;28-Dec-2015
123385;DWS FIXED MATURITY PLAN - SERIES 33- REGULAR PLAN - GROWTH;INF223JA1JP5;;12.2922;12.2922;12.2922;28-Dec-2015
123855;DWS FIXED MATURITY PLAN - SERIES 34 - DIRECT PLAN - GROWTH;INF223J016R1;;12.4451;12.4451;12.4451;28-Dec-2015
123856;DWS FIXED MATURITY PLAN - SERIES 34 - REGULAR PLAN - DIVIDEND PAYOUT;INF223J013R8;;11.1959;11.1959;11.1959;28-Dec-2015
123857;DWS FIXED MATURITY PLAN - SERIES 34 - REGULAR PLAN - GROWTH;INF223J014R6;;12.3810;12.3810;12.3810;28-Dec-2015
124155;DWS FIXED MATURITY PLAN - SERIES 37 - DIRECT PLAN - GROWTH;INF223JA1JY7;;12.2679;12.2679;12.2679;28-Dec-2015
124157;DWS FIXED MATURITY PLAN - SERIES 37 - REGULAR PLAN - DIVIDEND PAYOUT;INF223JA1JV3;;11.0764;11.0764;11.0764;28-Dec-2015
124156;DWS FIXED MATURITY PLAN - SERIES 37 - REGULAR PLAN - GROWTH;INF223JA1JW1;;12.1956;12.1956;12.1956;28-Dec-2015
124321;DWS FIXED MATURITY PLAN - SERIES 38 - DIRECT PLAN - DIVIDEND PAYOUT;INF223J01ZT7;;10.6440;10.6440;10.6440;28-Dec-2015
124323;DWS FIXED MATURITY PLAN - SERIES 38 - DIRECT PLAN - GROWTH;INF223J01ZU5;;12.3471;12.3471;12.3471;28-Dec-2015
124325;DWS FIXED MATURITY PLAN - SERIES 38 - REGULAR PLAN - DIVIDEND PAYOUT;INF223J01ZR1;;10.5932;10.5932;10.5932;28-Dec-2015
124324;DWS FIXED MATURITY PLAN - SERIES 38 - REGULAR PLAN - GROWTH;INF223J01ZS9;;12.2358;12.2358;12.2358;28-Dec-2015
124577;DWS FIXED MATURITY PLAN - SERIES 39 - DIRECT PLAN - DIVIDEND PAYOUT;INF223J018X5;;10.7952;10.7952;10.7952;28-Dec-2015
124587;DWS FIXED MATURITY PLAN - SERIES 39 - DIRECT PLAN - GROWTH;INF223J019X3;;11.8163;11.8163;11.8163;28-Dec-2015
124586;DWS FIXED MATURITY PLAN - SERIES 39 - REGULAR PLAN - GROWTH;INF223J017X7;;11.7646;11.7646;11.7646;28-Dec-2015
126849;DWS FIXED MATURITY PLAN - SERIES 45 - DIRECT PLAN -GROWTH;INF223JA1GD7;;11.7818;11.7818;11.7818;28-Dec-2015
126853;DWS FIXED MATURITY PLAN - SERIES 45 - REGULAR PLAN -GROWTH;INF223JA1FZ2;;11.7026;11.7026;11.7026;28-Dec-2015
127326;DWS FIXED MATURITY PLAN - SERIES 49 - DIRECT PLAN -GROWTH;INF223JA1EC4;;11.7399;11.7399;11.7399;28-Dec-2015
127323;DWS FIXED MATURITY PLAN - SERIES 49 - REGULAR PLAN -GROWTH;INF223JA1DY0;;11.7011;11.7011;11.7011;28-Dec-2015
127978;DWS FIXED MATURITY PLAN - SERIES 54 - DIRECT PLAN -GROWTH;INF223JA1ET8;;11.6463;11.6463;11.6463;28-Dec-2015
127980;DWS FIXED MATURITY PLAN - SERIES 54 - REGULAR PLAN -GROWTH;INF223JA1EO9;;11.6172;11.6172;11.6172;28-Dec-2015
128024;DWS FIXED MATURITY PLAN - SERIES 56 - DIRECT PLAN -GROWTH;INF223JA1HJ2;;11.7915;11.7915;11.7915;28-Dec-2015
128026;DWS FIXED MATURITY PLAN - SERIES 56 - REGULAR PLAN -GROWTH;INF223JA1HF0;;11.6606;11.6606;11.6606;28-Dec-2015
128384;DWS FIXED MATURITY PLAN - SERIES 57 - DIRECT PLAN -GROWTH;INF223JA1FB3;;11.6389;11.6389;11.6389;28-Dec-2015
128385;DWS FIXED MATURITY PLAN - SERIES 57 - REGULAR PLAN -GROWTH;INF223JA1EX0;;11.6070;11.6070;11.6070;28-Dec-2015
128096;DWS FIXED MATURITY PLAN - SERIES 58 - DIRECT PLAN -GROWTH;INF223J01Q84;;11.8431;11.8431;11.8431;28-Dec-2015
128098;DWS FIXED MATURITY PLAN - SERIES 58 - REGULAR PLAN -GROWTH;INF223J01Q43;;11.7179;11.7179;11.7179;28-Dec-2015
128099;DWS FIXED MATURITY PLAN - SERIES 58 - REGULAR PLAN -QUARTERLY DIVIDEND;INF223J01Q27;;10.4829;10.4829;10.4829;28-Dec-2015
128094;DWS FIXED MATURITY PLAN - SERIES 58 - REGULAR PLAN -REGULAR DIVIDEND;INF223J01Q19;;10.7891;10.7891;10.7891;28-Dec-2015
128614;DWS FIXED MATURITY PLAN - SERIES 60 - DIRECT PLAN -ANNUAL DIVIDEND;INF223J01T99;;10.8900;10.8900;10.8900;28-Dec-2015
128615;DWS FIXED MATURITY PLAN - SERIES 60 - DIRECT PLAN -GROWTH;INF223J01U05;;11.9248;11.9248;11.9248;28-Dec-2015
128621;DWS FIXED MATURITY PLAN - SERIES 60 - REGULAR PLAN -GROWTH;INF223J01T65;;11.8201;11.8201;11.8201;28-Dec-2015
128618;DWS FIXED MATURITY PLAN - SERIES 60 - REGULAR PLAN -REGULAR DIVIDEND;INF223J01T32;;10.6343;10.6343;10.6343;28-Dec-2015
128619;DWS FIXED MATURITY PLAN- SERIES 60 - REGULAR PLAN -ANNUAL DIVIDEND;INF223J01T57;;10.8432;10.8432;10.8432;28-Dec-2015
128659;DWS FIXED MATURITY PLAN - SERIES 61 - DIRECT PLAN -GROWTH;INF223JA1FJ6;;11.6068;11.6068;11.6068;28-Dec-2015
128657;DWS FIXED MATURITY PLAN - SERIES 61 - REGULAR PLAN -GROWTH;INF223JA1FF4;;11.5599;11.5599;11.5599;28-Dec-2015
128716;DWS FIXED MATURITY PLAN - SERIES 62 - DIRECT PLAN -GROWTH;INF223JA1DV6;;11.5994;11.5994;11.5994;28-Dec-2015
128718;DWS FIXED MATURITY PLAN - SERIES 62 - REGULAR PLAN -GROWTH;INF223JA1DR4;;11.5873;11.5873;11.5873;28-Dec-2015
128719;DWS FIXED MATURITY PLAN - SERIES 62 - REGULAR PLAN -REGULAR DIVIDEND;INF223JA1DO1;;10.6252;10.6252;10.6252;28-Dec-2015
128706;DWS FIXED MATURITY PLAN - SERIES 63 - DIRECT PLAN -ANNUAL DIVIDEND;INF223JA1FQ1;;11.1070;11.1070;11.1070;28-Dec-2015
128729;DWS FIXED MATURITY PLAN - SERIES 63 - DIRECT PLAN -GROWTH;INF223JA1FR9;;11.5520;11.5520;11.5520;28-Dec-2015
128730;DWS FIXED MATURITY PLAN - SERIES 63 - REGULAR PLAN -GROWTH;INF223JA1FN8;;11.5344;11.5344;11.5344;28-Dec-2015
129161;DWS FIXED MATURITY PLAN - SERIES 64 - DIRECT PLAN -GROWTH;INF223J01Y84;;11.7986;11.7986;11.7986;28-Dec-2015
129163;DWS FIXED MATURITY PLAN - SERIES 64 - REGULAR PLAN -GROWTH;INF223J01Y43;;11.6768;11.6768;11.6768;28-Dec-2015
129164;DWS FIXED MATURITY PLAN - SERIES 64 - REGULAR PLAN -QUARTERLY DIVIDEND;INF223J01Y27;;10.6587;10.6587;10.6587;28-Dec-2015
129165;DWS FIXED MATURITY PLAN - SERIES 64 - REGULAR PLAN -REGULAR DIVIDEND;INF223J01Y19;;10.6073;10.6073;10.6073;28-Dec-2015
129166;DWS FIXED MATURITY PLAN- SERIES 64 - REGULAR PLAN -ANNUAL DIVIDEND;INF223J01Y35;;10.8096;10.8096;10.8096;28-Dec-2015
129141;DWS FIXED MATURITY PLAN - SERIES 66 - DIRECT PLAN -GROWTH;INF223J01Y01;;11.7638;11.7638;11.7638;28-Dec-2015
129145;DWS FIXED MATURITY PLAN - SERIES 66 - REGULAR PLAN -GROWTH;INF223J01X69;;11.6382;11.6382;11.6382;28-Dec-2015
129146;DWS FIXED MATURITY PLAN - SERIES 66 - REGULAR PLAN -QUARTERLY DIVIDEND;INF223J01X44;;10.5118;10.5118;10.5118;28-Dec-2015
129142;DWS FIXED MATURITY PLAN - SERIES 66 - REGULAR PLAN -REGULAR DIVIDEND;INF223J01X36;;10.7674;10.7674;10.7674;28-Dec-2015
129565;DWS FIXED MATURITY PLAN - SERIES 68 - DIRECT PLAN -GROWTH;INF223J012B4;;11.6753;11.6753;11.6753;28-Dec-2015
129570;DWS FIXED MATURITY PLAN - SERIES 68 - REGULAR PLAN -ANNUAL DIVIDEND;INF223J017A5;;10.7942;10.7942;10.7942;28-Dec-2015
129568;DWS FIXED MATURITY PLAN - SERIES 68 - REGULAR PLAN -QUARTERLY DIVIDEND;INF223J016A7;;10.5378;10.5378;10.5378;28-Dec-2015
129569;DWS FIXED MATURITY PLAN - SERIES 68 - REGULAR PLAN -REGULAR DIVIDEND;INF223J015A9;;10.7909;10.7909;10.7909;28-Dec-2015
129567;DWS FIXED MATURITY PLAN - SERIES 68 - REGULAR PLAN-GROWTH;INF223J018A3;;11.5557;11.5557;11.5557;28-Dec-2015
129581;DWS FIXED MATURITY PLAN - SERIES 69 - DIRECT PLAN -GROWTH;INF223J010C6;;11.6637;11.6637;11.6637;28-Dec-2015
129580;DWS FIXED MATURITY PLAN - SERIES 69 - REGULAR PLAN -ANNUAL DIVIDEND;INF223J015B7;;10.8369;10.8369;10.8369;28-Dec-2015
129575;DWS FIXED MATURITY PLAN - SERIES 69 - REGULAR PLAN -GROWTH;INF223J016B5;;11.5424;11.5424;11.5424;28-Dec-2015
129578;DWS FIXED MATURITY PLAN - SERIES 69 - REGULAR PLAN -QUARTERLY DIVIDEND;INF223J014B0;;10.6943;10.6943;10.6943;28-Dec-2015
129577;DWS FIXED MATURITY PLAN - SERIES 69 - REGULAR PLAN -REGULAR DIVIDEND;INF223J013B2;;10.7399;10.7399;10.7399;28-Dec-2015
129748;DWS Hybird Fixed Term Fund - Series 22 - DIRECT PLAN -QUARTERLY DIVIDEND;INF223J016C3;;10.8299;10.8299;10.8299;28-Dec-2015
129749;DWS Hybird Fixed Term fund - Series 22 - REGULAR PLAN -QUARTERLY DIVIDEND;INF223J012C2;;10.5680;10.5680;10.5680;28-Dec-2015
129747;DWS Hybrid Fixed Term Fund - Series 22 - DIRECT PLAN -GROWTH;INF223J018C9;;11.3552;11.3552;11.3552;28-Dec-2015
129750;DWS Hybrid Fixed Term Fund - Series 22 - REGULAR PLAN -ANNUAL DIVIDEND;INF223J013C0;;10.5777;10.5777;10.5777;28-Dec-2015
129751;DWS Hybrid Fixed Term Fund - Series 22 - REGULAR PLAN -GROWTH;INF223J014C8;;11.0854;11.0854;11.0854;28-Dec-2015
129752;DWS Hybrid Fixed Term Fund - Series 22 - REGULAR PLAN -REGULAR DIVIDEND;INF223J011C4;;10.5709;10.5709;10.5709;28-Dec-2015
117890;DWS Hybrid Fixed Term Fund - Series 10 - Annual Dividend (Payout);INF223J01MG2;;10.7847;10.7847;10.7847;28-Dec-2015
117891;DWS Hybrid Fixed Term Fund - Series 10 - Growth;INF223J01MI8;;12.4053;12.4053;12.4053;28-Dec-2015
117892;DWS Hybrid Fixed Term Fund - Series 10 - Quarterly Dividend (Payout);INF223J01MH0;;10.4966;10.4966;10.4966;28-Dec-2015
117893;DWS Hybrid Fixed Term Fund - Series 10 - Regular Dividend (Payout);INF223J01MF4;;10.4747;10.4747;10.4747;28-Dec-2015
120904;DWS Hybrid Fixed Term Fund - Series 11 - Direct Plan - Dividend (Payout);INF223J01RF3;;11.5595;11.5595;11.5595;28-Dec-2015
120907;DWS Hybrid Fixed Term Fund - Series 11 - Direct Plan - Growth;INF223J01RG1;;12.7233;12.7233;12.7233;28-Dec-2015
120905;DWS Hybrid Fixed Term Fund - Series 11 - Regular Plan - Dividend (Payout);INF223J01RD8;;11.4794;11.4794;11.4794;28-Dec-2015
120906;DWS Hybrid Fixed Term Fund - Series 11 - Regular Plan - Growth;INF223J01RE6;;12.4890;12.4890;12.4890;28-Dec-2015
121401;DWS Hybrid Fixed Term Fund - Series 12 - Direct Plan - Growth;INF223J01SS4;;13.2498;13.2498;13.2498;28-Dec-2015
121399;DWS Hybrid Fixed Term Fund - Series 12 - Regular Plan - Dividend (Payout);INF223J01SP0;;12.1365;12.1365;12.1365;28-Dec-2015
121402;DWS Hybrid Fixed Term Fund - Series 12 - Regular Plan - Growth;INF223J01SQ8;;12.9966;12.9966;12.9966;28-Dec-2015
121750;DWS Hybrid Fixed Term Fund - Series 13 - Direct Plan - Growth;INF223J01TK9;;12.6417;12.6417;12.6417;28-Dec-2015
121748;DWS Hybrid Fixed Term Fund - Series 13 - Regular Plan - Dividend (Payout);INF223J01TH5;;10.8664;10.8664;10.8664;28-Dec-2015
121749;DWS Hybrid Fixed Term Fund - Series 13 - Regular Plan - Growth;INF223J01TI3;;12.2116;12.2116;12.2116;28-Dec-2015
122596;DWS Hybrid Fixed Term Fund - Series 14 - Direct Plan - Growth;INF223J01VC2;;13.0324;13.0324;13.0324;28-Dec-2015
122595;DWS Hybrid Fixed Term Fund - Series 14 - Regular Plan - Dividend (Payout);INF223J01UZ5;;11.8754;11.8754;11.8754;28-Dec-2015
122594;DWS Hybrid Fixed Term Fund - Series 14 - Regular Plan - Growth;INF223J01VA6;;12.5901;12.5901;12.5901;28-Dec-2015
124899;DWS Hybrid Fixed Term Fund - Series 17 - Direct Plan - Growth;INF223J01B08;;12.1552;12.1552;12.1552;28-Dec-2015
124900;DWS Hybrid Fixed Term Fund - Series 17 - Regular Plan - Dividend (Payout);INF223J01A74;;10.9618;10.9618;10.9618;28-Dec-2015
124898;DWS Hybrid Fixed Term Fund - Series 17 - Regular Plan - Growth;INF223J01A82;;11.7373;11.7373;11.7373;28-Dec-2015
125423;DWS Hybrid Fixed Term Fund - Series 19 - Direct Plan - Growth;INF223J01C23;;11.8326;11.8326;11.8326;28-Dec-2015
125424;DWS Hybrid Fixed Term Fund - Series 19 - Regular Plan - Dividend (Payout);INF223J01B99;;10.7603;10.7603;10.7603;28-Dec-2015
125425;DWS Hybrid Fixed Term Fund - Series 19 - Regular Plan - Growth;INF223J01C07;;11.5389;11.5389;11.5389;28-Dec-2015
129154;DWS Hybrid Fixed Term Fund - Series 21  - DIRECT PLAN -GROWTH;INF223J014A2;;11.6507;11.6507;11.6507;28-Dec-2015
129156;DWS Hybrid Fixed Term Fund - Series 21  - REGULAR PLAN -GROWTH;INF223J010A0;;11.3403;11.3403;11.3403;28-Dec-2015
129157;DWS Hybrid Fixed Term Fund - Series 21  - REGULAR PLAN -QUARTERLY DIVIDEND;INF223J01Z83;;10.8265;10.8265;10.8265;28-Dec-2015
129158;DWS Hybrid Fixed Term Fund - Series 21  - REGULAR PLAN -REGULAR DIVIDEND;INF223J01Z75;;10.7857;10.7857;10.7857;28-Dec-2015
129159;DWS Hybrid Fixed Term Fund - Series 21 - REGULAR PLAN -ANNUAL DIVIDEND;INF223J01Z91;;10.7857;10.7857;10.7857;28-Dec-2015
130277;DWS Hybrid Fixed Term Fund - Series 23 - Direct Plan -Growth;INF223J018G0;;10.7851;10.7851;10.7851;28-Dec-2015
130275;DWS Hybrid Fixed Term Fund - Series 23 - Regular Plan -Annual Dividend;INF223J013G1;;10.1937;10.1937;10.1937;28-Dec-2015
130278;DWS Hybrid Fixed Term Fund - Series 23 - Regular Plan -Growth;INF223J014G9;;10.5236;10.5236;10.5236;28-Dec-2015
130279;DWS Hybrid Fixed Term Fund - Series 23 - Regular Plan -Quarterly Dividend;INF223J012G3;;10.1882;10.1882;10.1882;28-Dec-2015
130280;DWS Hybrid Fixed Term Fund - Series 23 - Regular Plan -Regular Dividend;INF223J011G5;;10.2094;10.2094;10.2094;28-Dec-2015
130848;DWS Hybrid Fixed Term Dund - Series 26 - Direct Plan - Growth;INF223J018O4;;10.2274;10.2274;10.2274;28-Dec-2015
130846;DWS Hybrid Fixed Term Fund - Series 26 - Direct Plan - Annunal Dividend;INF223J017O6;;9.8966;9.8966;9.8966;28-Dec-2015
130853;DWS Hybrid Fixed Term Fund - Series 26 - Regular Plan - Annual Dividend;INF223J013O5;;9.7833;9.7833;9.7833;28-Dec-2015
130850;DWS Hybrid Fixed Term Fund - Series 26 - Regular Plan - Growth;INF223J014O3;;10.0168;10.0168;10.0168;28-Dec-2015
130851;DWS Hybrid Fixed Term Fund - Series 26 - Regular Plan - Quarterly Dividend;INF223J012O7;;9.7817;9.7817;9.7817;28-Dec-2015
130852;DWS Hybrid Fixed Term Fund - Series 26 - Regular Plan - Regular Dividend;INF223J011O9;;9.7833;9.7833;9.7833;28-Dec-2015
130819;DWS Hybrid Fixed Term Fund - Series 27 - Direct Plan - Dividend;INF223J015K8;;10.0701;10.0701;10.0701;28-Dec-2015
130818;DWS Hybrid Fixed Term Fund - Series 27 - Direct Plan - Growth;INF223J018K2;;10.3495;10.3495;10.3495;28-Dec-2015
130824;DWS Hybrid Fixed Term Fund - Series 27 - Regular Plan - Growth;INF223J014K1;;10.2207;10.2207;10.2207;28-Dec-2015
130823;DWS Hybrid Fixed Term Fund - Series 27 - Regular Plan - Regular Dividend;INF223J011K7;;9.9891;9.9891;9.9891;28-Dec-2015
131114;DWS Hybrid Fixed Term Fund - Series 29 - Direct Plan - Growth;INF223J012R0;;11.0048;11.0048;11.0048;28-Dec-2015
131119;DWS Hybrid Fixed Term Fund - Series 29 - Regular Plan - Annual Dividend;INF223J017Q1;;10.5066;10.5066;10.5066;28-Dec-2015
131116;DWS Hybrid Fixed Term Fund - Series 29 - Regular Plan - Growth;INF223J018Q9;;10.9174;10.9174;10.9174;28-Dec-2015
131117;DWS Hybrid Fixed Term Fund - Series 29 - Regular Plan - Quarterly Dividend;INF223J016Q3;;10.6582;10.6582;10.6582;28-Dec-2015
131118;DWS Hybrid Fixed Term Fund - Series 29 - Regular Plan - Regular Dividend;INF223J015Q5;;10.5065;10.5065;10.5065;28-Dec-2015
131499;DWS Hybrid Fixed Term Fund - Series 31 - Direct Plan - Growth;INF223J015X1;;10.3136;10.3136;10.3136;28-Dec-2015
131504;DWS Hybrid Fixed Term Fund - Series 31 - Regular Plan - Annual Dividend;INF223J010X2;;10.1110;10.1110;10.1110;28-Dec-2015
131501;DWS Hybrid Fixed Term Fund - Series 31 - Regular Plan - Growth;INF223J011X0;;10.1110;10.1110;10.1110;28-Dec-2015
131502;DWS Hybrid Fixed Term Fund - Series 31 - Regular Plan - Quarterly Dividend;INF223J019W5;;10.1110;10.1110;10.1110;28-Dec-2015
131503;DWS Hybrid Fixed Term Fund - Series 31 - Regular Plan - Regular Dividend;INF223J018W7;;10.1110;10.1110;10.1110;28-Dec-2015
132936;DWS Hybrid Fixed Term Fund - Series 32 - Direct Plan - Growth;INF223JA1032;;9.7961;9.7961;9.7961;28-Dec-2015
132940;DWS Hybrid Fixed Term Fund - Series 32 - Regular Plan - Annual Dividend;INF223JA1065;;9.6207;9.6207;9.6207;28-Dec-2015
132939;DWS Hybrid Fixed Term Fund - Series 32 - Regular Plan - Growth;INF223JA1073;;9.6207;9.6207;9.6207;28-Dec-2015
132941;DWS Hybrid Fixed Term Fund - Series 32 - Regular Plan - Quarterly Dividend;INF223JA1081;;9.6207;9.6207;9.6207;28-Dec-2015
132942;DWS Hybrid Fixed Term Fund - Series 32 - Regular Plan - Regular Dividend;INF223JA1099;;9.6207;9.6207;9.6207;28-Dec-2015
133352;DWS Hybird Fixed Term Fund - Series 33 - Regular Plan - Growth;INF223JA1339;;9.4389;9.4389;9.4389;28-Dec-2015
133348;DWS Hybrid Fixed Term Fund - Sereis 33 - Direct Plan - Dividend;INF223JA1347;;9.5888;9.5888;9.5888;28-Dec-2015
133345;DWS Hybrid Fixed Term Fund - Series 33 - Direct Plan - Growth;INF223JA1370;;9.5888;9.5888;9.5888;28-Dec-2015
133351;DWS Hybrid Fixed term Fund - Series 33 - Regular Plan - Annual Dividend;INF223JA1321;;9.4389;9.4389;9.4389;28-Dec-2015
133349;DWS Hybrid Fixed Term Fund - Series 33 - Regular Plan - Quarterly Dividend;INF223JA1313;;9.4389;9.4389;9.4389;28-Dec-2015
133350;DWS Hybrid Fixed Term Fund - Series 33 - Regular Plan - Regular Dividend;INF223JA1305;;9.4389;9.4389;9.4389;28-Dec-2015
133621;DWS Hybrid Fixed Term Fund - Series 34 - Direct Plan - Growth;INF223JA1537;;9.8941;9.8941;9.8941;28-Dec-2015
133626;DWS Hybrid Fixed Term Fund - Series 34 - Regular Plan - Annual Dividend;INF223JA1487;;9.7597;9.7597;9.7597;28-Dec-2015
133624;DWS Hybrid Fixed Term Fund - Series 34 - Regular Plan - Growth;INF223JA1495;;9.7597;9.7597;9.7597;28-Dec-2015
133627;DWS Hybrid Fixed Term Fund - Series 34 - Regular Plan - Quarterly Dividend;INF223JA1479;;9.7597;9.7597;9.7597;28-Dec-2015
133625;DWS Hybrid Fixed Term Fund - Series 34 - Regular Plan - Regular Dividend;INF223JA1461;;9.7597;9.7597;9.7597;28-Dec-2015
133726;DWS Hybrid Fixed Term Fund - Series 35 - Direct Plan - Dividend;INF223JA1719;;9.5242;9.5242;9.5242;28-Dec-2015
133727;DWS Hybrid fixed Term Fund - Series 35 - Direct Plan - Growth;INF223JA1743;;9.5279;9.5279;9.5279;28-Dec-2015
133732;DWS Hybrid Fixed Term Fund - Series 35 - Regular Plan - Annual Dividend;INF223JA1693;;9.3928;9.3928;9.3928;28-Dec-2015
133729;DWS Hybrid Fixed Term Fund - Series 35 - Regular Plan - Growth;INF223JA1701;;9.3927;9.3927;9.3927;28-Dec-2015
133730;DWS Hybrid Fixed Term Fund - Series 35 - Regular Plan - Quarterly Dividend;INF223JA1685;;9.3928;9.3928;9.3928;28-Dec-2015
133731;DWS Hybrid Fixed Term Fund - Series 35 - Regular Plan - Regular Dividend;INF223JA1677;;9.3928;9.3928;9.3928;28-Dec-2015
134146;DWS Hybrid Fixed Term Fund - Series 37 - Direct Plan - Growth;INF223JA1BR8;;9.5820;9.5820;9.5820;28-Dec-2015
134145;DWS hybrid Fixed Term Fund - Series 37 - Regular Plan - Annual Dividend;INF223JA1BM9;;9.4443;9.4443;9.4443;28-Dec-2015
134142;DWS Hybrid Fixed Term Fund - Series 37 - Regular Plan - Growth;INF223JA1BN7;;9.4443;9.4443;9.4443;28-Dec-2015
134143;DWS Hybrid Fixed Term Fund - Series 37 - Regular Plan - Quarterly Dividend;INF223JA1BL1;;9.4443;9.4443;9.4443;28-Dec-2015
134144;DWS Hybrid Fixed Term Fund - Series 37 - Regular Plan - Regular Dividend;INF223JA1BK3;;9.4443;9.4443;9.4443;28-Dec-2015
134700;DWS Hybrid Fixed Term Fund - Series 39 - Direct Plan - Annual Dividend;INF223JA1HK0;;9.7923;9.7923;9.7923;28-Dec-2015
134699;DWS Hybrid Fixed Term Fund - Series 39 - Direct Plan - Growth;INF223JA1HL8;;9.7936;9.7936;9.7936;28-Dec-2015
134697;DWS Hybrid Fixed Term Fund - Series 39 - Direct Plan - Regular Dividend;INF223JA1HN4;;9.7935;9.7935;9.7935;28-Dec-2015
134704;DWS Hybrid Fixed Term Fund - Series 39 - Regular Plan - Annual Dividend;INF223JA1HO2;;9.6968;9.6968;9.6968;28-Dec-2015
134701;DWS Hybrid Fixed Term Fund - Series 39 - Regular Plan - Growth;INF223JA1HP9;;9.6968;9.6968;9.6968;28-Dec-2015
134702;DWs Hybrid Fixed Term Fund - Series 39 - Regular Plan - Quarterly Dividend;INF223JA1HQ7;;9.6968;9.6968;9.6968;28-Dec-2015
134703;DWS Hybrid Fixed Term Fund - Series 39 - Regular Plan - Regular Dividend;INF223JA1HR5;;9.6968;9.6968;9.6968;28-Dec-2015
116417;DWS Hybrid Fixed Term Fund - Series 4 - Dividend (Payout);INF223JA1669;;9.6302;9.6302;9.6302;28-Dec-2015
116416;DWS Hybrid Fixed Term Fund - Series 4- Growth;INF223JA1651;;14.6855;14.6855;14.6855;28-Dec-2015
134852;DWS Hybrid Fixed Term Fund - Series 40 - Direct Plan - Growth;INF223JA1IW3;;9.6617;9.6617;9.6617;28-Dec-2015
134851;DWS Hybrid Fixed Term fund - Series 40 - Direct Plan - Regular Dividend;INF223JA1IT9;;9.6617;9.6617;9.6617;28-Dec-2015
134855;DWS Hybrid Fixed Term Fund - Series 40 - Regular Plan - Annual Dividend;INF223JA1IR3;;9.5869;9.5869;9.5869;28-Dec-2015
134848;DWS Hybrid Fixed Term Fund - Series 40 - Regular Plan - Growth;INF223JA1IS1;;9.5870;9.5870;9.5870;28-Dec-2015
134853;DWS Hybrid Fixed Term Fund - Series 40 - Regular Plan - Quarterly Dividend;INF223JA1IQ5;;9.5869;9.5869;9.5869;28-Dec-2015
134854;DWS Hybrid Fixed Term Fund - Series 40 - Regular Plan - Regular Dividend;INF223JA1IX1;;9.5869;9.5869;9.5869;28-Dec-2015
135077;DWS Hybrid Fixed Term Fund - Series 41 - Direct Plan - Growth;INF223JA1KG2;;9.5416;9.5416;9.5416;28-Dec-2015
135078;DWS Hybrid Fixed Term Fund - Series 41 - Direct Plan - Quarterly Dividend;INF223JA1KE7;;9.5416;9.5416;9.5416;28-Dec-2015
135076;DWS Hybrid Fixed Term Fund - Series 41 - Direct Plan - Regular Dividend;INF223JA1KD9;;9.5416;9.5416;9.5416;28-Dec-2015
135083;DWS Hybrid Fixed Term Fund - Series 41 - Regular Plan - Annual Dividend;INF223JA1KB3;;9.4806;9.4806;9.4806;28-Dec-2015
135079;DWS Hybrid Fixed Term Fund - Series 41 - Regular Plan - Growth;INF223JA1KC1;;9.4806;9.4806;9.4806;28-Dec-2015
135080;DWS Hybrid Fixed Term Fund - Series 41 - Regular Plan - Quarterly Dividend;INF223JA1KA5;;9.4806;9.4806;9.4806;28-Dec-2015
135081;DWS Hybrid Fixed Term Fund - Series 41 - Regular Plan - Regular Dividend;INF223JA1JZ4;;9.4806;9.4806;9.4806;28-Dec-2015
116684;DWS Hybrid Fixed Term Fund - Series 5 - Dividend (Payout);INF223JA1AW0;;12.4015;12.4015;12.4015;28-Dec-2015
116683;DWS Hybrid Fixed Term Fund - Series 5 - Growth;INF223JA1AV2;;13.5986;13.5986;13.5986;28-Dec-2015
117134;DWS Hybrid Fixed Term Fund - Series 6 - Dividend (Payout);INF223JA1KI8;;14.1640;14.1640;14.1640;28-Dec-2015
117135;DWS Hybrid Fixed Term Fund - Series 6 - Growth;INF223JA1KH0;;15.1665;15.1665;15.1665;28-Dec-2015
117566;DWS Hybrid Fixed Term Fund - Series 7 - Annual Dividend (Payout);INF223JA1KX7;;13.5585;13.5585;13.5585;28-Dec-2015
117565;DWS Hybrid Fixed Term Fund - Series 7 - Dividend (Payout);INF223JA1KW9;;13.7885;13.7885;13.7885;28-Dec-2015
117568;DWS Hybrid Fixed Term Fund - Series 7 - Growth;INF223JA1KV1;;14.7578;14.7578;14.7578;28-Dec-2015
117567;DWS Hybrid Fixed Term Fund - Series 7 - Quarterly Dividend (Payout);INF223JA1KY5;;13.2946;13.2946;13.2946;28-Dec-2015
117817;DWS Hybrid Fixed Term Fund - Series 8 - Annual Dividend (Payout);INF223JA1KP3;;13.8235;13.8235;13.8235;28-Dec-2015
117818;DWS Hybrid Fixed Term Fund - Series 8 - Dividend (Payout);INF223JA1KO6;;13.8886;13.8886;13.8886;28-Dec-2015
117819;DWS Hybrid Fixed Term Fund - Series 8 - Growth;INF223JA1KN8;;14.8929;14.8929;14.8929;28-Dec-2015
117820;DWS Hybrid Fixed Term Fund - Series 8 - Quarterly Dividend (Payout);INF223JA1KQ1;;13.5434;13.5434;13.5434;28-Dec-2015
117885;DWS Hybrid Fixed Term Fund - Series 9 - Annual Dividend (Payout);INF223JA1KL2;;12.9964;12.9964;12.9964;28-Dec-2015
117884;DWS Hybrid Fixed Term Fund - Series 9 - Growth;INF223JA1KJ6;;14.0328;14.0328;14.0328;28-Dec-2015
117883;DWS Hybrid Fixed Term Fund - Series 9 - Quarterly Dividend (Payout);INF223JA1KM0;;12.7358;12.7358;12.7358;28-Dec-2015
117882;DWS Hybrid Fixed Term Fund - Series 9 - Regular Dividend (Payout);INF223JA1KK4;;12.9960;12.9960;12.9960;28-Dec-2015
122448;DWS Interval Fund - Annual Plan Series 1 (DIF 1)- Direct Plan-Growth;INF223J01UY8;;12.2726;12.2726;12.2726;28-Dec-2015
122452;DWS Interval Fund - Annual Plan Series 1 (DIF 1)- Regular Plan-Annual Dividend;INF223J01US0;;11.3004;11.3004;11.3004;28-Dec-2015
122451;DWS Interval Fund - Annual Plan Series 1 (DIF 1)- Regular Plan-Growth;INF223J01UT8;;12.2544;12.2544;12.2544;28-Dec-2015
122450;DWS Interval Fund - Annual Plan Series 1 (DIF 1)-Regular Plan-Quarterly Dividend;INF223J01UQ4;;11.3087;11.3087;11.3087;28-Dec-2015

DSP Mutual Fund
120817;DSP BlackRock Dual Advantage Fund - Series 11 - 36M - Direct Plan - Dividend Payout Option (Maturity Date 04-Apr-2016);INF740KA1223;;12.9499;12.9499;12.9499;28-Dec-2015
120816;DSP BlackRock Dual Advantage Fund - Series 11 - 36M - Direct Plan - Growth Option (Maturity Date 04-Apr-2016);INF740KA1215;;12.9499;12.9499;12.9499;28-Dec-2015
118865;DSP BlackRock Dual Advantage Fund - Series 11 - 36M - Regular Plan - Dividend Payout Option (Maturity Date 04-Apr-2016);INF740KA1207;;12.7479;12.7479;12.7479;28-Dec-2015
118864;DSP BlackRock Dual Advantage Fund - Series 11 - 36M - Regular Plan - Growth Option (Maturity Date 04-Apr-2016);INF740KA1199;;12.7479;12.7479;12.7479;28-Dec-2015
121093;DSP BlackRock Dual Advantage Fund - Series 13 - 35M - Direct Plan - Dividend Payout Option (Maturity Date 04-Apr-2016);INF740KA1264;;13.2378;13.2378;13.2378;28-Dec-2015
121094;DSP BlackRock Dual Advantage Fund - Series 13 - 35M - Direct Plan - Growth Option (Maturity Date 04-Apr-2016);INF740KA1256;;13.2378;13.2378;13.2378;28-Dec-2015
121091;DSP BlackRock Dual Advantage Fund - Series 13 - 35M - Regular Plan - Dividend Payout Option (Maturity Date 04-Apr-2016);INF740KA1249;;13.0374;13.0374;13.0374;28-Dec-2015
121092;DSP BlackRock Dual Advantage Fund - Series 13 - 35M - Regular Plan - Growth Option (Maturity Date 04-Apr-2016);INF740KA1231;;13.0374;13.0374;13.0374;28-Dec-2015
122160;DSP BlackRock Dual Advantage Fund - Series 14 - 33M - Direct Plan - Dividend Payout Option (Maturity Date 03-May-2016);INF740KA1306;;13.2240;13.2240;13.2240;28-Dec-2015
122162;DSP BlackRock Dual Advantage Fund - Series 14 - 33M - Direct Plan - Growth Option (Maturity Date 03-May-2016);INF740KA1298;;13.2240;13.2240;13.2240;28-Dec-2015
122161;DSP BlackRock Dual Advantage Fund - Series 14 - 33M - Regular Plan - Dividend Payout Option (Maturity Date 03-May-2016);INF740KA1280;;13.0489;13.0489;13.0489;28-Dec-2015
122159;DSP BlackRock Dual Advantage Fund - Series 14 - 33M - Regular Plan - Growth Option (Maturity Date 03-May-2016);INF740KA1272;;13.0489;13.0489;13.0489;28-Dec-2015
122488;DSP BlackRock Dual Advantage Fund - Series 15 - 36M - Direct Plan - Dividend Payout Option;INF740K01VI0;;12.7129;12.7129;12.7129;28-Dec-2015
122487;DSP BlackRock Dual Advantage Fund - Series 15 - 36M - Direct Plan - Growth Option;INF740K01VH2;;12.7129;12.7129;12.7129;28-Dec-2015
122490;DSP BlackRock Dual Advantage Fund - Series 15 - 36M - Regular Plan - Dividend Payout Option;INF740K01VG4;;12.5471;12.5471;12.5471;28-Dec-2015
122489;DSP BlackRock Dual Advantage Fund - Series 15 - 36M - Regular Plan - Growth Option;INF740K01VF6;;12.5471;12.5471;12.5471;28-Dec-2015
122698;DSP BlackRock Dual Advantage Fund - Series 16 - 36M - Direct Plan - Growth Option;INF740K01VL4;;13.1049;13.1049;13.1049;28-Dec-2015
122696;DSP BlackRock Dual Advantage Fund - Series 16 - 36M - Regular Plan - Dividend Payout Option;INF740K01VK6;;12.9431;12.9431;12.9431;28-Dec-2015
122695;DSP BlackRock Dual Advantage Fund - Series 16 - 36M - Regular Plan - Growth Option;INF740K01VJ8;;12.9431;12.9431;12.9431;28-Dec-2015
123286;DSP BlackRock Dual Advantage Fund - Series 17 - 35M - Direct Plan - Growth Option (Maturity Date 10-Oct-2016);INF740KA1751;;14.1023;14.1023;14.1023;28-Dec-2015
123285;DSP BlackRock Dual Advantage Fund - Series 17 - 35M - Regular Plan - Dividend Payout Option (Maturity Date 10-Oct-2016);INF740KA1744;;13.6754;13.6754;13.6754;28-Dec-2015
123284;DSP BlackRock Dual Advantage Fund - Series 17 - 35M - Regular Plan - Growth Option (Maturity Date 10-Oct-2016);INF740KA1736;;13.6754;13.6754;13.6754;28-Dec-2015
124119;DSP BlackRock Dual Advantage Fund - Series 18 - 34M - Direct Plan - Dividend Payout Option (Maturity Date 10-Oct-2016);INF740KA1801;;12.5849;12.5849;12.5849;28-Dec-2015
124118;DSP BlackRock Dual Advantage Fund - Series 18 - 34M - Direct Plan - Growth Option (Maturity Date 10-Oct-2016);INF740KA1793;;12.5849;12.5849;12.5849;28-Dec-2015
124117;DSP BlackRock Dual Advantage Fund - Series 18 - 34M - Regular Plan - Dividend Payout Option (Maturity Date 10-Oct-2016);INF740KA1785;;12.4461;12.4461;12.4461;28-Dec-2015
124116;DSP BlackRock Dual Advantage Fund - Series 18 - 34M - Regular Plan - Growth Option (Maturity Date 10-Oct-2016);INF740KA1777;;12.4461;12.4461;12.4461;28-Dec-2015
124915;DSP BlackRock Dual Advantage Fund - Series 19 - 36M - Direct Plan - Dividend Payout Option;INF740K01E22;;12.4166;12.4166;12.4166;28-Dec-2015
124914;DSP BlackRock Dual Advantage Fund - Series 19 - 36M - Direct Plan - Growth Option;INF740K01E14;;12.4166;12.4166;12.4166;28-Dec-2015
124913;DSP BlackRock Dual Advantage Fund - Series 19 - 36M - Regular Plan - Dividend Payout Option;INF740K01E06;;12.2845;12.2845;12.2845;28-Dec-2015
124912;DSP BlackRock Dual Advantage Fund - Series 19 - 36M - Regular Plan - Growth Option;INF740K01D98;;12.2845;12.2845;12.2845;28-Dec-2015
131182;DSP BlackRock Dual Advantage Fund - Series 29 - 40M - Direct Plan - Growth Option;INF740K016H3;;10.3779;10.3779;10.3779;28-Dec-2015
131180;DSP BlackRock Dual Advantage Fund - Series 29 - 40M - Regular Plan - Dividend Payout Option;INF740K015H5;;10.3135;10.3135;10.3135;28-Dec-2015
131179;DSP BlackRock Dual Advantage Fund - Series 29 - 40M - Regular Plan - Growth option;INF740K014H8;;10.3135;10.3135;10.3135;28-Dec-2015
133507;DSP BlackRock Dual Advantage Fund - Series 34 - 36M - Direct Plan - Dividend Payout Option;INF740K011N2;;9.5362;9.5362;9.5362;28-Dec-2015
133505;DSP BlackRock Dual Advantage Fund - Series 34 - 36M - Direct Plan - Growth Option;INF740K010N4;;9.5362;9.5362;9.5362;28-Dec-2015
133506;DSP BlackRock Dual Advantage Fund - Series 34 - 36M - Regular Plan - Dividend Payout Option;INF740K019M7;;9.4934;9.4934;9.4934;28-Dec-2015
133508;DSP BlackRock Dual Advantage Fund - Series 34 - 36M - Regular Plan - Growth Option;INF740K018M9;;9.4934;9.4934;9.4934;28-Dec-2015
133666;DSP BlackRock Dual Advantage Fund - Series 35 - 36M - Direct Plan - Dividend Payout Option;INF740K015N3;;9.4934;9.4934;9.4934;28-Dec-2015
133667;DSP BlackRock Dual Advantage Fund - Series 35 - 36M - Direct Plan - Growth Option;INF740K014N6;;9.4934;9.4934;9.4934;28-Dec-2015
133668;DSP BlackRock Dual Advantage Fund - Series 35 - 36M - Regular Plan - Dividend Payout Option;INF740K013N8;;9.4537;9.4537;9.4537;28-Dec-2015
133669;DSP BlackRock Dual Advantage Fund - Series 35 - 36M - Regular Plan - Growth Option;INF740K012N0;;9.4537;9.4537;9.4537;28-Dec-2015
133915;DSP BlackRock Dual Advantage Fund - Series 36 - 36M - Direct Plan - Dividend Payout Option;INF740K011P7;;9.5158;9.5158;9.5158;28-Dec-2015
133916;DSP BlackRock Dual Advantage Fund - Series 36 - 36M - Direct Plan - Growth Option;INF740K010P9;;9.5158;9.5158;9.5158;28-Dec-2015
133918;DSP BlackRock Dual Advantage Fund - Series 36 - 36M - Regular Plan - Dividend Payout Option;INF740K019O3;;9.4788;9.4788;9.4788;28-Dec-2015
133917;DSP BlackRock Dual Advantage Fund - Series 36 - 36M - Regular Plan - Growth Option;INF740K018O5;;9.4788;9.4788;9.4788;28-Dec-2015
135339;DSP  Dual Advantage Fund - Series 39 - 36M - Direct Plan - Dividend Payout Option;INF740K017Z3;;10.1348;10.1348;10.1348;28-Dec-2015
135340;DSP  Dual Advantage Fund - Series 39 - 36M - Direct Plan - Growth;INF740K016Z5;;10.1348;10.1348;10.1348;28-Dec-2015
135338;DSP  Dual Advantage Fund - Series 39 - 36M - Regular Plan - Dividend Payout Option;INF740K015Z7;;10.1222;10.1222;10.1222;28-Dec-2015
135337;DSP  Dual Advantage Fund - Series 39 - 36M - Regular Plan - Growth;INF740K014Z0;;10.1222;10.1222;10.1222;28-Dec-2015
122942;DSP BlackRock FMP - Series 104 -12M (July 2016 Maturity) - Direct Plan - Dividend Payout - Quarterly Payout;INF740K013A5;;11.3189;11.3189;11.3189;28-Dec-2015
122941;DSP BlackRock FMP - Series 104 -12M (July 2016 Maturity) - Direct Plan - Growth Option;INF740K011A9;;12.3801;12.3801;12.3801;28-Dec-2015
122940;DSP BlackRock FMP - Series 104 -12M (July 2016 Maturity) - Regular Plan - Dividend Payout - Regular Payout;INF740K01Z92;;11.3029;11.3029;11.3029;28-Dec-2015
122938;DSP BlackRock FMP - Series 104 -12M (July 2016 Maturity) - Regular Plan - Growth Option;INF740K01Z84;;12.3569;12.3569;12.3569;28-Dec-2015
123034;DSP BlackRock FMP - Series 105 -12M (Maturity Date 04-Aug-2016) - Direct Plan - Growth Option;INF740K017A6;;12.4343;12.4343;12.4343;28-Dec-2015
123031;DSP BlackRock FMP - Series 105 -12M (Maturity Date 04-Aug-2016) - Regular Plan - Growth Option;INF740K014A3;;12.4112;12.4112;12.4112;28-Dec-2015
123144;DSP BlackRock FMP - Series 107 -12M (Maturity Date 11-Aug-2016) - Direct Plan - Growth Option;INF740K013B3;;12.4250;12.4250;12.4250;28-Dec-2015
123149;DSP BlackRock FMP - Series 107 -12M (Maturity Date 11-Aug-2016) - Regular Plan - Dividend Payout - Regular Payout;INF740K011B7;;11.2814;11.2814;11.2814;28-Dec-2015
123148;DSP BlackRock FMP - Series 107 -12M (Maturity Date 11-Aug-2016) - Regular Plan - Growth Option;INF740K010B9;;12.4021;12.4021;12.4021;28-Dec-2015
123275;DSP BlackRock FMP - Series 108 -12M (Maturity Date 18-Aug-2016) - Direct Plan - Growth Option;INF740K015C6;;12.4395;12.4395;12.4395;28-Dec-2015
123274;DSP BlackRock FMP - Series 108 -12M (Maturity Date 18-Aug-2016) - Regular Plan - Dividend Payout - Quarterly Payout;INF740K014C9;;11.2582;11.2582;11.2582;28-Dec-2015
123278;DSP BlackRock FMP - Series 108 -12M (Maturity Date 18-Aug-2016) - Regular Plan - Dividend Payout - Regular Payout;INF740K013C1;;11.2580;11.2580;11.2580;28-Dec-2015
123273;DSP BlackRock FMP - Series 108 -12M (Maturity Date 18-Aug-2016) - Regular Plan - Growth Option;INF740K012C3;;12.4169;12.4169;12.4169;28-Dec-2015
123302;DSP BlackRock FMP - Series 109 -12M (Maturity Date 18-Aug-2016) - Direct Plan - Growth Option;INF740K019B0;;12.4430;12.4430;12.4430;28-Dec-2015
123301;DSP BlackRock FMP - Series 109 -12M (Maturity Date 18-Aug-2016) - Regular Plan - Dividend Payout - Regular Payout;INF740K017B4;;11.2485;11.2485;11.2485;28-Dec-2015
123299;DSP BlackRock FMP - Series 109 -12M (Maturity Date 18-Aug-2016) - Regular Plan - Growth Option;INF740K016B6;;12.3918;12.3918;12.3918;28-Dec-2015
123444;DSP BlackRock FMP - Series 110 -12M (Maturity Date 29-Aug-2014) - Regular Plan - Growth Option;INF740K012D1;;12.3858;12.3858;12.3858;28-Dec-2015
123446;DSP BlackRock FMP - Series 110 -12M (Maturity Date 29-Aug-2016) - Direct Plan - Growth Option;INF740K015D4;;12.4081;12.4081;12.4081;28-Dec-2015
123445;DSP BlackRock FMP - Series 110 -12M (Maturity Date 29-Aug-2016)- Regular Plan - Dividend Payout - Regular Payout;INF740K013D9;;11.2172;11.2172;11.2172;28-Dec-2015
123517;DSP BlackRock FMP - Series 111 -12M (Maturity Date 29-Sep-2016) - Direct Plan - Growth Option;INF740K011E1;;12.4098;12.4098;12.4098;28-Dec-2015
123516;DSP BlackRock FMP - Series 111 -12M (Maturity Date 29-Sep-2016) - Regular Plan - Dividend Payout - Quarterly Payout;INF740K010E3;;11.2115;11.2115;11.2115;28-Dec-2015
123520;DSP BlackRock FMP - Series 111 -12M (Maturity Date 29-Sep-2016) - Regular Plan - Dividend Payout - Regular Payout;INF740K019D6;;11.2115;11.2115;11.2115;28-Dec-2015
123519;DSP BlackRock FMP - Series 111 -12M (Maturity Date 29-Sep-2016) - Regular Plan - Growth Option;INF740K018D8;;12.3878;12.3878;12.3878;28-Dec-2015
123673;DSP BlackRock FMP - Series 113 -12M (Maturity Date 29-Sep-2016) - Direct Plan - Growth Option;INF740K017E8;;12.4155;12.4155;12.4155;28-Dec-2015
123675;DSP BlackRock FMP - Series 113 -12M (Maturity Date 29-Sep-2016) - Regular Plan - Dividend Payout - Quarterly Payout;INF740K01YF0;;11.1932;11.1932;11.1932;28-Dec-2015
123676;DSP BlackRock FMP - Series 113 -12M (Maturity Date 29-Sep-2016) - Regular Plan - Growth Option;INF740K01YD5;;12.3651;12.3651;12.3651;28-Dec-2015
124105;DSP BlackRock FMP - Series 115 -12M (Maturity Date 29-Sep-2016) - Direct Plan - Dividend Payout - Regular Payout;INF740K014F2;;11.1797;11.1797;11.1797;28-Dec-2015
124103;DSP BlackRock FMP - Series 115 -12M (Maturity Date 29-Sep-2016) - Direct Plan - Growth Option;INF740K013F4;;12.3132;12.3132;12.3132;28-Dec-2015
124101;DSP BlackRock FMP - Series 115 -12M (Maturity Date 29-Sep-2016) - Regular Plan - Dividend Payout - Quarterly Payout;INF740K012F6;;11.1655;11.1655;11.1655;28-Dec-2015
124100;DSP BlackRock FMP - Series 115 -12M (Maturity Date 29-Sep-2016) - Regular Plan - Growth Option;INF740K010F0;;12.2917;12.2917;12.2917;28-Dec-2015
124170;DSP BlackRock FMP - Series 117 -12M (Maturity Date 29-Sep-2016) - Direct Plan - Dividend Payout - Regular Payout;INF740K010G8;;11.1710;11.1710;11.1710;28-Dec-2015
124168;DSP BlackRock FMP - Series 117 -12M (Maturity Date 29-Sep-2016) - Direct Plan - Growth Option;INF740K019F1;;12.3182;12.3182;12.3182;28-Dec-2015
124167;DSP BlackRock FMP - Series 117 -12M (Maturity Date 29-Sep-2016) - Regular Plan - Dividend Payout - Quarterly Payout;INF740K018F3;;11.1568;11.1568;11.1568;28-Dec-2015
124171;DSP BlackRock FMP - Series 117 -12M (Maturity Date 29-Sep-2016) - Regular Plan - Dividend Payout - Regular Payout;INF740K017F5;;11.1568;11.1568;11.1568;28-Dec-2015
124166;DSP BlackRock FMP - Series 117 -12M (Maturity Date 29-Sep-2016) - Regular Plan - Growth Option;INF740K016F7;;12.2970;12.2970;12.2970;28-Dec-2015
124231;DSP BlackRock FMP - Series 118 -12M (Maturity Date 29-Sep-2016) - Direct Plan - Dividend Payout - Regular Payout;INF740K01A75;;11.1455;11.1455;11.1455;28-Dec-2015
124230;DSP BlackRock FMP - Series 118 -12M (Maturity Date 29-Sep-2016) - Direct Plan - Growth Option;INF740K01A67;;12.2161;12.2161;12.2161;28-Dec-2015
124232;DSP BlackRock FMP - Series 118 -12M (Maturity Date 29-Sep-2016) - Regular Plan - Dividend Payout - Regular Payout;INF740K01A42;;11.1315;11.1315;11.1315;28-Dec-2015
124227;DSP BlackRock FMP - Series 118 -12M (Maturity Date 29-Sep-2016) - Regular Plan - Growth Option;INF740K01A34;;12.1725;12.1725;12.1725;28-Dec-2015
124240;DSP BlackRock FMP - Series 119 -12M (Maturity Date 29-Sep-2016) - Direct Plan - Dividend Payout - Regular Payout;INF740K012H2;;11.1323;11.1323;11.1323;28-Dec-2015
124239;DSP BlackRock FMP - Series 119 -12M (Maturity Date 29-Sep-2016) - Direct Plan - Growth Option;INF740K011H4;;12.2100;12.2100;12.2100;28-Dec-2015
124236;DSP BlackRock FMP - Series 119 -12M (Maturity Date 29-Sep-2016) - Regular Plan - Dividend Payout - Quarterly Payout;INF740K010H6;;11.1185;11.1185;11.1185;28-Dec-2015
124235;DSP BlackRock FMP - Series 119 -12M (Maturity Date 29-Sep-2016) - Regular Plan - Growth Option;INF740K018G1;;12.1892;12.1892;12.1892;28-Dec-2015
125205;DSP BlackRock FMP - Series 126 -12M (Maturity Date 28-Nov-2016) - Direct Plan - Dividend Payout - Quarterly Payout;INF740K01F47;;10.8999;10.8999;10.8999;28-Dec-2015
125203;DSP BlackRock FMP - Series 126 -12M (Maturity Date 28-Nov-2016) - Direct Plan - Dividend Payout - Regular Payout;INF740K01F39;;10.8998;10.8998;10.8998;28-Dec-2015
125204;DSP BlackRock FMP - Series 126 -12M (Maturity Date 28-Nov-2016) - Direct Plan - Growth Option;INF740K01F21;;11.9053;11.9053;11.9053;28-Dec-2015
125207;DSP BlackRock FMP - Series 126 -12M (Maturity Date 28-Nov-2016) - Regular Plan - Dividend Payout - Quarterly Payout;INF740K01F13;;10.8881;10.8881;10.8881;28-Dec-2015
125202;DSP BlackRock FMP - Series 126 -12M (Maturity Date 28-Nov-2016) - Regular Plan - Dividend Payout - Regular Payout;INF740K01F05;;10.8912;10.8912;10.8912;28-Dec-2015
125206;DSP BlackRock FMP - Series 126 -12M (Maturity Date 28-Nov-2016) - Regular Plan - Growth Option;INF740K01E97;;11.8868;11.8868;11.8868;28-Dec-2015
125648;DSP FMP - Series 129 - 12M (Maturity Date 29-Dec-2016) - Direct Plan - Growth;INF740K013L2;;11.8467;11.8467;11.8467;28-Dec-2015
125645;DSP FMP - Series 129 - 12M (Maturity Date 29-Dec-2016) - Regular Plan - Growth;INF740K010L8;;11.8290;11.8290;11.8290;28-Dec-2015
128942;DSP BlackRock FMP - Series 161 - 12M (Maturity Date 27 April 2017) - Direct Plan - Dividend Payout - Quarterly Payout;INF740K013X7;;10.5515;10.5515;10.5515;28-Dec-2015
128945;DSP BlackRock FMP - Series 161 - 12M (Maturity Date 27 April 2017) - Direct Plan - Growth;INF740K011X1;;11.5461;11.5461;11.5461;28-Dec-2015
128947;DSP BlackRock FMP - Series 161 - 12M (Maturity Date 27 April 2017) - Regular Plan - Dividend Payout - Regular Payout;INF740K019W6;;10.5443;10.5443;10.5443;28-Dec-2015
128943;DSP BlackRock FMP - Series 161 - 12M (Maturity Date 27 April 2017) - Regular Plan - Growth;INF740K018X6;;11.5273;11.5273;11.5273;28-Dec-2015
126683;DSP BlackRock FMP - Series 144 - 12M (Maturity Date 20-Feb-2017) - Direct Plan - Growth;INF740K01L56;;11.8095;11.8095;11.8095;28-Dec-2015
126684;DSP BlackRock FMP - Series 144 - 12M (Maturity Date 20-Feb-2017) - Regular Plan - Growth;INF740K01L23;;11.7936;11.7936;11.7936;28-Dec-2015
127146;DSP BlackRock FMP - Series 146 - 12M (Maturity Date 06-Jun-2017)  - Regular Plan - Growth;INF740KA1AJ8;;11.7620;11.7620;11.7620;28-Dec-2015
127149;DSP BlackRock FMP - Series 146 - 12M (Maturity Date 6-Jun-2017) - Direct Plan - Growth;INF740KA1AM2;;11.7826;11.7826;11.7826;28-Dec-2015
127456;DSP BlackRock FMP - Series 148 - 12M (Maturity Date 06-Jun-2017) - Direct Plan - Growth;INF740KA1AS9;;11.7472;11.7472;11.7472;28-Dec-2015
127459;DSP BlackRock FMP - Series 148 - 12M (Maturity Date 06-Jun-2017) - Regular Plan - Growth;INF740KA1AP5;;11.7267;11.7267;11.7267;28-Dec-2015
127607;DSP BlackRock FMP - Series 149 - 12M (Maturity Date 19-Jun-2017) - Direct Plan - Growth;INF740KA1BE7;;11.7688;11.7688;11.7688;28-Dec-2015
127610;DSP BlackRock FMP - Series 149 - 12M (Maturity Date 19-Jun-2017) - Regular Plan - Growth;INF740KA1BB3;;11.7484;11.7484;11.7484;28-Dec-2015
127667;DSP BlackRock FMP - Series 150 - 13M - (Maturity Date 11 April 2017) - Direct Plan - Growth;INF740K017U4;;11.6898;11.6898;11.6898;28-Dec-2015
127664;DSP BlackRock FMP - Series 150 - 13M - (Maturity Date 11 April 2017) - Regular Plan - Dividend Payout - Regular Payout;INF740K015U8;;10.5708;10.5708;10.5708;28-Dec-2015
127665;DSP BlackRock FMP - Series 150 - 13M - (Maturity Date 11 April 2017) - Regular Plan - Growth;INF740K014U1;;11.6697;11.6697;11.6697;28-Dec-2015
127854;DSP BlackRock FMP - Series 151 - 12M (Maturity Date 19-Jun-2017) - Direct Plan - Dividend Payout - Regular Payout;INF740KA1BL2;;10.6882;10.6882;10.6882;28-Dec-2015
127855;DSP BlackRock FMP - Series 151 - 12M (Maturity Date 19-Jun-2017) - Direct Plan - Growth;INF740KA1BK4;;11.7266;11.7266;11.7266;28-Dec-2015
127858;DSP BlackRock FMP - Series 151 - 12M (Maturity Date 19-Jun-2017) - Regular Plan - Growth;INF740KA1BH0;;11.7066;11.7066;11.7066;28-Dec-2015
127988;DSP BlackRock FMP - Series 152 - 12.5M (Maturity Date 11 April 2017) - Direct Plan - Growth;INF740K013V1;;11.6435;11.6435;11.6435;28-Dec-2015
127987;DSP BlackRock FMP - Series 152 - 12.5M (Maturity Date 11 April 2017) - Regular Plan - Growth;INF740K010V7;;11.5784;11.5784;11.5784;28-Dec-2015
128106;DSP BlackRock FMP - Series 153 - 12M (Maturity Date 27-Jun-2017) - Direct Plan - Growth;INF740KA1BQ1;;11.6666;11.6666;11.6666;28-Dec-2015
128107;DSP BlackRock FMP - Series 153 - 12M (Maturity Date 27-Jun-2017) - Regular Plan - Dividend Payout - Quarterly Payout;INF740KA1BP3;;10.6483;10.6483;10.6483;28-Dec-2015
128108;DSP BlackRock FMP - Series 153 - 12M (Maturity Date 27-Jun-2017) - Regular Plan - Dividend Payout - Regular Payout;INF740KA1BO6;;10.6482;10.6482;10.6482;28-Dec-2015
128109;DSP BlackRock FMP - Series 153 - 12M (Maturity Date 27-Jun-2017) - Regular Plan - Growth;INF740KA1BN8;;11.6469;11.6469;11.6469;28-Dec-2015
128342;DSP BlackRock FMP - Series 154 - 12.5M (Maturity Date 11 April 2017)  - Direct Plan - Growth;INF740K018V0;;11.5904;11.5904;11.5904;28-Dec-2015
128345;DSP BlackRock FMP - Series 154 - 12.5M (Maturity Date 11 April 2017) - Regular Plan - Growth;INF740K011W3;;11.5709;11.5709;11.5709;28-Dec-2015
128376;DSP BlackRock FMP - Series 155 - 12M (Maturity Date 03-Apr-2017) - Direct Plan - Growth;INF740K017T6;;11.6211;11.6211;11.6211;28-Dec-2015
128378;DSP BlackRock FMP - Series 155 - 12M (Maturity Date 03-Apr-2017) - Regular Plan - Dividend Payout - Regular Payout;INF740K015T0;;10.6296;10.6296;10.6296;28-Dec-2015
128379;DSP BlackRock FMP - Series 155 - 12M (Maturity Date 03-Apr-2017) - Regular Plan - Growth;INF740K014T3;;11.6016;11.6016;11.6016;28-Dec-2015
128975;DSP BlackRock FMP - Series 162 - 12M (Maturity Date 27 April 2017) - Direct Plan - Growth;INF740K017X8;;11.5446;11.5446;11.5446;28-Dec-2015
128977;DSP BlackRock FMP - Series 162 - 12M (Maturity Date 27 April 2017) - Regular Plan - Dividend Payout - Regular Payout;INF740K015X2;;10.5453;10.5453;10.5453;28-Dec-2015
128978;DSP BlackRock FMP - Series 162 - 12M (Maturity Date 27 April 2017) - Regular Plan - Growth;INF740K014X5;;11.5258;11.5258;11.5258;28-Dec-2015
129001;DSP BlackRock FMP - Series 163 - 12M (Maturity Date 27 April 2017)  - Regular Plan - Dividend Payout - Regular Payout;INF740K013Y5;;10.5541;10.5541;10.5541;28-Dec-2015
128997;DSP BlackRock FMP - Series 163 - 12M (Maturity Date 27 April 2017) - Direct Plan - Dividend Payout - Quarterly Payout;INF740K017Y6;;10.5614;10.5614;10.5614;28-Dec-2015
128999;DSP BlackRock FMP - Series 163 - 12M (Maturity Date 27 April 2017) - Direct Plan - Growth;INF740K015Y0;;11.5488;11.5488;11.5488;28-Dec-2015
128996;DSP BlackRock FMP - Series 163 - 12M (Maturity Date 27 April 2017) - Regular Plan - Growth;INF740K012Y7;;11.5301;11.5301;11.5301;28-Dec-2015
129495;DSP BlackRock FMP - Series 164 - 12M (Maturity Date 16 May 2017) - Direct Plan - Dividend Payout - Regular Payout;INF740K012Z4;;10.4981;10.4981;10.4981;28-Dec-2015
129497;DSP BlackRock FMP - Series 164 - 12M (Maturity Date 16 May 2017) - Direct Plan - Growth;INF740K011Z6;;11.4830;11.4830;11.4830;28-Dec-2015
129496;DSP BlackRock FMP - Series 164 - 12M (Maturity Date 16 May 2017) - Regular Plan - Growth;INF740K018Y4;;11.4653;11.4653;11.4653;28-Dec-2015
123249;DSP BlackRock FTP - Series 31 - 36M - Direct Plan - Dividend Payout Option;INF740K01XK2;;12.6429;12.6429;12.6429;28-Dec-2015
123248;DSP BlackRock FTP - Series 31 - 36M - Direct Plan - Growth Option;INF740K01XJ4;;12.6429;12.6429;12.6429;28-Dec-2015
123247;DSP BlackRock FTP - Series 31 - 36M - Regular Plan - Dividend Payout Option;INF740K01XI6;;12.4955;12.4955;12.4955;28-Dec-2015
123250;DSP BlackRock FTP - Series 31 - 36M - Regular Plan - Growth Option;INF740K01XH8;;12.4955;12.4955;12.4955;28-Dec-2015
124114;DSP BlackRock FTP - Series 32 - 24M (Maturity Date 21 Sep 2016) - Direct Plan - Dividend Payout Option;INF740K01ZO9;;10.1669;10.1669;10.1669;28-Dec-2015
124113;DSP BlackRock FTP - Series 32 - 24M (Maturity Date 21 Sep 2016) - Direct Plan - Growth Option;INF740K01ZN1;;12.1773;12.1773;12.1773;28-Dec-2015
124115;DSP BlackRock FTP - Series 32 - 24M (Maturity Date 21 Sep 2016) - Regular Plan - Growth Option;INF740K01ZL5;;12.0440;12.0440;12.0440;28-Dec-2015
125416;DSP BlackRock FTP - Series 33 - 24M - Direct Plan - Dividend Payout Option ( Maturity Date 01-Dec-2016);INF740KA1124;;11.8790;11.8790;11.8790;28-Dec-2015
125415;DSP BlackRock FTP - Series 33 - 24M - Direct Plan - Growth Option (Maturity Date 01-Dec-2016);INF740KA1116;;11.9794;11.9794;11.9794;28-Dec-2015
125414;DSP BlackRock FTP - Series 33 - 24M - Regular Plan - Dividend Payout Option (Maturity Date 01-Dec-2016);INF740KA1108;;11.7639;11.7639;11.7639;28-Dec-2015
125413;DSP BlackRock FTP - Series 33 - 24M - Regular Plan - Growth Option (Maturity Date 01-Dec-2016);INF740KA1090;;11.8644;11.8644;11.8644;28-Dec-2015
126374;DSP BlackRock FTP - Series 36 - 15M  - (Maturity Date 27 April 2017)- Regular Plan - Growth Option;INF740K012W1;;11.7552;11.7552;11.7552;28-Dec-2015
126376;DSP BlackRock FTP - Series 36 - 15M - (Maturity Date 27 April 2017 ) - Direct Plan - Growth Option;INF740K019X4;;11.7900;11.7900;11.7900;28-Dec-2015
131268;DSP BlackRock FTP - Series 44 - 36M - Direct Plan - Dividend Payout Option;INF740K011I2;;11.3281;11.3281;11.3281;28-Dec-2015
131266;DSP BlackRock FTP - Series 44 - 36M - Direct Plan - Growth Option;INF740K010I4;;11.3281;11.3281;11.3281;28-Dec-2015
131267;DSP BlackRock FTP - Series 44 - 36M - Regular Plan - Dividend Payout Option;INF740K019H7;;11.2574;11.2574;11.2574;28-Dec-2015
131265;DSP BlackRock FTP - Series 44 - 36M - Regular Plan - Growth Option;INF740K018H9;;11.2574;11.2574;11.2574;28-Dec-2015
127001;DSP BlackRock FTP - Series 37 - 14M (Maturity Date 27 April 2017) - Direct Plan - Growth Option;INF740K017W0;;11.7689;11.7689;11.7689;28-Dec-2015
127004;DSP BlackRock FTP - Series 37 - 14M - (Maturity Date 27 April 2017) - Regular Plan - Growth Option;INF740K015W4;;11.7355;11.7355;11.7355;28-Dec-2015
127473;DSP BlackRock FTP - Series 38 - 25M - Direct Plan - Dividend Payout Option (Maturity Date 17-Apr-2017);INF740KA1603;;11.8354;11.8354;11.8354;28-Dec-2015
127472;DSP BlackRock FTP - Series 38 - 25M - Direct Plan - Growth Option (Maturity Date 17-Apr-2017);INF740KA1595;;11.8354;11.8354;11.8354;28-Dec-2015
127474;DSP BlackRock FTP - Series 38 - 25M - Regular Plan - Dividend Payout Option ( Maturity Date 17-Apr-2017);INF740KA1587;;11.7295;11.7295;11.7295;28-Dec-2015
127475;DSP BlackRock FTP - Series 38 - 25M - Regular Plan - Growth Option (Maturity Date 17-Apr-2017);INF740KA1579;;11.7295;11.7295;11.7295;28-Dec-2015

HDFC Mutual Fund
121545;HDFC Annual Interval Fund - Series I - Plan A-Direct Option-Dividend Option;INF179K01F13;INF179K01F21;10.6797;0.0000;0.0000;28-Dec-2015
121541;HDFC Annual Interval Fund - Series I - Plan A-Direct Option-Growth Option;INF179K01F05;;12.8285;0.0000;0.0000;28-Dec-2015
121537;HDFC Annual Interval Fund - Series I - Plan A-Regular Option-Dividend Option;INF179K01F62;INF179K01F70;10.6802;0.0000;0.0000;28-Dec-2015
121536;HDFC Annual Interval Fund - Series I - Plan A-Regular Option-Growth Option;INF179K01F54;;12.8101;0.0000;0.0000;28-Dec-2015
121553;HDFC Annual Interval Fund - Series I - Plan B-Direct Option-Dividend Option;INF179K01G12;INF179K01G20;10.6856;0.0000;0.0000;28-Dec-2015
121549;HDFC Annual Interval Fund - Series I - Plan B-Direct Option-Flexi Option;INF179K01G46;;11.6822;0.0000;0.0000;28-Dec-2015
121552;HDFC Annual Interval Fund - Series I - Plan B-Direct Option-Growth Option;INF179K01G04;;12.7543;0.0000;0.0000;28-Dec-2015
121554;HDFC Annual Interval Fund - Series I - Plan B-Direct Option-Quarterly Dividend Option;INF179K01G38;;10.2138;0.0000;0.0000;28-Dec-2015
121547;HDFC Annual Interval Fund - Series I - Plan B-Regular Option-Dividend Option;INF179K01G61;INF179K01G79;10.6614;0.0000;0.0000;28-Dec-2015
121546;HDFC Annual Interval Fund - Series I - Plan B-Regular Option-Growth Option;INF179K01G53;;12.7324;0.0000;0.0000;28-Dec-2015
123535;HDFC CPO - I - 36M August 2013 - Direct Option - Dividend Option;INF179K011D3;;12.4633;0.0000;0.0000;28-Dec-2015
123537;HDFC CPO - I - 36M August 2013 - Direct Option - Growth Option;INF179K010D5;;12.4633;0.0000;0.0000;28-Dec-2015
123536;HDFC CPO - I - 36M August 2013 - Regular Option - Dividend Option;INF179K013D9;;12.3153;0.0000;0.0000;28-Dec-2015
123534;HDFC CPO - I - 36M August 2013 - Regular Option - Growth Option;INF179K012D1;;12.3153;0.0000;0.0000;28-Dec-2015
125038;HDFC CPO - I - 36M October 2013 - Direct Option - Dividend Option;INF179K017Q2;;12.0969;0.0000;0.0000;28-Dec-2015
125037;HDFC CPO - I - 36M October 2013 - Direct Option - Growth Option;INF179K016Q4;;12.0969;0.0000;0.0000;28-Dec-2015
125036;HDFC CPO - I - 36M October 2013 - Regular Option - Dividend Option;INF179K019Q8;;11.9677;0.0000;0.0000;28-Dec-2015
125035;HDFC CPO - I - 36M October 2013 - Regular Option - Growth Option;INF179K018Q0;;11.9677;0.0000;0.0000;28-Dec-2015
124351;HDFC CPO - I - 36M September 2013 -  Direct Option - Dividend Option;INF179K013I8;;12.1129;0.0000;0.0000;28-Dec-2015
124350;HDFC CPO - I - 36M September 2013 - Direct Option - Growth Option;INF179K012I0;;12.1129;0.0000;0.0000;28-Dec-2015
124352;HDFC CPO - I - 36M September 2013 - Regular Option - Dividend Option;INF179K015I3;;11.9791;0.0000;0.0000;28-Dec-2015
124349;HDFC CPO - I - 36M September 2013 - Regular Option - Growth Option;INF179K014I6;;11.9791;0.0000;0.0000;28-Dec-2015
127379;HDFC CPO - II - 36M February 2014 - Direct Option - Dividend Option;INF179KA1DS3;;11.6561;0.0000;0.0000;28-Dec-2015
127380;HDFC CPO - II - 36M February 2014 - Direct Option - Growth Option;INF179KA1DR5;;11.6561;0.0000;0.0000;28-Dec-2015
127381;HDFC CPO - II - 36M February 2014 - Regular Option - Dividend Option;INF179KA1DU9;;11.5496;0.0000;0.0000;28-Dec-2015
127382;HDFC CPO - II - 36M February 2014 - Regular Option - Growth Option;INF179KA1DT1;;11.5496;0.0000;0.0000;28-Dec-2015
126439;HDFC CPO - II - 36M January 2014 - Direct Option - Dividend Option;INF179KA1645;;11.8678;0.0000;0.0000;28-Dec-2015
126440;HDFC CPO - II - 36M January 2014 - Direct Option - Growth Option;INF179KA1637;;11.8678;0.0000;0.0000;28-Dec-2015
126437;HDFC CPO - II - 36M January 2014 - Regular Option - Dividend Option;INF179KA1660;;11.7536;0.0000;0.0000;28-Dec-2015
126438;HDFC CPO - II - 36M January 2014 - Regular Option - Growth Option;INF179KA1652;;11.7536;0.0000;0.0000;28-Dec-2015
130262;HDFC CPO - II - 36M JUNE 2014-Direct Option-Dividend Option;INF179KA1RF0;;11.1062;0.0000;0.0000;28-Dec-2015
130260;HDFC CPO - II - 36M JUNE 2014-Direct Option-Growth Option;INF179KA1RE3;;11.1062;0.0000;0.0000;28-Dec-2015
130261;HDFC CPO - II - 36M JUNE 2014-Regular Option-Dividend Option;INF179KA1RH6;;11.0233;0.0000;0.0000;28-Dec-2015
130263;HDFC CPO - II - 36M JUNE 2014-Regular Option-Growth Option;INF179KA1RG8;;11.0233;0.0000;0.0000;28-Dec-2015
129816;HDFC CPO - II - 36M May 2014 - Direct Option - Dividend Option;INF179KA1OX0;;11.1152;0.0000;0.0000;28-Dec-2015
129814;HDFC CPO - II - 36M May 2014 - Direct Option - Growth Option;INF179KA1OW2;;11.1152;0.0000;0.0000;28-Dec-2015
129813;HDFC CPO - II - 36M May 2014 - Regular Option - Dividend Option;INF179KA1OZ5;;11.0300;0.0000;0.0000;28-Dec-2015
129815;HDFC CPO - II - 36M May 2014 - Regular Option - Growth Option;INF179KA1OY8;;11.0300;0.0000;0.0000;28-Dec-2015
133632;HDFC CPO - III - 1173D January 2015 - Direct Option - Dividend Option;INF179KA1W55;;10.4425;0.0000;0.0000;28-Dec-2015
133633;HDFC CPO - III - 1173D January 2015 - Direct Option - Growth Option;INF179KA1W48;;10.4425;0.0000;0.0000;28-Dec-2015
133635;HDFC CPO - III - 1173D January 2015 - Regular Option - Dividend Option;INF179KA1W71;;10.3969;0.0000;0.0000;28-Dec-2015
133634;HDFC CPO - III - 1173D January 2015 - Regular Option - Growth Option;INF179KA1W63;;10.3969;0.0000;0.0000;28-Dec-2015
133252;HDFC CPO - III - 1207D December 2014 - Direct Option - Dividend Option;INF179KA1L74;;10.5222;0.0000;0.0000;28-Dec-2015
133253;HDFC CPO - III - 1207D December 2014 - Direct Option - Growth Option;INF179KA1L66;;10.5222;0.0000;0.0000;28-Dec-2015
133254;HDFC CPO - III - 1207D December 2014 - Regular Option - Dividend Option;INF179KA1L90;;10.4685;0.0000;0.0000;28-Dec-2015
133255;HDFC CPO - III - 1207D December 2014 - Regular Option - Growth Option;INF179KA1L82;;10.4685;0.0000;0.0000;28-Dec-2015
131513;HDFC CPO-III-1100D October 2014-Direct Option-Dividend Option;INF179KA1ZV0;;10.6625;0.0000;0.0000;28-Dec-2015
131514;HDFC CPO-III-1100D October 2014-Direct Option-Growth Option;INF179KA1ZU2;;10.6625;0.0000;0.0000;28-Dec-2015
131515;HDFC CPO-III-1100D October 2014-Regular Option-Dividend Option;INF179KA1ZX6;;10.6004;0.0000;0.0000;28-Dec-2015
131516;HDFC CPO-III-1100D October 2014-Regular Option-Growth Option;INF179KA1ZW8;;10.6004;0.0000;0.0000;28-Dec-2015
135278;HDFC DAF - I - 1100D August 2015 - Direct Option - Dividend Option;INF179KB1HB9;;10.2426;0.0000;0.0000;28-Dec-2015
135281;HDFC DAF - I - 1100D August 2015 - Direct Option - Growth Option;INF179KB1HA1;;10.2426;0.0000;0.0000;28-Dec-2015
135279;HDFC DAF - I - 1100D August 2015 - Regular Option - Dividend Option;INF179KB1HD5;;10.1883;0.0000;0.0000;28-Dec-2015
135280;HDFC DAF - I - 1100D August 2015 - Regular Option - Growth Option;INF179KB1HC7;;10.1883;0.0000;0.0000;28-Dec-2015
127075;HDFC DEBT FUND FOR CANCER CURE 2014 - Direct Plan;INF179KB1E14;;10.3501;0.0000;0.0000;28-Dec-2015
127074;HDFC DEBT FUND FOR CANCER CURE 2014 - Regular Plan;INF179KB1E30;;10.3501;0.0000;0.0000;28-Dec-2015
123412;HDFC FMP 1001D August 2013 (1)-Direct Option-Dividend Option;INF179K016B6;;12.5451;0.0000;0.0000;28-Dec-2015
123414;HDFC FMP 1001D August 2013 (1)-Direct Option-Growth Option;INF179K015B8;;12.5451;0.0000;0.0000;28-Dec-2015
123415;HDFC FMP 1001D August 2013 (1)-Direct Option-Quarterly Dividend Option;INF179K017B4;;10.5220;0.0000;0.0000;28-Dec-2015
123410;HDFC FMP 1001D August 2013 (1)-Regular Option-Dividend Option;INF179K010C7;;12.4863;0.0000;0.0000;28-Dec-2015
123416;HDFC FMP 1001D August 2013 (1)-Regular Option-Flexi Option;INF179K018B2;;12.4863;0.0000;0.0000;28-Dec-2015
123409;HDFC FMP 1001D August 2013 (1)-Regular Option-Growth Option;INF179K019B0;;12.4863;0.0000;0.0000;28-Dec-2015
123411;HDFC FMP 1001D August 2013 (1)-Regular Option-Quarterly Dividend Option;INF179K011C5;;10.5167;0.0000;0.0000;28-Dec-2015
128737;HDFC FMP 1095D March 2014 (1) - Direct Option-Dividend Option;INF179KA1HU0;;11.9743;0.0000;0.0000;28-Dec-2015
128738;HDFC FMP 1095D March 2014 (1) - Direct Option-Growth Option;INF179KA1HT2;;11.9743;0.0000;0.0000;28-Dec-2015
128736;HDFC FMP 1095D March 2014 (1) - Direct Option-Quarterly Dividend Option;INF179KA1HV8;;10.3350;0.0000;0.0000;28-Dec-2015
128739;HDFC FMP 1095D March 2014 (1) - Regular Option-Dividend Option;INF179KA1HY2;;11.9324;0.0000;0.0000;28-Dec-2015
128740;HDFC FMP 1095D March 2014 (1) - Regular Option-Flexi Option;INF179KA1IA0;;11.9324;0.0000;0.0000;28-Dec-2015
128741;HDFC FMP 1095D March 2014 (1) - Regular Option-Growth Option;INF179KA1HX4;;11.9324;0.0000;0.0000;28-Dec-2015
128742;HDFC FMP 1095D March 2014 (1) - Regular Option-Quarterly Dividend Option;INF179KA1HZ9;;10.3292;0.0000;0.0000;28-Dec-2015
131189;HDFC FMP 1099D August 2014 (1) - Direct Option - Dividend Option;INF179KA1WT1;;11.3758;0.0000;0.0000;28-Dec-2015
131184;HDFC FMP 1099D August 2014 (1) - Direct Option - Growth Option;INF179KA1WS3;;11.3758;0.0000;0.0000;28-Dec-2015
131187;HDFC FMP 1099D August 2014 (1) - Direct Option - Quarterly Dividend Option;INF179KA1WU9;;10.3600;0.0000;0.0000;28-Dec-2015
131188;HDFC FMP 1099D August 2014 (1) - Regular Option - Dividend Option;INF179KA1WX3;;11.3311;0.0000;0.0000;28-Dec-2015
131190;HDFC FMP 1099D August 2014 (1) - Regular Option - Flexi Option;INF179KA1WZ8;;11.3311;0.0000;0.0000;28-Dec-2015
131185;HDFC FMP 1099D August 2014 (1) - Regular Option - Growth Option;INF179KA1WW5;;11.3311;0.0000;0.0000;28-Dec-2015
131186;HDFC FMP 1099D August 2014 (1) - Regular Option - Quarterly Dividend Option;INF179KA1WY1;;10.3529;0.0000;0.0000;28-Dec-2015
129167;HDFC FMP 1100D April 2014 (1)-Direct Option-Dividend Option;INF179KA1LL1;;11.7648;0.0000;0.0000;28-Dec-2015
129168;HDFC FMP 1100D April 2014 (1)-Direct Option-Flexi Option;INF179KA1LN7;;11.7648;0.0000;0.0000;28-Dec-2015
129169;HDFC FMP 1100D April 2014 (1)-Direct Option-Growth Option;INF179KA1LK3;;11.7648;0.0000;0.0000;28-Dec-2015
129170;HDFC FMP 1100D April 2014 (1)-Direct Option-Quarterly Dividend Option;INF179KA1LM9;;10.3231;0.0000;0.0000;28-Dec-2015
129171;HDFC FMP 1100D April 2014 (1)-Regular Option-Dividend Option;INF179KA1LP2;;11.6631;0.0000;0.0000;28-Dec-2015
129172;HDFC FMP 1100D April 2014 (1)-Regular Option-Flexi Option;INF179KA1LR8;;11.6631;0.0000;0.0000;28-Dec-2015
129173;HDFC FMP 1100D April 2014 (1)-Regular Option-Growth Option;INF179KA1LO5;;11.6631;0.0000;0.0000;28-Dec-2015
129174;HDFC FMP 1100D April 2014 (1)-Regular Option-Quarterly Dividend Option;INF179KA1LQ0;;10.3103;0.0000;0.0000;28-Dec-2015
135530;HDFC FMP 1105D October 2015 (1)-Direct Option-Dividend Option;INF179KB1JE9;;10.0886;0.0000;0.0000;28-Dec-2015
135531;HDFC FMP 1105D October 2015 (1)-Direct Option-Growth Option;INF179KB1JD1;;10.0886;0.0000;0.0000;28-Dec-2015
135532;HDFC FMP 1105D October 2015 (1)-Direct Option-Quarterly Dividend Option;INF179KB1JF6;;10.0886;0.0000;0.0000;28-Dec-2015
135533;HDFC FMP 1105D October 2015 (1)-Regular Option-Dividend Option;INF179KB1JH2;;10.0721;0.0000;0.0000;28-Dec-2015
135534;HDFC FMP 1105D October 2015 (1)-Regular Option-Growth Option;INF179KB1JG4;;10.0721;0.0000;0.0000;28-Dec-2015
135535;HDFC FMP 1105D October 2015 (1)-Regular Option-Quarterly Dividend Option;INF179KB1JI0;;10.0721;0.0000;0.0000;28-Dec-2015
134603;HDFC FMP 1106D May 2015 (1)- Direct Option-Dividend Option;INF179KB1362;;10.4948;0.0000;0.0000;28-Dec-2015
134608;HDFC FMP 1106D May 2015 (1)-Direct Option-Flexi Option;INF179KB1370;;10.4948;0.0000;0.0000;28-Dec-2015
134607;HDFC FMP 1106D May 2015 (1)-Direct Option-Growth Option;INF179KB1354;;10.4948;0.0000;0.0000;28-Dec-2015
134609;HDFC FMP 1106D May 2015 (1)-Direct Option-Quarterly Dividend Option;INF179KB1420;;10.2245;0.0000;0.0000;28-Dec-2015
134604;HDFC FMP 1106D May 2015 (1)-Regular Option-Dividend Option;INF179KB1396;;10.4757;0.0000;0.0000;28-Dec-2015
134610;HDFC FMP 1106D May 2015 (1)-Regular Option-Flexi Option;INF179KB1412;;10.4757;0.0000;0.0000;28-Dec-2015
134605;HDFC FMP 1106D May 2015 (1)-Regular Option-Growth Option;INF179KB1388;;10.4757;0.0000;0.0000;28-Dec-2015
134606;HDFC FMP 1106D May 2015 (1)-Regular Option-Quarterly Dividend Option;INF179KB1404;;10.2169;0.0000;0.0000;28-Dec-2015
133371;HDFC FMP 1107D December 2014 (1) - Direct Option - Dividend Option;INF179KA1O55;;10.8764;0.0000;0.0000;28-Dec-2015
133374;HDFC FMP 1107D December 2014 (1) - Direct Option - Quarterly Dividend Option;INF179KA1O63;;10.2303;0.0000;0.0000;28-Dec-2015
133375;HDFC FMP 1107D December 2014 (1) - Regular Option - Dividend Option;INF179KA1O97;;10.8445;0.0000;0.0000;28-Dec-2015
133376;HDFC FMP 1107D December 2014 (1) - Regular Option - Flexi Option;INF179KA1P13;;10.8445;0.0000;0.0000;28-Dec-2015
133377;HDFC FMP 1107D December 2014 (1) - Regular Option - Growth Option;INF179KA1O89;;10.8445;0.0000;0.0000;28-Dec-2015
133378;HDFC FMP 1107D December 2014 (1) - Regular Option - Quarterly Dividend Option;INF179KA1P05;;10.2227;0.0000;0.0000;28-Dec-2015
133373;HDFC FMP 1107D December 2014 (1) -Direct Option - Growth Option;INF179KA1O48;;10.8764;0.0000;0.0000;28-Dec-2015
122587;HDFC FMP 1107D May 2013 (1)-Direct Option-Dividend Option;INF179K01R84;;12.4261;0.0000;0.0000;28-Dec-2015
122589;HDFC FMP 1107D May 2013 (1)-Direct Option-Flexi Option;INF179K01R68;;12.4261;0.0000;0.0000;28-Dec-2015
122586;HDFC FMP 1107D May 2013 (1)-Direct Option-Growth Option;INF179K01R76;;12.4261;0.0000;0.0000;28-Dec-2015
122588;HDFC FMP 1107D May 2013 (1)-Direct Option-Quarterly Dividend Option;INF179K01R92;;10.2020;0.0000;0.0000;28-Dec-2015
122583;HDFC FMP 1107D May 2013 (1)-Regular Option-Dividend Option;INF179K01S26;;12.3617;0.0000;0.0000;28-Dec-2015
122584;HDFC FMP 1107D May 2013 (1)-Regular Option-Flexi Option;INF179K01S00;;12.3617;0.0000;0.0000;28-Dec-2015
122582;HDFC FMP 1107D May 2013 (1)-Regular Option-Growth Option;INF179K01S18;;12.3617;0.0000;0.0000;28-Dec-2015
122585;HDFC FMP 1107D May 2013 (1)-Regular Option-Quarterly Dividend Option;INF179K01S34;;10.1969;0.0000;0.0000;28-Dec-2015
132930;HDFC FMP 1107D October 2014 (1)-Direct Option-Dividend Option;INF179KA1F15;;11.0334;0.0000;0.0000;28-Dec-2015
132927;HDFC FMP 1107D October 2014 (1)-Direct Option-Growth Option;INF179KA1F07;;11.0334;0.0000;0.0000;28-Dec-2015
132928;HDFC FMP 1107D October 2014 (1)-Direct Option-Quarterly Dividend Option;INF179KA1F23;;10.2320;0.0000;0.0000;28-Dec-2015
132926;HDFC FMP 1107D October 2014 (1)-Regular Option-Dividend Option;INF179KA1F56;;10.9961;0.0000;0.0000;28-Dec-2015
132932;HDFC FMP 1107D October 2014 (1)-Regular Option-Flexi Option;INF179KA1F72;;10.9961;0.0000;0.0000;28-Dec-2015
132925;HDFC FMP 1107D October 2014 (1)-Regular Option-Growth Option;INF179KA1F49;;10.9961;0.0000;0.0000;28-Dec-2015
132931;HDFC FMP 1107D October 2014 (1)-Regular Option-Quarterly Dividend Option;INF179KA1F64;;10.2245;0.0000;0.0000;28-Dec-2015
135413;HDFC FMP 1108D September 2015 (1)-Direct Option-Dividend Option;INF179KB1IK8;;10.2054;0.0000;0.0000;28-Dec-2015
135410;HDFC FMP 1108D September 2015 (1)-Direct Option-Growth Option;INF179KB1IJ0;;10.2054;0.0000;0.0000;28-Dec-2015
135412;HDFC FMP 1108D September 2015 (1)-Direct Option-Quarterly Dividend Option;INF179KB1IL6;;10.2054;0.0000;0.0000;28-Dec-2015
135408;HDFC FMP 1108D September 2015 (1)-Regular Option - Dividend Option;INF179KB1IN2;;10.1838;0.0000;0.0000;28-Dec-2015
135409;HDFC FMP 1108D September 2015 (1)-Regular Option-Growth Option;INF179KB1IM4;;10.1838;0.0000;0.0000;28-Dec-2015
135411;HDFC FMP 1108D September 2015 (1)-Regular Option-Quarterly Dividend Option;INF179KB1IO0;;10.1838;0.0000;0.0000;28-Dec-2015
133193;HDFC FMP 1111D November 2014 (1) - Direct Option - Dividend Option;INF179KA1J86;;10.8947;0.0000;0.0000;28-Dec-2015
133188;HDFC FMP 1111D November 2014 (1) - Direct Option - Growth Option;INF179KA1J78;;10.8947;0.0000;0.0000;28-Dec-2015
133189;HDFC FMP 1111D November 2014 (1) - Direct Option - Quarterly Dividend Option;INF179KA1J94;;10.2036;0.0000;0.0000;28-Dec-2015
133190;HDFC FMP 1111D November 2014 (1) - Regular Option - Dividend Option;INF179KA1K26;;10.8599;0.0000;0.0000;28-Dec-2015
133191;HDFC FMP 1111D November 2014 (1) - Regular Option - Flexi Option;INF179KA1K42;;10.8599;0.0000;0.0000;28-Dec-2015
133194;HDFC FMP 1111D November 2014 (1) - Regular Option - Growth Option;INF179KA1K18;;10.8599;0.0000;0.0000;28-Dec-2015
133192;HDFC FMP 1111D November 2014 (1) - Regular Option - Quarterly Dividend Option;INF179KA1K34;;10.1959;0.0000;0.0000;28-Dec-2015
135844;HDFC FMP 1111D November 2015 (1) - Direct Option - Dividend Option;INF179KB1KJ6;;10.0189;0.0000;0.0000;28-Dec-2015
135839;HDFC FMP 1111D November 2015 (1) - Direct Option - Growth Option;INF179KB1KK4;;10.0189;0.0000;0.0000;28-Dec-2015
135840;HDFC FMP 1111D November 2015 (1) - Direct Option - Quarterly Dividend Option;INF179KB1KL2;;10.0189;0.0000;0.0000;28-Dec-2015
135842;HDFC FMP 1111D November 2015 (1) - Regular Option - Dividend Option;INF179KB1KN8;;10.0132;0.0000;0.0000;28-Dec-2015
135841;HDFC FMP 1111D November 2015 (1) - Regular Option - Growth Option;INF179KB1KM0;;10.0132;0.0000;0.0000;28-Dec-2015
135843;HDFC FMP 1111D November 2015 (1) - Regular Option - Quarterly Dividend Option;INF179KB1KO6;;10.0132;0.0000;0.0000;28-Dec-2015
134938;HDFC FMP 1112D June 2015 (1)-Direct Option-Flexi Option;INF179KB1FB3;;10.4342;0.0000;0.0000;28-Dec-2015
134935;HDFC FMP 1112D June 2015 (1)-Direct Option-Growth Option;INF179KB1EY8;;10.4342;0.0000;0.0000;28-Dec-2015
134939;HDFC FMP 1112D June 2015 (1)-Direct Option-Normal Dividend Option;INF179KB1EZ5;;10.4342;0.0000;0.0000;28-Dec-2015
134940;HDFC FMP 1112D June 2015 (1)-Direct Option-Quarterly Dividend Option;INF179KB1FA5;;10.2283;0.0000;0.0000;28-Dec-2015
134934;HDFC FMP 1112D June 2015 (1)-Regular Option-Flexi Option;INF179KB1FF4;;10.4188;0.0000;0.0000;28-Dec-2015
134936;HDFC FMP 1112D June 2015 (1)-Regular Option-Growth Option;INF179KB1FC1;;10.4188;0.0000;0.0000;28-Dec-2015
134941;HDFC FMP 1112D June 2015 (1)-Regular Option-Normal Dividend Option;INF179KB1FD9;;10.4188;0.0000;0.0000;28-Dec-2015
134937;HDFC FMP 1112D June 2015 (1)-Regular Option-Quarterly Dividend Option;INF179KB1FE7;;10.2206;0.0000;0.0000;28-Dec-2015
131038;HDFC FMP 1113D August 2014 (1) - Direct Option - Dividend Option;INF179KA1VV9;;11.3932;0.0000;0.0000;28-Dec-2015
131037;HDFC FMP 1113D August 2014 (1) - Direct Option - Growth Option;INF179KA1VU1;;11.3932;0.0000;0.0000;28-Dec-2015
131039;HDFC FMP 1113D August 2014 (1) - Direct Option - Quarterly Dividend Option;INF179KA1VW7;;10.3491;0.0000;0.0000;28-Dec-2015
131040;HDFC FMP 1113D August 2014 (1) - Regular Option - Dividend Option;INF179KA1VZ0;;11.3475;0.0000;0.0000;28-Dec-2015
131041;HDFC FMP 1113D August 2014 (1) - Regular Option - Flexi Option;INF179KA1WB9;;11.3475;0.0000;0.0000;28-Dec-2015
131042;HDFC FMP 1113D August 2014 (1) - Regular Option - Growth Option;INF179KA1VY3;;11.3475;0.0000;0.0000;28-Dec-2015
131035;HDFC FMP 1113D August 2014 (1) - Regular Option - Quarterly Dividend Option;INF179KA1WA1;;10.3413;0.0000;0.0000;28-Dec-2015
133084;HDFC FMP 1113D November 2014 (1) - Direct Option - Dividend Option;INF179KA1H88;;10.9793;0.0000;0.0000;28-Dec-2015
133085;HDFC FMP 1113D November 2014 (1) - Direct Option - Flexi Option;INF179KA1I04;;10.9793;0.0000;0.0000;28-Dec-2015
133086;HDFC FMP 1113D November 2014 (1) - Direct Option - Growth Option;INF179KA1H70;;10.9793;0.0000;0.0000;28-Dec-2015
133087;HDFC FMP 1113D November 2014 (1) - Direct Option - Quarterly Dividend Option;INF179KA1H96;;10.2280;0.0000;0.0000;28-Dec-2015
133080;HDFC FMP 1113D November 2014 (1) - Regular Option - Dividend Option;INF179KA1I20;;10.9436;0.0000;0.0000;28-Dec-2015
133081;HDFC FMP 1113D November 2014 (1) - Regular Option - Flexi Option;INF179KA1I46;;10.9436;0.0000;0.0000;28-Dec-2015
133082;HDFC FMP 1113D November 2014 (1) - Regular Option - Growth Option;INF179KA1I12;;10.9436;0.0000;0.0000;28-Dec-2015
133083;HDFC FMP 1113D November 2014 (1) - Regular Option - Quarterly Dividend Option;INF179KA1I38;;10.2203;0.0000;0.0000;28-Dec-2015
132795;HDFC FMP 1113D October 2014 (1)-Direct Option-Dividend Option;INF179KA1A77;;11.1326;0.0000;0.0000;28-Dec-2015
132788;HDFC FMP 1113D October 2014 (1)-Direct Option-Growth Option;INF179KA1A69;;11.1326;0.0000;0.0000;28-Dec-2015
132789;HDFC FMP 1113D October 2014 (1)-Direct Option-Quarterly Dividend Option;INF179KA1A85;;10.2814;0.0000;0.0000;28-Dec-2015
132792;HDFC FMP 1113D October 2014 (1)-Regular Option-Dividend Option;INF179KA1B19;;11.0932;0.0000;0.0000;28-Dec-2015
132794;HDFC FMP 1113D October 2014 (1)-Regular Option-Flexi Option;INF179KA1B35;;11.0932;0.0000;0.0000;28-Dec-2015
132791;HDFC FMP 1113D October 2014 (1)-Regular Option-Growth Option;INF179KA1B01;;11.0932;0.0000;0.0000;28-Dec-2015
132793;HDFC FMP 1113D October 2014 (1)-Regular Option-Quarterly Dividend Option;INF179KA1B27;;10.2737;0.0000;0.0000;28-Dec-2015
133466;HDFC FMP 1115D JANUARY 2015(1) - DIRECT OPTION - DIVIDEND OPTION;INF179KA1R37;;10.8090;0.0000;0.0000;28-Dec-2015
133460;HDFC FMP 1115D JANUARY 2015(1) - DIRECT OPTION - GROWTH OPTION;INF179KA1R29;;10.8090;0.0000;0.0000;28-Dec-2015
133461;HDFC FMP 1115D JANUARY 2015(1) - DIRECT OPTION - QUARTERLY DIVIDEND OPTION;INF179KA1R45;;10.2143;0.0000;0.0000;28-Dec-2015
133462;HDFC FMP 1115D JANUARY 2015(1) - REGULAR OPTION - DIVIDEND OPTION;INF179KA1R78;;10.7781;0.0000;0.0000;28-Dec-2015
133463;HDFC FMP 1115D JANUARY 2015(1) - REGULAR OPTION - FLEXI OPTION;INF179KA1R94;;10.7781;0.0000;0.0000;28-Dec-2015
133464;HDFC FMP 1115D JANUARY 2015(1) - REGULAR OPTION - GROWTH OPTION;INF179KA1R60;;10.7781;0.0000;0.0000;28-Dec-2015
133465;HDFC FMP 1115D JANUARY 2015(1) - REGULAR OPTION - QUARTERLY DIVIDEND OPTION;INF179KA1R86;;10.2067;0.0000;0.0000;28-Dec-2015
134380;HDFC FMP 1115D March 2015 (1)-Direct Option-Dividend Option;INF179KA19N7;;10.5512;0.0000;0.0000;28-Dec-2015
134377;HDFC FMP 1115D March 2015 (1)-Direct Option-Flexi Option;INF179KA11O2;;10.5512;0.0000;0.0000;28-Dec-2015
134381;HDFC FMP 1115D March 2015 (1)-Direct Option-Growth Option;INF179KA18N9;;10.5512;0.0000;0.0000;28-Dec-2015
134379;HDFC FMP 1115D March 2015 (1)-Direct Option-Quarterly Dividend Option;INF179KA10O4;;10.2095;0.0000;0.0000;28-Dec-2015
134375;HDFC FMP 1115D March 2015 (1)-Regular Option-Dividend Option;INF179KA13O8;;10.5284;0.0000;0.0000;28-Dec-2015
134378;HDFC FMP 1115D March 2015 (1)-Regular Option-Flexi Option;INF179KA15O3;;10.5284;0.0000;0.0000;28-Dec-2015
134376;HDFC FMP 1115D March 2015 (1)-Regular Option-Growth Option;INF179KA12O0;;10.5284;0.0000;0.0000;28-Dec-2015
134382;HDFC FMP 1115D March 2015 (1)-Regular Option-Quarterly Dividend Option;INF179KA14O6;;10.2020;0.0000;0.0000;28-Dec-2015
130844;HDFC FMP 1116D JULY 2014(1) - Direct Option - Dividend Option;INF179KA1UH0;;11.4312;0.0000;0.0000;28-Dec-2015
130843;HDFC FMP 1116D JULY 2014(1) - Direct Option - Flexi Option;INF179KA1UJ6;;11.4312;0.0000;0.0000;28-Dec-2015
130838;HDFC FMP 1116D JULY 2014(1) - Direct Option - Growth Option;INF179KA1UG2;;11.4312;0.0000;0.0000;28-Dec-2015
130839;HDFC FMP 1116D JULY 2014(1) - Direct Option - Quarterly Dividend Option;INF179KA1UI8;;10.3421;0.0000;0.0000;28-Dec-2015
130840;HDFC FMP 1116D JULY 2014(1) - Regular Option - Dividend Option;INF179KA1UL2;;11.3840;0.0000;0.0000;28-Dec-2015
130841;HDFC FMP 1116D JULY 2014(1) - Regular Option - Flexi Option;INF179KA1UN8;;11.3840;0.0000;0.0000;28-Dec-2015
130845;HDFC FMP 1116D JULY 2014(1) - Regular Option - Growth Option;INF179KA1UK4;;11.3840;0.0000;0.0000;28-Dec-2015
130842;HDFC FMP 1116D JULY 2014(1) - Regular Option - Quarterly Dividend Option;INF179KA1UM0;;10.3343;0.0000;0.0000;28-Dec-2015
130802;HDFC FMP 1123D July 2014 (1) - Direct Option - Dividend Option;INF179KA1TZ4;;11.4551;0.0000;0.0000;28-Dec-2015
130800;HDFC FMP 1123D July 2014 (1) - Direct Option - Growth Option;INF179KA1TY7;;11.4551;0.0000;0.0000;28-Dec-2015
130801;HDFC FMP 1123D July 2014 (1) - Direct Option - Quarterly Dividend Option;INF179KA1UA5;;10.3460;0.0000;0.0000;28-Dec-2015
130795;HDFC FMP 1123D July 2014 (1) - Regular Option - Dividend Option;INF179KA1UD9;;11.4072;0.0000;0.0000;28-Dec-2015
130796;HDFC FMP 1123D July 2014 (1) - Regular Option - Flexi Option;INF179KA1UF4;;11.4072;0.0000;0.0000;28-Dec-2015
130797;HDFC FMP 1123D July 2014 (1) - Regular Option - Growth Option;INF179KA1UC1;;11.4072;0.0000;0.0000;28-Dec-2015
130798;HDFC FMP 1123D July 2014 (1) - Regular Option - Quarterly Dividend Option;INF179KA1UE7;;10.3389;0.0000;0.0000;28-Dec-2015
131522;HDFC FMP 1125D SEPTEMBER 2014 (1) - Direct Option - Dividend Option;INF179KA1ZN7;;11.2170;0.0000;0.0000;28-Dec-2015
131521;HDFC FMP 1125D SEPTEMBER 2014 (1) - Direct Option - Growth Option;INF179KA1ZM9;;11.2170;0.0000;0.0000;28-Dec-2015
131523;HDFC FMP 1125D SEPTEMBER 2014 (1) - Direct Option - Quarterly Dividend Option;INF179KA1ZO5;;10.3197;0.0000;0.0000;28-Dec-2015
131519;HDFC FMP 1125D SEPTEMBER 2014 (1) - Regular Option - Dividend Option;INF179KA1ZR8;;11.1761;0.0000;0.0000;28-Dec-2015
131520;HDFC FMP 1125D SEPTEMBER 2014 (1) - Regular Option - Flexi Option;INF179KA1ZT4;;11.1761;0.0000;0.0000;28-Dec-2015
131518;HDFC FMP 1125D SEPTEMBER 2014 (1) - Regular Option - Growth Option;INF179KA1ZQ0;;11.1761;0.0000;0.0000;28-Dec-2015
131524;HDFC FMP 1125D SEPTEMBER 2014 (1) - Regular Option - Quarterly Dividend Option;INF179KA1ZS6;;10.3120;0.0000;0.0000;28-Dec-2015
135096;HDFC FMP 1126D July 2015 (1) - Direct Option - Dividend Option;INF179KB1FX7;;10.3484;0.0000;0.0000;28-Dec-2015
135097;HDFC FMP 1126D July 2015 (1) - Direct Option - Growth Option;INF179KB1FW9;;10.3484;0.0000;0.0000;28-Dec-2015
135098;HDFC FMP 1126D July 2015 (1) - Regular Option - Dividend Option;INF179KB1GB1;;10.3119;0.0000;0.0000;28-Dec-2015
135099;HDFC FMP 1126D July 2015 (1) - Regular Option - Growth Option;INF179KB1GA3;;10.3119;0.0000;0.0000;28-Dec-2015
135100;HDFC FMP 1126D July 2015 (1) - Regular Option - Quarterly Dividend Option;INF179KB1GC9;;10.3119;0.0000;0.0000;28-Dec-2015
128800;HDFC FMP 1127D March 2014 (1) - Direct Option-Dividend Option;INF179KA1JG5;;12.2086;0.0000;0.0000;28-Dec-2015
128802;HDFC FMP 1127D March 2014 (1) - Direct Option-Growth Option;INF179KA1JF7;;12.2086;0.0000;0.0000;28-Dec-2015
128803;HDFC FMP 1127D March 2014 (1) - Direct Option-Quarterly Dividend Option;INF179KA1JH3;;10.3997;0.0000;0.0000;28-Dec-2015
128804;HDFC FMP 1127D March 2014 (1) - Regular Option-Dividend Option;INF179KA1JK7;;12.1546;0.0000;0.0000;28-Dec-2015
128805;HDFC FMP 1127D March 2014 (1) - Regular Option-Flexi Option;INF179KA1JM3;;12.1546;0.0000;0.0000;28-Dec-2015
128806;HDFC FMP 1127D March 2014 (1) - Regular Option-Growth Option;INF179KA1JJ9;;12.1546;0.0000;0.0000;28-Dec-2015
128807;HDFC FMP 1127D March 2014 (1) - Regular Option-Quarterly Dividend Option;INF179KA1JL5;;10.3932;0.0000;0.0000;28-Dec-2015
134755;HDFC FMP 1127D May 2015 (1) - Direct Option - Dividend Option;INF179KB1DE2;;10.4317;0.0000;0.0000;28-Dec-2015
134762;HDFC FMP 1127D May 2015 (1) - Direct Option - Flexi Option;INF179KB1DC6;;10.4317;0.0000;0.0000;28-Dec-2015
134756;HDFC FMP 1127D May 2015 (1) - Direct Option - Growth Option;INF179KB1DD4;;10.4317;0.0000;0.0000;28-Dec-2015
134757;HDFC FMP 1127D May 2015 (1) - Direct Option - Quarterly Dividend Option;INF179KB1DF9;;10.2308;0.0000;0.0000;28-Dec-2015
134758;HDFC FMP 1127D May 2015 (1) - Regular Option - Dividend Option;INF179KB1DI3;;10.4087;0.0000;0.0000;28-Dec-2015
134759;HDFC FMP 1127D May 2015 (1) - Regular Option - Flexi Option;INF179KB1DG7;;10.4087;0.0000;0.0000;28-Dec-2015
134760;HDFC FMP 1127D May 2015 (1) - Regular Option - Growth Option;INF179KB1DH5;;10.4087;0.0000;0.0000;28-Dec-2015
134761;HDFC FMP 1127D May 2015 (1) - Regular Option - Quarterly Dividend Option;INF179KB1DJ1;;10.2206;0.0000;0.0000;28-Dec-2015
134292;HDFC FMP 1128D March 2015 (1)-Direct Option-Dividend Option;INF179KA15L9;;10.6473;0.0000;0.0000;28-Dec-2015
134289;HDFC FMP 1128D March 2015 (1)-Direct Option-Growth Option;INF179KA14L2;;10.6473;0.0000;0.0000;28-Dec-2015
134290;HDFC FMP 1128D March 2015 (1)-Direct Option-Quarterly Dividend Option;INF179KA16L7;;10.2158;0.0000;0.0000;28-Dec-2015
134287;HDFC FMP 1128D March 2015 (1)-Regular Option Quarterly Dividend Option;INF179KA10M8;;10.2084;0.0000;0.0000;28-Dec-2015
134293;HDFC FMP 1128D March 2015 (1)-Regular Option-Dividend Option;INF179KA19L1;;10.6231;0.0000;0.0000;28-Dec-2015
134294;HDFC FMP 1128D March 2015 (1)-Regular Option-Growth Option;INF179KA18L3;;10.6231;0.0000;0.0000;28-Dec-2015
131426;HDFC FMP 1128D September 2014 (1)-Direct Plan-Dividend Option;INF179KA1YP5;;11.3062;0.0000;0.0000;28-Dec-2015
131427;HDFC FMP 1128D September 2014 (1)-Direct Plan-Growth Option;INF179KA1YO8;;11.3062;0.0000;0.0000;28-Dec-2015
131428;HDFC FMP 1128D September 2014 (1)-Direct Plan-Quarterly Dividend Option;INF179KA1YQ3;;10.3464;0.0000;0.0000;28-Dec-2015
131431;HDFC FMP 1128D September 2014 (1)-Regular Plan-Dividend Option;INF179KA1YT7;;11.2637;0.0000;0.0000;28-Dec-2015
131429;HDFC FMP 1128D September 2014 (1)-Regular Plan-Flexi Option;INF179KA1YV3;;11.2637;0.0000;0.0000;28-Dec-2015
131433;HDFC FMP 1128D September 2014 (1)-Regular Plan-Growth Option;INF179KA1YS9;;11.2637;0.0000;0.0000;28-Dec-2015
131430;HDFC FMP 1128D September 2014 (1)-Regular Plan-Quarterly Dividend Option;INF179KA1YU5;;10.3387;0.0000;0.0000;28-Dec-2015
135008;HDFC FMP 1134D July 2015 (1)-Direct Option-Dividend Option;INF179KB1FP3;;10.3732;0.0000;0.0000;28-Dec-2015
135007;HDFC FMP 1134D July 2015 (1)-Direct Option-Growth Option;INF179KB1FO6;;10.3732;0.0000;0.0000;28-Dec-2015
135009;HDFC FMP 1134D July 2015 (1)-Direct Option-Quarterly Dividend Option;INF179KB1FQ1;;10.2100;0.0000;0.0000;28-Dec-2015
135010;HDFC FMP 1134D July 2015 (1)-Regular Option-Dividend Option;INF179KB1FT5;;10.3590;0.0000;0.0000;28-Dec-2015
135004;HDFC FMP 1134D July 2015 (1)-Regular Option-Growth Option;INF179KB1FS7;;10.3590;0.0000;0.0000;28-Dec-2015
135005;HDFC FMP 1134D July 2015 (1)-Regular Option-Quarterly Dividend Option;INF179KB1FU3;;10.2023;0.0000;0.0000;28-Dec-2015
131277;HDFC FMP 1134D September 2014 (1) - Direct Option - Dividend Option;INF179KA1XJ0;;11.3816;0.0000;0.0000;28-Dec-2015
131279;HDFC FMP 1134D September 2014 (1) - Direct Option - Flexi Option;INF179KA1XL6;;11.3816;0.0000;0.0000;28-Dec-2015
131280;HDFC FMP 1134D September 2014 (1) - Direct Option - Growth Option;INF179KA1XI2;;11.3816;0.0000;0.0000;28-Dec-2015
131281;HDFC FMP 1134D September 2014 (1) - Direct Option - Quarterly Dividend Option;INF179KA1XK8;;10.3476;0.0000;0.0000;28-Dec-2015
131282;HDFC FMP 1134D September 2014 (1) - Regular Option - Dividend Option;INF179KA1XN2;;11.3386;0.0000;0.0000;28-Dec-2015
131278;HDFC FMP 1134D September 2014 (1) - Regular Option - Flexi Option;INF179KA1XP7;;11.3386;0.0000;0.0000;28-Dec-2015
131283;HDFC FMP 1134D September 2014 (1) - Regular Option - Growth Option;INF179KA1XM4;;11.3386;0.0000;0.0000;28-Dec-2015
131284;HDFC FMP 1134D September 2014 (1) - Regular Option - Quarterly Dividend Option;INF179KA1XO0;;10.3399;0.0000;0.0000;28-Dec-2015
134197;HDFC FMP 1135D March 2015 (1)-Direct Option-Dividend Option;INF179KA18I9;;10.6735;0.0000;0.0000;28-Dec-2015
134198;HDFC FMP 1135D March 2015 (1)-Direct Option-Growth Option;INF179KA14J6;;10.6735;0.0000;0.0000;28-Dec-2015
134201;HDFC FMP 1135D March 2015 (1)-Direct Option-Quarterly Dividend Option;INF179KA15J3;;10.2143;0.0000;0.0000;28-Dec-2015
134204;HDFC FMP 1135D March 2015 (1)-Regular Option-Dividend Option;INF179KA11J2;;10.6481;0.0000;0.0000;28-Dec-2015
134199;HDFC FMP 1135D March 2015 (1)-Regular Option-Flexi Option;INF179KA13J8;;10.6481;0.0000;0.0000;28-Dec-2015
134203;HDFC FMP 1135D March 2015 (1)-Regular Option-Growth Option;INF179KA10J4;;10.6481;0.0000;0.0000;28-Dec-2015
134200;HDFC FMP 1135D March 2015 (1)-Regular Option-Quarterly Dividend Option;INF179KA12J0;;10.2067;0.0000;0.0000;28-Dec-2015
135137;HDFC FMP 1141D July 2015 (1)-Direct Option-Dividend Option;INF179KB1GF2;;10.3038;0.0000;0.0000;28-Dec-2015
135138;HDFC FMP 1141D July 2015 (1)-Direct Option-Growth Option;INF179KB1GE5;;10.3038;0.0000;0.0000;28-Dec-2015
135141;HDFC FMP 1141D July 2015 (1)-Direct Option-Quarterly Dividend Option;INF179KB1GG0;;10.3038;0.0000;0.0000;28-Dec-2015
135140;HDFC FMP 1141D July 2015 (1)-Regular Option-Dividend Option;INF179KB1GJ4;;10.2712;0.0000;0.0000;28-Dec-2015
135139;HDFC FMP 1141D July 2015 (1)-Regular Option-Growth Option;INF179KB1GI6;;10.2712;0.0000;0.0000;28-Dec-2015
135142;HDFC FMP 1141D July 2015 (1)-Regular Option-Quarterly Dividend Option;INF179KB1GK2;;10.2712;0.0000;0.0000;28-Dec-2015
123200;HDFC FMP 1143D July 2013 (1)-Direct Option-Dividend Option;INF179K01Y44;;12.5673;0.0000;0.0000;28-Dec-2015
123199;HDFC FMP 1143D July 2013 (1)-Direct Option-Flexi Option;INF179K01Y28;;12.5673;0.0000;0.0000;28-Dec-2015
123203;HDFC FMP 1143D July 2013 (1)-Direct Option-Growth Option;INF179K01Y36;;12.5673;0.0000;0.0000;28-Dec-2015
123201;HDFC FMP 1143D July 2013 (1)-Direct Option-Quarterly Dividend Option;INF179K01Y51;;10.4100;0.0000;0.0000;28-Dec-2015
123196;HDFC FMP 1143D July 2013 (1)-Regular Option-Dividend Option;INF179K01Y85;;12.5073;0.0000;0.0000;28-Dec-2015
123198;HDFC FMP 1143D July 2013 (1)-Regular Option-Flexi Option;INF179K01Y69;;12.5073;0.0000;0.0000;28-Dec-2015
123202;HDFC FMP 1143D July 2013 (1)-Regular Option-Growth Option;INF179K01Y77;;12.5073;0.0000;0.0000;28-Dec-2015
123197;HDFC FMP 1143D July 2013 (1)-Regular Option-Quarterly Dividend Option;INF179K01Y93;;10.4048;0.0000;0.0000;28-Dec-2015
133904;HDFC FMP 1157D February 2015 (1)-Direct Option-Dividend Option;INF179KA15C8;;10.7344;0.0000;0.0000;28-Dec-2015
133907;HDFC FMP 1157D February 2015 (1)-Direct Option-Flexi Option;INF179KA17C4;;10.7344;0.0000;0.0000;28-Dec-2015
133906;HDFC FMP 1157D February 2015 (1)-Direct Option-Growth Option;INF179KA14C1;;10.7344;0.0000;0.0000;28-Dec-2015
133901;HDFC FMP 1157D February 2015 (1)-Regular Option-Dividend Option;INF179KA19C0;;10.7074;0.0000;0.0000;28-Dec-2015
133903;HDFC FMP 1157D February 2015 (1)-Regular Option-Flexi Option;INF179KA11D5;;10.7074;0.0000;0.0000;28-Dec-2015
133900;HDFC FMP 1157D February 2015 (1)-Regular Option-Growth Option;INF179KA18C2;;10.7074;0.0000;0.0000;28-Dec-2015
133902;HDFC FMP 1157D February 2015 (1)-Regular Option-QuarterlyDividend Option;INF179KA10D7;;10.2058;0.0000;0.0000;28-Dec-2015
126768;HDFC FMP 1175D January 2014 (1) - Direct Option-Dividend Option;INF179KB1K08;;12.3910;0.0000;0.0000;28-Dec-2015
126769;HDFC FMP 1175D January 2014 (1) - Direct Option-Flexi Option;INF179KB1K24;;12.3910;0.0000;0.0000;28-Dec-2015
126770;HDFC FMP 1175D January 2014 (1) - Direct Option-Growth Option;INF179KB1J92;;12.3910;0.0000;0.0000;28-Dec-2015
126771;HDFC FMP 1175D January 2014 (1) - Direct Option-Quarterly Dividend Option;INF179KB1K16;;10.4328;0.0000;0.0000;28-Dec-2015
126772;HDFC FMP 1175D January 2014 (1) - Regular Option-Dividend Option;INF179KB1J68;;12.3565;0.0000;0.0000;28-Dec-2015
126766;HDFC FMP 1175D January 2014 (1) - Regular Option-Growth Option;INF179KB1J84;;12.3565;0.0000;0.0000;28-Dec-2015
126767;HDFC FMP 1175D January 2014 (1) - Regular Option-Quarterly Dividend Option;INF179KB1J76;;10.4290;0.0000;0.0000;28-Dec-2015
133600;HDFC FMP 1184D January 2015 (1) - Direct Option - Dividend Option;INF179KA1V72;;10.9336;0.0000;0.0000;28-Dec-2015
133599;HDFC FMP 1184D January 2015 (1) - Direct Option - Growth Option;INF179KA1V64;;10.9336;0.0000;0.0000;28-Dec-2015
133602;HDFC FMP 1184D January 2015 (1) - Direct Option - Quarterly Dividend Option;INF179KA1V80;;10.2462;0.0000;0.0000;28-Dec-2015
133596;HDFC FMP 1184D January 2015 (1) - Regular Option - Dividend Option;INF179KA1W14;;10.9037;0.0000;0.0000;28-Dec-2015
133598;HDFC FMP 1184D January 2015 (1) - Regular Option - Flexi Option;INF179KA1W30;;10.9037;0.0000;0.0000;28-Dec-2015
133601;HDFC FMP 1184D January 2015 (1) - Regular Option - Growth Option;INF179KA1W06;;10.9037;0.0000;0.0000;28-Dec-2015
133597;HDFC FMP 1184D January 2015 (1) - Regular Option - Quarterly Dividend Option;INF179KA1W22;;10.2386;0.0000;0.0000;28-Dec-2015
120996;HDFC FMP 1198D February 2013 (1)-Direct Plan-Dividend Option;INF179K01C73;;12.7428;0.0000;0.0000;28-Dec-2015
120998;HDFC FMP 1198D February 2013 (1)-Direct Plan-Flexi Option;INF179K01C99;;12.7428;0.0000;0.0000;28-Dec-2015
120992;HDFC FMP 1198D February 2013 (1)-Direct Plan-Growth Option;INF179K01C65;;12.7428;0.0000;0.0000;28-Dec-2015
120997;HDFC FMP 1198D February 2013 (1)-Direct Plan-Quarterly Dividend Option;INF179K01C81;;10.2093;0.0000;0.0000;28-Dec-2015
120995;HDFC FMP 1198D February 2013 (1)-Regular Plan-Dividend Option;INF179K01C32;;12.6334;0.0000;0.0000;28-Dec-2015
120999;HDFC FMP 1198D February 2013 (1)-Regular Plan-Flexi Option;INF179K01C57;;12.6334;0.0000;0.0000;28-Dec-2015
120993;HDFC FMP 1198D February 2013 (1)-Regular Plan-Growth Option;INF179K01C24;;12.6334;0.0000;0.0000;28-Dec-2015
120994;HDFC FMP 1198D February 2013 (1)-Regular Plan-Quarterly Dividend Option;INF179K01C40;;10.2028;0.0000;0.0000;28-Dec-2015
123401;HDFC FMP 1846D August 2013 (1) - Growth Option;INF179KB15P8;;12.6985;0.0000;0.0000;28-Dec-2015
123402;HDFC FMP 1846D August 2013 (1) - Growth Option - Direct Plan;INF179KB11P7;;12.7892;0.0000;0.0000;28-Dec-2015
123406;HDFC FMP 1846D August 2013 (1) - IDCW Option;INF179KB16P6;;12.6985;0.0000;0.0000;28-Dec-2015
123403;HDFC FMP 1846D August 2013 (1) - IDCW Option - Direct Plan;INF179KB12P5;;12.7892;0.0000;0.0000;28-Dec-2015
123405;HDFC FMP 1846D August 2013 (1)-Direct Option-Quarterly Dividend Option;INF179KB13P3;;10.7729;0.0000;0.0000;28-Dec-2015
123407;HDFC FMP 1846D August 2013 (1)-Regular Option-Flexi Option;INF179K012A7;;12.6985;0.0000;0.0000;28-Dec-2015
123408;HDFC FMP 1846D August 2013 (1)-Regular Option-Quarterly Dividend Option;INF179K015A0;;10.7641;0.0000;0.0000;28-Dec-2015
123735;HDFC FMP 1875D August 2013 (1) - Direct Option - Dividend Option;INF179K010F0;;12.8276;0.0000;0.0000;28-Dec-2015
123736;HDFC FMP 1875D August 2013 (1) - Direct Option - Flexi Option;INF179K017E8;;12.8276;0.0000;0.0000;28-Dec-2015
123732;HDFC FMP 1875D August 2013 (1) - Direct Option - Growth Option;INF179K018E6;;12.8276;0.0000;0.0000;28-Dec-2015
123737;HDFC FMP 1875D August 2013 (1) - Direct Option - Quarterly Dividend Option;INF179K011F8;;10.6057;0.0000;0.0000;28-Dec-2015
123738;HDFC FMP 1875D August 2013 (1) - Regular Option - Dividend Option;INF179K013E7;;12.7094;0.0000;0.0000;28-Dec-2015
123733;HDFC FMP 1875D August 2013 (1) - Regular Option - Growth Option;INF179K013F4;;12.7094;0.0000;0.0000;28-Dec-2015
123734;HDFC FMP 1875D August 2013 (1) - Regular Option - Quarterly Dividend Option;INF179K014E5;;10.5949;0.0000;0.0000;28-Dec-2015
120096;HDFC FMP 1919D January 2013 (1) Direct Plan Dividend Option;INF179K01ZF8;;12.9703;0.0000;0.0000;28-Dec-2015
120092;HDFC FMP 1919D January 2013 (1) Direct Plan Flexi Option;INF179K01ZH4;;12.9703;0.0000;0.0000;28-Dec-2015
120095;HDFC FMP 1919D January 2013 (1) Direct Plan Growth Option;INF179K01ZE1;;12.9703;0.0000;0.0000;28-Dec-2015
120091;HDFC FMP 1919D January 2013 (1) Direct Plan Quarterly Dividend Option;INF179K01ZG6;;10.2817;0.0000;0.0000;28-Dec-2015
120090;HDFC FMP 1919D January 2013 (1) Dividend Option;INF179K01ZB7;;12.9703;0.0000;0.0000;28-Dec-2015
120094;HDFC FMP 1919D January 2013 (1) Flexi Option;INF179K01ZD3;;12.9703;0.0000;0.0000;28-Dec-2015
120089;HDFC FMP 1919D January 2013 (1) Growth Option;INF179K01ZA9;;12.9703;0.0000;0.0000;28-Dec-2015
120093;HDFC FMP 1919D January 2013 (1) Quarterly Dividend Option;INF179K01ZC5;;10.2815;0.0000;0.0000;28-Dec-2015
128541;HDFC FMP 3360D March 2014 (1) - Flexi Option;INF179KA1II3;;10.5513;0.0000;0.0000;28-Dec-2015
128539;HDFC FMP 3360D March 2014 (1) - Flexi Option - Direct Plan;INF179KA1IE2;;10.5699;0.0000;0.0000;28-Dec-2015
128542;HDFC FMP 3360D March 2014 (1) - Growth Option;INF179KA1IF9;;10.5513;0.0000;0.0000;28-Dec-2015
128544;HDFC FMP 3360D March 2014 (1) - Growth Option - Direct Plan;INF179KA1IB8;;10.5699;0.0000;0.0000;28-Dec-2015
128540;HDFC FMP 3360D March 2014 (1) - IDCW Option;INF179KA1IG7;;10.5513;0.0000;0.0000;28-Dec-2015
128538;HDFC FMP 3360D March 2014 (1) - IDCW Option - Direct Plan;INF179KA1IC6;;10.5699;0.0000;0.0000;28-Dec-2015
128543;HDFC FMP 3360D March 2014 (1) - Quarterly IDCW Option;INF179KA1IH5;;10.3383;0.0000;0.0000;28-Dec-2015
128545;HDFC FMP 3360D March 2014 (1) - Quarterly IDCW Option - Direct Plan;INF179KA1ID4;;10.3413;0.0000;0.0000;28-Dec-2015
128714;HDFC FMP 366D March 2014 (1) - Direct Option-Dividend Option;INF179KA10L0;;10.6668;0.0000;0.0000;28-Dec-2015
128707;HDFC FMP 366D March 2014 (1) - Direct Option-Growth Option;INF179KA19K3;;11.6728;0.0000;0.0000;28-Dec-2015
128710;HDFC FMP 366D March 2014 (1) - Direct Option-Quarterly Dividend Option;INF179KA11L8;;10.2032;0.0000;0.0000;28-Dec-2015
128712;HDFC FMP 366D March 2014 (1) - Regular Option-Flexi Option;INF179KA12L6;;11.6584;0.0000;0.0000;28-Dec-2015
128713;HDFC FMP 366D March 2014 (1) - Regular Option-Growth Option;INF179KA13L4;;11.6584;0.0000;0.0000;28-Dec-2015
128915;HDFC FMP 366D March 2014 (2)-Direct Option-Growth Option;INF179KA13N0;;11.6083;0.0000;0.0000;28-Dec-2015
128914;HDFC FMP 366D March 2014 (2)-Regular Option-Growth Option;INF179KA16N3;;11.5938;0.0000;0.0000;28-Dec-2015
129774;HDFC FMP 366d May 2014 (1) - Direct Option - Dividend option;INF179KB1BJ5;;10.5095;0.0000;0.0000;28-Dec-2015
129770;HDFC FMP 366d May 2014 (1) - Direct Option - Flexi option;INF179KB1BH9;;11.4607;0.0000;0.0000;28-Dec-2015
129769;HDFC FMP 366d May 2014 (1) - Direct Option - Growth option;INF179KB1BI7;;11.4607;0.0000;0.0000;28-Dec-2015
129771;HDFC FMP 366DMay 2014 (1) - Direct Option - Quarterly Dividend option;INF179KB1BK3;;10.2084;0.0000;0.0000;28-Dec-2015
129772;HDFC FMP 366DMay 2014 (1) - Regular Option - Dividend option;INF179KB1BF3;;10.5031;0.0000;0.0000;28-Dec-2015
129773;HDFC FMP 366DMay 2014 (1) - Regular Option - Growth option;INF179KB1BM9;;11.4480;0.0000;0.0000;28-Dec-2015
129991;HDFC FMP 366D MAY 2014 (2)-Direct Option-Dividend Option;INF179KB1BX6;;10.4724;0.0000;0.0000;28-Dec-2015
129993;HDFC FMP 366D MAY 2014 (2)-Direct Option-Growth Option;INF179KB1BW8;;11.4180;0.0000;0.0000;28-Dec-2015
129997;HDFC FMP 366D MAY 2014 (2)-Regular Dividend-Dividend Option;INF179KB1CB0;;10.4664;0.0000;0.0000;28-Dec-2015
129995;HDFC FMP 366D MAY 2014 (2)-Regular Option-Flexi Option;INF179KB1BZ1;;11.4059;0.0000;0.0000;28-Dec-2015
129996;HDFC FMP 366D MAY 2014 (2)-Regular Option-Growth Option;INF179KB1CA2;;11.4059;0.0000;0.0000;28-Dec-2015
129998;HDFC FMP 366D MAY 2014 (2)-Regular Option-Quarterly Dividend Option;INF179KB1CC8;;10.2035;0.0000;0.0000;28-Dec-2015
129453;HDFC FMP 367D April 2014 (1)-Direct Option-Dividend Option;INF179KA10Z0;;10.5458;0.0000;0.0000;28-Dec-2015
129446;HDFC FMP 367D April 2014 (1)-Direct Option-Flexi Option;INF179KA18Y6;;11.5268;0.0000;0.0000;28-Dec-2015
129450;HDFC FMP 367D April 2014 (1)-Direct Option-Growth Option;INF179KA19Y4;;11.5268;0.0000;0.0000;28-Dec-2015
129448;HDFC FMP 367D April 2014 (1)-Regular Option-Flexi Option;INF179KA12Z6;;11.5134;0.0000;0.0000;28-Dec-2015
129449;HDFC FMP 367D April 2014 (1)-Regular Option-Growth Option;INF179KA13Z4;;11.5134;0.0000;0.0000;28-Dec-2015
129587;HDFC FMP 367D May 2014 (1)-Direct Option-Dividend Option;INF179KB1479;;10.5363;0.0000;0.0000;28-Dec-2015
129588;HDFC FMP 367D May 2014 (1)-Direct Option-Flexi Option;INF179KB1453;;11.5167;0.0000;0.0000;28-Dec-2015
129586;HDFC FMP 367D May 2014 (1)-Direct Option-Growth Option;INF179KB1461;;11.5167;0.0000;0.0000;28-Dec-2015
129584;HDFC FMP 367D May 2014 (1)-Regular Option-Dividend Option;INF179KB1438;;10.5296;0.0000;0.0000;28-Dec-2015
129583;HDFC FMP 367D May 2014 (1)-Regular Option-Flexi Option;INF179KB1495;;11.5034;0.0000;0.0000;28-Dec-2015
129582;HDFC FMP 367D May 2014 (1)-Regular Option-Growth Option;INF179KB1503;;11.5034;0.0000;0.0000;28-Dec-2015
129585;HDFC FMP 367D May 2014 (1)-Regular Option-Quarterly Dividend Option;INF179KB1446;;10.2045;0.0000;0.0000;28-Dec-2015
129782;HDFC FMP 367D MAY 2014 (2)-DIRECT OPTION-DIVIDEND OPTION;INF179KB1719;;10.5277;0.0000;0.0000;28-Dec-2015
129784;HDFC FMP 367D MAY 2014 (2)-DIRECT OPTION-GROWTH OPTION;INF179KB1701;;11.5037;0.0000;0.0000;28-Dec-2015
129777;HDFC FMP 367D MAY 2014 (2)-DIRECT OPTION-QUARTERLY DIVIDEND OPTION;INF179KB1727;;10.2080;0.0000;0.0000;28-Dec-2015
129778;HDFC FMP 367D MAY 2014 (2)-REGULAR OPTION-DIVIDEND OPTION;INF179KB1677;;10.5208;0.0000;0.0000;28-Dec-2015
129780;HDFC FMP 367D MAY 2014 (2)-REGULAR OPTION-GROWTH OPTION;INF179KB1743;;11.4908;0.0000;0.0000;28-Dec-2015
129781;HDFC FMP 367D MAY 2014 (2)-REGULAR OPTION-QUARTERLY DIVIDEND OPTION;INF179KB1685;;10.2054;0.0000;0.0000;28-Dec-2015
129100;HDFC FMP 369D April 2014 (1) - Direct Option-Growth Option;INF179KA15S4;;11.5671;0.0000;0.0000;28-Dec-2015
129095;HDFC FMP 369D April 2014 (1) - Direct Option-Quarterly Dividend Option;INF179KA17S0;;10.2100;0.0000;0.0000;28-Dec-2015
129097;HDFC FMP 369D April 2014 (1) - Regular Option-Growth Option;INF179KA19S6;;11.5528;0.0000;0.0000;28-Dec-2015
129094;HDFC FMP 369D April 2014 (1) - Regular Option-Quarterly Dividend Option;INF179KA13S9;;10.2076;0.0000;0.0000;28-Dec-2015
129325;HDFC FMP 369D April 2014 (2)-Direct Option-Growth Option;INF179KA13X9;;11.5237;0.0000;0.0000;28-Dec-2015
129327;HDFC FMP 369D April 2014 (2)-Regular Option-Dividend Option;INF179KA10X5;;10.5404;0.0000;0.0000;28-Dec-2015
129329;HDFC FMP 369D April 2014 (2)-Regular Option-Growth Option;INF179KA16X2;;11.5100;0.0000;0.0000;28-Dec-2015
125995;HDFC FMP 369D December 2013 (1)-Direct Option-Dividend Option;INF179KA1P62;;10.8937;0.0000;0.0000;28-Dec-2015
125989;HDFC FMP 369D December 2013 (1)-Direct Option-Growth Option;INF179KA1P54;;11.9351;0.0000;0.0000;28-Dec-2015
125991;HDFC FMP 369D December 2013 (1)-Regular Option-Dividend Option;INF179KA1P21;;10.8826;0.0000;0.0000;28-Dec-2015
125993;HDFC FMP 369D December 2013 (1)-Regular Option-Growth Option;INF179KA1P96;;11.9170;0.0000;0.0000;28-Dec-2015
125994;HDFC FMP 369D December 2013 (1)-Regular Option-Quarterly Dividend Option;INF179KA1P39;;10.1890;0.0000;0.0000;28-Dec-2015
127202;HDFC FMP 369D February 2014 (1) - Direct Option-Growth Option;INF179KA13A7;;11.8090;0.0000;0.0000;28-Dec-2015
127203;HDFC FMP 369D February 2014 (1) - Direct Option-Quarterly Dividend Option;INF179KA15A2;;10.2006;0.0000;0.0000;28-Dec-2015
127207;HDFC FMP 369D February 2014 (1) - Regular Option-Growth Option;INF179KA17A8;;11.7918;0.0000;0.0000;28-Dec-2015
127550;HDFC FMP 369D February 2014 (2) - Direct Option-Growth Option;INF179KA11F0;;11.7661;0.0000;0.0000;28-Dec-2015
127552;HDFC FMP 369D February 2014 (2) - Regular Option-Dividend Option;INF179KA18E8;;10.7015;0.0000;0.0000;28-Dec-2015
127553;HDFC FMP 369D February 2014 (2) - Regular Option-Flexi Option;INF179KA14F4;;11.7504;0.0000;0.0000;28-Dec-2015
127554;HDFC FMP 369D February 2014 (2) - Regular Option-Growth Option;INF179KA15F1;;11.7504;0.0000;0.0000;28-Dec-2015
126503;HDFC FMP 369D January 2014 (1) - Direct Option-Dividend Option;INF179KA1V23;;10.7974;0.0000;0.0000;28-Dec-2015
126504;HDFC FMP 369D January 2014 (1) - Direct Option-Growth Option;INF179KA1V15;;11.8237;0.0000;0.0000;28-Dec-2015
126505;HDFC FMP 369D January 2014 (1) - Direct Option-Quarterly Dividend Option;INF179KA1V31;;10.2029;0.0000;0.0000;28-Dec-2015
126506;HDFC FMP 369D January 2014 (1) - Regular Option-Dividend Option;INF179KA1U81;;10.7870;0.0000;0.0000;28-Dec-2015
126507;HDFC FMP 369D January 2014 (1) - Regular Option-Flexi Option;INF179KA1V49;;11.8068;0.0000;0.0000;28-Dec-2015
126508;HDFC FMP 369D January 2014 (1) - Regular Option-Growth Option;INF179KA1V56;;11.8068;0.0000;0.0000;28-Dec-2015
126509;HDFC FMP 369D January 2014 (1) - Regular Option-Quarterly Dividend Option;INF179KA1U99;;10.2004;0.0000;0.0000;28-Dec-2015
128244;HDFC FMP 369D March 2014 (1)-Direct Option-Flexi Option;INF179KA14H0;;11.7252;0.0000;0.0000;28-Dec-2015
128240;HDFC FMP 369D March 2014 (1)-Direct Option-Growth Option;INF179KA15H7;;11.7252;0.0000;0.0000;28-Dec-2015
128237;HDFC FMP 369D March 2014 (1)-Regular Option-Growth Option;INF179KA19H9;;11.7100;0.0000;0.0000;28-Dec-2015
128606;HDFC FMP 369D March 2014 (2) - Direct Option-Dividend Option;INF179KA12K8;;10.6677;0.0000;0.0000;28-Dec-2015
128613;HDFC FMP 369D March 2014 (2) - Direct Option-Flexi Option;INF179KA10K2;;11.6932;0.0000;0.0000;28-Dec-2015
128607;HDFC FMP 369D March 2014 (2) - Direct Option-Growth Option;INF179KA11K0;;11.6932;0.0000;0.0000;28-Dec-2015
128608;HDFC FMP 369D March 2014 (2) - Direct Option-Quarterly Dividend Option;INF179KA13K6;;10.2021;0.0000;0.0000;28-Dec-2015
128611;HDFC FMP 369D March 2014 (2) - Regular Option-Growth Option;INF179KA15K1;;11.6781;0.0000;0.0000;28-Dec-2015
128792;HDFC FMP 369D March 2014 (3) - Direct Option-Dividend Option;INF179KA16M5;;10.6516;0.0000;0.0000;28-Dec-2015
128794;HDFC FMP 369D March 2014 (3) - Direct Option-Growth Option;INF179KA15M7;;11.6490;0.0000;0.0000;28-Dec-2015
128798;HDFC FMP 369D March 2014 (3) - Regular Option-Growth Option;INF179KA19M9;;11.6343;0.0000;0.0000;28-Dec-2015
129090;HDFC FMP 370D April 2014 (1) - Direct Option-Dividend Option;INF179KA10V9;;10.5520;0.0000;0.0000;28-Dec-2015
129091;HDFC FMP 370D April 2014 (1) - Direct Option-Flexi Option;INF179KA18U4;;11.5439;0.0000;0.0000;28-Dec-2015
129085;HDFC FMP 370D April 2014 (1) - Direct Option-Growth Option;INF179KA19U2;;11.5439;0.0000;0.0000;28-Dec-2015
129086;HDFC FMP 370D April 2014 (1) - Direct Option-Quarterly Dividend Option;INF179KA11V7;;10.2064;0.0000;0.0000;28-Dec-2015
129087;HDFC FMP 370D April 2014 (1) - Regular Option-Dividend Option;INF179KA16U8;;10.5438;0.0000;0.0000;28-Dec-2015
129089;HDFC FMP 370D April 2014 (1) - Regular Option-Growth Option;INF179KA13V3;;11.5299;0.0000;0.0000;28-Dec-2015
129092;HDFC FMP 370D April 2014 (1) - Regular Option-Quarterly Dividend Option;INF179KA17U6;;10.2041;0.0000;0.0000;28-Dec-2015
129331;HDFC FMP 370D April 2014 (2)-Direct Option-Dividend Option;INF179KA16W4;;10.5516;0.0000;0.0000;28-Dec-2015
129335;HDFC FMP 370D April 2014 (2)-Direct Option-Flexi Option;INF179KA14W9;;11.5409;0.0000;0.0000;28-Dec-2015
129336;HDFC FMP 370D April 2014 (2)-Direct Option-Growth Option;INF179KA15W6;;11.5409;0.0000;0.0000;28-Dec-2015
129338;HDFC FMP 370D April 2014 (2)-Regular Option-Dividend Option;INF179KA12W3;;10.5445;0.0000;0.0000;28-Dec-2015
129333;HDFC FMP 370D April 2014 (2)-Regular Option-Growth Option;INF179KA19W8;;11.5271;0.0000;0.0000;28-Dec-2015
129345;HDFC FMP 370D April 2014 (3)-Direct Option-Growth Option;INF179KA11Y1;;11.5411;0.0000;0.0000;28-Dec-2015
129347;HDFC FMP 370D April 2014 (3)-Regular Option-Dividend Option;INF179KA18X8;;10.5450;0.0000;0.0000;28-Dec-2015
129349;HDFC FMP 370D April 2014 (3)-Regular Option-Growth Option;INF179KA15Y2;;11.5275;0.0000;0.0000;28-Dec-2015
129455;HDFC FMP 370D April 2014 (4)- Direct Option-Growth Option;INF179KB1305;;11.5399;0.0000;0.0000;28-Dec-2015
129461;HDFC FMP 370D April 2014 (4)- Regular Option- Growth Option;INF179KB1347;;11.5266;0.0000;0.0000;28-Dec-2015
129456;HDFC FMP 370D April 2014 (4)- Regular Option-Dividend Option;INF179KB1271;;10.5385;0.0000;0.0000;28-Dec-2015
129460;HDFC FMP 370D April 2014 (4)-Direct Option-Quarterly Dividend Option;INF179KB1321;;10.2122;0.0000;0.0000;28-Dec-2015
123347;HDFC FMP 370D August 2013 (1)-Direct Option-Dividend Option;INF179KA1VK2;;11.3172;0.0000;0.0000;28-Dec-2015
123345;HDFC FMP 370D August 2013 (1)-Direct Option-Growth Option;INF179KA1VJ4;;12.4514;0.0000;0.0000;28-Dec-2015
123350;HDFC FMP 370D August 2013 (1)-Regular Option-Dividend Option;INF179KA1VG0;;11.2995;0.0000;0.0000;28-Dec-2015
123352;HDFC FMP 370D August 2013 (1)-Regular Option-Flexi Option;INF179KA1VE5;;12.4285;0.0000;0.0000;28-Dec-2015
123349;HDFC FMP 370D August 2013 (1)-Regular Option-Growth Option;INF179KA1VF2;;12.4285;0.0000;0.0000;28-Dec-2015
123351;HDFC FMP 370D August 2013 (1)-Regular Option-Quarterly Dividend Option;INF179KA1VH8;;11.1508;0.0000;0.0000;28-Dec-2015
123529;HDFC FMP 370D August 2013 (2) - Direct Option - Dividend Option;INF179KA1WE3;;11.3030;0.0000;0.0000;28-Dec-2015
123528;HDFC FMP 370D August 2013 (2) - Direct Option - Growth Option;INF179KA1WD5;;12.4892;0.0000;0.0000;28-Dec-2015
123533;HDFC FMP 370D August 2013 (2) - Direct Option - Quarterly Dividend Option;INF179KA1WF0;;10.2828;0.0000;0.0000;28-Dec-2015
123526;HDFC FMP 370D August 2013 (2) - Regular Option - Dividend Option;INF179KA1WI4;;11.2878;0.0000;0.0000;28-Dec-2015
123531;HDFC FMP 370D August 2013 (2) - Regular Option - Flexi Option;INF179KA1WG8;;12.4660;0.0000;0.0000;28-Dec-2015
123530;HDFC FMP 370D August 2013 (2) - Regular Option - Growth Option;INF179KA1WH6;;12.4660;0.0000;0.0000;28-Dec-2015
123618;HDFC FMP 370D August 2013 (3) - Direct Option - Dividend Option;INF179KA1WO2;;11.2931;0.0000;0.0000;28-Dec-2015
123617;HDFC FMP 370D August 2013 (3) - Direct Option - Growth Option;INF179KA1WN4;;12.4778;0.0000;0.0000;28-Dec-2015
123613;HDFC FMP 370D August 2013 (3) - Direct Option - Quarterly Dividend Option;INF179KA1WP9;;10.2626;0.0000;0.0000;28-Dec-2015
123614;HDFC FMP 370D August 2013 (3) - Regular Option - Dividend Option;INF179KA1WK0;;11.2784;0.0000;0.0000;28-Dec-2015
123615;HDFC FMP 370D August 2013 (3) - Regular Option - Flexi Option;INF179KA1WQ7;;12.4552;0.0000;0.0000;28-Dec-2015
123619;HDFC FMP 370D August 2013 (3) - Regular Option - Growth Option;INF179KA1WR5;;12.4552;0.0000;0.0000;28-Dec-2015
123616;HDFC FMP 370D August 2013 (3) - Regular Option - Quarterly Dividend Option;INF179KA1WL8;;10.2624;0.0000;0.0000;28-Dec-2015
123958;HDFC FMP 370D August 2013 (4)-Direct Option-Flexi Option;INF179KA1XC5;;12.4757;0.0000;0.0000;28-Dec-2015
123961;HDFC FMP 370D August 2013 (4)-Direct Option-Growth Option;INF179KA1XD3;;12.4757;0.0000;0.0000;28-Dec-2015
123960;HDFC FMP 370D August 2013 (4)-Regular Option-Dividend Option;INF179KA1XA9;;11.2557;0.0000;0.0000;28-Dec-2015
123959;HDFC FMP 370D August 2013 (4)-Regular Option-Growth Option;INF179KA1XH4;;12.4533;0.0000;0.0000;28-Dec-2015
123954;HDFC FMP 370D August 2013 (4)-Regular Option-Quarterly Dividend Option;INF179KA1XB7;;10.2664;0.0000;0.0000;28-Dec-2015
127363;HDFC FMP 370D February 2014 (1) - Direct Option-Dividend Option;INF179KA10C9;;10.7365;0.0000;0.0000;28-Dec-2015
127365;HDFC FMP 370D February 2014 (1) - Direct Option-Growth Option;INF179KA19B2;;11.7955;0.0000;0.0000;28-Dec-2015
127367;HDFC FMP 370D February 2014 (1) - Regular Option-Dividend Option;INF179KA16B8;;10.7271;0.0000;0.0000;28-Dec-2015
127369;HDFC FMP 370D February 2014 (1) - Regular Option-Growth Option;INF179KA13C3;;11.7795;0.0000;0.0000;28-Dec-2015
126706;HDFC FMP 370D January 2014 (1)- Direct Option-Growth Option;INF179KA1X96;;11.7990;0.0000;0.0000;28-Dec-2015
126709;HDFC FMP 370D January 2014 (1)- Regular Option-Growth Option;INF179KA1Y38;;11.7822;0.0000;0.0000;28-Dec-2015
123175;HDFC FMP 370D July 2013 (3)-Direct Option-Dividend Option;INF179KA1UY5;;11.3469;0.0000;0.0000;28-Dec-2015
123174;HDFC FMP 370D July 2013 (3)-Direct Option-Growth Option;INF179KA1UX7;;12.4743;0.0000;0.0000;28-Dec-2015
123178;HDFC FMP 370D July 2013 (3)-Regular Option-Dividend Option;INF179KA1VC9;;11.3330;0.0000;0.0000;28-Dec-2015
123173;HDFC FMP 370D July 2013 (3)-Regular Option-Flexi Option;INF179KA1VA3;;11.3330;0.0000;0.0000;28-Dec-2015
123171;HDFC FMP 370D July 2013 (3)-Regular Option-Growth Option;INF179KA1VB1;;12.4528;0.0000;0.0000;28-Dec-2015
123172;HDFC FMP 370D July 2013 (3)-Regular Option-Quarterly Dividend Option;INF179KA1VD7;;10.2764;0.0000;0.0000;28-Dec-2015
130337;HDFC FMP 370D June 2014 (2) Direct Option-Dividend Option;INF179KB1EU6;;10.4377;0.0000;0.0000;28-Dec-2015
130339;HDFC FMP 370D June 2014 (2) Direct Option-Growth Option;INF179KB1ET8;;11.3800;0.0000;0.0000;28-Dec-2015
130341;HDFC FMP 370D June 2014 (2) Regular Option-Dividend Option;INF179KB1EQ4;;10.4325;0.0000;0.0000;28-Dec-2015
130343;HDFC FMP 370D June 2014 (2) Regular Option-Growth Option;INF179KB1EX0;;11.3686;0.0000;0.0000;28-Dec-2015
130169;HDFC FMP 370D JUNE 2014(1) - Direct Option - Growth Option;INF179KB1DN3;;11.4086;0.0000;0.0000;28-Dec-2015
130170;HDFC FMP 370D JUNE 2014(1) - Regular Option - Dividend Option;INF179KB1DK9;;10.4545;0.0000;0.0000;28-Dec-2015
130171;HDFC FMP 370D JUNE 2014(1) - Regular Option - Flexi Option;INF179KB1DQ6;;11.3947;0.0000;0.0000;28-Dec-2015
130173;HDFC FMP 370D JUNE 2014(1) - Regular Option - Growth Option;INF179KB1DR4;;11.3947;0.0000;0.0000;28-Dec-2015
130172;HDFC FMP 370D JUNE 2014(1) - Regular Option - Quarterly Dividend Option;INF179KB1DL7;;10.2071;0.0000;0.0000;28-Dec-2015
127924;HDFC FMP 370D March 2014 (1)-Direct Option-Growth Option;INF179KA13I0;;11.7447;0.0000;0.0000;28-Dec-2015
127922;HDFC FMP 370D March 2014 (1)-Regular Option-Dividend Option;INF179KA10I6;;10.6748;0.0000;0.0000;28-Dec-2015
127928;HDFC FMP 370D March 2014 (1)-Regular Option-Growth Option;INF179KA17I1;;11.7294;0.0000;0.0000;28-Dec-2015
129628;HDFC FMP 370D May 2014 (1)-Direct Option-Flexi Option;INF179KB1610;;11.5078;0.0000;0.0000;28-Dec-2015
129625;HDFC FMP 370D May 2014 (1)-Direct Option-Growth Option;INF179KB1628;;11.5078;0.0000;0.0000;28-Dec-2015
129627;HDFC FMP 370D May 2014 (1)-Direct Option-Quarterly Dividend Option;INF179KB1644;;10.2093;0.0000;0.0000;28-Dec-2015
129630;HDFC FMP 370D May 2014 (1)-Regular Option-Growth Option;INF179KB1669;;11.4948;0.0000;0.0000;28-Dec-2015
129900;HDFC FMP 370D MAY 2014 (2)-Direct Option-Dividend Option;INF179KB1BR8;;10.4929;0.0000;0.0000;28-Dec-2015
129898;HDFC FMP 370D MAY 2014 (2)-Direct Option-Flexi Option;INF179KB1BP2;;11.4468;0.0000;0.0000;28-Dec-2015
129899;HDFC FMP 370D MAY 2014 (2)-Direct Option-Growth Option;INF179KB1BQ0;;11.4468;0.0000;0.0000;28-Dec-2015
129903;HDFC FMP 370D MAY 2014 (2)-Regular Option-Growth Option;INF179KB1BU2;;11.4342;0.0000;0.0000;28-Dec-2015
125544;HDFC FMP 370D November 2013 (1) - Direct Option-Dividend Option;INF179KA1K91;;10.9115;0.0000;0.0000;28-Dec-2015
125545;HDFC FMP 370D November 2013 (1) - Direct Option-Flexi Option;INF179KA1K75;;11.9182;0.0000;0.0000;28-Dec-2015
125546;HDFC FMP 370D November 2013 (1) - Direct Option-Growth Option;INF179KA1K83;;11.9182;0.0000;0.0000;28-Dec-2015
125547;HDFC FMP 370D November 2013 (1) - Regular Option-Dividend Option;INF179KA1K59;;10.8998;0.0000;0.0000;28-Dec-2015
125549;HDFC FMP 370D November 2013 (1) - Regular Option-Growth Option;INF179KA1L25;;11.8993;0.0000;0.0000;28-Dec-2015
125550;HDFC FMP 370D November 2013 (1) - Regular Option-Quarterly Dividend Option;INF179KA1K67;;10.1852;0.0000;0.0000;28-Dec-2015
124777;HDFC FMP 370D October 2013 (1) - Direct Option - Dividend Option;INF179KA1ZI7;;11.1608;0.0000;0.0000;28-Dec-2015
124774;HDFC FMP 370D October 2013 (1) - Direct Option - Growth Option;INF179KA1ZH9;;12.2302;0.0000;0.0000;28-Dec-2015
124776;HDFC FMP 370D October 2013 (1) - Direct Option - Quarterly Dividend Option;INF179KA1ZJ5;;10.2486;0.0000;0.0000;28-Dec-2015
124771;HDFC FMP 370D October 2013 (1) - Regular Option - Dividend Option;INF179KA1ZE6;;11.1472;0.0000;0.0000;28-Dec-2015
124773;HDFC FMP 370D October 2013 (1) - Regular Option - Flexi Option;INF179KA1ZK3;;12.2092;0.0000;0.0000;28-Dec-2015
124770;HDFC FMP 370D October 2013 (1) - Regular Option - Growth Option;INF179KA1ZL1;;12.2092;0.0000;0.0000;28-Dec-2015
124881;HDFC FMP 370D October 2013 (2) - Direct Option - Dividend Option;INF179KA1A28;;11.1229;0.0000;0.0000;28-Dec-2015
124878;HDFC FMP 370D October 2013 (2) - Direct Option - Growth Option;INF179KA1A10;;12.1240;0.0000;0.0000;28-Dec-2015
124879;HDFC FMP 370D October 2013 (2) - Regular Option - Dividend Option;INF179KA1ZY4;;11.1078;0.0000;0.0000;28-Dec-2015
124880;HDFC FMP 370D October 2013 (2) - Regular Option - Flexi Option;INF179KA1A44;;12.1033;0.0000;0.0000;28-Dec-2015
124884;HDFC FMP 370D October 2013 (2) - Regular Option - Growth Option;INF179KA1A51;;12.1033;0.0000;0.0000;28-Dec-2015
125027;HDFC FMP 370D October 2013 (3) - Direct Option - Dividend Option;INF179KA1C67;;11.0808;0.0000;0.0000;28-Dec-2015
125029;HDFC FMP 370D October 2013 (3) - Direct Option - Growth Option;INF179KA1C59;;12.0983;0.0000;0.0000;28-Dec-2015
125031;HDFC FMP 370D October 2013 (3) - Regular Option - Dividend Option;INF179KA1C26;;11.0679;0.0000;0.0000;28-Dec-2015
125033;HDFC FMP 370D October 2013 (3) - Regular Option - Growth Option;INF179KA1C91;;12.0773;0.0000;0.0000;28-Dec-2015
125034;HDFC FMP 370D October 2013 (3) - Regular Option - Quarterly Dividend Option;INF179KA1C34;;10.2061;0.0000;0.0000;28-Dec-2015
125149;HDFC FMP 370D October 2013 (4) - Direct Option - Dividend Option;INF179KA1E65;;11.0653;0.0000;0.0000;28-Dec-2015
125148;HDFC FMP 370D October 2013 (4) - Direct Option - Growth Option;INF179KA1E57;;12.0778;0.0000;0.0000;28-Dec-2015
125145;HDFC FMP 370D October 2013 (4) - Regular Option - Flexi Option;INF179KA1E81;;12.0578;0.0000;0.0000;28-Dec-2015
125146;HDFC FMP 370D October 2013 (4) - Regular Option - Growth Option;INF179KA1E99;;12.0578;0.0000;0.0000;28-Dec-2015
125234;HDFC FMP 370D October 2013 (5)-Direct Option-Dividend Option;INF179KA1G22;;11.0134;0.0000;0.0000;28-Dec-2015
125233;HDFC FMP 370D October 2013 (5)-Direct Option-Growth Option;INF179KA1G14;;12.0106;0.0000;0.0000;28-Dec-2015
125231;HDFC FMP 370D October 2013 (5)-Regular Option-Growth Option;INF179KA1G55;;11.9908;0.0000;0.0000;28-Dec-2015
125232;HDFC FMP 370D October 2013 (5)-Regular Option-Quarterly Dividend Option;INF179KA1F98;;10.1961;0.0000;0.0000;28-Dec-2015
124163;HDFC FMP 370D September 2013 (1)-Direct Option-Dividend Option;INF179KA1XU7;;11.2573;0.0000;0.0000;28-Dec-2015
124162;HDFC FMP 370D September 2013 (1)-Direct Option-Growth Option;INF179KA1XT9;;12.4387;0.0000;0.0000;28-Dec-2015
124159;HDFC FMP 370D September 2013 (1)-Regular Option-Dividend Option;INF179KA1XQ5;;11.2429;0.0000;0.0000;28-Dec-2015
124158;HDFC FMP 370D September 2013 (1)-Regular Option-Growth Option;INF179KA1XW3;;12.4163;0.0000;0.0000;28-Dec-2015
124160;HDFC FMP 370D September 2013 (1)-Regular Option-Quarterly Dividend Option;INF179KA1XR3;;10.2659;0.0000;0.0000;28-Dec-2015
124341;HDFC FMP 370D September 2013 (2)-Direct Option-Dividend Option;INF179KA1YC3;;11.2256;0.0000;0.0000;28-Dec-2015
124343;HDFC FMP 370D September 2013 (2)-Direct Option-Growth Option;INF179KA1YB5;;12.3968;0.0000;0.0000;28-Dec-2015
124345;HDFC FMP 370D September 2013 (2)-Regular Option-Dividend Option;INF179KA1XY9;;11.2203;0.0000;0.0000;28-Dec-2015
124347;HDFC FMP 370D September 2013 (2)-Regular Option-Growth Option;INF179KA1YF6;;12.3745;0.0000;0.0000;28-Dec-2015
124348;HDFC FMP 370D September 2013 (2)-Regular Option-Quarterly Dividend Option;INF179KA1XZ6;;10.2577;0.0000;0.0000;28-Dec-2015
124506;HDFC FMP 370D September 2013 (3)-Direct Option-Dividend Option;INF179KA1YK6;;11.2310;0.0000;0.0000;28-Dec-2015
124508;HDFC FMP 370D September 2013 (3)-Direct Option-Flexi Option;INF179KA1YI0;;12.3935;0.0000;0.0000;28-Dec-2015
124504;HDFC FMP 370D September 2013 (3)-Direct Option-Growth Option;INF179KA1YJ8;;12.3935;0.0000;0.0000;28-Dec-2015
124509;HDFC FMP 370D September 2013 (3)-Regular Option-Dividend Option;INF179KA1YG4;;11.1882;0.0000;0.0000;28-Dec-2015
124505;HDFC FMP 370D September 2013 (3)-Regular Option-Growth Option;INF179KA1YN0;;12.3091;0.0000;0.0000;28-Dec-2015
124515;HDFC FMP 370D September 2013 (4)-Direct Option-Growth Option;INF179KA1YZ4;;12.3674;0.0000;0.0000;28-Dec-2015
124512;HDFC FMP 370D September 2013 (4)-Regular Option-Dividend Option;INF179KA1YW1;;11.2113;0.0000;0.0000;28-Dec-2015
124517;HDFC FMP 370D September 2013 (4)-Regular Option-Growth Option;INF179KA1ZD8;;12.3457;0.0000;0.0000;28-Dec-2015
123395;HDFC FMP 371D August 2013 (1)-Direct Option-Growth Option;INF179KA1VN6;;12.4550;0.0000;0.0000;28-Dec-2015
123400;HDFC FMP 371D August 2013 (1)-Direct Option-Quarterly Dividend Option;INF179KA1VP1;;10.4222;0.0000;0.0000;28-Dec-2015
123394;HDFC FMP 371D August 2013 (1)-Regular Option-Flexi Option;INF179KA1VQ9;;12.3808;0.0000;0.0000;28-Dec-2015
123393;HDFC FMP 371D August 2013 (1)-Regular Option-Growth Option;INF179KA1VR7;;12.3808;0.0000;0.0000;28-Dec-2015
125703;HDFC FMP 371D December 2013 (1) - Direct Option-Dividend Option;INF179KA1N23;;10.9115;0.0000;0.0000;28-Dec-2015
125704;HDFC FMP 371D December 2013 (1) - Direct Option-Flexi Option;INF179KA1N07;;11.9352;0.0000;0.0000;28-Dec-2015
125705;HDFC FMP 371D December 2013 (1) - Direct Option-Growth Option;INF179KA1N15;;11.9352;0.0000;0.0000;28-Dec-2015
125709;HDFC FMP 371D December 2013 (1) - Regular Option-Growth Option;INF179KA1N56;;11.9167;0.0000;0.0000;28-Dec-2015
125875;HDFC FMP 371D December 2013 (2)-Direct Option-Dividend Option;INF179KA1O06;;10.9004;0.0000;0.0000;28-Dec-2015
125876;HDFC FMP 371D December 2013 (2)-Direct Option-Growth Option;INF179KA1N98;;11.9388;0.0000;0.0000;28-Dec-2015
125873;HDFC FMP 371D December 2013 (2)-Direct Option-Quarterly Dividend Option;INF179KA1O14;;10.1891;0.0000;0.0000;28-Dec-2015
125870;HDFC FMP 371D December 2013 (2)-Regular Option-Dividend Option;INF179KA1N64;;10.8891;0.0000;0.0000;28-Dec-2015
125872;HDFC FMP 371D December 2013 (2)-Regular Option-Flexi Option;INF179KA1O22;;11.9205;0.0000;0.0000;28-Dec-2015
125869;HDFC FMP 371D December 2013 (2)-Regular Option-Growth Option;INF179KA1O30;;11.9205;0.0000;0.0000;28-Dec-2015
127375;HDFC FMP 371D February 2014 (1) - Direct Option-Growth Option;INF179KA11B9;;11.8003;0.0000;0.0000;28-Dec-2015
127376;HDFC FMP 371D February 2014 (1) - Direct Option-Quarterly Dividend Option;INF179KA13B5;;10.2110;0.0000;0.0000;28-Dec-2015
127371;HDFC FMP 371D February 2014 (1) - Regular Option-Growth Option;INF179KA15B0;;11.7842;0.0000;0.0000;28-Dec-2015
127756;HDFC FMP 371D February 2014 (2) - Direct Option-Growth Option;INF179KA17G5;;11.7463;0.0000;0.0000;28-Dec-2015
127758;HDFC FMP 371D February 2014 (2) - Regular Option-Growth Option;INF179KA11H6;;11.7308;0.0000;0.0000;28-Dec-2015
126402;HDFC FMP 371D January 2014 (1) - Direct Option-Dividend Option;INF179KA1U40;;10.8242;0.0000;0.0000;28-Dec-2015
126400;HDFC FMP 371D January 2014 (1) - Direct Option-Growth Option;INF179KA1U32;;11.8489;0.0000;0.0000;28-Dec-2015
126403;HDFC FMP 371D January 2014 (1) - Regular Option-Dividend Option;INF179KA1U08;;10.8142;0.0000;0.0000;28-Dec-2015
126405;HDFC FMP 371D January 2014 (1) - Regular Option-Growth Option;INF179KA1U73;;11.8316;0.0000;0.0000;28-Dec-2015
126401;HDFC FMP 371D January 2014 (1) - Regular Option-Quarterly Dividend Option;INF179KA1U16;;10.2024;0.0000;0.0000;28-Dec-2015
126877;HDFC FMP 371D January 2014 (2) - Direct Option-Dividend Option;INF179KA1Y87;;10.7711;0.0000;0.0000;28-Dec-2015
126879;HDFC FMP 371D January 2014 (2) - Direct Option-Growth Option;INF179KA1Y79;;11.8228;0.0000;0.0000;28-Dec-2015
126883;HDFC FMP 371D January 2014 (2) - Regular Option-Growth Option;INF179KA1Z11;;11.8063;0.0000;0.0000;28-Dec-2015
126884;HDFC FMP 371D January 2014 (2) - Regular Option-Quarterly Dividend Option;INF179KA1Y53;;10.1975;0.0000;0.0000;28-Dec-2015
122985;HDFC FMP 371D July 2013 (1)-Direct Option-Dividend Option;INF179KA1UQ1;;11.3512;0.0000;0.0000;28-Dec-2015
122986;HDFC FMP 371D July 2013 (1)-Direct Option-Flexi Option;INF179KA1UO6;;12.4350;0.0000;0.0000;28-Dec-2015
122989;HDFC FMP 371D July 2013 (1)-Direct Option-Growth Option;INF179KA1UP3;;12.4350;0.0000;0.0000;28-Dec-2015
122984;HDFC FMP 371D July 2013 (1)-Regular Option-Dividend Option;INF179KA1UU3;;11.3355;0.0000;0.0000;28-Dec-2015
122988;HDFC FMP 371D July 2013 (1)-Regular Option-Flexi Option;INF179KA1US7;;12.4132;0.0000;0.0000;28-Dec-2015
122983;HDFC FMP 371D July 2013 (1)-Regular Option-Growth Option;INF179KA1UT5;;12.4132;0.0000;0.0000;28-Dec-2015
122987;HDFC FMP 371D July 2013 (1)-Regular Option-Quarterly Dividend Option;INF179KA1UV1;;10.2430;0.0000;0.0000;28-Dec-2015
130151;HDFC FMP 371D JUNE 2014(1) - Direct Option - Growth Option;INF179KB1ED2;;11.4006;0.0000;0.0000;28-Dec-2015
130152;HDFC FMP 371D JUNE 2014(1) - Direct Option - Quarterly Dividend Option;INF179KB1EF7;;10.2186;0.0000;0.0000;28-Dec-2015
130153;HDFC FMP 371D JUNE 2014(1) - Regular Option - Dividend Option;INF179KB1EA8;;10.4512;0.0000;0.0000;28-Dec-2015
130156;HDFC FMP 371D JUNE 2014(1) - Regular Option - Growth Option;INF179KB1EH3;;11.3887;0.0000;0.0000;28-Dec-2015
130215;HDFC FMP 371D June 2014 (2)-Direct Option-Dividend Option;INF179KB1EM3;;10.4380;0.0000;0.0000;28-Dec-2015
130214;HDFC FMP 371D June 2014 (2)-Direct Option-Flexi Option;INF179KB1EK7;;11.3910;0.0000;0.0000;28-Dec-2015
130218;HDFC FMP 371D June 2014 (2)-Direct Option-Growth Option;INF179KB1EL5;;11.3910;0.0000;0.0000;28-Dec-2015
130216;HDFC FMP 371D June 2014 (2)-Regular Option-Dividend Option;INF179KB1EI1;;10.4327;0.0000;0.0000;28-Dec-2015
130211;HDFC FMP 371D June 2014 (2)-Regular Option-Growth Option;INF179KB1EP6;;11.3794;0.0000;0.0000;28-Dec-2015
130430;HDFC FMP 371D June 2014 (3) - Direct Option - Dividend Option;INF179KB1FK4;;10.3933;0.0000;0.0000;28-Dec-2015
130432;HDFC FMP 371D June 2014 (3) - Direct Option - Flexi Option;INF179KB1FI8;;11.3311;0.0000;0.0000;28-Dec-2015
130431;HDFC FMP 371D June 2014 (3) - Direct Option - Growth Option;INF179KB1FJ6;;11.3311;0.0000;0.0000;28-Dec-2015
130433;HDFC FMP 371D June 2014 (3) - Direct Option - Quarterly Dividend Option;INF179KB1FL2;;10.2090;0.0000;0.0000;28-Dec-2015
130434;HDFC FMP 371D June 2014 (3) - Regular Option - Dividend Option;INF179KB1FG2;;10.3883;0.0000;0.0000;28-Dec-2015
130436;HDFC FMP 371D June 2014 (3) - Regular Option - Growth Option;INF179KB1FN8;;11.3200;0.0000;0.0000;28-Dec-2015
130437;HDFC FMP 371D June 2014 (3) - Regular Option - Quarterly Dividend Option;INF179KB1FH0;;10.2063;0.0000;0.0000;28-Dec-2015
129907;HDFC FMP 371D MAY 2014 (1)-Direct Option-Dividend Option;INF179KB1CF1;;10.4693;0.0000;0.0000;28-Dec-2015
129910;HDFC FMP 371D MAY 2014 (1)-Direct Option-Growth Option;INF179KB1CE4;;11.4376;0.0000;0.0000;28-Dec-2015
129904;HDFC FMP 371D MAY 2014 (1)-Direct Option-Quarterly Dividend Option;INF179KB1CG9;;10.2073;0.0000;0.0000;28-Dec-2015
129905;HDFC FMP 371D MAY 2014 (1)-Regular Dividend-Dividend Option;INF179KB1CJ3;;10.4663;0.0000;0.0000;28-Dec-2015
129906;HDFC FMP 371D MAY 2014 (1)-Regular Option-Flexi Option;INF179KB1CH7;;11.4252;0.0000;0.0000;28-Dec-2015
129911;HDFC FMP 371D MAY 2014 (1)-Regular Option-Growth Option;INF179KB1CI5;;11.4252;0.0000;0.0000;28-Dec-2015
129909;HDFC FMP 371D MAY 2014 (1)-Regular Option-Quarterly Dividend Option;INF179KB1CK1;;10.2044;0.0000;0.0000;28-Dec-2015
125321;HDFC FMP 371D November 2013 (1)-Direct Option-Dividend Option;INF179KA1H39;;10.9823;0.0000;0.0000;28-Dec-2015
125322;HDFC FMP 371D November 2013 (1)-Direct Option-Flexi Option;INF179KA1H13;;11.9723;0.0000;0.0000;28-Dec-2015
125323;HDFC FMP 371D November 2013 (1)-Direct Option-Growth Option;INF179KA1H21;;11.9723;0.0000;0.0000;28-Dec-2015
125324;HDFC FMP 371D November 2013 (1)-Direct Option-Quarterly Dividend Option;INF179KA1H47;;10.1933;0.0000;0.0000;28-Dec-2015
125325;HDFC FMP 371D November 2013 (1)-Regular Option-Dividend Option;INF179KA1G97;;10.9702;0.0000;0.0000;28-Dec-2015
125327;HDFC FMP 371D November 2013 (1)-Regular Option-Growth Option;INF179KA1H62;;11.9529;0.0000;0.0000;28-Dec-2015
125363;HDFC FMP 371D November 2013 (2)-Direct Option-Dividend Option;INF179KA1J37;;10.9671;0.0000;0.0000;28-Dec-2015
125360;HDFC FMP 371D November 2013 (2)-Direct Option-Growth Option;INF179KA1J29;;11.9772;0.0000;0.0000;28-Dec-2015
125361;HDFC FMP 371D November 2013 (2)-Direct Option-Quarterly Dividend Option;INF179KA1J45;;10.1922;0.0000;0.0000;28-Dec-2015
125365;HDFC FMP 371D November 2013 (2)-Regular Option-Growth Option;INF179KA1J60;;11.9578;0.0000;0.0000;28-Dec-2015
125366;HDFC FMP 371D November 2013 (2)-Regular Option-Quarterly Dividend Option;INF179KA1J03;;10.1897;0.0000;0.0000;28-Dec-2015
126147;HDFC FMP 372D December 2013 (1)-Direct Option-Dividend Option;INF179KA1S44;;10.8706;0.0000;0.0000;28-Dec-2015
126148;HDFC FMP 372D December 2013 (1)-Direct Option-Flexi Option;INF179KA1S28;;11.9071;0.0000;0.0000;28-Dec-2015
126149;HDFC FMP 372D December 2013 (1)-Direct Option-Growth Option;INF179KA1S36;;11.9071;0.0000;0.0000;28-Dec-2015
126153;HDFC FMP 372D December 2013 (1)-Regular Option-Growth Option;INF179KA1S77;;11.8893;0.0000;0.0000;28-Dec-2015
126154;HDFC FMP 372D December 2013 (1)-Regular Option-Quarterly Dividend Option;INF179KA1S10;;10.1963;0.0000;0.0000;28-Dec-2015
126240;HDFC FMP 372D December 2013 (2) - Direct Option-Dividend Option;INF179KA1T27;;10.8448;0.0000;0.0000;28-Dec-2015
126247;HDFC FMP 372D December 2013 (2) - Direct Option-Flexi Option;INF179KA1T01;;11.8837;0.0000;0.0000;28-Dec-2015
126241;HDFC FMP 372D December 2013 (2) - Direct Option-Growth Option;INF179KA1T19;;11.8837;0.0000;0.0000;28-Dec-2015
126242;HDFC FMP 372D December 2013 (2) - Direct Option-Quarterly Dividend Option;INF179KA1T35;;10.1938;0.0000;0.0000;28-Dec-2015
126244;HDFC FMP 372D December 2013 (2) - Regular Option-Flexi Option;INF179KA1T43;;11.8660;0.0000;0.0000;28-Dec-2015
126245;HDFC FMP 372D December 2013 (2) - Regular Option-Growth Option;INF179KA1T50;;11.8660;0.0000;0.0000;28-Dec-2015
126246;HDFC FMP 372D December 2013 (2) - Regular Option-Quarterly Dividend Option;INF179KA1S93;;10.1913;0.0000;0.0000;28-Dec-2015
127025;HDFC FMP 372D February 2014 (1) - Direct Option-Dividend Option;INF179KA1Z60;;10.7638;0.0000;0.0000;28-Dec-2015
127019;HDFC FMP 372D February 2014 (1) - Direct Option-Flexi Option;INF179KA1Z45;;11.8210;0.0000;0.0000;28-Dec-2015
127020;HDFC FMP 372D February 2014 (1) - Direct Option-Growth Option;INF179KA1Z52;;11.8210;0.0000;0.0000;28-Dec-2015
127023;HDFC FMP 372D February 2014 (1) - Regular Option-Flexi Option;INF179KA1Z86;;11.8046;0.0000;0.0000;28-Dec-2015
127026;HDFC FMP 372D February 2014 (1) - Regular Option-Growth Option;INF179KA1Z94;;11.8046;0.0000;0.0000;28-Dec-2015
127024;HDFC FMP 372D February 2014 (1) - Regular Option-Quarterly Dividend Option;INF179KA1Z37;;10.1989;0.0000;0.0000;28-Dec-2015
126609;HDFC FMP 372D January 2014 (1)-Direct Option-Dividend Option;INF179KA1X21;;10.7698;0.0000;0.0000;28-Dec-2015
126608;HDFC FMP 372D January 2014 (1)-Direct Option-Flexi Option;INF179KA1X05;;11.7962;0.0000;0.0000;28-Dec-2015
126606;HDFC FMP 372D January 2014 (1)-Direct Option-Growth Option;INF179KA1X13;;11.7962;0.0000;0.0000;28-Dec-2015
126607;HDFC FMP 372D January 2014 (1)-Direct Option-Quarterly Dividend Option;INF179KA1X39;;10.2062;0.0000;0.0000;28-Dec-2015
126603;HDFC FMP 372D January 2014 (1)-Regular Option-Dividend Option;INF179KA1W89;;10.7602;0.0000;0.0000;28-Dec-2015
126602;HDFC FMP 372D January 2014 (1)-Regular Option-Growth Option;INF179KA1X54;;11.7793;0.0000;0.0000;28-Dec-2015
126604;HDFC FMP 372D January 2014 (1)-Regular Option-Quarterly Dividend Option;INF179KA1W97;;10.2036;0.0000;0.0000;28-Dec-2015
124963;HDFC FMP 372D October 2013 (1) - Direct Option - Dividend Option;INF179KA1B84;;11.0999;0.0000;0.0000;28-Dec-2015
124968;HDFC FMP 372D October 2013 (1) - Direct Option - Growth Option;INF179KA1B76;;12.1088;0.0000;0.0000;28-Dec-2015
124965;HDFC FMP 372D October 2013 (1) - Regular Option - Flexi Option;INF179KA1C00;;12.0884;0.0000;0.0000;28-Dec-2015
124966;HDFC FMP 372D October 2013 (1) - Regular Option - Growth Option;INF179KA1C18;;12.0884;0.0000;0.0000;28-Dec-2015
128929;HDFC FMP 377D March 2014 (1)-Direct Option-Growth Option;INF179KA17R2;;11.5837;0.0000;0.0000;28-Dec-2015
128923;HDFC FMP 377D March 2014 (1)-Regular Option-Dividend Option;INF179KA14R9;;10.5702;0.0000;0.0000;28-Dec-2015
128925;HDFC FMP 377D March 2014 (1)-Regular Option-Flexi Option;INF179KA10S5;;11.5337;0.0000;0.0000;28-Dec-2015
128922;HDFC FMP 377D March 2014 (1)-Regular Option-Growth Option;INF179KA11S3;;11.5337;0.0000;0.0000;28-Dec-2015
128776;HDFC FMP 378D March 2014 (1) - Direct Option-Dividend Option;INF179KA10R7;;10.5750;0.0000;0.0000;28-Dec-2015
128779;HDFC FMP 378D March 2014 (1) - Direct Option-Growth Option;INF179KA19Q0;;11.5887;0.0000;0.0000;28-Dec-2015
128778;HDFC FMP 378D March 2014 (1) - Regular Option-Dividend Option;INF179KA16Q6;;10.5674;0.0000;0.0000;28-Dec-2015
128780;HDFC FMP 378D March 2014 (1) - Regular Option-Flexi Option;INF179KA12R3;;11.5384;0.0000;0.0000;28-Dec-2015
128781;HDFC FMP 378D March 2014 (1) - Regular Option-Growth Option;INF179KA13R1;;11.5384;0.0000;0.0000;28-Dec-2015
128782;HDFC FMP 378D March 2014 (1) - Regular Option-Quarterly Dividend Option;INF179KA17Q4;;10.2049;0.0000;0.0000;28-Dec-2015
128790;HDFC FMP 384D March 2014 (1) - Direct Option-Flexi Option;INF179KA10Q9;;11.6219;0.0000;0.0000;28-Dec-2015
128791;HDFC FMP 384D March 2014 (1) - Direct Option-Growth Option;INF179KA11Q7;;11.6219;0.0000;0.0000;28-Dec-2015
128786;HDFC FMP 384D March 2014 (1) - Regular Option-Dividend Option;INF179KA18P4;;10.5679;0.0000;0.0000;28-Dec-2015
128788;HDFC FMP 384D March 2014 (1) - Regular Option-Growth Option;INF179KA15Q8;;11.5703;0.0000;0.0000;28-Dec-2015
128599;HDFC FMP 390D March 2014 (1) - Direct Option-Dividend Option;INF179KA14P3;;10.5726;0.0000;0.0000;28-Dec-2015
128598;HDFC FMP 390D March 2014 (1) - Direct Option-Flexi Option;INF179KA12P7;;11.6515;0.0000;0.0000;28-Dec-2015
128600;HDFC FMP 390D March 2014 (1) - Direct Option-Growth Option;INF179KA13P5;;11.6515;0.0000;0.0000;28-Dec-2015
128602;HDFC FMP 390D March 2014 (1) - Regular Option-Dividend Option;INF179KA10P1;;10.5695;0.0000;0.0000;28-Dec-2015
128603;HDFC FMP 390D March 2014 (1) - Regular Option-Flexi Option;INF179KA16P8;;11.5996;0.0000;0.0000;28-Dec-2015
128604;HDFC FMP 390D March 2014 (1) - Regular Option-Growth Option;INF179KA17P6;;11.5996;0.0000;0.0000;28-Dec-2015
128269;HDFC FMP 400D March 2014 (1)-Direct Option-Dividend Option;INF179KA12U7;;10.5528;0.0000;0.0000;28-Dec-2015
128271;HDFC FMP 400D March 2014 (1)-Direct Option-Growth Option;INF179KA11U9;;11.6691;0.0000;0.0000;28-Dec-2015
128273;HDFC FMP 400D March 2014 (1)-Regular Option-Dividend Option;INF179KA18T6;;10.5454;0.0000;0.0000;28-Dec-2015
128274;HDFC FMP 400D March 2014 (1)-Regular Option-Flexi Option;INF179KA14U3;;11.6161;0.0000;0.0000;28-Dec-2015
128275;HDFC FMP 400D March 2014 (1)-Regular Option-Growth Option;INF179KA15U0;;11.6161;0.0000;0.0000;28-Dec-2015
127765;HDFC FMP 434D February 2014 (1)-Direct Option-Growth Option;INF179KB1065;;11.7704;0.0000;0.0000;28-Dec-2015
127762;HDFC FMP 434D February 2014 (1)-Regular Option-Dividend Option;INF179KB1032;;10.5360;0.0000;0.0000;28-Dec-2015
127767;HDFC FMP 434D February 2014 (1)-Regular Option-Growth Option;INF179KB1107;;11.7138;0.0000;0.0000;28-Dec-2015
127936;HDFC FMP 435D March 2014 (1)-Direct Option-Dividend Option;INF179KB1AD0;;10.5320;0.0000;0.0000;28-Dec-2015
127937;HDFC FMP 435D March 2014 (1)-Direct Option-Flexi Option;INF179KB1AB4;;11.7549;0.0000;0.0000;28-Dec-2015
127935;HDFC FMP 435D March 2014 (1)-Direct Option-Growth Option;INF179KB1AC2;;11.7549;0.0000;0.0000;28-Dec-2015
127930;HDFC FMP 435D March 2014 (1)-Direct Option-Quarterly Dividend Option;INF179KB1AE8;;10.2205;0.0000;0.0000;28-Dec-2015
127932;HDFC FMP 435D March 2014 (1)-Regular Option-Dividend Option;INF179KB1982;;10.5256;0.0000;0.0000;28-Dec-2015
127934;HDFC FMP 435D March 2014 (1)-Regular Option-Flexi Option;INF179KB1AF5;;11.6987;0.0000;0.0000;28-Dec-2015
127931;HDFC FMP 435D March 2014 (1)-Regular Option-Growth Option;INF179KB1AG3;;11.6987;0.0000;0.0000;28-Dec-2015
127933;HDFC FMP 435D March 2014 (1)-Regular Option-Quarterly Dividend Option;INF179KB1990;;10.2183;0.0000;0.0000;28-Dec-2015
127432;HDFC FMP 441D February 2014 (1) - Direct Option-Dividend Option;INF179KB1230;;10.5488;0.0000;0.0000;28-Dec-2015
127434;HDFC FMP 441D February 2014 (1) - Direct Option-Growth Option;INF179KB1222;;11.7995;0.0000;0.0000;28-Dec-2015
127436;HDFC FMP 441D February 2014 (1) - Regular Option-Dividend Option;INF179KB1198;;10.5420;0.0000;0.0000;28-Dec-2015
127437;HDFC FMP 441D February 2014 (1) - Regular Option-Flexi Option;INF179KB1255;;11.7420;0.0000;0.0000;28-Dec-2015
127438;HDFC FMP 441D February 2014 (1) - Regular Option-Growth Option;INF179KB1263;;11.7420;0.0000;0.0000;28-Dec-2015
127439;HDFC FMP 441D February 2014 (1) - Regular Option-Quarterly Dividend Option;INF179KB1206;;10.2117;0.0000;0.0000;28-Dec-2015
127219;HDFC FMP 447D February 2014 (1) - Direct Option-Dividend Option;INF179KB1156;;10.5486;0.0000;0.0000;28-Dec-2015
127221;HDFC FMP 447D February 2014 (1) - Direct Option-Growth Option;INF179KB1149;;11.7987;0.0000;0.0000;28-Dec-2015
127222;HDFC FMP 447D February 2014 (1) - Direct Option-Quarterly Dividend Option;INF179KB1164;;10.2132;0.0000;0.0000;28-Dec-2015
127223;HDFC FMP 447D February 2014 (1) - Regular Option-Dividend Option;INF179KB1115;;10.5419;0.0000;0.0000;28-Dec-2015
127225;HDFC FMP 447D February 2014 (1) - Regular Option-Growth Option;INF179KB1180;;11.7405;0.0000;0.0000;28-Dec-2015
127226;HDFC FMP 447D February 2014 (1) - Regular Option-Quarterly Dividend Option;INF179KB1123;;10.2728;0.0000;0.0000;28-Dec-2015
127011;HDFC FMP 453D February 2014 (1) - Direct Option-Dividend Option;INF179KA18Z3;;10.5449;0.0000;0.0000;28-Dec-2015
127012;HDFC FMP 453D February 2014 (1) - Direct Option-Growth Option;INF179KA17Z5;;11.8141;0.0000;0.0000;28-Dec-2015
127007;HDFC FMP 453D February 2014 (1) - Regular Option-Dividend Option;INF179KA14Z2;;10.5385;0.0000;0.0000;28-Dec-2015
127008;HDFC FMP 453D February 2014 (1) - Regular Option-Flexi Option;INF179KB1016;;11.7553;0.0000;0.0000;28-Dec-2015
127009;HDFC FMP 453D February 2014 (1) - Regular Option-Growth Option;INF179KB1024;;11.7553;0.0000;0.0000;28-Dec-2015
127010;HDFC FMP 453D February 2014 (1) - Regular Option-Quarterly Dividend Option;INF179KA15Z9;;10.2340;0.0000;0.0000;28-Dec-2015
126775;HDFC FMP 472D January 2014 (1) - Direct Option-Growth Option;INF179KB1933;;11.8117;0.0000;0.0000;28-Dec-2015
126778;HDFC FMP 472D January 2014 (1) - Regular Option-Flexi Option;INF179KB1966;;11.7509;0.0000;0.0000;28-Dec-2015
126779;HDFC FMP 472D January 2014 (1) - Regular Option-Growth Option;INF179KB1974;;11.7509;0.0000;0.0000;28-Dec-2015
126780;HDFC FMP 472D January 2014 (1) - Regular Option-Quarterly Dividend Option;INF179KB1917;;10.2068;0.0000;0.0000;28-Dec-2015
126622;HDFC FMP 478D January 2014 (1) - Direct Option-Flexi Option;INF179KB1AZ3;;11.8352;0.0000;0.0000;28-Dec-2015
126623;HDFC FMP 478D January 2014 (1) - Direct Option-Growth Option;INF179KB1BA4;;11.8352;0.0000;0.0000;28-Dec-2015
126620;HDFC FMP 478D January 2014 (1) - Regular Option-Dividend Option;INF179KB1AX8;;10.5148;0.0000;0.0000;28-Dec-2015
126626;HDFC FMP 478D January 2014 (1) - Regular Option-Growth Option;INF179KB1BE6;;11.7738;0.0000;0.0000;28-Dec-2015
126494;HDFC FMP 491D January 2014 (1) - Direct Option-Dividend Option;INF179KB1867;;10.5319;0.0000;0.0000;28-Dec-2015
126487;HDFC FMP 491D January 2014 (1) - Direct Option-Growth Option;INF179KB1859;;11.8787;0.0000;0.0000;28-Dec-2015
126488;HDFC FMP 491D January 2014 (1) - Direct Option-Quarterly Dividend Option;INF179KB1875;;10.2256;0.0000;0.0000;28-Dec-2015
126489;HDFC FMP 491D January 2014 (1) - Regular Option-Dividend Option;INF179KB1826;;10.5251;0.0000;0.0000;28-Dec-2015
126491;HDFC FMP 491D January 2014 (1) - Regular Option-Growth Option;INF179KB1891;;11.8156;0.0000;0.0000;28-Dec-2015
126492;HDFC FMP 491D January 2014 (1) - Regular Option-Quarterly Dividend Option;INF179KB1834;;10.2429;0.0000;0.0000;28-Dec-2015
126139;HDFC FMP 504D December 2013 (1)-Direct Option-Dividend Option;INF179KB1AA6;;10.5306;0.0000;0.0000;28-Dec-2015
126141;HDFC FMP 504D December 2013 (1)-Direct Option-Growth Option;INF179KB1784;;11.9116;0.0000;0.0000;28-Dec-2015
126142;HDFC FMP 504D December 2013 (1)-Direct Option-Quarterly Dividend Option;INF179KB1792;;10.2398;0.0000;0.0000;28-Dec-2015
126143;HDFC FMP 504D December 2013 (1)-Regular Option-Dividend Option;INF179KB1750;;10.5241;0.0000;0.0000;28-Dec-2015
126144;HDFC FMP 504D December 2013 (1)-Regular Option-Flexi Option;INF179KB1800;;11.8468;0.0000;0.0000;28-Dec-2015
126145;HDFC FMP 504D December 2013 (1)-Regular Option-Growth Option;INF179KB1818;;11.8468;0.0000;0.0000;28-Dec-2015
126146;HDFC FMP 504D December 2013 (1)-Regular Option-Quarterly Dividend Option;INF179KB1768;;10.2838;0.0000;0.0000;28-Dec-2015
125984;HDFC FMP 531D December 2013 (1)-Direct Option-Dividend Option;INF179KB1CN5;;10.4809;0.0000;0.0000;28-Dec-2015
125986;HDFC FMP 531D December 2013 (1)-Direct Option-Growth Option;INF179KB1CM7;;11.9385;0.0000;0.0000;28-Dec-2015
125981;HDFC FMP 531D December 2013 (1)-Direct Option-Quarterly Dividend Option;INF179KB1CO3;;10.2103;0.0000;0.0000;28-Dec-2015
125987;HDFC FMP 531D December 2013 (1)-Regular Option-Dividend Option;INF179KB1CR6;;10.4749;0.0000;0.0000;28-Dec-2015
125982;HDFC FMP 531D December 2013 (1)-Regular Option-Growth Option;INF179KB1CQ8;;11.8711;0.0000;0.0000;28-Dec-2015
125983;HDFC FMP 531D December 2013 (1)-Regular Option-Quarterly Dividend Option;INF179KB1CS4;;10.3553;0.0000;0.0000;28-Dec-2015
125536;HDFC FMP 538D November 2013 (1) - Direct Option-Flexi Option;INF179KB1AR0;;11.9932;0.0000;0.0000;28-Dec-2015
125537;HDFC FMP 538D November 2013 (1) - Direct Option-Growth Option;INF179KB1AS8;;11.9932;0.0000;0.0000;28-Dec-2015
125539;HDFC FMP 538D November 2013 (1) - Regular Option-Dividend Option;INF179KB1AP4;;10.5122;0.0000;0.0000;28-Dec-2015
125541;HDFC FMP 538D November 2013 (1) - Regular Option-Growth Option;INF179KB1AW0;;11.9242;0.0000;0.0000;28-Dec-2015
125542;HDFC FMP 538D November 2013 (1) - Regular Option-Quarterly Dividend Option;INF179KB1AQ2;;10.2509;0.0000;0.0000;28-Dec-2015
125737;HDFC FMP 540D December 2013 (1) - Direct Option-Dividend Option;INF179KB1CV8;;10.4812;0.0000;0.0000;28-Dec-2015
125738;HDFC FMP 540D December 2013 (1) - Direct Option-Flexi Option;INF179KB1CT2;;11.9470;0.0000;0.0000;28-Dec-2015
125743;HDFC FMP 540D December 2013 (1) - Direct Option-Growth Option;INF179KB1CU0;;11.9470;0.0000;0.0000;28-Dec-2015
125744;HDFC FMP 540D December 2013 (1) - Direct Option-Quarterly Dividend Option;INF179KB1CW6;;10.2073;0.0000;0.0000;28-Dec-2015
125739;HDFC FMP 540D December 2013 (1) - Regular Option-Dividend Option;INF179KB1CZ9;;10.4750;0.0000;0.0000;28-Dec-2015
125741;HDFC FMP 540D December 2013 (1) - Regular Option-Growth Option;INF179KB1CY2;;11.8785;0.0000;0.0000;28-Dec-2015
125742;HDFC FMP 540D December 2013 (1) - Regular Option-Quarterly Dividend Option;INF179KB1DA0;;10.2756;0.0000;0.0000;28-Dec-2015
125334;HDFC FMP 554D November 2013 (1)-Direct Option-Dividend Option;INF179KB1AL3;;10.5186;0.0000;0.0000;28-Dec-2015
125335;HDFC FMP 554D November 2013 (1)-Direct Option-Flexi Option;INF179KB1AJ7;;12.0243;0.0000;0.0000;28-Dec-2015
125336;HDFC FMP 554D November 2013 (1)-Direct Option-Growth Option;INF179KB1AK5;;12.0243;0.0000;0.0000;28-Dec-2015
125329;HDFC FMP 554D November 2013 (1)-Direct Option-Quarterly Dividend Option;INF179KB1AM1;;10.2866;0.0000;0.0000;28-Dec-2015
125330;HDFC FMP 554D November 2013 (1)-Regular Option-Dividend Option;INF179KB1AH1;;10.5123;0.0000;0.0000;28-Dec-2015
125331;HDFC FMP 554D November 2013 (1)-Regular Option-Flexi Option;INF179KB1AN9;;11.9542;0.0000;0.0000;28-Dec-2015
125332;HDFC FMP 554D November 2013 (1)-Regular Option-Growth Option;INF179KB1AO7;;11.9542;0.0000;0.0000;28-Dec-2015
125333;HDFC FMP 554D November 2013 (1)-Regular Option-Quarterly Dividend Option;INF179KB1AI9;;10.5123;0.0000;0.0000;28-Dec-2015
124981;HDFC FMP 572D October 2013 (1) - Direct Option - Dividend Option;INF179KB1552;;10.5331;0.0000;0.0000;28-Dec-2015
124987;HDFC FMP 572D October 2013 (1) - Direct Option - Flexi Option;INF179KB1537;;12.1034;0.0000;0.0000;28-Dec-2015
124988;HDFC FMP 572D October 2013 (1) - Direct Option - Growth Option;INF179KB1545;;12.1034;0.0000;0.0000;28-Dec-2015
124982;HDFC FMP 572D October 2013 (1) - Direct Option - Quarterly Dividend Option;INF179KB1560;;10.2210;0.0000;0.0000;28-Dec-2015
124983;HDFC FMP 572D October 2013 (1) - Regular Option - Dividend Option;INF179KB1511;;10.5266;0.0000;0.0000;28-Dec-2015
124984;HDFC FMP 572D October 2013 (1) - Regular Option - Flexi Option;INF179KB1578;;12.0203;0.0000;0.0000;28-Dec-2015
124985;HDFC FMP 572D October 2013 (1) - Regular Option - Growth Option;INF179KB1586;;12.0203;0.0000;0.0000;28-Dec-2015
124986;HDFC FMP 572D October 2013 (1) - Regular Option - Quarterly Dividend Option;INF179KB1529;;10.2581;0.0000;0.0000;28-Dec-2015
129475;HDFC FMP 730D APRIL 2014 (1) - Direct Option - Flexi Option;INF179KA1NJ1;;11.5712;0.0000;0.0000;28-Dec-2015
129476;HDFC FMP 730D APRIL 2014 (1) - Direct Option - Growth Option;INF179KA1NG7;;11.5712;0.0000;0.0000;28-Dec-2015
129477;HDFC FMP 730D APRIL 2014 (1) - Direct Option - Quarterly Dividend Option;INF179KA1NI3;;10.2785;0.0000;0.0000;28-Dec-2015
129474;HDFC FMP 730D APRIL 2014 (1) - Direct Option Dividend Option;INF179KA1NH5;;11.5712;0.0000;0.0000;28-Dec-2015
129478;HDFC FMP 730D APRIL 2014 (1) - Regular Option - Dividend Option;INF179KA1NL7;;11.4950;0.0000;0.0000;28-Dec-2015
129481;HDFC FMP 730D APRIL 2014 (1) - Regular Option - Flexi Option;INF179KA1NN3;;11.4950;0.0000;0.0000;28-Dec-2015
129479;HDFC FMP 730D APRIL 2014 (1) - Regular Option - Growth Option;INF179KA1NK9;;11.4950;0.0000;0.0000;28-Dec-2015
129480;HDFC FMP 730D APRIL 2014 (1) - Regular Option - Quarterly Dividend Option;INF179KA1NM5;;10.2681;0.0000;0.0000;28-Dec-2015
125004;HDFC FMP 737D October 2013 (1) - Direct Option - Growth Option;INF179KB1JY7;;12.0984;0.0000;0.0000;28-Dec-2015
125002;HDFC FMP 737D October 2013 (1) - Regular Option - Growth Option;INF179KB1KB3;;11.9981;0.0000;0.0000;28-Dec-2015
124542;HDFC FMP 742D September 2013 (1)-Direct Option-Dividend Option;INF179KB1IZ6;;10.1482;0.0000;0.0000;28-Dec-2015
124540;HDFC FMP 742D September 2013 (1)-Direct Option-Growth Option;INF179KB1IY9;;12.2544;0.0000;0.0000;28-Dec-2015
124545;HDFC FMP 742D September 2013 (1)-Regular Option-Growth Option;INF179KB1JC3;;12.1900;0.0000;0.0000;28-Dec-2015
130165;HDFC FMP 747D June 2014 (1)-Direct Option-Dividend Option;INF179KA1QH8;;11.4497;0.0000;0.0000;28-Dec-2015
130166;HDFC FMP 747D June 2014 (1)-Direct Option-Flexi Option;INF179KA1QJ4;;11.4497;0.0000;0.0000;28-Dec-2015
130163;HDFC FMP 747D June 2014 (1)-Direct Option-Growth Option;INF179KA1QG0;;11.4497;0.0000;0.0000;28-Dec-2015
130161;HDFC FMP 747D June 2014 (1)-Direct Option-Quarterly Dividend Option;INF179KA1QI6;;10.2453;0.0000;0.0000;28-Dec-2015
130167;HDFC FMP 747D June 2014 (1)-Regular Dividend-Dividend Option;INF179KA1QL0;;11.3960;0.0000;0.0000;28-Dec-2015
130162;HDFC FMP 747D June 2014 (1)-Regular Option-Flexi Option;INF179KA1QN6;;11.3960;0.0000;0.0000;28-Dec-2015
130168;HDFC FMP 747D June 2014 (1)-Regular Option-Growth Option;INF179KA1QK2;;11.3960;0.0000;0.0000;28-Dec-2015
130164;HDFC FMP 747D June 2014 (1)-Regular Option-Quarterly Dividend Option;INF179KA1QM8;;10.2375;0.0000;0.0000;28-Dec-2015
130424;HDFC FMP 750D June 2014 (1) - Direct Option - Dividend Option;INF179KA1TB5;;11.3921;0.0000;0.0000;28-Dec-2015
130425;HDFC FMP 750D June 2014 (1) - Direct Option - Growth Option;INF179KA1TA7;;11.3921;0.0000;0.0000;28-Dec-2015
130426;HDFC FMP 750D June 2014 (1) - Direct Option - Quarterly Dividend Option;INF179KA1TC3;;10.2459;0.0000;0.0000;28-Dec-2015
130422;HDFC FMP 750D June 2014 (1) - Regular Option - Dividend Option;INF179KA1TF6;;11.3418;0.0000;0.0000;28-Dec-2015
130423;HDFC FMP 750D June 2014 (1) - Regular Option - Flexi Option;INF179KA1TH2;;11.3418;0.0000;0.0000;28-Dec-2015
130427;HDFC FMP 750D June 2014 (1) - Regular Option - Growth Option;INF179KA1TE9;;11.3418;0.0000;0.0000;28-Dec-2015
130428;HDFC FMP 750D June 2014 (1) - Regular Option - Quarterly Dividend Option;INF179KA1TG4;;10.2385;0.0000;0.0000;28-Dec-2015
127562;HDFC FMP 793D February 2014 (1) - Direct Option-Dividend Option;INF179KB1QB0;;12.1536;0.0000;0.0000;28-Dec-2015
127556;HDFC FMP 793D February 2014 (1) - Direct Option-Flexi Option;INF179KB1PZ1;;12.1536;0.0000;0.0000;28-Dec-2015
127557;HDFC FMP 793D February 2014 (1) - Direct Option-Growth Option;INF179KB1QA2;;12.1536;0.0000;0.0000;28-Dec-2015
127558;HDFC FMP 793D February 2014 (1) - Direct Option-Quarterly Dividend Option;INF179KA1EN2;;10.2784;0.0000;0.0000;28-Dec-2015
127559;HDFC FMP 793D February 2014 (1) - Regular Option-Dividend Option;INF179KB1PX6;;12.1202;0.0000;0.0000;28-Dec-2015
127563;HDFC FMP 793D February 2014 (1) - Regular Option-Flexi Option;INF179KB1QD6;;12.1202;0.0000;0.0000;28-Dec-2015
127560;HDFC FMP 793D February 2014 (1) - Regular Option-Growth Option;INF179KB1QE4;;12.1202;0.0000;0.0000;28-Dec-2015
127561;HDFC FMP 793D February 2014 (1) - Regular Option-Quarterly Dividend Option;INF179KA1ER3;;10.2744;0.0000;0.0000;28-Dec-2015
126994;HDFC FMP 840D January 2014 (1) - Direct Option-Dividend Option;INF179KA1BG2;;12.0174;0.0000;0.0000;28-Dec-2015
126989;HDFC FMP 840D January 2014 (1) - Direct Option-Growth Option;INF179KA1BF4;;12.0174;0.0000;0.0000;28-Dec-2015
126990;HDFC FMP 840D January 2014 (1) - Direct Option-Quarterly Dividend Option;INF179KA1BH0;;10.3536;0.0000;0.0000;28-Dec-2015
126992;HDFC FMP 840D January 2014 (1) - Regular Option-Dividend Option;INF179KA1BK4;;11.9381;0.0000;0.0000;28-Dec-2015
126991;HDFC FMP 840D January 2014 (1) - Regular Option-Growth Option;INF179KA1BJ6;;11.9381;0.0000;0.0000;28-Dec-2015
126995;HDFC FMP 840D January 2014 (1) - Regular Option-Quarterly Dividend Option;INF179KA1BL2;;10.3445;0.0000;0.0000;28-Dec-2015
125452;HDFC FMP 923D November 2013 (1) - Direct Option-Dividend Option;INF179K019V8;;12.1035;0.0000;0.0000;28-Dec-2015
125453;HDFC FMP 923D November 2013 (1) - Direct Option-Flexi Option;INF179K011W3;;12.1035;0.0000;0.0000;28-Dec-2015
125454;HDFC FMP 923D November 2013 (1) - Direct Option-Growth Option;INF179K018V0;;12.1035;0.0000;0.0000;28-Dec-2015
125455;HDFC FMP 923D November 2013 (1) - Direct Option-Quarterly Dividend Option;INF179K010W5;;10.4361;0.0000;0.0000;28-Dec-2015
125457;HDFC FMP 923D November 2013 (1) - Regular Option-Dividend Option;INF179K013W9;;12.0173;0.0000;0.0000;28-Dec-2015
125458;HDFC FMP 923D November 2013 (1) - Regular Option-Flexi Option;INF179K015W4;;12.0173;0.0000;0.0000;28-Dec-2015
125459;HDFC FMP 923D November 2013 (1) - Regular Option-Growth Option;INF179K012W1;;12.0173;0.0000;0.0000;28-Dec-2015
125456;HDFC FMP 923D November 2013 (1) - Regular Option-Quarterly Dividend Option;INF179K014W7;;10.4271;0.0000;0.0000;28-Dec-2015
105428;HDFC QUARTERLY INTERVAL FUND - PLAN A - RETAIL PLAN - Growth Option;INF179K01GT9;;20.6848;0.0000;0.0000;28-Dec-2015
105429;HDFC QUARTERLY INTERVAL FUND - PLAN A - RETAIL PLAN -Dividend Option;INF179K01GU7;INF179K01GV5;10.0258;0.0000;0.0000;28-Dec-2015
118995;HDFC Quarterly Interval Fund - Plan A-Direct Plan - Retail Dividend Option;INF179K01YE4;INF179K01YF1;10.0305;0.0000;0.0000;28-Dec-2015
118996;HDFC Quarterly Interval Fund - Plan A-Direct Plan - Retail Growth Option;INF179K01YD6;;20.7078;0.0000;0.0000;28-Dec-2015

HSBC Mutual Fund
134184;HSBC Capital Protection Oriented Fund - Series II - Plan I - Dividend;INF336L01JY7;;9.9375;9.9375;9.9375;28-Dec-2015
134263;HSBC Capital Protection Oriented Fund - Series II - Plan I - Growth;INF336L01JX9;;9.9375;9.9375;9.9375;28-Dec-2015
134463;HSBC Capital Protection Oriented Fund - Series II - Plan II - Dividend;INF336L01KC1;;9.7913;9.7913;9.7913;28-Dec-2015
134462;HSBC Capital Protection Oriented Fund - Series II - Plan II - Growth;INF336L01KB3;;9.7913;9.7913;9.7913;28-Dec-2015
127188;HSBC Fixed Term Series 105 - Direct Plan Growth Option;INF336L01HK0;;11.7495;11.7495;11.7495;28-Dec-2015
127187;HSBC Fixed Term Series 105 - Dividend Option;INF336L01HJ2;;10.5521;10.5521;10.5521;28-Dec-2015
127185;HSBC Fixed Term Series 105 - Growth Option;INF336L01HI4;;11.6749;11.6749;11.6749;28-Dec-2015
128247;HSBC Fixed Term Series 107 - Direct Plan Growth Option;INF336L01HQ7;;11.668;11.668;11.668;28-Dec-2015
128246;HSBC Fixed Term Series 107 - Dividend Option;INF336L01HT1;;10.5494;10.5494;10.5494;28-Dec-2015
128245;HSBC Fixed Term Series 107 - Growth Option;INF336L01HS3;;11.5973;11.5973;11.5973;28-Dec-2015
128854;HSBC Fixed Term Series 109 - Direct Plan Growth Option;INF336L01HU9;;11.5741;11.5741;11.5741;28-Dec-2015
128853;HSBC Fixed Term Series 109 - Dividend Option;INF336L01HX3;;10.5471;10.5471;10.5471;28-Dec-2015
128852;HSBC Fixed Term Series 109 - Growth Option;INF336L01HW5;;11.5111;11.5111;11.5111;28-Dec-2015
123251;HSBC Fixed Term Series 91-Dividend;INF336L01FU3;;11.2834;11.2834;11.2834;28-Dec-2015
123253;HSBC Fixed Term Series 91-Growth;INF336L01FV1;;12.3444;12.3444;12.3444;28-Dec-2015
123254;HSBC Fixed Term Series 91-Growth Direct;INF336L01FT5;;12.4353;12.4353;12.4353;28-Dec-2015
123718;HSBC Fixed Term Series 94-Dividend;INF336L01FY5;;11.2286;11.2286;11.2286;28-Dec-2015
123716;HSBC Fixed Term Series 94-Growth;NF336L01FZ2;;12.4157;12.4157;12.4157;28-Dec-2015
123717;HSBC Fixed Term Series 94-Growth Direct;INF336L01FX7;;12.5153;12.5153;12.5153;28-Dec-2015
123722;HSBC Fixed Term Series 95-Dividend;INF336L01GC9;;10.2369;10.2369;10.2369;28-Dec-2015
123721;HSBC Fixed Term Series 95-Growth;INF336L01GD7;;12.4306;12.4306;12.4306;28-Dec-2015
123723;HSBC Fixed Term Series 95-Growth Direct;INF336L01GB1;;12.5122;12.5122;12.5122;28-Dec-2015
124013;HSBC Fixed Term Series 96 - Direct Plan Growth Option;INF336L01GF2;;12.452;12.452;12.452;28-Dec-2015
124010;HSBC Fixed Term Series 96 - Dividend Option;INF336L01GG0;;11.188;11.188;11.188;28-Dec-2015
124012;HSBC Fixed Term Series 96 - Growth Option;INF336L01GH8;;12.3542;12.3542;12.3542;28-Dec-2015
124994;HSBC Fixed Term Series 98 - Direct Plan Growth Option;INF336L01GJ4;;12.1303;12.1303;12.1303;28-Dec-2015
124995;HSBC Fixed Term Series 98 - Dividend Option;INF336L01GK2;;11.0564;11.0564;11.0564;28-Dec-2015
124996;HSBC Fixed Term Series 98 - Growth Option;INF336L01GL0;;12.0423;12.0423;12.0423;28-Dec-2015

ICICI Prudential Mutual Fund
115768;ICICI Prudential Capital Protection Oriented Fund - Series V - 60 Months - Cumulative;INF109K01SX3;;16.5874;N.A.;N.A.;28-Dec-2015
115767;ICICI Prudential Capital Protection Oriented Fund - Series V - 60 Months - Dividend;INF109K01SY1;;16.5874;N.A.;N.A.;28-Dec-2015
130181;ICICI Prudential Capital Protection Oriented Fund Series VI -1100 Days Plan B Cumulative Option;INF109KA1XD8;;11.3447;N.A.;N.A.;28-Dec-2015
130183;ICICI Prudential Capital Protection Oriented Fund Series VI- 1100 Days Plan B Direct Plan Cumulative option;INF109KA1XF3;;11.6183;N.A.;N.A.;28-Dec-2015
130182;ICICI Prudential Capital Protection Oriented Fund Series VI- 1100 Days Plan B Direct Plan Dividend Option;INF109KA1XG1;;11.6183;N.A.;N.A.;28-Dec-2015
130184;ICICI Prudential Capital Protection Oriented Fund Series VI- 1100 Days Plan B Dividend Option;INF109KA1XE6;;11.3447;N.A.;N.A.;28-Dec-2015
130333;ICICI Prudential Capital Protection Oriented Fund - Series VI - 1100 Days Plan D Direct Plan Cumulative Option;INF109KA1XX6;;11.6115;N.A.;N.A.;28-Dec-2015
130335;ICICI Prudential Capital Protection Oriented Fund - Series VI - 1100 Days Plan D Direct Plan Dividend Option;INF109KA1XY4;;11.6115;N.A.;N.A.;28-Dec-2015
130334;ICICI Prudential Capital Protection Oriented Fund - Series VI - 1100 Days Plan D Dividend Option;INF109KA1XW8;;11.3454;N.A.;N.A.;28-Dec-2015
130336;ICICI Prudential Capital Protection Oriented Fund - Series VI -1100 Days Plan D Cumulative Option;INF109KA1XV0;;11.3454;N.A.;N.A.;28-Dec-2015
130642;ICICI Prudential Capital Protection Oriented Fund - Series VI - 1100 Days Plan E Cumulative Option;INF109KA1YZ9;;11.2232;N.A.;N.A.;28-Dec-2015
130641;ICICI Prudential Capital Protection Oriented Fund - Series VI - 1100 Days Plan E Direct Plan Cumulative Option;INF109KA1ZB7;;11.4779;N.A.;N.A.;28-Dec-2015
130643;ICICI Prudential Capital Protection Oriented Fund - Series VI - 1100 Days Plan E Dividend Option;INF109KA1ZA9;;11.2232;N.A.;N.A.;28-Dec-2015
130837;ICICI Prudential Capital Protection Oriented Fund - Series VI - 1100 Days Plan F Cumulative Option;INF109KA1A66;;11.1009;N.A.;N.A.;28-Dec-2015
130834;ICICI Prudential Capital Protection Oriented Fund - Series VI - 1100 Days Plan F Direct Plan Cumulative Option;INF109KA1A82;;11.3214;N.A.;N.A.;28-Dec-2015
130835;ICICI Prudential Capital Protection Oriented Fund - Series VI - 1100 Days Plan F Direct Plan Dividend Option;INF109KA1A90;;11.3214;N.A.;N.A.;28-Dec-2015
130836;ICICI Prudential Capital Protection Oriented Fund - Series VI - 1100 Days Plan F Dividend Option;INF109KA1A74;;11.1009;N.A.;N.A.;28-Dec-2015
130872;ICICI Prudential Capital Protection Oriented Fund - Series VI - 1100 Days Plan G Cumulative Option;INF109KA1B08;;11.0546;N.A.;N.A.;28-Dec-2015
130870;ICICI Prudential Capital Protection Oriented Fund - Series VI - 1100 Days Plan G Direct Plan Cumulative Option;INF109KA1B24;;11.2722;N.A.;N.A.;28-Dec-2015
130871;ICICI Prudential Capital Protection Oriented Fund - Series VI - 1100 Days Plan G Direct Plan Dividend Option;INF109KA1B32;;11.2722;N.A.;N.A.;28-Dec-2015
130873;ICICI Prudential Capital Protection Oriented Fund - Series VI - 1100 Days Plan G Dividend Option;INF109KA1B16;;11.0546;N.A.;N.A.;28-Dec-2015
131176;ICICI Prudential Capital Protection Oriented Fund - Series VI - 1100 Days Plan H Cumulative Option;INF109KA1Q01;;10.9948;N.A.;N.A.;28-Dec-2015
131175;ICICI Prudential Capital Protection Oriented Fund - Series VI - 1100 Days Plan H Direct Plan Cumulative Option;INF109KA1Q27;;11.2206;N.A.;N.A.;28-Dec-2015
131177;ICICI Prudential Capital Protection Oriented Fund - Series VI - 1100 Days Plan H Direct Plan Dividend Option;INF109KA1Q35;;11.2206;N.A.;N.A.;28-Dec-2015
131178;ICICI Prudential Capital Protection Oriented Fund - Series VI - 1100 Days Plan H Dividend Option;INF109KA1Q19;;10.9948;N.A.;N.A.;28-Dec-2015
133218;ICICI Prudential Capital Protection Oriented Fund - Series VII - 1284 Days Plan C Cumulative Option;INF109KA18M8;;10.6889;N.A.;N.A.;28-Dec-2015
133216;ICICI Prudential Capital Protection Oriented Fund - Series VII - 1284 Days Plan C Direct Plan Cumulative Option;INF109KA10N3;;10.8410;N.A.;N.A.;28-Dec-2015
133217;ICICI Prudential Capital Protection Oriented Fund - Series VII - 1284 Days Plan C Direct Plan Dividend Option;INF109KA11N1;;10.8410;N.A.;N.A.;28-Dec-2015
133219;ICICI Prudential Capital Protection Oriented Fund - Series VII - 1284 Days Plan C Dividend Option;INF109KA19M6;;10.6889;N.A.;N.A.;28-Dec-2015
133382;ICICI Prudential Capital Protection Oriented Fund - Series VII - 1284 Days Plan E Cumulative Option;INF109KA14P0;;10.4253;N.A.;N.A.;28-Dec-2015
133379;ICICI Prudential Capital Protection Oriented Fund - Series VII - 1284 Days Plan E Direct Plan Cumulative Option;INF109KA16P5;;10.5588;N.A.;N.A.;28-Dec-2015
133380;ICICI Prudential Capital Protection Oriented Fund - Series VII - 1284 Days Plan E Direct Plan Dividend Option;INF109KA17P3;;10.5588;N.A.;N.A.;28-Dec-2015
133381;ICICI Prudential Capital Protection Oriented Fund - Series VII - 1284 Days Plan E Dividend Option;INF109KA15P7;;10.4253;N.A.;N.A.;28-Dec-2015
131455;ICICI Prudential Capital Protection Oriented Fund - Series VII - 1285 Days Plan A Cumulative Option;INF109KA1W29;;10.9568;N.A.;N.A.;28-Dec-2015
131454;ICICI Prudential Capital Protection Oriented Fund - Series VII - 1285 Days Plan A Direct Plan Cumulative Option;INF109KA1W45;;11.1366;N.A.;N.A.;28-Dec-2015
131457;ICICI Prudential Capital Protection Oriented Fund - Series VII - 1285 Days Plan A Direct Plan Dividend Option;INF109KA1W52;;11.1366;N.A.;N.A.;28-Dec-2015
131456;ICICI Prudential Capital Protection Oriented Fund - Series VII - 1285 Days Plan A Dividend Option;INF109KA1W37;;10.9568;N.A.;N.A.;28-Dec-2015
132877;ICICI Prudential Capital Protection Oriented Fund - Series VII - 1285 Days Plan B Cumulative Option;INF109KA14E4;;10.7502;N.A.;N.A.;28-Dec-2015
132875;ICICI Prudential Capital Protection Oriented Fund - Series VII - 1285 Days Plan B Direct Plan Cumulative Option;INF109KA16E9;;10.9203;N.A.;N.A.;28-Dec-2015
132876;ICICI Prudential Capital Protection Oriented Fund - Series VII - 1285 Days Plan B Direct Plan Dividend Option;INF109KA17E7;;10.9203;N.A.;N.A.;28-Dec-2015
132878;ICICI Prudential Capital Protection Oriented Fund - Series VII - 1285 Days Plan B Dividend Option;INF109KA15E1;;10.7502;N.A.;N.A.;28-Dec-2015
133438;ICICI Prudential Capital Protection Oriented Fund - Series VII - 1288 Days Plan F Cumulative Option;INF109KA18Q9;;10.4587;N.A.;N.A.;28-Dec-2015
133436;ICICI Prudential Capital Protection Oriented Fund - Series VII - 1288 Days Plan F Direct Plan Cumulative Option;INF109KA10R4;;10.5959;N.A.;N.A.;28-Dec-2015
133435;ICICI Prudential Capital Protection Oriented Fund - Series VII - 1288 Days Plan F Dividend Option;INF109KA19Q7;;10.4587;N.A.;N.A.;28-Dec-2015
134717;ICICI Prudential Capital Protection Oriented Fund - Series VIII -1101 Days Plan D Cumulative Option;INF109KB1GZ5;;10.2445;N.A.;N.A.;28-Dec-2015
134716;ICICI Prudential Capital Protection Oriented Fund - Series VIII -1101 Days Plan D Direct Plan Cumulative Option;INF109KB1GX0;;10.3326;N.A.;N.A.;28-Dec-2015
134718;ICICI Prudential Capital Protection Oriented Fund - Series VIII -1101 Days Plan D Direct Plan Dividend Option;INF109KB1GY8;;10.3326;N.A.;N.A.;28-Dec-2015
134719;ICICI Prudential Capital Protection Oriented Fund - Series VIII -1101 Days Plan D Dividend Option;INF109KB1HA6;;10.2445;N.A.;N.A.;28-Dec-2015
135108;ICICI Prudential Capital Protection Oriented Fund - Series VIII - 1101 Days Plan G Cumulative Option;INF109KB1KN3;;10.1536;N.A.;N.A.;28-Dec-2015
135109;ICICI Prudential Capital Protection Oriented Fund - Series VIII - 1101 Days Plan G Direct Plan Cumulative Option;INF109KB1KP8;;10.2169;N.A.;N.A.;28-Dec-2015
135110;ICICI Prudential Capital Protection Oriented Fund - Series VIII - 1101 Days Plan G Dividend Option;INF109KB1KO1;;10.1536;N.A.;N.A.;28-Dec-2015
134347;ICICI Prudential Capital Protection Oriented Fund - Series VIII - 1103 Days Plan B Cumulative Option;INF109KB1AT1;;10.4087;N.A.;N.A.;28-Dec-2015
134348;ICICI Prudential Capital Protection Oriented Fund - Series VIII - 1103 Days Plan B Direct Plan Cumulative Option;INF109KB1AV7;;10.5262;N.A.;N.A.;28-Dec-2015
134350;ICICI Prudential Capital Protection Oriented Fund - Series VIII - 1103 Days Plan B Direct Plan Dividend Option;INF109KB1AW5;;10.5262;N.A.;N.A.;28-Dec-2015
134349;ICICI Prudential Capital Protection Oriented Fund - Series VIII - 1103 Days Plan B Dividend Option;INF109KB1AU9;;10.4087;N.A.;N.A.;28-Dec-2015
134544;ICICI Prudential Capital Protection Oriented Fund - Series VIII - 1103 Days Plan C Cumulative Option;INF109KB1DB3;;10.3630;N.A.;N.A.;28-Dec-2015
134541;ICICI Prudential Capital Protection Oriented Fund - Series VIII - 1103 Days Plan C Direct Plan Cumulative Option;INF109KB1DD9;;10.4701;N.A.;N.A.;28-Dec-2015
134543;ICICI Prudential Capital Protection Oriented Fund - Series VIII - 1103 Days Plan C Direct Plan Dividend Option;INF109KB1DE7;;10.4701;N.A.;N.A.;28-Dec-2015
134542;ICICI Prudential Capital Protection Oriented Fund - Series VIII - 1103 Days Plan C Dividend Option;INF109KB1DC1;;10.3630;N.A.;N.A.;28-Dec-2015
134845;ICICI Prudential Capital Protection Oriented Fund - Series VIII -1107 Days Plan E Cumulative Option;INF109KB1HZ3;;10.2113;N.A.;N.A.;28-Dec-2015
134844;ICICI Prudential Capital Protection Oriented Fund - Series VIII -1107 Days Plan E Direct Plan Cumulative Option;INF109KB1IB2;;10.2894;N.A.;N.A.;28-Dec-2015
134842;ICICI Prudential Capital Protection Oriented Fund - Series VIII -1107 Days Plan E Direct Plan Dividend Option;INF109KB1IC0;;10.2894;N.A.;N.A.;28-Dec-2015
134843;ICICI Prudential Capital Protection Oriented Fund - Series VIII -1107 Days Plan E Dividend Option;INF109KB1IA4;;10.2113;N.A.;N.A.;28-Dec-2015
134942;ICICI Prudential Capital Protection Oriented Fund - Series VIII - 1115 Days Plan F Cumulative Option;INF109KB1IX6;;10.1901;N.A.;N.A.;28-Dec-2015
134945;ICICI Prudential Capital Protection Oriented Fund - Series VIII - 1115 Days Plan F Direct Plan Cumulative Option;INF109KB1IZ1;;10.2607;N.A.;N.A.;28-Dec-2015
134943;ICICI Prudential Capital Protection Oriented Fund - Series VIII - 1115 Days Plan F Direct Plan Dividend Option;INF109KB1JA2;;10.2607;N.A.;N.A.;28-Dec-2015
134944;ICICI Prudential Capital Protection Oriented Fund - Series VIII - 1115 Days Plan F Dividend Option;INF109KB1IY4;;10.1901;N.A.;N.A.;28-Dec-2015
118007;ICICI Prudential Capital Protection Oriented Fund III - PLAN B - 60 Months - Cumulative;INF109K01G41;;14.0419;N.A.;N.A.;28-Dec-2015
118008;ICICI Prudential Capital Protection Oriented Fund III - PLAN B - 60 Months - Dividend;INF109K01G58;;14.0419;N.A.;N.A.;28-Dec-2015
118226;ICICI Prudential Capital Protection Oriented Fund III - PLAN C - 36 Months - Cumulative;INF109K01H24;;12.9986;N.A.;N.A.;28-Dec-2015
118227;ICICI Prudential Capital Protection Oriented Fund III - PLAN C - 36 Months - Dividend;INF109K01H32;;12.9986;N.A.;N.A.;28-Dec-2015
118898;ICICI Prudential Capital Protection Oriented Fund III - PLAN D - 36 Months - Cumulative;INF109K01I80;;13.0141;N.A.;N.A.;28-Dec-2015
118900;ICICI Prudential Capital Protection Oriented Fund III - PLAN D - 36 Months - Direct Plan - Cumulative;INF109K01I98;;13.4862;N.A.;N.A.;28-Dec-2015
118897;ICICI Prudential Capital Protection Oriented Fund III - PLAN D - 36 Months - Direct Plan - Dividend;INF109K01J14;;13.4862;N.A.;N.A.;28-Dec-2015
118899;ICICI Prudential Capital Protection Oriented Fund III - PLAN D - 36 Months - Dividend;INF109K01J06;;13.0141;N.A.;N.A.;28-Dec-2015
120813;ICICI Prudential Capital Protection Oriented Fund III - PLAN E - 60 Months - Cumulative;INF109K01K03;;13.9551;N.A.;N.A.;28-Dec-2015
120814;ICICI Prudential Capital Protection Oriented Fund III - PLAN E - 60 Months - Direct Plan - Cumulative;INF109K01K29;;14.4457;N.A.;N.A.;28-Dec-2015
120815;ICICI Prudential Capital Protection Oriented Fund III - PLAN E - 60 Months - Direct Plan - Dividend;INF109K01K37;;14.4457;N.A.;N.A.;28-Dec-2015
120812;ICICI Prudential Capital Protection Oriented Fund III - PLAN E - 60 Months - Dividend;INF109K01K11;;13.9551;N.A.;N.A.;28-Dec-2015
121089;ICICI Prudential Capital Protection Oriented Fund III - PLAN F - 36 Months - Cumulative;INF109K011F3;;13.0290;N.A.;N.A.;28-Dec-2015
121087;ICICI Prudential Capital Protection Oriented Fund III - PLAN F - 36 Months - Direct Plan - Cumulative;INF109K013F9;;13.4868;N.A.;N.A.;28-Dec-2015
121088;ICICI Prudential Capital Protection Oriented Fund III - PLAN F - 36 Months - Direct Plan - Dividend;INF109K014F7;;13.4868;N.A.;N.A.;28-Dec-2015
121090;ICICI Prudential Capital Protection Oriented Fund III - PLAN F - 36 Months - Dividend;INF109K012F1;;13.0290;N.A.;N.A.;28-Dec-2015
121145;ICICI Prudential Capital Protection Oriented Fund III - PLAN G - 60 Months - Cumulative;INF109K017I4;;13.7360;N.A.;N.A.;28-Dec-2015
121144;ICICI Prudential Capital Protection Oriented Fund III - PLAN G - 60 Months - Direct Plan - Cumulative;INF109K019I0;;14.1896;N.A.;N.A.;28-Dec-2015
121143;ICICI Prudential Capital Protection Oriented Fund III - PLAN G - 60 Months - Dividend;INF109K018I2;;13.7360;N.A.;N.A.;28-Dec-2015
121795;ICICI Prudential Capital Protection Oriented Fund III - PLAN H - 60 Months - Cumulative;INF109K013V6;;13.7532;N.A.;N.A.;28-Dec-2015
121794;ICICI Prudential Capital Protection Oriented Fund III - PLAN H - 60 Months - Direct Plan - Cumulative;INF109K015V1;;14.1767;N.A.;N.A.;28-Dec-2015
121793;ICICI Prudential Capital Protection Oriented Fund III - PLAN H - 60 Months - Direct Plan - Dividend;INF109K016V9;;14.1767;N.A.;N.A.;28-Dec-2015
121796;ICICI Prudential Capital Protection Oriented Fund III - PLAN H - 60 Months - Dividend;INF109K014V4;;13.7532;N.A.;N.A.;28-Dec-2015
122956;ICICI Prudential Capital Protection Oriented Fund IV - PLAN A - 60 Months - Cumulative;INF109KA1863;;14.0179;N.A.;N.A.;28-Dec-2015
122954;ICICI Prudential Capital Protection Oriented Fund IV - PLAN A - 60 Months - Direct Plan - Cumulative;INF109KA1848;;14.3699;N.A.;N.A.;28-Dec-2015
122957;ICICI Prudential Capital Protection Oriented Fund IV - PLAN A - 60 Months - Dividend;INF109KA1871;;14.0179;N.A.;N.A.;28-Dec-2015
123561;ICICI Prudential Capital Protection Oriented Fund IV - PLAN C - 60 Months - Cumulative;INF109KA1BR4;;13.7357;N.A.;N.A.;28-Dec-2015
123559;ICICI Prudential Capital Protection Oriented Fund IV - PLAN C - 60 Months - Direct Plan - Cumulative;INF109KA1BP8;;14.0755;N.A.;N.A.;28-Dec-2015
123560;ICICI Prudential Capital Protection Oriented Fund IV - PLAN C - 60 Months - Direct Plan - Dividend;INF109KA1BQ6;;14.0755;N.A.;N.A.;28-Dec-2015
123562;ICICI Prudential Capital Protection Oriented Fund IV - PLAN C - 60 Months - Dividend;INF109KA1BS2;;13.7357;N.A.;N.A.;28-Dec-2015
124468;ICICI Prudential Capital Protection Oriented Fund IV - PLAN D - 60 Months - Cumulative;INF109KA1EF3;;13.3681;N.A.;N.A.;28-Dec-2015
124467;ICICI Prudential Capital Protection Oriented Fund IV - PLAN D - 60 Months - Direct Plan - Cumulative;INF109KA1ED8;;13.7977;N.A.;N.A.;28-Dec-2015
124469;ICICI Prudential Capital Protection Oriented Fund IV - PLAN D - 60 Months - Direct Plan - Dividend;INF109KA1EE6;;13.7977;N.A.;N.A.;28-Dec-2015
124470;ICICI Prudential Capital Protection Oriented Fund IV - PLAN D - 60 Months - Dividend;INF109KA1EG1;;13.3681;N.A.;N.A.;28-Dec-2015
124795;ICICI Prudential Capital Protection Oriented Fund IV - PLAN E - 36 Months - Cumulative;INF109KA1FN4;;12.8106;N.A.;N.A.;28-Dec-2015
124797;ICICI Prudential Capital Protection Oriented Fund IV - PLAN E - 36 Months - Direct Plan - Cumulative;INF109KA1FP9;;13.1737;N.A.;N.A.;28-Dec-2015
124794;ICICI Prudential Capital Protection Oriented Fund IV - PLAN E - 36 Months - Direct Plan - Dividend;INF109KA1FQ7;;13.1737;N.A.;N.A.;28-Dec-2015
124796;ICICI Prudential Capital Protection Oriented Fund IV - PLAN E - 36 Months - Dividend;INF109KA1FO2;;12.8106;N.A.;N.A.;28-Dec-2015
125186;ICICI Prudential Capital Protection Oriented Fund IV - PLAN F - 60 Months - Cumulative;INF109KA1GN2;;13.1942;N.A.;N.A.;28-Dec-2015
125184;ICICI Prudential Capital Protection Oriented Fund IV - PLAN F - 60 Months - Direct Plan - Cumulative;INF109KA1GP7;;13.5583;N.A.;N.A.;28-Dec-2015
125185;ICICI Prudential Capital Protection Oriented Fund IV - PLAN F - 60 Months - Direct Plan - Dividend;INF109KA1GQ5;;13.5583;N.A.;N.A.;28-Dec-2015
125187;ICICI Prudential Capital Protection Oriented Fund IV - PLAN F - 60 Months - Dividend;INF109KA1GO0;;13.1942;N.A.;N.A.;28-Dec-2015
125576;ICICI Prudential Capital Protection Oriented Fund IV - PLAN G - 60 Months plan - Cumulative;INF109KA1HR1;;13.0219;N.A.;N.A.;28-Dec-2015
125577;ICICI Prudential Capital Protection Oriented Fund IV - PLAN G - 60 Months Plan - Direct Plan - Cumulative;INF109KA1HT7;;13.3547;N.A.;N.A.;28-Dec-2015
125578;ICICI Prudential Capital Protection Oriented Fund IV - PLAN G - 60 Months Plan - Direct Plan - Dividend;INF109KA1HU5;;13.3547;N.A.;N.A.;28-Dec-2015
125575;ICICI Prudential Capital Protection Oriented Fund IV - PLAN G - 60 Months Plan - Dividend;INF109KA1HS9;;13.0219;N.A.;N.A.;28-Dec-2015
125818;ICICI Prudential Capital Protection Oriented Fund IV - PLAN H - 36 Months plan - Cumulative;INF109KA1IP3;;12.5555;N.A.;N.A.;28-Dec-2015
125820;ICICI Prudential Capital Protection Oriented Fund IV - PLAN H - 36 Months Plan - Direct Plan - Cumulative;INF109KA1IR9;;12.8708;N.A.;N.A.;28-Dec-2015
125817;ICICI Prudential Capital Protection Oriented Fund IV - PLAN H - 36 Months Plan - Direct Plan - Dividend;INF109KA1IS7;;12.8708;N.A.;N.A.;28-Dec-2015
125819;ICICI Prudential Capital Protection Oriented Fund IV - PLAN H - 36 Months Plan - Dividend;INF109KA1IQ1;;12.5555;N.A.;N.A.;28-Dec-2015
135494;ICICI Prudential Capital Protection Oriented Fund - Series IX - 1101 Days Plan A Cumulative Option;INF109KB1NT4;;10.0369;N.A.;N.A.;28-Dec-2015
135495;ICICI Prudential Capital Protection Oriented Fund - Series IX - 1101 Days Plan A Direct Plan Cumulative Option;INF109KB1NV0;;10.0646;N.A.;N.A.;28-Dec-2015
135493;ICICI Prudential Capital Protection Oriented Fund - Series IX - 1101 Days Plan A Direct Plan Dividend Option;INF109KB1NW8;;10.0646;N.A.;N.A.;28-Dec-2015
135496;ICICI Prudential Capital Protection Oriented Fund - Series IX - 1101 Days Plan A Dividend Option;INF109KB1NU2;;10.0369;N.A.;N.A.;28-Dec-2015
135545;ICICI Prudential Capital Protection Oriented Fund - Series IX -1103 Days Plan B Cumulative Option;INF109KB1OB0;;10.0361;N.A.;N.A.;28-Dec-2015
135546;ICICI Prudential Capital Protection Oriented Fund - Series IX -1103 Days Plan B Direct Plan Cumulative Option;INF109KB1OD6;;10.0601;N.A.;N.A.;28-Dec-2015
135543;ICICI Prudential Capital Protection Oriented Fund - Series IX -1103 Days Plan B Direct Plan Dividend Option;INF109KB1OE4;;10.0601;N.A.;N.A.;28-Dec-2015
135544;ICICI Prudential Capital Protection Oriented Fund - Series IX -1103 Days Plan B Dividend Option;INF109KB1OC8;;10.0361;N.A.;N.A.;28-Dec-2015
126232;ICICI Prudential Capital Protection Oriented Fund V - PLAN A - 5 Years Plan - Cumulative;INF109KA1KD5;;12.7512;N.A.;N.A.;28-Dec-2015
126231;ICICI Prudential Capital Protection Oriented Fund V - PLAN A - 5 Years Plan - Direct Plan - Cumulative;INF109KA1KF0;;13.0665;N.A.;N.A.;28-Dec-2015
126234;ICICI Prudential Capital Protection Oriented Fund V - PLAN A - 5 Years Plan - Direct Plan - Dividend;INF109KA1KG8;;13.0665;N.A.;N.A.;28-Dec-2015
126233;ICICI Prudential Capital Protection Oriented Fund V - PLAN A - 5 Years Plan - Dividend;INF109KA1KE3;;12.7512;N.A.;N.A.;28-Dec-2015
126566;ICICI Prudential Capital Protection Oriented Fund V - PLAN B - 1100 Days - Cumulative;INF109KA1LF8;;12.5469;N.A.;N.A.;28-Dec-2015
126564;ICICI Prudential Capital Protection Oriented Fund V - PLAN B - 1100 Days - Direct Plan - Cumulative;INF109KA1LH4;;12.8553;N.A.;N.A.;28-Dec-2015
126565;ICICI Prudential Capital Protection Oriented Fund V - PLAN B - 1100 Days - Direct Plan - Dividend;INF109KA1LI2;;12.8553;N.A.;N.A.;28-Dec-2015
126567;ICICI Prudential Capital Protection Oriented Fund V - PLAN B - 1100 Days - Dividend;INF109KA1LG6;;12.5469;N.A.;N.A.;28-Dec-2015
126905;ICICI Prudential Capital Protection Oriented Fund V - PLAN C - 1825 Days - Cumulative;INF109KA1MN0;;12.8079;N.A.;N.A.;28-Dec-2015
126904;ICICI Prudential Capital Protection Oriented Fund V - PLAN C - 1825 Days - Direct Plan - Cumulative;INF109KA1ML4;;13.1186;N.A.;N.A.;28-Dec-2015
126902;ICICI Prudential Capital Protection Oriented Fund V - PLAN C - 1825 Days - Direct Plan - Dividend;INF109KA1MM2;;13.1186;N.A.;N.A.;28-Dec-2015
126903;ICICI Prudential Capital Protection Oriented Fund V - PLAN C - 1825 Days - Dividend;INF109KA1MO8;;12.8079;N.A.;N.A.;28-Dec-2015
128210;ICICI Prudential Capital Protection Oriented Fund V - PLAN D - 1100 Days - Cumulative;INF109KA1QF7;;12.0694;N.A.;N.A.;28-Dec-2015
128212;ICICI Prudential Capital Protection Oriented Fund V - PLAN D - 1100 Days - Direct Plan - Cumulative;INF109KA1QH3;;12.3503;N.A.;N.A.;28-Dec-2015
128209;ICICI Prudential Capital Protection Oriented Fund V - PLAN D - 1100 Days - Direct Plan - Dividend;INF109KA1QI1;;12.3503;N.A.;N.A.;28-Dec-2015
128211;ICICI Prudential Capital Protection Oriented Fund V - PLAN D - 1100 Days - Dividend;INF109KA1QG5;;12.0694;N.A.;N.A.;28-Dec-2015
129071;ICICI Prudential Capital Protection Oriented Fund V - PLAN E- 1100 Days - Cumulative;INF109KA1SJ5;;11.9638;N.A.;N.A.;28-Dec-2015
129070;ICICI Prudential Capital Protection Oriented Fund V - PLAN E- 1100 Days - Direct Plan - Cumulative;INF109KA1SL1;;12.2612;N.A.;N.A.;28-Dec-2015
129072;ICICI Prudential Capital Protection Oriented Fund V - PLAN E- 1100 Days - Dividend;INF109KA1SK3;;11.9638;N.A.;N.A.;28-Dec-2015
129738;ICICI Prudential Capital Protection Oriented Fund V -Plan F -1100 Days Direct Plan Cumulative Option;INF109KA1VL5;;11.9068;N.A.;N.A.;28-Dec-2015
129737;ICICI Prudential Capital Protection Oriented Fund V- Plan F - 1100 Days -Dividend Option;INF109KA1VK7;;11.6167;N.A.;N.A.;28-Dec-2015
129740;ICICI Prudential Capital Protection Oriented Fund V- Plan F -1100 Days Direct Plan Dividend Option;INF109KA1VM3;;11.9068;N.A.;N.A.;28-Dec-2015
129739;ICICI Prudential Capital Protection Oriented Fund V- Plan F- 1100 Days -Cumulative Option;INF109KA1VJ9;;11.6167;N.A.;N.A.;28-Dec-2015
129857;ICICI Prudential Capital Protection Oriented Fund Series VI -1825 Days Plan A Cumulative Option;INF109KA1VV4;;11.7893;N.A.;N.A.;28-Dec-2015
129859;ICICI Prudential Capital Protection Oriented Fund Series VI- 1825 Days Plan A Direct Plan Cumulative option;INF109KA1VX0;;12.0960;N.A.;N.A.;28-Dec-2015
129860;ICICI Prudential Capital Protection Oriented Fund Series VI- 1825 Days Plan A Direct Plan Dividend Option;INF109KA1VY8;;12.0960;N.A.;N.A.;28-Dec-2015
129858;ICICI Prudential Capital Protection Oriented Fund Series VI- 1825 Days Plan A Dividend Option;INF109KA1VW2;;11.7893;N.A.;N.A.;28-Dec-2015
130220;ICICI Prudential Capital Protection Oriented Fund Series VI -1825 Days Plan C Direct Plan Cumulative Option;INF109KA1XJ5;;11.8097;N.A.;N.A.;28-Dec-2015
130219;ICICI Prudential Capital Protection Oriented Fund Series VI- 1825 Days Plan C Cumulative Option;INF109KA1XH9;;11.5420;N.A.;N.A.;28-Dec-2015
130221;ICICI Prudential Capital Protection Oriented Fund Series VI- 1825 Days Plan C Direct Plan Dividend option;INF109KA1XK3;;11.8097;N.A.;N.A.;28-Dec-2015
130222;ICICI Prudential Capital Protection Oriented Fund Series VI- 1825 Days Plan C Dividend Option;INF109KA1XI7;;11.5420;N.A.;N.A.;28-Dec-2015
133293;ICICI Prudential Capital Protection Oriented Fund - Series VII - 1822 Days Plan D Cumulative Option;INF109KA10P8;;10.5898;N.A.;N.A.;28-Dec-2015
133295;ICICI Prudential Capital Protection Oriented Fund - Series VII - 1822 Days Plan D Direct Plan Cumulative Option;INF109KA12P4;;10.7444;N.A.;N.A.;28-Dec-2015
133294;ICICI Prudential Capital Protection Oriented Fund - Series VII - 1822 Days Plan D Direct Plan Dividend Option;INF109KA13P2;;10.7444;N.A.;N.A.;28-Dec-2015
133296;ICICI Prudential Capital Protection Oriented Fund - Series VII - 1822 Days Plan D Dividend Option;INF109KA11P6;;10.5898;N.A.;N.A.;28-Dec-2015
133636;ICICI Prudential Capital Protection Oriented Fund - Series VII - 1285 Days Plan G Cumulative Option;INF109KA18T3;;10.4137;N.A.;N.A.;28-Dec-2015
133639;ICICI Prudential Capital Protection Oriented Fund - Series VII - 1285 Days Plan G Direct Plan Cumulative Option;INF109KA10U8;;10.5346;N.A.;N.A.;28-Dec-2015
133637;ICICI Prudential Capital Protection Oriented Fund - Series VII - 1285 Days Plan G Dividend Option;INF109KA19T1;;10.4137;N.A.;N.A.;28-Dec-2015
133861;ICICI Prudential Capital Protection Oriented Fund - Series VII - 1284 Days Plan H Cumulative Option;INF109KA14X4;;10.3432;N.A.;N.A.;28-Dec-2015
133864;ICICI Prudential Capital Protection Oriented Fund - Series VII - 1284 Days Plan H Direct Plan Cumulative Option;INF109KA16X9;;10.4614;N.A.;N.A.;28-Dec-2015
133863;ICICI Prudential Capital Protection Oriented Fund - Series VII - 1284 Days Plan H Direct Plan Dividend Option;INF109KA17X7;;10.4614;N.A.;N.A.;28-Dec-2015
133862;ICICI Prudential Capital Protection Oriented Fund - Series VII - 1284 Days Plan H Dividend Option;INF109KA15X1;;10.3432;N.A.;N.A.;28-Dec-2015
134021;ICICI Prudential Capital Protection Oriented Fund - Series VIII - 1300 Days Plan A Cumulative Option;INF109KB1250;;10.3461;N.A.;N.A.;28-Dec-2015
134018;ICICI Prudential Capital Protection Oriented Fund - Series VIII - 1300 Days Plan A Direct Plan Cumulative Option;INF109KB1276;;10.4584;N.A.;N.A.;28-Dec-2015
134020;ICICI Prudential Capital Protection Oriented Fund - Series VIII - 1300 Days Plan A Dividend Option;INF109KB1268;;10.3461;N.A.;N.A.;28-Dec-2015
135179;ICICI Prudential Capital Protection Oriented Fund - Series VIII -1105 Days Plan H Cumulative Option;INF109KB1KZ7;;10.1746;N.A.;N.A.;28-Dec-2015
135181;ICICI Prudential Capital Protection Oriented Fund - Series VIII -1105 Days Plan H Direct Plan Cumulative Option;INF109KB1LB6;;10.2340;N.A.;N.A.;28-Dec-2015
135182;ICICI Prudential Capital Protection Oriented Fund - Series VIII -1105 Days Plan H Direct Plan Dividend Option;INF109KB1LC4;;10.2340;N.A.;N.A.;28-Dec-2015
135180;ICICI Prudential Capital Protection Oriented Fund - Series VIII -1105 Days Plan H Dividend Option;INF109KB1LA8;;10.1746;N.A.;N.A.;28-Dec-2015
135195;ICICI Prudential Capital Protection Oriented Fund - Series VIII - 1290 Days Plan I Cumulative Option;INF109KB1LL5;;10.2067;N.A.;N.A.;28-Dec-2015
135192;ICICI Prudential Capital Protection Oriented Fund - Series VIII - 1290 Days Plan I Direct Plan Cumulative Option;INF109KB1LN1;;10.2639;N.A.;N.A.;28-Dec-2015
135194;ICICI Prudential Capital Protection Oriented Fund - Series VIII - 1290 Days Plan I Direct Plan Dividend Option;INF109KB1LO9;;10.2639;N.A.;N.A.;28-Dec-2015
135193;ICICI Prudential Capital Protection Oriented Fund - Series VIII - 1290 Days Plan I Dividend Option;INF109KB1LM3;;10.2067;N.A.;N.A.;28-Dec-2015
135219;ICICI Prudential Capital Protection Oriented Fund - Series VIII -1284 Days Plan J Cumulative Option;INF109KB1LR2;;10.2380;N.A.;N.A.;28-Dec-2015
135220;ICICI Prudential Capital Protection Oriented Fund - Series VIII -1284 Days Plan J Direct Plan Cumulative Option;INF109KB1LT8;;10.2926;N.A.;N.A.;28-Dec-2015
135218;ICICI Prudential Capital Protection Oriented Fund - Series VIII -1284 Days Plan J Direct Plan Dividend Option;INF109KB1LU6;;10.2926;N.A.;N.A.;28-Dec-2015
135221;ICICI Prudential Capital Protection Oriented Fund - Series VIII -1284 Days Plan J Dividend Option;INF109KB1LS0;;10.2380;N.A.;N.A.;28-Dec-2015
128989;ICICI Prudential Fixed Maturity Plan-Corporate Bond Series A-750 Days - Cumulative Option;INF109KA1SF3;;11.6495;N.A.;N.A.;28-Dec-2015
128991;ICICI Prudential Fixed Maturity Plan-Corporate Bond Series A-750 Days - Direct Plan-Cumulative Option;INF109KA1SH9;;11.7476;N.A.;N.A.;28-Dec-2015
130806;ICICI Prudential Fixed Maturity Plan - Corporate Bond Series B - 1100 Days - Cumulative Option;INF109KA1ZU7;;11.5568;N.A.;N.A.;28-Dec-2015
130803;ICICI Prudential Fixed Maturity Plan - Corporate Bond Series B - 1100 Days - Direct Plan - Cumulative Option;INF109KA1ZW3;;11.6269;N.A.;N.A.;28-Dec-2015
130804;ICICI Prudential Fixed Maturity Plan - Corporate Bond Series B - 1100 Days - Direct Plan - Dividend Option;INF109KA1ZX1;;11.6269;N.A.;N.A.;28-Dec-2015
130805;ICICI Prudential Fixed Maturity Plan - Corporate Bond Series B - 1100 Days - Dividend Option;INF109KA1ZV5;;11.5568;N.A.;N.A.;28-Dec-2015
130404;ICICI Prudential Fixed Maturity Plan - Series - 74 -367 days Plan Z Cumulative Option;INF109KB1JF1;;11.2919;N.A.;N.A.;28-Dec-2015
130403;ICICI Prudential Fixed Maturity Plan - Series -74 - 367 Days Plan Z Direct Plan Dividend Option;INF109KB1JI5;;11.2518;N.A.;N.A.;28-Dec-2015
130405;ICICI Prudential Fixed Maturity Plan - Series -74 - 367 Days Plan Z Dividend Option;INF109KB1JG9;;11.2401;N.A.;N.A.;28-Dec-2015
130402;ICICI Prudential Fixed Maturity Plan - Series 74 - 367 Days Plan Z Direct Plan Cumulative Option;INF109KB1JH7;;11.3037;N.A.;N.A.;28-Dec-2015
123545;ICICI Prudential Fixed Maturity Plan-Series 69-1821 Days Plan I - Cumulative;INF109KA1BV6;;12.4567;N.A.;N.A.;28-Dec-2015
123543;ICICI Prudential Fixed Maturity Plan-Series 69-1821 Days Plan I - Direct Plan - Cumulative;INF109KA1BT0;;12.5811;N.A.;N.A.;28-Dec-2015
123544;ICICI Prudential Fixed Maturity Plan-Series 69-1821 Days Plan I - Direct Plan - Dividend;INF109KA1BU8;;11.4629;N.A.;N.A.;28-Dec-2015
123546;ICICI Prudential Fixed Maturity Plan-Series 69-1821 Days Plan I - Dividend;INF109KA1BW4;;11.4156;N.A.;N.A.;28-Dec-2015
125318;ICICI Prudential Fixed Maturity Plan-Series 71-366 Days Plan C - Cumulative;INF109KA10H5;;11.9776;N.A.;N.A.;28-Dec-2015
125320;ICICI Prudential Fixed Maturity Plan-Series 71-366 Days Plan C - Direct Plan - Cumulative;INF109KA18G0;;11.9980;N.A.;N.A.;28-Dec-2015
125319;ICICI Prudential Fixed Maturity Plan-Series 71-366 Days Plan C - Dividend;INF109KA11H3;;11.0692;N.A.;N.A.;28-Dec-2015
125316;ICICI Prudential Fixed Maturity Plan-Series 71-547 Days Plan B - Cumulative;INF109KB1FF9;;12.0085;N.A.;N.A.;28-Dec-2015
125314;ICICI Prudential Fixed Maturity Plan-Series 71-547 Days Plan B - Direct Plan - Cumulative;INF109KB1FH5;;12.0523;N.A.;N.A.;28-Dec-2015
125315;ICICI Prudential Fixed Maturity Plan-Series 71-547 Days Plan B - Direct Plan - Dividend;INF109KB1FI3;;11.9996;N.A.;N.A.;28-Dec-2015
126817;ICICI Prudential Fixed Maturity Plan-Series 72-366 Days Plan K - Cumulative;INF109KA18V9;;11.7940;N.A.;N.A.;28-Dec-2015
126815;ICICI Prudential Fixed Maturity Plan-Series 72-366 Days Plan K - Direct Plan - Cumulative;INF109KA10W4;;11.8153;N.A.;N.A.;28-Dec-2015
126816;ICICI Prudential Fixed Maturity Plan-Series 72-366 Days Plan K - Direct Plan - Dividend;INF109KA11W2;;11.7613;N.A.;N.A.;28-Dec-2015
127726;ICICI Prudential Fixed Maturity Plan-Series 73-1140 Days Plan E - Cumulative;INF109KA1OV9;;11.9022;N.A.;N.A.;28-Dec-2015
127724;ICICI Prudential Fixed Maturity Plan-Series 73-1140 Days Plan E - Direct Plan - Cumulative;INF109KA1OX5;;11.9624;N.A.;N.A.;28-Dec-2015
127725;ICICI Prudential Fixed Maturity Plan-Series 73-1140 Days Plan E - Direct Plan - Dividend;INF109KA1OY3;;11.3489;N.A.;N.A.;28-Dec-2015
127727;ICICI Prudential Fixed Maturity Plan-Series 73-1140 Days Plan E - Dividend;INF109KA1OW7;;11.3030;N.A.;N.A.;28-Dec-2015
130330;ICICI Prudential Fixed Maturity Plan - Series 74 - 368 Days Plan Y Cumulative Option;INF109KB1JB0;;11.3118;N.A.;N.A.;28-Dec-2015
130331;ICICI Prudential Fixed Maturity Plan - Series 74 - 368 Days Plan Y Direct Plan Cumulative Option;INF109KB1JD6;;11.3242;N.A.;N.A.;28-Dec-2015
130329;ICICI Prudential Fixed Maturity Plan - Series 74 - 368 Days Plan Y Dividend Option;INF109KB1JC8;;11.0524;N.A.;N.A.;28-Dec-2015
130316;ICICI Prudential Fixed Maturity Plan - Series 74 - 370 Days Plan X Cumulative Option;INF109KB1JJ3;;11.3232;N.A.;N.A.;28-Dec-2015
130315;ICICI Prudential Fixed Maturity Plan - Series 74 - 370 Days Plan X Direct Plan Cumulative Option;INF109KB1JL9;;11.3356;N.A.;N.A.;28-Dec-2015
130318;ICICI Prudential Fixed Maturity Plan - Series 74 - 370 Days Plan X Dividend Option;INF109KB1JK1;;11.0586;N.A.;N.A.;28-Dec-2015
130062;ICICI Prudential Fixed Maturity Plan - Series 74 - 9 Years Plan U Direct Plan IDCW Option;INF109KA1WP4;;10.5678;N.A.;N.A.;28-Dec-2015
130064;ICICI Prudential Fixed Maturity Plan - Series 74 -9 Years Plan U Direct Plan Cumulative Option;INF109KA1WO7;;10.5678;N.A.;N.A.;28-Dec-2015
130063;ICICI Prudential Fixed Maturity Plan -Series 74 -9 Years Plan U Cumulative Option;INF109KA1WM1;;10.5011;N.A.;N.A.;28-Dec-2015
130061;ICICI Prudential Fixed Maturity Plan -Series 74 -9 Years Plan U IDCW Option;INF109KA1WN9;;10.5011;N.A.;N.A.;28-Dec-2015
131016;ICICI Prudential Fixed Maturity Plan - Series 75 - 1100 Days Plan F Cumulative Option;INF109KA1K23;;11.3159;N.A.;N.A.;28-Dec-2015
131014;ICICI Prudential Fixed Maturity Plan - Series 75 - 1100 Days Plan F Direct Plan Cumulative Option;INF109KA1K49;;11.3818;N.A.;N.A.;28-Dec-2015
131017;ICICI Prudential Fixed Maturity Plan - Series 75 - 1100 Days Plan F Dividend Option;INF109KA1K31;;11.3159;N.A.;N.A.;28-Dec-2015
131008;ICICI Prudential Fixed Maturity Plan - Series 75 - 1100 Days Plan G Cumulative Option;INF109KA1K64;;11.4902;N.A.;N.A.;28-Dec-2015
131007;ICICI Prudential Fixed Maturity Plan - Series 75 - 1100 Days Plan G Direct Plan Cumulative Option;INF109KA1K80;;11.5560;N.A.;N.A.;28-Dec-2015
131006;ICICI Prudential Fixed Maturity Plan - Series 75 - 1100 Days Plan G Direct Plan Dividend Option;INF109KA1K98;;11.5560;N.A.;N.A.;28-Dec-2015
131009;ICICI Prudential Fixed Maturity Plan - Series 75 - 1100 Days Plan G Dividend Option;INF109KA1K72;;11.4902;N.A.;N.A.;28-Dec-2015
131112;ICICI Prudential Fixed Maturity Plan - Series 75 - 1100 Days Plan H Cumulative Option;INF109KA1P69;;11.2708;N.A.;N.A.;28-Dec-2015
131111;ICICI Prudential Fixed Maturity Plan - Series 75 - 1100 Days Plan H Direct Plan Cumulative Option;INF109KA1P85;;11.3312;N.A.;N.A.;28-Dec-2015
131109;ICICI Prudential Fixed Maturity Plan - Series 75 - 1100 Days Plan H Direct Plan Dividend Option;INF109KA1P93;;11.3312;N.A.;N.A.;28-Dec-2015
131110;ICICI Prudential Fixed Maturity Plan - Series 75 - 1100 Days Plan H Dividend Option;INF109KA1P77;;11.2708;N.A.;N.A.;28-Dec-2015
131195;ICICI Prudential Fixed Maturity Plan - Series 75 - 1100 Days Plan I Cumulative Option;INF109KA1R26;;11.4489;N.A.;N.A.;28-Dec-2015
131197;ICICI Prudential Fixed Maturity Plan - Series 75 - 1100 Days Plan I Direct Plan Cumulative Option;INF109KA1R42;;11.5153;N.A.;N.A.;28-Dec-2015
131198;ICICI Prudential Fixed Maturity Plan - Series 75 - 1100 Days Plan I Direct Plan Dividend Option;INF109KA1R59;;11.5153;N.A.;N.A.;28-Dec-2015
131196;ICICI Prudential Fixed Maturity Plan - Series 75 - 1100 Days Plan I Dividend Option;INF109KA1R34;;11.4489;N.A.;N.A.;28-Dec-2015
131311;ICICI Prudential Fixed Maturity Plan - Series 75 - 1100 Days Plan J Cumulative Option;INF109KA1T40;;11.2140;N.A.;N.A.;28-Dec-2015
131310;ICICI Prudential Fixed Maturity Plan - Series 75 - 1100 Days Plan J Direct Plan Cumulative Option;INF109KA1T65;;11.2776;N.A.;N.A.;28-Dec-2015
131309;ICICI Prudential Fixed Maturity Plan - Series 75 - 1100 Days Plan J Direct Plan Dividend Option;INF109KA1T73;;11.2776;N.A.;N.A.;28-Dec-2015
131312;ICICI Prudential Fixed Maturity Plan - Series 75 - 1100 Days Plan J Dividend Option;INF109KA1T57;;11.2140;N.A.;N.A.;28-Dec-2015
131601;ICICI Prudential Fixed Maturity Plan - Series 75 - 1100 Days Plan N Cumulative Option;INF109KA18A3;;11.0739;N.A.;N.A.;28-Dec-2015
131599;ICICI Prudential Fixed Maturity Plan - Series 75 - 1100 Days Plan N Direct Plan Cumulative Option;INF109KA10B8;;11.0803;N.A.;N.A.;28-Dec-2015
131600;ICICI Prudential Fixed Maturity Plan - Series 75 - 1100 Days Plan N Dividend Option;INF109KA19A1;;11.0739;N.A.;N.A.;28-Dec-2015
131603;ICICI Prudential Fixed Maturity Plan - Series 75 - 1100 Days Plan O Cumulative Option;INF109KA12B4;;11.1361;N.A.;N.A.;28-Dec-2015
131602;ICICI Prudential Fixed Maturity Plan - Series 75 - 1100 Days Plan O Direct Plan Cumulative Option;INF109KA14B0;;11.1476;N.A.;N.A.;28-Dec-2015
131604;ICICI Prudential Fixed Maturity Plan - Series 75 - 1100 Days Plan O Dividend Option;INF109KA13B2;;11.1361;N.A.;N.A.;28-Dec-2015
132837;ICICI Prudential Fixed Maturity Plan - Series 75 - 1100 Days Plan Q Cumulative Option;INF109KA10E2;;11.1772;N.A.;N.A.;28-Dec-2015
132834;ICICI Prudential Fixed Maturity Plan - Series 75 - 1100 Days Plan Q Direct Plan Cumulative Option;INF109KA12E8;;11.2320;N.A.;N.A.;28-Dec-2015
132835;ICICI Prudential Fixed Maturity Plan - Series 75 - 1100 Days Plan Q Direct Plan Dividend Option;INF109KA13E6;;11.2320;N.A.;N.A.;28-Dec-2015
132836;ICICI Prudential Fixed Maturity Plan - Series 75 - 1100 Days Plan Q Dividend Option;INF109KA11E0;;11.1772;N.A.;N.A.;28-Dec-2015
132901;ICICI Prudential Fixed Maturity Plan - Series 75 - 1100 Days Plan R Cumulative Option;INF109KA18E5;;11.0301;N.A.;N.A.;28-Dec-2015
132900;ICICI Prudential Fixed Maturity Plan - Series 75 - 1100 Days Plan R Direct Plan Cumulative Option;INF109KA10F9;;11.0363;N.A.;N.A.;28-Dec-2015
132902;ICICI Prudential Fixed Maturity Plan - Series 75 - 1100 Days Plan R Dividend Option;INF109KA19E3;;11.0301;N.A.;N.A.;28-Dec-2015
133006;ICICI Prudential Fixed Maturity Plan - Series 75 - 1100 Days Plan T Cumulative Option;INF109KA14F1;;10.9966;N.A.;N.A.;28-Dec-2015
133005;ICICI Prudential Fixed Maturity Plan - Series 75 - 1100 Days Plan T Direct Plan Cumulative Option;INF109KA12F5;;11.0026;N.A.;N.A.;28-Dec-2015
133003;ICICI Prudential Fixed Maturity Plan - Series 75 - 1100 Days Plan T Dividend Option;INF109KA15F8;;10.9966;N.A.;N.A.;28-Dec-2015
131461;ICICI Prudential Fixed Maturity Plan - Series 75 - 1103 Days Plan L Cumulative Option;INF109KA1V87;;11.3109;N.A.;N.A.;28-Dec-2015
131460;ICICI Prudential Fixed Maturity Plan - Series 75 - 1103 Days Plan L Direct Plan Cumulative Option;INF109KA1W03;;11.3659;N.A.;N.A.;28-Dec-2015
131458;ICICI Prudential Fixed Maturity Plan - Series 75 - 1103 Days Plan L Direct Plan Dividend Option;INF109KA1W11;;11.3659;N.A.;N.A.;28-Dec-2015
131459;ICICI Prudential Fixed Maturity Plan - Series 75 - 1103 Days Plan L Dividend Option;INF109KA1V95;;11.3109;N.A.;N.A.;28-Dec-2015
132831;ICICI Prudential Fixed Maturity Plan - Series 75 - 1103 Days Plan P Cumulative Option;INF109KA16D1;;11.0008;N.A.;N.A.;28-Dec-2015
132830;ICICI Prudential Fixed Maturity Plan - Series 75 - 1103 Days Plan P Direct Plan Cumulative Option;INF109KA18D7;;11.0301;N.A.;N.A.;28-Dec-2015
132833;ICICI Prudential Fixed Maturity Plan - Series 75 - 1103 Days Plan P Direct Plan Dividend Option;INF109KA19D5;;11.0301;N.A.;N.A.;28-Dec-2015
132832;ICICI Prudential Fixed Maturity Plan - Series 75 - 1103 Days Plan P Dividend Option;INF109KA17D9;;11.0008;N.A.;N.A.;28-Dec-2015
133044;ICICI Prudential Fixed Maturity Plan - Series 75 - 1246 Days Plan U Cumulative Option;INF109KA12H1;;11.1271;N.A.;N.A.;28-Dec-2015
133041;ICICI Prudential Fixed Maturity Plan - Series 75 - 1246 Days Plan U Direct Plan Cumulative Option;INF109KA14H7;;11.1991;N.A.;N.A.;28-Dec-2015
133042;ICICI Prudential Fixed Maturity Plan - Series 75 - 1246 Days Plan U Direct Plan Dividend Option;INF109KA15H4;;11.1991;N.A.;N.A.;28-Dec-2015
133043;ICICI Prudential Fixed Maturity Plan - Series 75 - 1246 Days Plan U Dividend Option;INF109KA13H9;;11.1271;N.A.;N.A.;28-Dec-2015
130779;ICICI Prudential Fixed Maturity Plan - Series 75 - 1352 Days Plan E Cumulative Option;INF109KA1ZQ5;;11.4685;N.A.;N.A.;28-Dec-2015
130777;ICICI Prudential Fixed Maturity Plan - Series 75 - 1352 Days Plan E Direct Plan Cumulative Option;INF109KA1ZS1;;11.5095;N.A.;N.A.;28-Dec-2015
130778;ICICI Prudential Fixed Maturity Plan - Series 75 - 1352 Days Plan E Direct Plan Dividend Option;INF109KA1ZT9;;11.5095;N.A.;N.A.;28-Dec-2015
130780;ICICI Prudential Fixed Maturity Plan - Series 75 - 1352 Days Plan E Dividend Option;INF109KA1ZR3;;11.4685;N.A.;N.A.;28-Dec-2015
133246;ICICI Prudential Fixed Maturity Plan - Series 76 - 1100 Days Plan D Cumulative Option;INF109KA12N9;;10.8954;N.A.;N.A.;28-Dec-2015
133244;ICICI Prudential Fixed Maturity Plan - Series 76 - 1100 Days Plan D Direct Plan Cumulative Option;INF109KA14N5;;10.9294;N.A.;N.A.;28-Dec-2015
133245;ICICI Prudential Fixed Maturity Plan - Series 76 - 1100 Days Plan D Direct Plan Dividend Option;INF109KA15N2;;10.9294;N.A.;N.A.;28-Dec-2015
133247;ICICI Prudential Fixed Maturity Plan - Series 76 - 1100 Days Plan D Dividend Option;INF109KA13N7;;10.8954;N.A.;N.A.;28-Dec-2015
133457;ICICI Prudential Fixed Maturity Plan - Series 76 - 1100 Days Plan G Cumulative Option;INF109KA16R1;;10.7471;N.A.;N.A.;28-Dec-2015
133458;ICICI Prudential Fixed Maturity Plan - Series 76 - 1100 Days Plan G Direct Plan Cumulative Option;INF109KA15S1;;10.7725;N.A.;N.A.;28-Dec-2015
133456;ICICI Prudential Fixed Maturity Plan - Series 76 - 1100 Days Plan G Dividend Option;INF109KA17R9;;10.7471;N.A.;N.A.;28-Dec-2015
134163;ICICI Prudential Fixed Maturity Plan - Series 76 - 1100 Days Plan T Cumulative Option;INF109KB1359;;10.6480;N.A.;N.A.;28-Dec-2015
134160;ICICI Prudential Fixed Maturity Plan - Series 76 - 1100 Days Plan T Direct Plan Cumulative Option;INF109KB1375;;10.6755;N.A.;N.A.;28-Dec-2015
134162;ICICI Prudential Fixed Maturity Plan - Series 76 - 1100 Days Plan T Dividend Option;INF109KB1367;;10.6480;N.A.;N.A.;28-Dec-2015
133434;ICICI Prudential Fixed Maturity Plan - Series 76 - 1103 Days Plan F Cumulative option;INF109KA14Q8;;10.7700;N.A.;N.A.;28-Dec-2015
133431;ICICI Prudential Fixed Maturity Plan - Series 76 - 1103 Days Plan F Direct Plan Cumulative Option;INF109KA16Q3;;10.7960;N.A.;N.A.;28-Dec-2015
133432;ICICI Prudential Fixed Maturity Plan - Series 76 - 1103 Days Plan F Direct Plan Dividend Option;INF109KA17Q1;;10.7960;N.A.;N.A.;28-Dec-2015
133433;ICICI Prudential Fixed Maturity Plan - Series 76 - 1103 Days Plan F Dividend Option;INF109KA15Q5;;10.7700;N.A.;N.A.;28-Dec-2015
134308;ICICI Prudential Fixed Maturity Plan - Series 76 - 1108 Days Plan V Cumulative Option;INF109KB1672;;10.6003;N.A.;N.A.;28-Dec-2015
134305;ICICI Prudential Fixed Maturity Plan - Series 76 - 1108 Days Plan V Direct Plan Cumulative Option;INF109KB1698;;10.6320;N.A.;N.A.;28-Dec-2015
134307;ICICI Prudential Fixed Maturity Plan - Series 76 - 1108 Days Plan V Dividend Option;INF109KB1680;;10.6003;N.A.;N.A.;28-Dec-2015
134186;ICICI Prudential Fixed Maturity Plan - Series 76 - 1120 Days Plan U Cumulative Option;INF109KB1391;;10.6133;N.A.;N.A.;28-Dec-2015
134188;ICICI Prudential Fixed Maturity Plan - Series 76 - 1120 Days Plan U Direct Plan Cumulative Option;INF109KB1417;;10.6408;N.A.;N.A.;28-Dec-2015
134187;ICICI Prudential Fixed Maturity Plan - Series 76 - 1120 Days Plan U Dividend Option;INF109KB1409;;10.6133;N.A.;N.A.;28-Dec-2015
134312;ICICI Prudential Fixed Maturity Plan - Series 76 - 1127 Days Plan W Cumulative Option;INF109KB1953;;10.6333;N.A.;N.A.;28-Dec-2015
134309;ICICI Prudential Fixed Maturity Plan - Series 76 - 1127 Days Plan W Direct Plan Cumulative Option;INF109KB1979;;10.6410;N.A.;N.A.;28-Dec-2015
134310;ICICI Prudential Fixed Maturity Plan - Series 76 - 1127 Days Plan W Direct Plan Dividend Option;INF109KB1987;;10.6410;N.A.;N.A.;28-Dec-2015
134311;ICICI Prudential Fixed Maturity Plan - Series 76 - 1127 Days Plan W Dividend Option;INF109KB1961;;10.6333;N.A.;N.A.;28-Dec-2015
134005;ICICI Prudential Fixed Maturity Plan - Series 76 - 1132 Days Plan P Cumulative Option;INF109KB1219;;10.6736;N.A.;N.A.;28-Dec-2015
134007;ICICI Prudential Fixed Maturity Plan - Series 76 - 1132 Days Plan P Direct Plan Cumulative Option;INF109KB1235;;10.7014;N.A.;N.A.;28-Dec-2015
134399;ICICI Prudential Fixed Maturity Plan - Series 76 - 1134 Days Plan Y Cumulative Option;INF109KB1BF8;;10.5552;N.A.;N.A.;28-Dec-2015
134397;ICICI Prudential Fixed Maturity Plan - Series 76 - 1134 Days Plan Y Direct Plan Cumulative Option;INF109KB1BH4;;10.5625;N.A.;N.A.;28-Dec-2015
134400;ICICI Prudential Fixed Maturity Plan - Series 76 - 1134 Days Plan Y Dividend Option;INF109KB1BG6;;10.5552;N.A.;N.A.;28-Dec-2015
134458;ICICI Prudential Fixed Maturity Plan - Series 76 - 1135 Days Plan Z Cumulative Option;INF109KB1BB7;;10.5397;N.A.;N.A.;28-Dec-2015
134461;ICICI Prudential Fixed Maturity Plan - Series 76 - 1135 Days Plan Z Direct Plan Cumulative Option;INF109KB1BD3;;10.5469;N.A.;N.A.;28-Dec-2015
134460;ICICI Prudential Fixed Maturity Plan - Series 76 - 1135 Days Plan Z Direct Plan Dividend Option;INF109KB1BE1;;10.5469;N.A.;N.A.;28-Dec-2015
134459;ICICI Prudential Fixed Maturity Plan - Series 76 - 1135 Days Plan Z Dividend Option;INF109KB1BC5;;10.5397;N.A.;N.A.;28-Dec-2015
133874;ICICI Prudential Fixed Maturity Plan - Series 76 - 1142 Days Plan M Cumulative Option;INF109KA16Y7;;10.7037;N.A.;N.A.;28-Dec-2015
133875;ICICI Prudential Fixed Maturity Plan - Series 76 - 1142 Days Plan M Direct Plan Cumulative Option;INF109KA18Y3;;10.7258;N.A.;N.A.;28-Dec-2015
133876;ICICI Prudential Fixed Maturity Plan - Series 76 - 1142 Days Plan M Direct Plan Dividend Option;INF109KA19Y1;;10.7258;N.A.;N.A.;28-Dec-2015
133877;ICICI Prudential Fixed Maturity Plan - Series 76 - 1142 Days Plan M Dividend Option;INF109KA17Y5;;10.7037;N.A.;N.A.;28-Dec-2015
133673;ICICI Prudential Fixed Maturity Plan - Series 76 - 1155 Days Plan K Cumulative Option;INF109KA14V8;;10.7517;N.A.;N.A.;28-Dec-2015
133670;ICICI Prudential Fixed Maturity Plan - Series 76 - 1155 Days Plan K Direct Plan Cumulative Option;INF109KA16V3;;10.7787;N.A.;N.A.;28-Dec-2015
133672;ICICI Prudential Fixed Maturity Plan - Series 76 - 1155 Days Plan K Dividend Option;INF109KA15V5;;10.7517;N.A.;N.A.;28-Dec-2015
134928;ICICI Prudential Fixed Maturity Plan - Series 77 - 1100 Days Plan L Cumulative Option;INF109KB1IT4;;10.3363;N.A.;N.A.;28-Dec-2015
134929;ICICI Prudential Fixed Maturity Plan - Series 77 - 1100 Days Plan L Direct Plan Cumulative Option;INF109KB1IV0;;10.3751;N.A.;N.A.;28-Dec-2015
134926;ICICI Prudential Fixed Maturity Plan - Series 77 - 1100 Days Plan L Direct Plan Dividend Option;INF109KB1IW8;;10.3751;N.A.;N.A.;28-Dec-2015
134927;ICICI Prudential Fixed Maturity Plan - Series 77 - 1100 Days Plan L Dividend Option;INF109KB1IU2;;10.3363;N.A.;N.A.;28-Dec-2015
134931;ICICI Prudential Fixed Maturity Plan - Series 77 - 1100 Days Plan M Cumulative Option;INF109KB1IP2;;10.4030;N.A.;N.A.;28-Dec-2015
134930;ICICI Prudential Fixed Maturity Plan - Series 77 - 1100 Days Plan M Direct Plan Cumulative Option;INF109KB1IR8;;10.4688;N.A.;N.A.;28-Dec-2015
134933;ICICI Prudential Fixed Maturity Plan - Series 77 - 1100 Days Plan M Direct Plan Dividend Option;INF109KB1IS6;;10.4688;N.A.;N.A.;28-Dec-2015
134932;ICICI Prudential Fixed Maturity Plan - Series 77 - 1100 Days Plan M Dividend Option;INF109KB1IQ0;;10.4030;N.A.;N.A.;28-Dec-2015
135403;ICICI Prudential Fixed Maturity Plan - Series 77 - 1129 Days Plan W Cumulative Option;INF109KB1MR0;;10.1900;N.A.;N.A.;28-Dec-2015
135401;ICICI Prudential Fixed Maturity Plan - Series 77 - 1129 Days Plan W Direct Plan Cumulative Option;INF109KB1MT6;;10.2160;N.A.;N.A.;28-Dec-2015
135400;ICICI Prudential Fixed Maturity Plan - Series 77 - 1129 Days Plan W Dividend Option;INF109KB1MS8;;10.1900;N.A.;N.A.;28-Dec-2015
134628;ICICI Prudential Fixed Maturity Plan - Series 77 - 1130 Days Plan D Cumulative Option;INF109KB1EL0;;10.5093;N.A.;N.A.;28-Dec-2015
134630;ICICI Prudential Fixed Maturity Plan - Series 77 - 1130 Days Plan D Direct Plan Cumulative Option;INF109KB1EN6;;10.5157;N.A.;N.A.;28-Dec-2015
134629;ICICI Prudential Fixed Maturity Plan - Series 77 - 1130 Days Plan D Dividend Option;INF109KB1EM8;;10.5093;N.A.;N.A.;28-Dec-2015
134540;ICICI Prudential Fixed Maturity Plan - Series 77 - 1132 Days Plan A Cumulative Option;INF109KB1DF4;;10.5562;N.A.;N.A.;28-Dec-2015
134539;ICICI Prudential Fixed Maturity Plan - Series 77 - 1132 Days Plan A Direct Plan Cumulative Option;INF109KB1DH0;;10.5630;N.A.;N.A.;28-Dec-2015
134537;ICICI Prudential Fixed Maturity Plan - Series 77 - 1132 Days Plan A Direct Plan Dividend Option;INF109KB1DI8;;10.5630;N.A.;N.A.;28-Dec-2015
134538;ICICI Prudential Fixed Maturity Plan - Series 77 - 1132 Days Plan A Dividend Option;INF109KB1DG2;;10.5562;N.A.;N.A.;28-Dec-2015
134731;ICICI Prudential Fixed Maturity Plan - Series 77 - 1134 Plan H Cumulative Option;INF109KB1HB4;;10.4562;N.A.;N.A.;28-Dec-2015
134730;ICICI Prudential Fixed Maturity Plan - Series 77 - 1134 Plan H Direct Plan Cumulative Option;INF109KB1HD0;;10.4871;N.A.;N.A.;28-Dec-2015
134733;ICICI Prudential Fixed Maturity Plan - Series 77 - 1134 Plan H Direct Plan Dividend Option;INF109KB1HE8;;10.4871;N.A.;N.A.;28-Dec-2015
135318;ICICI Prudential Fixed Maturity Plan - Series 77 - 1144 Days Plan T Cumulative Option;INF109KB1MF5;;10.2359;N.A.;N.A.;28-Dec-2015
135316;ICICI Prudential Fixed Maturity Plan - Series 77 - 1144 Days Plan T Direct Plan Cumulative Option;INF109KB1MH1;;10.2676;N.A.;N.A.;28-Dec-2015
135319;ICICI Prudential Fixed Maturity Plan - Series 77 - 1144 Days Plan T Dividend Option;INF109KB1MG3;;10.2359;N.A.;N.A.;28-Dec-2015
135289;ICICI Prudential Fixed Maturity Plan - Series 77 - 1151 Days Plan S Cumulative Option;INF109KB1LZ5;;10.2294;N.A.;N.A.;28-Dec-2015
135286;ICICI Prudential Fixed Maturity Plan - Series 77 - 1151 Days Plan S Direct Plan Cumulative Option;INF109KB1MB4;;10.2617;N.A.;N.A.;28-Dec-2015
135288;ICICI Prudential Fixed Maturity Plan - Series 77 - 1151 Days Plan S Direct Plan Dividend Option;INF109KB1MC2;;10.2617;N.A.;N.A.;28-Dec-2015
135287;ICICI Prudential Fixed Maturity Plan - Series 77 - 1151 Days Plan S Dividend Option;INF109KB1MA6;;10.2294;N.A.;N.A.;28-Dec-2015
134573;ICICI Prudential Fixed Maturity Plan - Series 77 - 1473 Days Plan C Cumulative Option;INF109KB1DN8;;10.5559;N.A.;N.A.;28-Dec-2015
134575;ICICI Prudential Fixed Maturity Plan - Series 77 - 1473 Days Plan C Direct Plan Cumulative Option;INF109KB1DP3;;10.5754;N.A.;N.A.;28-Dec-2015
134576;ICICI Prudential Fixed Maturity Plan - Series 77 - 1473 Days Plan C Direct Plan Dividend Option;INF109KB1DQ1;;10.5754;N.A.;N.A.;28-Dec-2015
134574;ICICI Prudential Fixed Maturity Plan - Series 77 - 1473 Days Plan C Dividend Option;INF109KB1DO6;;10.5559;N.A.;N.A.;28-Dec-2015
135846;ICICI Prudential Fixed Maturity Plan - Series 78 - 1212 Days Plan A Cumulative Option;INF109KB1OR6;;10.0297;N.A.;N.A.;28-Dec-2015
135847;ICICI Prudential Fixed Maturity Plan - Series 78 - 1212 Days Plan A Direct Plan Cumulative Option;INF109KB1OT2;;10.0336;N.A.;N.A.;28-Dec-2015
135845;ICICI Prudential Fixed Maturity Plan - Series 78 - 1212 Days Plan A Direct Plan Dividend Option;INF109KB1OU0;;10.0336;N.A.;N.A.;28-Dec-2015
135848;ICICI Prudential Fixed Maturity Plan - Series 78 - 1212 Days Plan A Dividend Option;INF109KB1OS4;;10.0297;N.A.;N.A.;28-Dec-2015
130085;ICICI Prudential Fixed Maturity Plan - Series 74 -369 Days Plan T Direct Plan Cumulative Option;INF109KB1GL5;;11.3859;N.A.;N.A.;28-Dec-2015
130088;ICICI Prudential Fixed Maturity Plan -Series 74 -369 Days Plan T - Cumulative Option;INF109KB1GN1;;11.3771;N.A.;N.A.;28-Dec-2015
130087;ICICI Prudential Fixed Maturity Plan -Series 74 -369 Days Plan T - Dividend Option;INF109KB1GO9;;11.3249;N.A.;N.A.;28-Dec-2015
130086;ICICI Prudential Fixed Maturity Plan -Series 74 -369 Days Plan T Direct Plan Dividend Option;INF109KB1GM3;;11.3335;N.A.;N.A.;28-Dec-2015
130178;ICICI Prudential Fixed Maturity Plan - Series 74 - 370 Days Plan V - Cumulative Option;INF109KB1IH9;;11.3547;N.A.;N.A.;28-Dec-2015
130179;ICICI Prudential Fixed Maturity Plan - Series 74 - 370 Days Plan V - Dividend Option;INF109KB1II7;;11.3027;N.A.;N.A.;28-Dec-2015
130177;ICICI Prudential Fixed Maturity Plan - Series 74 - 370 Days Plan V Direct Plan Cumulative Option;INF109KB1IJ5;;11.3672;N.A.;N.A.;28-Dec-2015
130180;ICICI Prudential Fixed Maturity Plan - Series 74 - 370 Days Plan V Direct Plan Dividend Option;INF109KB1IK3;;11.3151;N.A.;N.A.;28-Dec-2015
133503;ICICI Prudential Fixed Maturity Plan-Series 76 -1185 Days Plan H Cumulative Option;INF109KA16S9;;10.9578;N.A.;N.A.;28-Dec-2015
133504;ICICI Prudential Fixed Maturity Plan-Series 76 -1185 Days Plan H Direct Plan Cumulative Option;INF109KA18S5;;11.0037;N.A.;N.A.;28-Dec-2015
133501;ICICI Prudential Fixed Maturity Plan-Series 76 -1185 Days Plan H Direct Plan Dividend Option;INF109KA19S3;;11.0037;N.A.;N.A.;28-Dec-2015
133502;ICICI Prudential Fixed Maturity Plan-Series 76 -1185 Days Plan H Dividend Option;INF109KA17S7;;10.9578;N.A.;N.A.;28-Dec-2015
129236;ICICI Prudential Fixed Maturity Plan - Series 74 - 780 Days Plan E Cumulative Option;INF109KB1XL0;;11.5775;N.A.;N.A.;28-Dec-2015
129238;ICICI Prudential Fixed Maturity Plan - Series 74 - 780 Days Plan E Direct Plan Cumulative Option;INF109KB1XN6;;11.6668;N.A.;N.A.;28-Dec-2015
129239;ICICI Prudential Fixed Maturity Plan - Series 74 - 780 Days Plan E Direct Plan Dividend Option;INF109KB1XO4;;11.1516;N.A.;N.A.;28-Dec-2015
129237;ICICI Prudential Fixed Maturity Plan - Series 74 - 780 Days Plan E Dividend Option;INF109KB1XM8;;11.0882;N.A.;N.A.;28-Dec-2015
129855;ICICI Prudential Fixed Maturity Plan - Series 74 - 367 Days Plan N  Cumulative Option;INF109KB1FU8;;11.4158;N.A.;N.A.;28-Dec-2015
129854;ICICI Prudential Fixed Maturity Plan - Series 74 - 367 Days Plan N Direct Plan Cumulative Option;INF109KB1FS2;;11.4248;N.A.;N.A.;28-Dec-2015
129856;ICICI Prudential Fixed Maturity Plan - Series 74 - 367 Days Plan N Dividend Option;INF109KB1FT0;;11.3634;N.A.;N.A.;28-Dec-2015
129853;ICICI Prudential Fixed Maturity Plan -Series 74 -367 Days Plan N Direct Plan Dividend Option;INF109KB1FR4;;11.3723;N.A.;N.A.;28-Dec-2015
135011;ICICI Prudential Fixed Maturity Plan - Series 77 - 1105 Days Plan N - Cumulative Option;INF109KB1JV8;;10.3309;N.A.;N.A.;28-Dec-2015
135012;ICICI Prudential Fixed Maturity Plan - Series 77 - 1105 Days Plan N - Direct Plan - Cumulative Option;INF109KB1JX4;;10.3587;N.A.;N.A.;28-Dec-2015
135013;ICICI Prudential Fixed Maturity Plan - Series 77 - 1105 Days Plan N - Dividend Option;INF109KB1JW6;;10.3309;N.A.;N.A.;28-Dec-2015
121876;ICICI Prudential Fixed Maturity Plan-Series 67-3 Year Plan F - Cumulative;INF109K019U5;;12.5933;N.A.;N.A.;28-Dec-2015
121875;ICICI Prudential Fixed Maturity Plan-Series 67-3 Year Plan F - Direct Plan - Cumulative;INF109K011V0;;12.6724;N.A.;N.A.;28-Dec-2015
121878;ICICI Prudential Fixed Maturity Plan-Series 67-3 Year Plan F - Direct Plan - Dividend;INF109K012V8;;12.3062;N.A.;N.A.;28-Dec-2015
121877;ICICI Prudential Fixed Maturity Plan-Series 67-3 Year Plan F - Dividend;INF109K010V2;;12.2283;N.A.;N.A.;28-Dec-2015
121956;ICICI Prudential Fixed Maturity Plan-Series 67-740 Days Plan H - Cumulative;INF109K017V7;;12.5324;N.A.;N.A.;28-Dec-2015
121955;ICICI Prudential Fixed Maturity Plan-Series 67-740 Days Plan H - Direct Plan - Cumulative;INF109K019V3;;12.6021;N.A.;N.A.;28-Dec-2015
121953;ICICI Prudential Fixed Maturity Plan-Series 67-740 Days Plan H - Direct Plan - Dividend;INF109K010W0;;12.2069;N.A.;N.A.;28-Dec-2015
121954;ICICI Prudential Fixed Maturity Plan-Series 67-740 Days Plan H - Dividend;INF109K018V5;;12.1386;N.A.;N.A.;28-Dec-2015
122276;ICICI Prudential Fixed Maturity Plan-Series 67-745 Days Plan K - Cumulative;INF109KB1FQ6;;12.3625;N.A.;N.A.;28-Dec-2015
122273;ICICI Prudential Fixed Maturity Plan-Series 67-745 Days Plan K - Direct Plan - Cumulative;INF109KB1FO1;;12.4319;N.A.;N.A.;28-Dec-2015
122275;ICICI Prudential Fixed Maturity Plan-Series 67-745 Days Plan K - Direct Plan - Dividend;INF109KB1FN3;;10.9393;N.A.;N.A.;28-Dec-2015
122274;ICICI Prudential Fixed Maturity Plan-Series 67-745 Days Plan K - Dividend;INF109KB1FP8;;10.9147;N.A.;N.A.;28-Dec-2015
122893;ICICI Prudential Fixed Maturity Plan-Series 68-368 Days Plan G - Cumulative;INF109KA1ZJ0;;12.4569;N.A.;N.A.;28-Dec-2015
122892;ICICI Prudential Fixed Maturity Plan-Series 68-368 Days Plan G - Direct Plan - Cumulative;INF109KA1ZH4;;12.4795;N.A.;N.A.;28-Dec-2015
123002;ICICI Prudential Fixed Maturity Plan-Series 68-369 Days Plan I - Cumulative;INF109KA1ZO0;;12.4806;N.A.;N.A.;28-Dec-2015
123000;ICICI Prudential Fixed Maturity Plan-Series 68-369 Days Plan I - Direct Plan - Cumulative;INF109KA1ZM4;;12.5167;N.A.;N.A.;28-Dec-2015
123003;ICICI Prudential Fixed Maturity Plan-Series 68-369 Days Plan I - Dividend;INF109KA1ZP7;;12.4236;N.A.;N.A.;28-Dec-2015
123076;ICICI Prudential Fixed Maturity Plan-Series 68-369 Days Plan K - Cumulative;INF109KA1A09;;12.4773;N.A.;N.A.;28-Dec-2015
123074;ICICI Prudential Fixed Maturity Plan-Series 68-369 Days Plan K - Direct Plan - Cumulative;INF109KA1ZY9;;12.5038;N.A.;N.A.;28-Dec-2015
123113;ICICI Prudential Fixed Maturity Plan-Series 68-704 Days Plan L - Cumulative;INF109KB1JR6;;12.3072;N.A.;N.A.;28-Dec-2015
123110;ICICI Prudential Fixed Maturity Plan-Series 68-704 Days Plan L - Direct Plan - Cumulative;INF109KB1JT2;;12.3723;N.A.;N.A.;28-Dec-2015
123112;ICICI Prudential Fixed Maturity Plan-Series 68-704 Days Plan L - Direct Plan - Dividend;INF109KB1JU0;;11.2105;N.A.;N.A.;28-Dec-2015
123111;ICICI Prudential Fixed Maturity Plan-Series 68-704 Days Plan L - Dividend;INF109KB1JS4;;11.1777;N.A.;N.A.;28-Dec-2015
122611;ICICI Prudential Fixed Maturity Plan-Series 68-745 Days Plan C - Cumulative;INF109KB1IL1;;12.0863;N.A.;N.A.;28-Dec-2015
122608;ICICI Prudential Fixed Maturity Plan-Series 68-745 Days Plan C - Direct Plan - Cumulative;INF109KB1IN7;;12.1467;N.A.;N.A.;28-Dec-2015
122610;ICICI Prudential Fixed Maturity Plan-Series 68-745 Days Plan C - Dividend;INF109KB1IM9;;11.0907;N.A.;N.A.;28-Dec-2015
122778;ICICI Prudential Fixed Maturity Plan-Series 68-745 Days Plan F - Cumulative;INF109KB1KF9;;12.1822;N.A.;N.A.;28-Dec-2015
122776;ICICI Prudential Fixed Maturity Plan-Series 68-745 Days Plan F - Direct Plan - Cumulative;INF109KB1KH5;;12.2319;N.A.;N.A.;28-Dec-2015
122777;ICICI Prudential Fixed Maturity Plan-Series 68-745 Days Plan F - Direct Plan - Dividend;INF109KB1KI3;;11.1604;N.A.;N.A.;28-Dec-2015
122779;ICICI Prudential Fixed Maturity Plan-Series 68-745 Days Plan F - Dividend;INF109KB1KG7;;11.1352;N.A.;N.A.;28-Dec-2015
122898;ICICI Prudential Fixed Maturity Plan-Series 68-745 Days Plan H - Cumulative;INF109KB1LD2;;12.2814;N.A.;N.A.;28-Dec-2015
122896;ICICI Prudential Fixed Maturity Plan-Series 68-745 Days Plan H - Direct Plan - Cumulative;INF109KB1LF7;;12.3476;N.A.;N.A.;28-Dec-2015
122998;ICICI Prudential Fixed Maturity Plan-Series 68-745 Days Plan J - Cumulative;INF109KB1LH3;;12.3469;N.A.;N.A.;28-Dec-2015
122996;ICICI Prudential Fixed Maturity Plan-Series 68-745 Days Plan J - Direct Plan - Cumulative;INF109KB1LJ9;;12.4113;N.A.;N.A.;28-Dec-2015
122999;ICICI Prudential Fixed Maturity Plan-Series 68-745 Days Plan J - Dividend;INF109KB1LI1;;10.9815;N.A.;N.A.;28-Dec-2015
123992;ICICI Prudential Fixed Maturity Plan-Series 69-1092 Days Plan L - Cumulative;INF109KA1CZ5;;12.2596;N.A.;N.A.;28-Dec-2015
123994;ICICI Prudential Fixed Maturity Plan-Series 69-1092 Days Plan L - Direct Plan - Cumulative;INF109KA1CX0;;12.4333;N.A.;N.A.;28-Dec-2015
123995;ICICI Prudential Fixed Maturity Plan-Series 69-1092 Days Plan L - Direct Plan - Dividend;INF109KA1CY8;;11.2570;N.A.;N.A.;28-Dec-2015
123993;ICICI Prudential Fixed Maturity Plan-Series 69-1092 Days Plan L - Dividend;INF109KA1DA6;;11.1769;N.A.;N.A.;28-Dec-2015
123367;ICICI Prudential Fixed Maturity Plan-Series 69-1093 Days Plan F - Cumulative;INF109KA1AP0;;12.4351;N.A.;N.A.;28-Dec-2015
123370;ICICI Prudential Fixed Maturity Plan-Series 69-1093 Days Plan F - Direct Plan - Cumulative;INF109KA1AN5;;12.5946;N.A.;N.A.;28-Dec-2015
123368;ICICI Prudential Fixed Maturity Plan-Series 69-1093 Days Plan F - Dividend;INF109KA1AQ8;;11.3916;N.A.;N.A.;28-Dec-2015
123484;ICICI Prudential Fixed Maturity Plan-Series 69-1821 Days Plan H - Cumulative;INF109KA1BN3;;12.6864;N.A.;N.A.;28-Dec-2015
123482;ICICI Prudential Fixed Maturity Plan-Series 69-1821 Days Plan H - Direct Plan - Cumulative;INF109KA1BL7;;12.8472;N.A.;N.A.;28-Dec-2015
123485;ICICI Prudential Fixed Maturity Plan-Series 69-1821 Days Plan H - Dividend;INF109KA1BO1;;11.5936;N.A.;N.A.;28-Dec-2015
123186;ICICI Prudential Fixed Maturity Plan-Series 69-366 Days Plan A - Cumulative;INF109KA1A41;;12.4578;N.A.;N.A.;28-Dec-2015
123184;ICICI Prudential Fixed Maturity Plan-Series 69-366 Days Plan A - Direct Plan - Cumulative;INF109KA1A25;;12.4850;N.A.;N.A.;28-Dec-2015
123480;ICICI Prudential Fixed Maturity Plan-Series 69-366 Days Plan G - Cumulative;INF109KA1J67;;12.4381;N.A.;N.A.;28-Dec-2015
123478;ICICI Prudential Fixed Maturity Plan-Series 69-366 Days Plan G - Direct Plan - Cumulative;INF109KA1J42;;12.4758;N.A.;N.A.;28-Dec-2015
123481;ICICI Prudential Fixed Maturity Plan-Series 69-366 Days Plan G - Dividend;INF109KA1J75;;11.2804;N.A.;N.A.;28-Dec-2015
123628;ICICI Prudential Fixed Maturity Plan-Series 69-369 Days Plan J - Cumulative;INF109KA1P44;;12.4226;N.A.;N.A.;28-Dec-2015
123627;ICICI Prudential Fixed Maturity Plan-Series 69-369 Days Plan J - Direct Plan - Cumulative;INF109KA1P28;;12.4471;N.A.;N.A.;28-Dec-2015
123626;ICICI Prudential Fixed Maturity Plan-Series 69-369 Days Plan J - Dividend;INF109KA1P51;;11.2269;N.A.;N.A.;28-Dec-2015
123946;ICICI Prudential Fixed Maturity Plan-Series 69-372 Days Plan K - Cumulative;INF109KA1Q68;;12.3667;N.A.;N.A.;28-Dec-2015
123944;ICICI Prudential Fixed Maturity Plan-Series 69-372 Days Plan K - Direct Plan - Cumulative;INF109KA1Q43;;12.4143;N.A.;N.A.;28-Dec-2015
123947;ICICI Prudential Fixed Maturity Plan-Series 69-372 Days Plan K - Dividend;INF109KA1Q76;;11.2020;N.A.;N.A.;28-Dec-2015
123364;ICICI Prudential Fixed Maturity Plan-Series 69-433 Days Plan E - Cumulative;INF109KA10D4;;12.4024;N.A.;N.A.;28-Dec-2015
123363;ICICI Prudential Fixed Maturity Plan-Series 69-433 Days Plan E - Direct Plan - Cumulative;INF109KA18C9;;12.4468;N.A.;N.A.;28-Dec-2015
123366;ICICI Prudential Fixed Maturity Plan-Series 69-433 Days Plan E - Dividend;INF109KA11D2;;12.3470;N.A.;N.A.;28-Dec-2015
123282;ICICI Prudential Fixed Maturity Plan-Series 69-693 Days Plan D - Cumulative;INF109KB1KB8;;12.2982;N.A.;N.A.;28-Dec-2015
123280;ICICI Prudential Fixed Maturity Plan-Series 69-693 Days Plan D - Direct Plan - Cumulative;INF109KB1KD4;;12.3596;N.A.;N.A.;28-Dec-2015
123281;ICICI Prudential Fixed Maturity Plan-Series 69-693 Days Plan D - Direct Plan - Dividend;INF109KB1KE2;;11.0947;N.A.;N.A.;28-Dec-2015
123279;ICICI Prudential Fixed Maturity Plan-Series 69-693 Days Plan D - Dividend;INF109KB1KC6;;11.0689;N.A.;N.A.;28-Dec-2015
123261;ICICI Prudential Fixed Maturity Plan-Series 69-698 Days Plan B - Cumulative;INF109KB1JN5;;12.2630;N.A.;N.A.;28-Dec-2015
123259;ICICI Prudential Fixed Maturity Plan-Series 69-698 Days Plan B - Direct Plan - Cumulative;INF109KB1JP0;;12.3279;N.A.;N.A.;28-Dec-2015
123262;ICICI Prudential Fixed Maturity Plan-Series 69-698 Days Plan B - Dividend;INF109KB1JO3;;11.1806;N.A.;N.A.;28-Dec-2015
124399;ICICI Prudential Fixed Maturity Plan-Series 70-1095 Days Plan H - Cumulative;INF109KA1DX8;;12.1152;N.A.;N.A.;28-Dec-2015
124397;ICICI Prudential Fixed Maturity Plan-Series 70-1095 Days Plan H - Direct Plan - Cumulative;INF109KA1DV2;;12.2803;N.A.;N.A.;28-Dec-2015
124398;ICICI Prudential Fixed Maturity Plan-Series 70-1095 Days Plan H - Direct Plan - Dividend;INF109KA1DW0;;11.1522;N.A.;N.A.;28-Dec-2015
124400;ICICI Prudential Fixed Maturity Plan-Series 70-1095 Days Plan H - Dividend;INF109KA1DY6;;11.0766;N.A.;N.A.;28-Dec-2015
125025;ICICI Prudential Fixed Maturity Plan-Series 70-1285 Days Plan T - Cumulative;INF109KA1GH4;;12.2428;N.A.;N.A.;28-Dec-2015
125023;ICICI Prudential Fixed Maturity Plan-Series 70-1285 Days Plan T - Direct Plan - Cumulative;INF109KA1GF8;;12.3220;N.A.;N.A.;28-Dec-2015
125024;ICICI Prudential Fixed Maturity Plan-Series 70-1285 Days Plan T - Direct Plan - Dividend;INF109KA1GG6;;11.7039;N.A.;N.A.;28-Dec-2015
125026;ICICI Prudential Fixed Maturity Plan-Series 70-1285 Days Plan T - Dividend;INF109KA1GI2;;11.6264;N.A.;N.A.;28-Dec-2015
124142;ICICI Prudential Fixed Maturity Plan-Series 70-366 Days Plan B - Cumulative;INF109KA1R00;;12.3362;N.A.;N.A.;28-Dec-2015
124143;ICICI Prudential Fixed Maturity Plan-Series 70-366 Days Plan B - Direct Plan - Cumulative;INF109KA1Q84;;12.3597;N.A.;N.A.;28-Dec-2015
124145;ICICI Prudential Fixed Maturity Plan-Series 70-366 Days Plan B - Dividend;INF109KA1R18;;11.1971;N.A.;N.A.;28-Dec-2015
124497;ICICI Prudential Fixed Maturity Plan-Series 70-366 Days Plan I - Cumulative;INF109KA1U88;;12.2288;N.A.;N.A.;28-Dec-2015
124495;ICICI Prudential Fixed Maturity Plan-Series 70-366 Days Plan I - Direct Plan - Cumulative;INF109KA1U62;;12.2521;N.A.;N.A.;28-Dec-2015
124496;ICICI Prudential Fixed Maturity Plan-Series 70-366 Days Plan I - Direct Plan - Dividend;INF109KA1U70;;11.1775;N.A.;N.A.;28-Dec-2015
124217;ICICI Prudential Fixed Maturity Plan-Series 70-367 Days Plan C - Cumulative;INF109KA1T24;;12.3265;N.A.;N.A.;28-Dec-2015
124215;ICICI Prudential Fixed Maturity Plan-Series 70-367 Days Plan C - Direct Plan - Cumulative;INF109KA1T08;;12.3504;N.A.;N.A.;28-Dec-2015
124216;ICICI Prudential Fixed Maturity Plan-Series 70-367 Days Plan C - Direct Plan - Dividend;INF109KA1T16;;11.2010;N.A.;N.A.;28-Dec-2015
124218;ICICI Prudential Fixed Maturity Plan-Series 70-367 Days Plan C - Dividend;INF109KA1T32;;11.1855;N.A.;N.A.;28-Dec-2015
124720;ICICI Prudential Fixed Maturity Plan-Series 70-367 Days Plan N - Cumulative;INF109KA1Z91;;12.1375;N.A.;N.A.;28-Dec-2015
124718;ICICI Prudential Fixed Maturity Plan-Series 70-367 Days Plan N - Direct Plan - Cumulative;INF109KA1Y84;;12.1599;N.A.;N.A.;28-Dec-2015
124362;ICICI Prudential Fixed Maturity Plan-Series 70-368 Days Plan J - Cumulative;INF109KA1U47;;12.2148;N.A.;N.A.;28-Dec-2015
124361;ICICI Prudential Fixed Maturity Plan-Series 70-368 Days Plan J - Direct Plan - Cumulative;INF109KA1U21;;12.2624;N.A.;N.A.;28-Dec-2015
124584;ICICI Prudential Fixed Maturity Plan-Series 70-368 Days Plan K - Cumulative;INF109KA1V20;;12.2347;N.A.;N.A.;28-Dec-2015
124582;ICICI Prudential Fixed Maturity Plan-Series 70-368 Days Plan K - Direct Plan - Cumulative;INF109KA1V04;;12.2581;N.A.;N.A.;28-Dec-2015
124651;ICICI Prudential Fixed Maturity Plan-Series 70-368 Days Plan M - Cumulative;INF109KA1Z34;;12.1644;N.A.;N.A.;28-Dec-2015
124653;ICICI Prudential Fixed Maturity Plan-Series 70-368 Days Plan M - Direct Plan - Cumulative;INF109KA1Z18;;12.1864;N.A.;N.A.;28-Dec-2015
124652;ICICI Prudential Fixed Maturity Plan-Series 70-368 Days Plan M - Dividend;INF109KA1Z42;;12.1087;N.A.;N.A.;28-Dec-2015
124082;ICICI Prudential Fixed Maturity Plan-Series 70-369 Days Plan E - Cumulative;INF109KA1S82;;12.3340;N.A.;N.A.;28-Dec-2015
124079;ICICI Prudential Fixed Maturity Plan-Series 70-369 Days Plan E - Direct Plan - Cumulative;INF109KA1S66;;12.3824;N.A.;N.A.;28-Dec-2015
124081;ICICI Prudential Fixed Maturity Plan-Series 70-369 Days Plan E - Dividend;INF109KA1S90;;11.1912;N.A.;N.A.;28-Dec-2015
124593;ICICI Prudential Fixed Maturity Plan-Series 70-372 Days Plan L - Cumulative;INF109KA1Z75;;12.1900;N.A.;N.A.;28-Dec-2015
124591;ICICI Prudential Fixed Maturity Plan-Series 70-372 Days Plan L - Direct Plan - Cumulative;INF109KA1Z59;;12.2122;N.A.;N.A.;28-Dec-2015
124594;ICICI Prudential Fixed Maturity Plan-Series 70-372 Days Plan L - Dividend;INF109KA1Z83;;12.1330;N.A.;N.A.;28-Dec-2015
124922;ICICI Prudential Fixed Maturity Plan-Series 70-540 Days Plan S - Cumulative;INF109KB1BZ6;;12.0471;N.A.;N.A.;28-Dec-2015
124920;ICICI Prudential Fixed Maturity Plan-Series 70-540 Days Plan S - Direct Plan - Cumulative;INF109KB1CB5;;12.0919;N.A.;N.A.;28-Dec-2015
124221;ICICI Prudential Fixed Maturity Plan-Series 70-742 Days Plan D - Cumulative;INF109KA1DT6;;12.0093;N.A.;N.A.;28-Dec-2015
124219;ICICI Prudential Fixed Maturity Plan-Series 70-742 Days Plan D - Direct Plan - Cumulative;INF109KA1DR0;;12.1262;N.A.;N.A.;28-Dec-2015
124222;ICICI Prudential Fixed Maturity Plan-Series 70-742 Days Plan D - Dividend;INF109KA1DU4;;10.9007;N.A.;N.A.;28-Dec-2015
123991;ICICI Prudential Fixed Maturity Plan-Series 70-745 Days Plan A - Cumulative;INF109KB1NH9;;12.2256;N.A.;N.A.;28-Dec-2015
123988;ICICI Prudential Fixed Maturity Plan-Series 70-745 Days Plan A - Direct Plan - Cumulative;INF109KB1NJ5;;12.2848;N.A.;N.A.;28-Dec-2015
123990;ICICI Prudential Fixed Maturity Plan-Series 70-745 Days Plan A - Dividend;INF109KB1NI7;;11.0797;N.A.;N.A.;28-Dec-2015
124319;ICICI Prudential Fixed Maturity Plan-Series 70-745 Days Plan G - Cumulative;INF109KA1EJ5;;12.0223;N.A.;N.A.;28-Dec-2015
124317;ICICI Prudential Fixed Maturity Plan-Series 70-745 Days Plan G - Direct Plan - Cumulative;INF109KA1EH9;;12.1382;N.A.;N.A.;28-Dec-2015
124320;ICICI Prudential Fixed Maturity Plan-Series 70-745 Days Plan G - Dividend;INF109KA1EK3;;10.9291;N.A.;N.A.;28-Dec-2015
124649;ICICI Prudential Fixed Maturity Plan-Series 70-745 Days Plan P - Cumulative;INF109KB1OJ3;;12.0003;N.A.;N.A.;28-Dec-2015
124647;ICICI Prudential Fixed Maturity Plan-Series 70-745 Days Plan P - Direct Plan - Cumulative;INF109KB1OL9;;12.0583;N.A.;N.A.;28-Dec-2015
124650;ICICI Prudential Fixed Maturity Plan-Series 70-745 Days Plan P - Dividend;INF109KB1OK1;;10.9192;N.A.;N.A.;28-Dec-2015
125867;ICICI Prudential Fixed Maturity Plan-Series 71-1095 Days Plan O - Cumulative;INF109KA1IL2;;11.9893;N.A.;N.A.;28-Dec-2015
125865;ICICI Prudential Fixed Maturity Plan-Series 71-1095 Days Plan O - Direct Plan - Cumulative;INF109KA1IN8;;12.1161;N.A.;N.A.;28-Dec-2015
125866;ICICI Prudential Fixed Maturity Plan-Series 71-1095 Days Plan O - Direct Plan - Dividend;INF109KA1IO6;;11.2665;N.A.;N.A.;28-Dec-2015
125868;ICICI Prudential Fixed Maturity Plan-Series 71-1095 Days Plan O - Dividend;INF109KA1IM0;;11.1987;N.A.;N.A.;28-Dec-2015
125438;ICICI Prudential Fixed Maturity Plan-Series 71-369 Days Plan E - Cumulative;INF109KA18K2;;11.9505;N.A.;N.A.;28-Dec-2015
125436;ICICI Prudential Fixed Maturity Plan-Series 71-369 Days Plan E - Direct Plan - Cumulative;INF109KA10L7;;11.9623;N.A.;N.A.;28-Dec-2015
125437;ICICI Prudential Fixed Maturity Plan-Series 71-369 Days Plan E - Direct Plan - Dividend;INF109KA11L5;;11.0568;N.A.;N.A.;28-Dec-2015
125439;ICICI Prudential Fixed Maturity Plan-Series 71-369 Days Plan E - Dividend;INF109KA19K0;;11.0516;N.A.;N.A.;28-Dec-2015
125971;ICICI Prudential Fixed Maturity Plan-Series 71-480 Days Plan L - Cumulative;INF109KB1CD1;;11.8277;N.A.;N.A.;28-Dec-2015
125969;ICICI Prudential Fixed Maturity Plan-Series 71-480 Days Plan L - Direct Plan - Cumulative;INF109KB1CF6;;11.8913;N.A.;N.A.;28-Dec-2015
125972;ICICI Prudential Fixed Maturity Plan-Series 71-480 Days Plan L - Dividend;INF109KB1CE9;;11.0041;N.A.;N.A.;28-Dec-2015
125684;ICICI Prudential Fixed Maturity Plan-Series 71-505 Days Plan H - Cumulative;INF109KB1EB1;;11.8874;N.A.;N.A.;28-Dec-2015
125683;ICICI Prudential Fixed Maturity Plan-Series 71-505 Days Plan H - Direct Plan - Cumulative;INF109KB1ED7;;11.9534;N.A.;N.A.;28-Dec-2015
125686;ICICI Prudential Fixed Maturity Plan-Series 71-505 Days Plan H - Direct Plan - Dividend;INF109KB1EE5;;11.9006;N.A.;N.A.;28-Dec-2015
125434;ICICI Prudential Fixed Maturity Plan-Series 71-525 Days Plan D - Cumulative;INF109KB1EF2;;11.9720;N.A.;N.A.;28-Dec-2015
125432;ICICI Prudential Fixed Maturity Plan-Series 71-525 Days Plan D - Direct Plan - Cumulative;INF109KB1EH8;;12.0142;N.A.;N.A.;28-Dec-2015
125435;ICICI Prudential Fixed Maturity Plan-Series 71-525 Days Plan D - Dividend;INF109KB1EG0;;11.9192;N.A.;N.A.;28-Dec-2015
127230;ICICI Prudential Fixed Maturity Plan-Series 72-1075 Days Plan Q - Cumulative;INF109KA1NN8;;11.9581;N.A.;N.A.;28-Dec-2015
127227;ICICI Prudential Fixed Maturity Plan-Series 72-1075 Days Plan Q - Direct Plan - Cumulative;INF109KA1NP3;;12.0892;N.A.;N.A.;28-Dec-2015
127229;ICICI Prudential Fixed Maturity Plan-Series 72-1075 Days Plan Q - Direct Plan - Dividend;INF109KA1NQ1;;11.4302;N.A.;N.A.;28-Dec-2015
127228;ICICI Prudential Fixed Maturity Plan-Series 72-1075 Days Plan Q - Dividend;INF109KA1NO6;;11.3420;N.A.;N.A.;28-Dec-2015
126476;ICICI Prudential Fixed Maturity Plan-Series 72-1092 Days Plan F - Cumulative;INF109KA1LB7;;11.9811;N.A.;N.A.;28-Dec-2015
126475;ICICI Prudential Fixed Maturity Plan-Series 72-1092 Days Plan F - Direct Plan - Cumulative;INF109KA1LD3;;12.1052;N.A.;N.A.;28-Dec-2015
126473;ICICI Prudential Fixed Maturity Plan-Series 72-1092 Days Plan F - Direct Plan - Dividend;INF109KA1LE1;;11.4967;N.A.;N.A.;28-Dec-2015
126474;ICICI Prudential Fixed Maturity Plan-Series 72-1092 Days Plan F - Dividend;INF109KA1LC5;;11.4219;N.A.;N.A.;28-Dec-2015
126325;ICICI Prudential Fixed Maturity Plan-Series 72-366 Days Plan C - Cumulative;INF109KA12R0;;11.7877;N.A.;N.A.;28-Dec-2015
126324;ICICI Prudential Fixed Maturity Plan-Series 72-366 Days Plan C - Direct Plan - Cumulative;INF109KA14R6;;11.8179;N.A.;N.A.;28-Dec-2015
126327;ICICI Prudential Fixed Maturity Plan-Series 72-366 Days Plan C - Dividend;INF109KA13R8;;11.7339;N.A.;N.A.;28-Dec-2015
126929;ICICI Prudential Fixed Maturity Plan-Series 72-366 Days Plan M - Cumulative;INF109KA12W0;;11.7836;N.A.;N.A.;28-Dec-2015
126927;ICICI Prudential Fixed Maturity Plan-Series 72-366 Days Plan M - Direct Plan - Cumulative;INF109KA14W6;;11.8051;N.A.;N.A.;28-Dec-2015
126928;ICICI Prudential Fixed Maturity Plan-Series 72-366 Days Plan M - Direct Plan - Dividend;INF109KA15W3;;11.7510;N.A.;N.A.;28-Dec-2015
127352;ICICI Prudential Fixed Maturity Plan-Series 72-366 Days Plan T - Cumulative;INF109KA18X5;;11.7356;N.A.;N.A.;28-Dec-2015
127351;ICICI Prudential Fixed Maturity Plan-Series 72-366 Days Plan T - Direct Plan - Cumulative;INF109KA10Y0;;11.7558;N.A.;N.A.;28-Dec-2015
127354;ICICI Prudential Fixed Maturity Plan-Series 72-366 Days Plan T - Direct Plan - Dividend;INF109KA11Y8;;11.7010;N.A.;N.A.;28-Dec-2015
127233;ICICI Prudential Fixed Maturity Plan-Series 72-367 Days Plan R - Cumulative;INF109KA16W1;;11.7649;N.A.;N.A.;28-Dec-2015
127231;ICICI Prudential Fixed Maturity Plan-Series 72-367 Days Plan R - Direct Plan - Cumulative;INF109KA18W7;;11.7768;N.A.;N.A.;28-Dec-2015
126127;ICICI Prudential Fixed Maturity Plan-Series 72-368 Days Plan A - Cumulative;INF109KA10Q6;;11.8246;N.A.;N.A.;28-Dec-2015
126125;ICICI Prudential Fixed Maturity Plan-Series 72-368 Days Plan A - Direct Plan - Cumulative;INF109KA12Q2;;11.8552;N.A.;N.A.;28-Dec-2015
126126;ICICI Prudential Fixed Maturity Plan-Series 72-368 Days Plan A - Direct Plan - Dividend;INF109KA13Q0;;11.0676;N.A.;N.A.;28-Dec-2015
126128;ICICI Prudential Fixed Maturity Plan-Series 72-368 Days Plan A - Dividend;INF109KA11Q4;;11.0549;N.A.;N.A.;28-Dec-2015
126334;ICICI Prudential Fixed Maturity Plan-Series 72-368 Days Plan D - Cumulative;INF109KA11S0;;11.7838;N.A.;N.A.;28-Dec-2015
126332;ICICI Prudential Fixed Maturity Plan-Series 72-368 Days Plan D - Direct Plan - Cumulative;INF109KA13S6;;11.8139;N.A.;N.A.;28-Dec-2015
126335;ICICI Prudential Fixed Maturity Plan-Series 72-368 Days Plan D - Dividend;INF109KA12S8;;10.8194;N.A.;N.A.;28-Dec-2015
127052;ICICI Prudential Fixed Maturity Plan-Series 72-368 Days Plan P - Cumulative;INF109KA12Y6;;11.7447;N.A.;N.A.;28-Dec-2015
127050;ICICI Prudential Fixed Maturity Plan-Series 72-368 Days Plan P - Direct Plan - Cumulative;INF109KA14Y2;;11.8050;N.A.;N.A.;28-Dec-2015
127051;ICICI Prudential Fixed Maturity Plan-Series 72-368 Days Plan P - Direct Plan - Dividend;INF109KA15Y9;;11.0960;N.A.;N.A.;28-Dec-2015
127049;ICICI Prudential Fixed Maturity Plan-Series 72-368 Days Plan P - Dividend;INF109KA13Y4;;11.0695;N.A.;N.A.;28-Dec-2015
126562;ICICI Prudential Fixed Maturity Plan-Series 72-370 Days Plan G - Cumulative;INF109KA16U5;;11.7732;N.A.;N.A.;28-Dec-2015
126560;ICICI Prudential Fixed Maturity Plan-Series 72-370 Days Plan G - Direct Plan - Cumulative;INF109KA18U1;;11.7907;N.A.;N.A.;28-Dec-2015
126561;ICICI Prudential Fixed Maturity Plan-Series 72-370 Days Plan G - Direct Plan - Dividend;INF109KA19U9;;11.7354;N.A.;N.A.;28-Dec-2015
126563;ICICI Prudential Fixed Maturity Plan-Series 72-370 Days Plan G - Dividend;INF109KA17U3;;11.7192;N.A.;N.A.;28-Dec-2015
127261;ICICI Prudential Fixed Maturity Plan-Series 72-409 Days Plan S - Cumulative;INF109KB1AX3;;11.6594;N.A.;N.A.;28-Dec-2015
127259;ICICI Prudential Fixed Maturity Plan-Series 72-409 Days Plan S - Direct Plan - Cumulative;INF109KB1AZ8;;11.7580;N.A.;N.A.;28-Dec-2015
127260;ICICI Prudential Fixed Maturity Plan-Series 72-409 Days Plan S - Direct Plan - Dividend;INF109KB1BA9;;11.7049;N.A.;N.A.;28-Dec-2015
127262;ICICI Prudential Fixed Maturity Plan-Series 72-409 Days Plan S - Dividend;INF109KB1AY1;;11.6055;N.A.;N.A.;28-Dec-2015
127032;ICICI Prudential Fixed Maturity Plan-Series 72-425 Days Plan N - Cumulative;INF109KB1BR3;;11.7250;N.A.;N.A.;28-Dec-2015
127031;ICICI Prudential Fixed Maturity Plan-Series 72-425 Days Plan N - Direct Plan - Cumulative;INF109KB1BT9;;11.7975;N.A.;N.A.;28-Dec-2015
127033;ICICI Prudential Fixed Maturity Plan-Series 72-425 Days Plan N - Dividend;INF109KB1BS1;;11.0634;N.A.;N.A.;28-Dec-2015
126804;ICICI Prudential Fixed Maturity Plan-Series 72-440 Days Plan L - Cumulative;INF109KB1CH2;;11.7288;N.A.;N.A.;28-Dec-2015
126802;ICICI Prudential Fixed Maturity Plan-Series 72-440 Days Plan L - Direct Plan - Cumulative;INF109KB1CJ8;;11.8023;N.A.;N.A.;28-Dec-2015
126803;ICICI Prudential Fixed Maturity Plan-Series 72-440 Days Plan L - Direct Plan - Dividend;INF109KB1CK6;;11.0523;N.A.;N.A.;28-Dec-2015
126801;ICICI Prudential Fixed Maturity Plan-Series 72-440 Days Plan L - Dividend;INF109KB1CI0;;11.0163;N.A.;N.A.;28-Dec-2015
126642;ICICI Prudential Fixed Maturity Plan-Series 72-483 Days Plan J - Cumulative;INF109KB1GC4;;11.7422;N.A.;N.A.;28-Dec-2015
126641;ICICI Prudential Fixed Maturity Plan-Series 72-483 Days Plan J - Direct Plan - Cumulative;INF109KB1GA8;;11.8320;N.A.;N.A.;28-Dec-2015
126397;ICICI Prudential Fixed Maturity Plan-Series 72-500 Days Plan E - Cumulative;INF109KB1HF5;;11.7397;N.A.;N.A.;28-Dec-2015
126396;ICICI Prudential Fixed Maturity Plan-Series 72-500 Days Plan E - Direct Plan - Cumulative;INF109KB1HH1;;11.8114;N.A.;N.A.;28-Dec-2015
126169;ICICI Prudential Fixed Maturity Plan-Series 72-525 Days Plan B - Cumulative;INF109KB1HJ7;;11.7154;N.A.;N.A.;28-Dec-2015
126167;ICICI Prudential Fixed Maturity Plan-Series 72-525 Days Plan B - Direct Plan - Cumulative;INF109KB1HL3;;11.7962;N.A.;N.A.;28-Dec-2015
126170;ICICI Prudential Fixed Maturity Plan-Series 72-525 Days Plan B - Dividend;INF109KB1HK5;;11.6637;N.A.;N.A.;28-Dec-2015
126829;ICICI Prudential Fixed Maturity Plan-Series 72-785 Days Plan O - Cumulative;INF109KA1MH2;;11.8483;N.A.;N.A.;28-Dec-2015
126831;ICICI Prudential Fixed Maturity Plan-Series 72-785 Days Plan O - Direct Plan - Cumulative;INF109KA1MJ8;;11.9676;N.A.;N.A.;28-Dec-2015
126832;ICICI Prudential Fixed Maturity Plan-Series 72-785 Days Plan O - Direct Plan - Dividend;INF109KA1MK6;;11.3116;N.A.;N.A.;28-Dec-2015
126830;ICICI Prudential Fixed Maturity Plan-Series 72-785 Days Plan O - Dividend;INF109KA1MI0;;11.2355;N.A.;N.A.;28-Dec-2015
126499;ICICI Prudential Fixed Maturity Plan-Series 72-823 Days Plan H - Cumulative;INF109KA1KX3;;12.0951;N.A.;N.A.;28-Dec-2015
126502;ICICI Prudential Fixed Maturity Plan-Series 72-823 Days Plan H - Direct Plan - Cumulative;INF109KA1KZ8;;12.1836;N.A.;N.A.;28-Dec-2015
126500;ICICI Prudential Fixed Maturity Plan-Series 72-823 Days Plan H - Direct Plan - Dividend;INF109KA1LA9;;11.3516;N.A.;N.A.;28-Dec-2015
126501;ICICI Prudential Fixed Maturity Plan-Series 72-823 Days Plan H - Dividend;INF109KA1KY1;;11.3102;N.A.;N.A.;28-Dec-2015
128359;ICICI Prudential Fixed Maturity Plan-Series 73-1120 Days Plan L - Cumulative;INF109KA1QJ9;;11.7798;N.A.;N.A.;28-Dec-2015
128361;ICICI Prudential Fixed Maturity Plan-Series 73-1120 Days Plan L - Direct Plan - Cumulative;INF109KA1QL5;;11.8913;N.A.;N.A.;28-Dec-2015
128358;ICICI Prudential Fixed Maturity Plan-Series 73-1120 Days Plan L - Direct Plan - Dividend;INF109KA1QM3;;11.7316;N.A.;N.A.;28-Dec-2015
128360;ICICI Prudential Fixed Maturity Plan-Series 73-1120 Days Plan L - Dividend;INF109KA1QK7;;11.6206;N.A.;N.A.;28-Dec-2015
127617;ICICI Prudential Fixed Maturity Plan-Series 73-366 Days Plan A - Cumulative;INF109KA18Z0;;11.7253;N.A.;N.A.;28-Dec-2015
127618;ICICI Prudential Fixed Maturity Plan-Series 73-366 Days Plan A - Direct Plan - Cumulative;INF109KB1011;;11.7486;N.A.;N.A.;28-Dec-2015
127619;ICICI Prudential Fixed Maturity Plan-Series 73-366 Days Plan A - Dividend;INF109KA19Z8;;11.0512;N.A.;N.A.;28-Dec-2015
127714;ICICI Prudential Fixed Maturity Plan-Series 73-366 Days Plan B - Cumulative;INF109KA14Z9;;11.7248;N.A.;N.A.;28-Dec-2015
127712;ICICI Prudential Fixed Maturity Plan-Series 73-366 Days Plan B - Direct Plan - Cumulative;INF109KA16Z4;;11.7438;N.A.;N.A.;28-Dec-2015
127717;ICICI Prudential Fixed Maturity Plan-Series 73-368 Days Plan D - Cumulative;INF109KB1078;;11.6829;N.A.;N.A.;28-Dec-2015
127716;ICICI Prudential Fixed Maturity Plan-Series 73-368 Days Plan D - Direct Plan - Cumulative;INF109KB1094;;11.7024;N.A.;N.A.;28-Dec-2015
127718;ICICI Prudential Fixed Maturity Plan-Series 73-368 Days Plan D - Dividend;INF109KB1086;;11.6292;N.A.;N.A.;28-Dec-2015
128357;ICICI Prudential Fixed Maturity Plan-Series 73-368 Days Plan M - Cumulative;INF109KB1516;;11.6305;N.A.;N.A.;28-Dec-2015
128354;ICICI Prudential Fixed Maturity Plan-Series 73-368 Days Plan M - Direct Plan - Cumulative;INF109KB1532;;11.6485;N.A.;N.A.;28-Dec-2015
128356;ICICI Prudential Fixed Maturity Plan-Series 73-368 Days Plan M - Dividend;INF109KB1524;;11.5772;N.A.;N.A.;28-Dec-2015
128814;ICICI Prudential Fixed Maturity Plan-Series 73-368 Days Plan R - Cumulative;INF109KB1599;;11.5722;N.A.;N.A.;28-Dec-2015
128812;ICICI Prudential Fixed Maturity Plan-Series 73-368 Days Plan R - Direct Plan - Cumulative;INF109KB1615;;11.5809;N.A.;N.A.;28-Dec-2015
128058;ICICI Prudential Fixed Maturity Plan-Series 73-369 Days Plan H - Cumulative;INF109KB1037;;11.6734;N.A.;N.A.;28-Dec-2015
128060;ICICI Prudential Fixed Maturity Plan-Series 73-369 Days Plan H - Direct Plan - Cumulative;INF109KB1052;;11.6940;N.A.;N.A.;28-Dec-2015
128652;ICICI Prudential Fixed Maturity Plan-Series 73-369 Days Plan P- Cumulative;INF109KB1631;;11.6034;N.A.;N.A.;28-Dec-2015
128650;ICICI Prudential Fixed Maturity Plan-Series 73-369 Days Plan P- Direct Plan - Cumulative;INF109KB1656;;11.6198;N.A.;N.A.;28-Dec-2015
128653;ICICI Prudential Fixed Maturity Plan-Series 73-369 Days Plan P- Dividend;INF109KB1649;;11.5502;N.A.;N.A.;28-Dec-2015
128811;ICICI Prudential Fixed Maturity Plan-Series 73-369 Days Plan S- Cumulative;INF109KB1912;;11.6049;N.A.;N.A.;28-Dec-2015
128808;ICICI Prudential Fixed Maturity Plan-Series 73-369 Days Plan S- Direct Plan - Cumulative;INF109KB1938;;11.6250;N.A.;N.A.;28-Dec-2015
128810;ICICI Prudential Fixed Maturity Plan-Series 73-369 Days Plan S- Dividend;INF109KB1920;;11.5518;N.A.;N.A.;28-Dec-2015
128818;ICICI Prudential Fixed Maturity Plan-Series 73-369 Days Plan T - Cumulative;INF109KB1AL8;;11.5948;N.A.;N.A.;28-Dec-2015
128816;ICICI Prudential Fixed Maturity Plan-Series 73-369 Days Plan T - Direct Plan - Cumulative;INF109KB1AN4;;11.6212;N.A.;N.A.;28-Dec-2015
128819;ICICI Prudential Fixed Maturity Plan-Series 73-369 Days Plan T - Dividend;INF109KB1AM6;;11.5417;N.A.;N.A.;28-Dec-2015
128648;ICICI Prudential Fixed Maturity Plan-Series 73-376 Days Plan Q - Cumulative;INF109KB1AH6;;11.6041;N.A.;N.A.;28-Dec-2015
128646;ICICI Prudential Fixed Maturity Plan-Series 73-376 Days Plan Q - Direct Plan - Cumulative;INF109KB1AJ2;;11.6233;N.A.;N.A.;28-Dec-2015
128649;ICICI Prudential Fixed Maturity Plan-Series 73-376 Days Plan Q - Dividend;INF109KB1AI4;;11.0451;N.A.;N.A.;28-Dec-2015
128352;ICICI Prudential Fixed Maturity Plan-Series 73-378 Days Plan N - Cumulative;INF109KB1870;;11.6007;N.A.;N.A.;28-Dec-2015
128350;ICICI Prudential Fixed Maturity Plan-Series 73-378 Days Plan N - Direct Plan - Cumulative;INF109KB1896;;11.6568;N.A.;N.A.;28-Dec-2015
128498;ICICI Prudential Fixed Maturity Plan-Series 73-378 Days Plan O - Cumulative;INF109KB1AP9;;11.6042;N.A.;N.A.;28-Dec-2015
128496;ICICI Prudential Fixed Maturity Plan-Series 73-378 Days Plan O - Direct Plan - Cumulative;INF109KB1AR5;;11.6441;N.A.;N.A.;28-Dec-2015
128497;ICICI Prudential Fixed Maturity Plan-Series 73-378 Days Plan O - Direct Plan - Dividend;INF109KB1AS3;;11.5910;N.A.;N.A.;28-Dec-2015
128499;ICICI Prudential Fixed Maturity Plan-Series 73-378 Days Plan O - Dividend;INF109KB1AQ7;;11.5511;N.A.;N.A.;28-Dec-2015
128203;ICICI Prudential Fixed Maturity Plan-Series 73-383 Days Plan K - Cumulative;INF109KB1839;;11.6321;N.A.;N.A.;28-Dec-2015
128201;ICICI Prudential Fixed Maturity Plan-Series 73-383 Days Plan K - Direct Plan - Cumulative;INF109KB1854;;11.6726;N.A.;N.A.;28-Dec-2015
128204;ICICI Prudential Fixed Maturity Plan-Series 73-383 Days Plan K - Dividend;INF109KB1847;;11.5790;N.A.;N.A.;28-Dec-2015
128075;ICICI Prudential Fixed Maturity Plan-Series 73-390 Days Plan I - Cumulative;INF109KB1BJ0;;11.6154;N.A.;N.A.;28-Dec-2015
128076;ICICI Prudential Fixed Maturity Plan-Series 73-390 Days Plan I - Direct Plan - Cumulative;INF109KB1BL6;;11.6801;N.A.;N.A.;28-Dec-2015
128077;ICICI Prudential Fixed Maturity Plan-Series 73-390 Days Plan I - Dividend;INF109KB1BK8;;11.5625;N.A.;N.A.;28-Dec-2015
128038;ICICI Prudential Fixed Maturity Plan-Series 73-391 Days Plan G - Cumulative;INF109KB1797;;11.6044;N.A.;N.A.;28-Dec-2015
128040;ICICI Prudential Fixed Maturity Plan-Series 73-391 Days Plan G - Direct Plan - Cumulative;INF109KB1813;;11.6724;N.A.;N.A.;28-Dec-2015
128039;ICICI Prudential Fixed Maturity Plan-Series 73-391 Days Plan G - Dividend;INF109KB1805;;11.0010;N.A.;N.A.;28-Dec-2015
128044;ICICI Prudential Fixed Maturity Plan-Series 73-392 Days Plan F - Cumulative;INF109KB1755;;11.6860;N.A.;N.A.;28-Dec-2015
128042;ICICI Prudential Fixed Maturity Plan-Series 73-392 Days Plan F - Direct Plan - Cumulative;INF109KB1771;;11.7275;N.A.;N.A.;28-Dec-2015
127720;ICICI Prudential Fixed Maturity Plan-Series 73-407 Days Plan C - Cumulative;INF109KB1BN2;;11.6667;N.A.;N.A.;28-Dec-2015
127722;ICICI Prudential Fixed Maturity Plan-Series 73-407 Days Plan C - Direct Plan - Cumulative;INF109KB1BP7;;11.7497;N.A.;N.A.;28-Dec-2015
127721;ICICI Prudential Fixed Maturity Plan-Series 73-407 Days Plan C - Dividend;INF109KB1BO0;;11.6129;N.A.;N.A.;28-Dec-2015
128113;ICICI Prudential Fixed Maturity Plan-Series 73-830 Days Plan J - Cumulative;INF109KB1XP1;;11.7383;N.A.;N.A.;28-Dec-2015
128112;ICICI Prudential Fixed Maturity Plan-Series 73-830 Days Plan J - Direct Plan - Cumulative;INF109KB1XR7;;11.8394;N.A.;N.A.;28-Dec-2015
128111;ICICI Prudential Fixed Maturity Plan-Series 73-830 Days Plan J - Direct Plan - Dividend;INF109KB1XS5;;11.2085;N.A.;N.A.;28-Dec-2015
128114;ICICI Prudential Fixed Maturity Plan-Series 73-830 Days Plan J - Dividend;INF109KB1XQ9;;11.1458;N.A.;N.A.;28-Dec-2015
130002;ICICI Prudential Fixed Maturity Plan -Series 74 -368 Days Plan R Cumulative Option;INF109KB1GV4;;11.3948;N.A.;N.A.;28-Dec-2015
130000;ICICI Prudential Fixed Maturity Plan -Series 74 -368 Days Plan R Direct Plan Cumulative Option;INF109KB1GT8;;11.4075;N.A.;N.A.;28-Dec-2015
130001;ICICI Prudential Fixed Maturity Plan-Series 74-368 Days Plan R Dividend Option;INF109KB1GW2;;11.0593;N.A.;N.A.;28-Dec-2015
129967;ICICI Prudential Fixed Maturity Plan - Series 74 - 370 Days Plan Q Cumulative Option;INF109KB1GJ9;;11.3954;N.A.;N.A.;28-Dec-2015
129968;ICICI Prudential Fixed Maturity Plan - Series 74 -370 Days Plan Q Direct Plan Cumulative Option;INF109KB1GH3;;11.4082;N.A.;N.A.;28-Dec-2015
129970;ICICI Prudential Fixed Maturity Plan -Series 74 -370 Days Plan Q Direct Plan Dividend Option;INF109KB1GI1;;11.3559;N.A.;N.A.;28-Dec-2015
129969;ICICI Prudential Fixed Maturity Plan -Series 74 -370 Days Plan Q Dividend Option;INF109KB1GK7;;11.3431;N.A.;N.A.;28-Dec-2015
129254;ICICI Prudential Fixed Maturity Plan-Series 74-1092 Days Plan G - Cumulative;INF109KA1TH7;;11.6885;N.A.;N.A.;28-Dec-2015
129252;ICICI Prudential Fixed Maturity Plan-Series 74-1092 Days Plan G - Direct Plan - Cumulative;INF109KA1TJ3;;11.7847;N.A.;N.A.;28-Dec-2015
129253;ICICI Prudential Fixed Maturity Plan-Series 74-1092 Days Plan G - Direct Plan - Dividend;INF109KA1TK1;;11.3103;N.A.;N.A.;28-Dec-2015
129255;ICICI Prudential Fixed Maturity Plan-Series 74-1092 Days Plan G - Dividend;INF109KA1TI5;;11.2434;N.A.;N.A.;28-Dec-2015
129797;ICICI Prudential Fixed Maturity Plan - Series 74 - 1092 Days Plan P - Cumulative Option;INF109KA1VB6;;11.5307;N.A.;N.A.;28-Dec-2015
129800;ICICI Prudential Fixed Maturity Plan - Series 74 - 1092 Days Plan P - Dividend Option;INF109KA1VC4;;11.1809;N.A.;N.A.;28-Dec-2015
129799;ICICI Prudential Fixed Maturity Plan - Series 74 - 1092 Days Plan P Direct Plan Dividend Option;INF109KA1VE0;;11.2249;N.A.;N.A.;28-Dec-2015
129798;ICICI Prudential Fixed Maturity Plan - Series 74 - 1092 Days Plan P Direct Plan-Cumulative Option;INF109KA1VD2;;11.5897;N.A.;N.A.;28-Dec-2015
129243;ICICI Prudential Fixed Maturity Plan-Series 74-367 Days Plan C - Cumulative;INF109KB1CP5;;11.5165;N.A.;N.A.;28-Dec-2015
129240;ICICI Prudential Fixed Maturity Plan-Series 74-367 Days Plan C - Direct Plan - Cumulative;INF109KB1CR1;;11.5419;N.A.;N.A.;28-Dec-2015
129241;ICICI Prudential Fixed Maturity Plan-Series 74-367 Days Plan C - Dividend;INF109KB1CQ3;;11.0164;N.A.;N.A.;28-Dec-2015
129244;ICICI Prudential Fixed Maturity Plan-Series 74-367 Days Plan D - Cumulative;INF109KB1DY5;;11.5438;N.A.;N.A.;28-Dec-2015
129246;ICICI Prudential Fixed Maturity Plan-Series 74-367 Days Plan D - Direct Plan - Cumulative;INF109KB1EK2;;11.5618;N.A.;N.A.;28-Dec-2015
129245;ICICI Prudential Fixed Maturity Plan-Series 74-367 Days Plan D - Dividend;INF109KB1DZ2;;11.0652;N.A.;N.A.;28-Dec-2015
129412;ICICI Prudential Fixed Maturity Plan Series 74 368 Days Plan H Cumulative Option;INF109KB1DV1;;11.5234;N.A.;N.A.;28-Dec-2015
129410;ICICI Prudential Fixed Maturity Plan Series 74 368 Days Plan H Direct Plan Cumulative Option;INF109KB1DW9;;11.5424;N.A.;N.A.;28-Dec-2015
129409;ICICI Prudential Fixed Maturity Plan Series 74 368 Days Plan H Dividend Option;INF109KB1EJ4;;11.4706;N.A.;N.A.;28-Dec-2015
129644;ICICI Prudential Fixed Maturity Plan -Series 74 -368 Days Plan J Cumulative Option;INF109KB1EX5;;11.4828;N.A.;N.A.;28-Dec-2015
129642;ICICI Prudential Fixed Maturity Plan -Series 74 -368 Days Plan J Direct Plan Dividend Option;INF109KB1FA0;;11.4487;N.A.;N.A.;28-Dec-2015
129643;ICICI Prudential Fixed Maturity Plan -Series 74 -368 Days Plan J Direct Plan-Cumulative Option;INF109KB1EZ0;;11.5013;N.A.;N.A.;28-Dec-2015
129645;ICICI Prudential Fixed Maturity Plan -Series 74 -368 Days Plan J Dividend Option;INF109KB1EY3;;11.4302;N.A.;N.A.;28-Dec-2015
129026;ICICI Prudential Fixed Maturity Plan-Series 74-369 Days Plan B - Cumulative;INF109KB1CT7;;11.5351;N.A.;N.A.;28-Dec-2015
129028;ICICI Prudential Fixed Maturity Plan-Series 74-369 Days Plan B - Direct Plan - Cumulative;INF109KB1CV3;;11.5605;N.A.;N.A.;28-Dec-2015
129029;ICICI Prudential Fixed Maturity Plan-Series 74-369 Days Plan B - Direct Plan - Dividend;INF109KB1CW1;;11.5076;N.A.;N.A.;28-Dec-2015
129027;ICICI Prudential Fixed Maturity Plan-Series 74-369 Days Plan B - Dividend;INF109KB1CU5;;11.4823;N.A.;N.A.;28-Dec-2015
129248;ICICI Prudential Fixed Maturity Plan-Series 74-369 Days Plan F - Cumulative;INF109KB1CX9;;11.5424;N.A.;N.A.;28-Dec-2015
129249;ICICI Prudential Fixed Maturity Plan-Series 74-369 Days Plan F - Direct Plan - Cumulative;INF109KB1CZ4;;11.5617;N.A.;N.A.;28-Dec-2015
129472;ICICI Prudential Fixed Maturity Plan -Series 74 -369 Days Plan I - Cumulative Option;INF109KB1FB8;;11.5199;N.A.;N.A.;28-Dec-2015
129473;ICICI Prudential Fixed Maturity Plan -Series 74 -369 Days Plan I Direct Plan Dividend Option;INF109KB1FE2;;11.4860;N.A.;N.A.;28-Dec-2015
129470;ICICI Prudential Fixed Maturity Plan -Series 74-369 Days Plan I Direct Plan Cumulative Option;INF109KB1FD4;;11.5388;N.A.;N.A.;28-Dec-2015
129716;ICICI Prudential Fixed Maturity Plan - Series 74 - 369 Days Plan K - Cumulative Option;INF109KB1FM5;;11.4303;N.A.;N.A.;28-Dec-2015
129715;ICICI Prudential Fixed Maturity Plan -Series 74 - 369 Days Plan K - Dividend Option;INF109KB1FL7;;11.3779;N.A.;N.A.;28-Dec-2015
129718;ICICI Prudential Fixed Maturity Plan -Series 74 -369 Days Plan K Direct Plan Cumulative Option;INF109KB1FK9;;11.4485;N.A.;N.A.;28-Dec-2015
129916;ICICI Prudential Fixed Maturity Plan -Series 74 -369 Days Plan L - Cumulative Option;INF109KB1GR2;;11.4086;N.A.;N.A.;28-Dec-2015
129913;ICICI Prudential Fixed Maturity Plan -Series 74 -369 Days Plan L - Dividend Option;INF109KB1GS0;;11.3568;N.A.;N.A.;28-Dec-2015
129915;ICICI Prudential Fixed Maturity Plan -Series 74 -369 Days Plan L Direct Plan Cumulative Option;INF109KB1GP6;;11.4214;N.A.;N.A.;28-Dec-2015
129024;ICICI Prudential Fixed Maturity Plan-Series 74-370 Days Plan A - Cumulative;INF109KB1CL4;;11.5494;N.A.;N.A.;28-Dec-2015
129022;ICICI Prudential Fixed Maturity Plan-Series 74-370 Days Plan A - Direct Plan - Cumulative;INF109KB1CN0;;11.5691;N.A.;N.A.;28-Dec-2015
129023;ICICI Prudential Fixed Maturity Plan-Series 74-370 Days Plan A - Direct Plan - Dividend;INF109KB1CO8;;11.5162;N.A.;N.A.;28-Dec-2015
129025;ICICI Prudential Fixed Maturity Plan-Series 74-370 Days Plan A - Dividend;INF109KB1CM2;;11.4956;N.A.;N.A.;28-Dec-2015
130005;ICICI Prudential Fixed Maturity Plan -Series 74 -370 Days Plan S  Cumulative Option;INF109KB1HV2;;11.3454;N.A.;N.A.;28-Dec-2015
130008;ICICI Prudential Fixed Maturity Plan -Series 74 -370 Days Plan S Direct Plan Cumulative Option;INF109KB1HX8;;11.3541;N.A.;N.A.;28-Dec-2015
130007;ICICI Prudential Fixed Maturity Plan -Series 74 -370 Days Plan S Direct Plan Dividend Option;INF109KB1HY6;;11.0438;N.A.;N.A.;28-Dec-2015
130006;ICICI Prudential Fixed Maturity Plan -Series 74 -370 Days Plan S Dividend Option;INF109KB1HW0;;11.0370;N.A.;N.A.;28-Dec-2015
135717;ICICI Prudential Multiple Yield Fund - Series 10 - 1775 Days Plan A Cumulative Option;INF109KB1ON5;;10.0622;N.A.;N.A.;28-Dec-2015
135718;ICICI Prudential Multiple Yield Fund - Series 10 - 1775 Days Plan A Direct Plan Cumulative Option;INF109KB1OP0;;10.0713;N.A.;N.A.;28-Dec-2015
135719;ICICI Prudential Multiple Yield Fund - Series 10 - 1775 Days Plan A Direct Plan Dividend Option;INF109KB1OQ8;;10.0713;N.A.;N.A.;28-Dec-2015
135720;ICICI Prudential Multiple Yield Fund - Series 10 - 1775 Days Plan A Dividend Option;INF109KB1OO3;;10.0622;N.A.;N.A.;28-Dec-2015
121513;ICICI Prudential Multiple Yield Fund - Series 3 - Plan A - Cumulative;INF109K017R5;;13.8213;N.A.;N.A.;28-Dec-2015
121510;ICICI Prudential Multiple Yield Fund - Series 3 - Plan A - Direct Plan - Cumulative;INF109K019R1;;14.2555;N.A.;N.A.;28-Dec-2015
121512;ICICI Prudential Multiple Yield Fund - Series 3 - Plan A - Direct Plan - Dividend;INF109K010S8;;12.2541;N.A.;N.A.;28-Dec-2015
121511;ICICI Prudential Multiple Yield Fund - Series 3 - Plan A -Dividend;INF109K018R3;;12.0596;N.A.;N.A.;28-Dec-2015
122251;ICICI Prudential Multiple Yield Fund - Series 3 - Plan B - Cumulative;INF109K013X2;;13.3711;N.A.;N.A.;28-Dec-2015
122249;ICICI Prudential Multiple Yield Fund - Series 3 - Plan B - Direct Plan - Cumulative;INF109K015X7;;13.8094;N.A.;N.A.;28-Dec-2015
122250;ICICI Prudential Multiple Yield Fund - Series 3 - Plan B - Direct Plan - Dividend;INF109K016X5;;12.0849;N.A.;N.A.;28-Dec-2015
122252;ICICI Prudential Multiple Yield Fund - Series 3 - Plan B -Dividend;INF109K014X0;;11.8788;N.A.;N.A.;28-Dec-2015
122402;ICICI Prudential Multiple Yield Fund - Series 3 - Plan C - Cumulative;INF109KA1087;;12.9656;N.A.;N.A.;28-Dec-2015
122403;ICICI Prudential Multiple Yield Fund - Series 3 - Plan C - Direct Plan - Cumulative;INF109KA1079;;13.3755;N.A.;N.A.;28-Dec-2015
122401;ICICI Prudential Multiple Yield Fund - Series 3 - Plan C - Direct Plan - Dividend;INF109KA1061;;11.7708;N.A.;N.A.;28-Dec-2015
122404;ICICI Prudential Multiple Yield Fund - Series 3 - Plan C -Dividend;INF109KA1095;;11.5869;N.A.;N.A.;28-Dec-2015
122441;ICICI Prudential Multiple Yield Fund - Series 3 - Plan D - Cumulative;INF109KB1WM0;;12.8255;N.A.;N.A.;28-Dec-2015
122439;ICICI Prudential Multiple Yield Fund - Series 3 - Plan D - Direct Plan - Cumulative;INF109KB1WO6;;13.2316;N.A.;N.A.;28-Dec-2015
122440;ICICI Prudential Multiple Yield Fund - Series 3 - Plan D - Direct Plan - Dividend;INF109KB1WP3;;11.6955;N.A.;N.A.;28-Dec-2015
122442;ICICI Prudential Multiple Yield Fund - Series 3 - Plan D -Dividend;INF109KB1WN8;;11.5149;N.A.;N.A.;28-Dec-2015
122662;ICICI Prudential Multiple Yield Fund - Series 4 - 1100 Days - Plan C - Cumulative;INF109KA1442;;13.2001;N.A.;N.A.;28-Dec-2015
122661;ICICI Prudential Multiple Yield Fund - Series 4 - 1100 Days - Plan C - Direct Plan - Cumulative;INF109KA1467;;13.6033;N.A.;N.A.;28-Dec-2015
122664;ICICI Prudential Multiple Yield Fund - Series 4 - 1100 Days - Plan C - Direct Plan - Dividend;INF109KA1475;;11.8369;N.A.;N.A.;28-Dec-2015
122663;ICICI Prudential Multiple Yield Fund - Series 4 - 1100 Days - Plan C - Dividend;INF109KA1459;;11.6495;N.A.;N.A.;28-Dec-2015
122853;ICICI Prudential Multiple Yield Fund - Series 4 - 1100 Days - Plan E - Cumulative;INF109KA1806;;13.3838;N.A.;N.A.;28-Dec-2015
122850;ICICI Prudential Multiple Yield Fund - Series 4 - 1100 Days - Plan E - Direct Plan - Cumulative;INF109KA1822;;13.7663;N.A.;N.A.;28-Dec-2015
122852;ICICI Prudential Multiple Yield Fund - Series 4 - 1100 Days - Plan E - Direct Plan - Dividend;INF109KA1830;;12.0616;N.A.;N.A.;28-Dec-2015
122851;ICICI Prudential Multiple Yield Fund - Series 4 - 1100 Days - Plan E -Dividend;INF109KA1814;;11.8815;N.A.;N.A.;28-Dec-2015
122532;ICICI Prudential Multiple Yield Fund - Series 4 - 1825 Days - Plan A - Direct Plan - Cumulative;INF109KA1285;;14.0529;N.A.;N.A.;28-Dec-2015
122533;ICICI Prudential Multiple Yield Fund - Series 4 - 1825 Days - Plan A - Direct Plan - Dividend;INF109KA1293;;11.9254;N.A.;N.A.;28-Dec-2015
122534;ICICI Prudential Multiple Yield Fund - Series 4 - 1825 Days - Plan A - Dividend;INF109KA1277;;11.7690;N.A.;N.A.;28-Dec-2015
122535;ICICI Prudential Multiple Yield Fund - Series 4 - 1825 Days - Plan A -Cumulative;INF109KA1269;;13.6592;N.A.;N.A.;28-Dec-2015
122658;ICICI Prudential Multiple Yield Fund - Series 4 - 1825 Days - Plan B - Cumulative;INF109KA1483;;13.6981;N.A.;N.A.;28-Dec-2015
122659;ICICI Prudential Multiple Yield Fund - Series 4 - 1825 Days - Plan B - Direct Plan - Cumulative;INF109KA1509;;14.1566;N.A.;N.A.;28-Dec-2015
122657;ICICI Prudential Multiple Yield Fund - Series 4 - 1825 Days - Plan B - Direct Plan - Dividend;INF109KA1517;;12.0819;N.A.;N.A.;28-Dec-2015
122660;ICICI Prudential Multiple Yield Fund - Series 4 - 1825 Days - Plan B -Dividend;INF109KA1491;;11.8730;N.A.;N.A.;28-Dec-2015
122755;ICICI Prudential Multiple Yield Fund - Series 4 - 1825 Days - Plan D - Cumulative;INF109KA1566;;13.6936;N.A.;N.A.;28-Dec-2015
122754;ICICI Prudential Multiple Yield Fund - Series 4 - 1825 Days - Plan D - Direct Plan - Cumulative;INF109KA1582;;14.0947;N.A.;N.A.;28-Dec-2015
122753;ICICI Prudential Multiple Yield Fund - Series 4 - 1825 Days - Plan D - Direct Plan - Dividend;INF109KA1590;;11.9396;N.A.;N.A.;28-Dec-2015
122756;ICICI Prudential Multiple Yield Fund - Series 4 - 1825 Days - Plan D -Dividend;INF109KA1574;;11.7826;N.A.;N.A.;28-Dec-2015
124138;ICICI Prudential Multiple Yield Fund - Series 5 - 1100 Days - Plan A - Cumulative;INF109KA1DH1;;13.2877;N.A.;N.A.;28-Dec-2015
124140;ICICI Prudential Multiple Yield Fund - Series 5 - 1100 Days - Plan A - Direct Plan - Cumulative;INF109KA1DF5;;13.7263;N.A.;N.A.;28-Dec-2015
124141;ICICI Prudential Multiple Yield Fund - Series 5 - 1100 Days - Plan A - Direct Plan - Dividend;INF109KA1DG3;;12.0774;N.A.;N.A.;28-Dec-2015
124139;ICICI Prudential Multiple Yield Fund - Series 5 - 1100 Days - Plan A - Dividend;INF109KA1DI9;;11.8682;N.A.;N.A.;28-Dec-2015
125263;ICICI Prudential Multiple Yield Fund - Series 5 - 1100 Days - Plan B - Direct Plan - Cumulative;INF109KA1HB5;;12.8382;N.A.;N.A.;28-Dec-2015
125260;ICICI Prudential Multiple Yield Fund - Series 5 - 1100 Days - Plan B - Direct Plan - Dividend;INF109KA1HC3;;11.7139;N.A.;N.A.;28-Dec-2015
125262;ICICI Prudential Multiple Yield Fund - Series 5 - 1100 Days - Plan B - Dividend;INF109KA1HE9;;11.5279;N.A.;N.A.;28-Dec-2015
125261;ICICI Prudential Multiple Yield Fund - Series 5 - 1100 Days - Plan B -Cumulative;INF109KA1HD1;;12.4843;N.A.;N.A.;28-Dec-2015
126114;ICICI Prudential Multiple Yield Fund - Series 5 - 1100 Days - Plan D - Direct Plan - Cumulative;INF109KA1JP1;;12.9826;N.A.;N.A.;28-Dec-2015
126115;ICICI Prudential Multiple Yield Fund - Series 5 - 1100 Days - Plan D - Direct Plan - Dividend;INF109KA1JQ9;;11.9194;N.A.;N.A.;28-Dec-2015
126116;ICICI Prudential Multiple Yield Fund - Series 5 - 1100 Days - Plan D -Cumulative;INF109KA1JN6;;12.6248;N.A.;N.A.;28-Dec-2015
126113;ICICI Prudential Multiple Yield Fund - Series 5 - 1100 Days - Plan D -Dividend;INF109KA1JO4;;11.7068;N.A.;N.A.;28-Dec-2015
126086;ICICI Prudential Multiple Yield Fund - Series 5 - 1825 Days - Plan C - Cumulative;INF109KA1JJ4;;12.8802;N.A.;N.A.;28-Dec-2015
126088;ICICI Prudential Multiple Yield Fund - Series 5 - 1825 Days - Plan C - Direct Plan - Cumulative;INF109KA1JL0;;13.2334;N.A.;N.A.;28-Dec-2015
126087;ICICI Prudential Multiple Yield Fund - Series 5 - 1825 Days - Plan C - Dividend;INF109KA1JK2;;11.7605;N.A.;N.A.;28-Dec-2015
127129;ICICI Prudential Multiple Yield Fund - Series 6 - 1100 Days - Plan A - Direct Plan - Cumulative;INF109KA1ND9;;12.6383;N.A.;N.A.;28-Dec-2015
127131;ICICI Prudential Multiple Yield Fund - Series 6 - 1100 Days - Plan A -Cumulative;INF109KA1NB3;;12.3079;N.A.;N.A.;28-Dec-2015
127132;ICICI Prudential Multiple Yield Fund - Series 6 - 1100 Days - Plan A -Dividend;INF109KA1NC1;;11.4866;N.A.;N.A.;28-Dec-2015
129068;ICICI Prudential Multiple Yield Fund - Series 6 - 1100 Days - Plan E - Direct Plan - Cumulative;INF109KA1SP2;;12.2899;N.A.;N.A.;28-Dec-2015
129067;ICICI Prudential Multiple Yield Fund - Series 6 - 1100 Days - Plan E - Direct Plan - Dividend;INF109KA1SQ0;;11.6597;N.A.;N.A.;28-Dec-2015
129066;ICICI Prudential Multiple Yield Fund - Series 6 - 1100 Days - Plan E -Cumulative;INF109KA1SN7;;11.9787;N.A.;N.A.;28-Dec-2015
129069;ICICI Prudential Multiple Yield Fund - Series 6 - 1100 Days - Plan E -Dividend;INF109KA1SO5;;11.4462;N.A.;N.A.;28-Dec-2015
128207;ICICI Prudential Multiple Yield Fund - Series 6 - 1125 Days - Plan B - Cumulative;INF109KA1PP8;;12.0958;N.A.;N.A.;28-Dec-2015
128205;ICICI Prudential Multiple Yield Fund - Series 6 - 1125 Days - Plan B - Direct Plan - Cumulative;INF109KA1PR4;;12.3960;N.A.;N.A.;28-Dec-2015
128206;ICICI Prudential Multiple Yield Fund - Series 6 - 1125 Days - Plan B - Direct Plan - Dividend;INF109KA1PS2;;11.6670;N.A.;N.A.;28-Dec-2015
128208;ICICI Prudential Multiple Yield Fund - Series 6 - 1125 Days - Plan B - Dividend;INF109KA1PQ6;;11.4688;N.A.;N.A.;28-Dec-2015
128492;ICICI Prudential Multiple Yield Fund - Series 6 - 1825 Days - Plan C - Cumulative;INF109KA1RD0;;12.3683;N.A.;N.A.;28-Dec-2015
128494;ICICI Prudential Multiple Yield Fund - Series 6 - 1825 Days - Plan C - Direct Plan - Cumulative;INF109KA1RF5;;12.6910;N.A.;N.A.;28-Dec-2015
128495;ICICI Prudential Multiple Yield Fund - Series 6 - 1825 Days - Plan C - Direct Plan - Dividend;INF109KA1RG3;;11.8209;N.A.;N.A.;28-Dec-2015
128493;ICICI Prudential Multiple Yield Fund - Series 6 - 1825 Days - Plan C -Dividend;INF109KA1RE8;;11.6147;N.A.;N.A.;28-Dec-2015
129232;ICICI Prudential Multiple Yield Fund - Series 6 - 1825 Days Plan D Cumulative Option;INF109KA1TT2;;12.0019;N.A.;N.A.;28-Dec-2015
129231;ICICI Prudential Multiple Yield Fund - Series 6 - 1825 Days Plan D Direct Plan Cumulative Option;INF109KA1TV8;;12.2762;N.A.;N.A.;28-Dec-2015
129230;ICICI Prudential Multiple Yield Fund - Series 6 - 1825 Days Plan D Direct Plan- Dividend Option;INF109KA1TW6;;11.7004;N.A.;N.A.;28-Dec-2015
129233;ICICI Prudential Multiple Yield Fund - Series 6 - 1825 Days Plan D Dividend Option;INF109KA1TU0;;11.5187;N.A.;N.A.;28-Dec-2015
131352;ICICI Prudential Multiple Yield Fund - Series 7 - 1100 Days Plan F Cumulative Option;INF109KA1T81;;10.9458;N.A.;N.A.;28-Dec-2015
131353;ICICI Prudential Multiple Yield Fund - Series 7 - 1100 Days Plan F Direct Plan Cumulative Option;INF109KA1U05;;11.1447;N.A.;N.A.;28-Dec-2015
131350;ICICI Prudential Multiple Yield Fund - Series 7 - 1100 Days Plan F Direct Plan Dividend Option;INF109KA1U13;;11.1447;N.A.;N.A.;28-Dec-2015
131351;ICICI Prudential Multiple Yield Fund - Series 7 - 1100 Days Plan F Dividend Option;INF109KA1T99;;10.9458;N.A.;N.A.;28-Dec-2015
131262;ICICI Prudential Multiple Yield Fund - Series 7 - 1338 Days Plan D  Dividend Option;INF109KA1R75;;10.9979;N.A.;N.A.;28-Dec-2015
131264;ICICI Prudential Multiple Yield Fund - Series 7 - 1338 Days Plan D Cumulative Option;INF109KA1R67;;10.9979;N.A.;N.A.;28-Dec-2015
131263;ICICI Prudential Multiple Yield Fund - Series 7 - 1338 Days Plan D Direct Plan Cumulative Option;INF109KA1R83;;11.1864;N.A.;N.A.;28-Dec-2015
131261;ICICI Prudential Multiple Yield Fund - Series 7 - 1338 Days Plan D Direct Plan Dividend Option;INF109KA1R91;;11.1864;N.A.;N.A.;28-Dec-2015
130440;ICICI Prudential Multiple Yield Fund - Series 7 - 1825 Days Plan B Cumulative Option;INF109KA1YP0;;11.4880;N.A.;N.A.;28-Dec-2015
130438;ICICI Prudential Multiple Yield Fund - Series 7 - 1825 Days Plan B Direct Plan Cumulative Option;INF109KA1YN5;;11.7356;N.A.;N.A.;28-Dec-2015
130439;ICICI Prudential Multiple Yield Fund - Series 7 - 1825 Days Plan B Direct Plan Dividend Option;INF109KA1YO3;;11.7356;N.A.;N.A.;28-Dec-2015
130441;ICICI Prudential Multiple Yield Fund - Series 7 - 1825 Days Plan B Dividend Option;INF109KA1YQ8;;11.4880;N.A.;N.A.;28-Dec-2015
130990;ICICI Prudential Multiple Yield Fund - Series 7 - 1825 Days Plan C Cumulative Option;INF109KA1J83;;11.1731;N.A.;N.A.;28-Dec-2015
130991;ICICI Prudential Multiple Yield Fund - Series 7 - 1825 Days Plan C Direct Plan Cumulative Option;INF109KA1K07;;11.3726;N.A.;N.A.;28-Dec-2015
130989;ICICI Prudential Multiple Yield Fund - Series 7 - 1825 Days Plan C Direct Plan Dividend Option;INF109KA1K15;;11.3726;N.A.;N.A.;28-Dec-2015
130992;ICICI Prudential Multiple Yield Fund - Series 7 - 1825 Days Plan C Dividend Option;INF109KA1J91;;11.1731;N.A.;N.A.;28-Dec-2015
131314;ICICI Prudential Multiple Yield Fund - Series 7 - 1825 Days Plan E Cumulative Option;INF109KA1S25;;11.1809;N.A.;N.A.;28-Dec-2015
131316;ICICI Prudential Multiple Yield Fund - Series 7 - 1825 Days Plan E Direct Plan Cumulative Option;INF109KA1S41;;11.3832;N.A.;N.A.;28-Dec-2015
131313;ICICI Prudential Multiple Yield Fund - Series 7 - 1825 Days Plan E Direct Plan Dividend Option;INF109KA1S58;;11.3828;N.A.;N.A.;28-Dec-2015
131315;ICICI Prudential Multiple Yield Fund - Series 7 - 1825 Days Plan E Dividend Option;INF109KA1S33;;11.1809;N.A.;N.A.;28-Dec-2015
133172;ICICI Prudential Multiple Yield Fund - Series 8 -1101 Days Plan E Cumulative Option;INF109KA16L4;;10.6772;N.A.;N.A.;28-Dec-2015
133174;ICICI Prudential Multiple Yield Fund - Series 8 -1101 Days Plan E Direct Plan Cumulative Option;INF109KA18L0;;10.8555;N.A.;N.A.;28-Dec-2015
133173;ICICI Prudential Multiple Yield Fund - Series 8 -1101 Days Plan E Dividend Option;INF109KA17L2;;10.6772;N.A.;N.A.;28-Dec-2015
132954;ICICI Prudential Multiple Yield Fund - Series 8 - 1103 Days Plan C Cumulative Option;INF109KA16F6;;10.6579;N.A.;N.A.;28-Dec-2015
132951;ICICI Prudential Multiple Yield Fund - Series 8 - 1103 Days Plan C Direct Plan Cumulative Option;INF109KA18F2;;10.8512;N.A.;N.A.;28-Dec-2015
132953;ICICI Prudential Multiple Yield Fund - Series 8 - 1103 Days Plan C Direct Plan Dividend Option;INF109KA19F0;;10.8512;N.A.;N.A.;28-Dec-2015
132952;ICICI Prudential Multiple Yield Fund - Series 8 - 1103 Days Plan C Dividend Option;INF109KA17F4;;10.6579;N.A.;N.A.;28-Dec-2015
133578;ICICI Prudential Multiple Yield Fund - Series 8 - 1103 Days Plan F Cumulative Option;INF109KA10T0;;10.4073;N.A.;N.A.;28-Dec-2015
133577;ICICI Prudential Multiple Yield Fund - Series 8 - 1103 Days Plan F Direct Plan Cumulative Option;INF109KA12T6;;10.5590;N.A.;N.A.;28-Dec-2015
133580;ICICI Prudential Multiple Yield Fund - Series 8 - 1103 Days Plan F Direct Plan Dividend Option;INF109KA13T4;;10.5590;N.A.;N.A.;28-Dec-2015
133579;ICICI Prudential Multiple Yield Fund - Series 8 - 1103 Days Plan F Dividend Option;INF109KA11T8;;10.4073;N.A.;N.A.;28-Dec-2015
133112;ICICI Prudential Multiple Yield Fund - Series 8 -1822 Days Plan D Cumulative Option;INF109KA18J4;;10.8568;N.A.;N.A.;28-Dec-2015
133110;ICICI Prudential Multiple Yield Fund - Series 8 -1822 Days Plan D Direct Plan Cumulative Option;INF109KA10K9;;11.0235;N.A.;N.A.;28-Dec-2015
133111;ICICI Prudential Multiple Yield Fund - Series 8 -1822 Days Plan D Direct Plan Dividend Option;INF109KA11K7;;11.0235;N.A.;N.A.;28-Dec-2015
133113;ICICI Prudential Multiple Yield Fund - Series 8 -1822 Days Plan D Dividend Option;INF109KA19J2;;10.8568;N.A.;N.A.;28-Dec-2015
131574;ICICI Prudential Multiple Yield Fund - Series 8 - 1824 Days Plan A Cumulative Option;INF109KA16B5;;10.8474;N.A.;N.A.;28-Dec-2015
131577;ICICI Prudential Multiple Yield Fund - Series 8 - 1824 Days Plan A Direct Plan Cumulative Option;INF109KA18B1;;11.0437;N.A.;N.A.;28-Dec-2015
131576;ICICI Prudential Multiple Yield Fund - Series 8 - 1824 Days Plan A Direct Plan Dividend Option;INF109KA19B9;;11.0436;N.A.;N.A.;28-Dec-2015
131575;ICICI Prudential Multiple Yield Fund - Series 8 - 1824 Days Plan A Dividend Option;INF109KA17B3;;10.8474;N.A.;N.A.;28-Dec-2015
134262;ICICI Prudential Multiple Yield Fund - Series 9 - 1140 Days Plan A Cumulative Option;INF109KB1714;;9.5088;N.A.;N.A.;28-Dec-2015
134259;ICICI Prudential Multiple Yield Fund - Series 9 - 1140 Days Plan A Direct Plan Cumulative Option;INF109KB1730;;9.6298;N.A.;N.A.;28-Dec-2015
134260;ICICI Prudential Multiple Yield Fund - Series 9 - 1140 Days Plan A Direct Plan Dividend Option;INF109KB1748;;9.6298;N.A.;N.A.;28-Dec-2015
134261;ICICI Prudential Multiple Yield Fund - Series 9 - 1140 Days Plan A Dividend Option;INF109KB1722;;9.5088;N.A.;N.A.;28-Dec-2015
129742;ICICI Prudential Multiple Yield Fund - Series 6 - 1100 Days Plan F Cumulative Option;INF109KA1UX2;;11.5787;N.A.;N.A.;28-Dec-2015
129741;ICICI Prudential Multiple Yield Fund - Series 6 - 1100 Days Plan F Direct Plan Cumulative Option;INF109KA1UZ7;;11.8584;N.A.;N.A.;28-Dec-2015
129744;ICICI Prudential Multiple Yield Fund - Series 6 - 1100 Days Plan F Direct Plan- Dividend Option;INF109KA1VA8;;11.2461;N.A.;N.A.;28-Dec-2015
129743;ICICI Prudential Multiple Yield Fund - Series 6 - 1100 Days Plan F Dividend Option;INF109KA1UY0;;11.0426;N.A.;N.A.;28-Dec-2015
130148;ICICI Prudential Multiple Yield Fund - Series 7 - 1100 Days Plan A Cumulative Option;INF109KA1WV2;;11.3179;N.A.;N.A.;28-Dec-2015
130146;ICICI Prudential Multiple Yield Fund - Series 7 - 1100 Days Plan A Direct Plan Cumulative Option;INF109KA1WX8;;11.5947;N.A.;N.A.;28-Dec-2015
130145;ICICI Prudential Multiple Yield Fund - Series 7 - 1100 Days Plan A Direct Plan Dividend Option;INF109KA1WY6;;11.2927;N.A.;N.A.;28-Dec-2015
130147;ICICI Prudential Multiple Yield Fund - Series 7 - 1100 Days Plan A Dividend Option;INF109KA1WW0;;11.0756;N.A.;N.A.;28-Dec-2015

IDBI Mutual Fund
131442;IDBI FMP - Series III - 368 days (September 2013) - K - Growth Direct;INF397L01IC7;;12.2955;12.2955;12.2955;28-Dec-2015
131443;IDBI FMP - Series III - 368 days (September 2013) - K - Growth Regular;INF397L01ID5;;12.2265;12.2265;12.2265;28-Dec-2015
131440;IDBI FMP - Series III - 368 days (September 2013) - K- Dividend Direct;INF397L01IA1;;0.0000;0.0000;0.0000;28-Dec-2015
131441;IDBI FMP - Series III - 368 days (September 2013) - K- Dividend Regular;INF397L01IB9;;0.0000;0.0000;0.0000;28-Dec-2015
124368;IDBI FMP - Series III - 564 days (September 2013) - L Dividend Direct;INF397L01IE3;;0.0000;0.0000;0.0000;28-Dec-2015
124367;IDBI FMP - Series III - 564 days (September 2013) - L Dividend Regular;INF397L01IF0;;10.5353;10.5353;10.5353;28-Dec-2015
124366;IDBI FMP - Series III - 564 days (September 2013) - L Growth Direct;INF397L01IG8;;12.2269;12.2269;12.2269;28-Dec-2015
124365;IDBI FMP - Series III - 564 days (September 2013) - L Growth Regular;INF397L01IH6;;12.0883;12.0883;12.0883;28-Dec-2015
126470;IDBI FMP - Series IV - 518 Days (January 2014) - B Dividend Direct;INF397L01IM6;;0.0000;0.0000;0.0000;28-Dec-2015
126467;IDBI FMP - Series IV - 518 Days (January 2014) - B Dividend Regular;INF397L01IN4;;10.3961;10.3961;10.3961;28-Dec-2015
126469;IDBI FMP - Series IV - 518 Days (January 2014) - B Growth Direct;INF397L01IO2;;11.8484;11.8484;11.8484;28-Dec-2015
126468;IDBI FMP - Series IV - 518 Days (January 2014) - B Growth Regular;INF397L01IP9;;11.7455;11.7455;11.7455;28-Dec-2015
127577;IDBI FMP - Series IV - 542 Days (February 2014) - F Dividend Direct;INF397L01IU9;;0.0000;0.0000;0.0000;28-Dec-2015
127575;IDBI FMP - Series IV - 542 Days (February 2014) - F Dividend Regular;INF397L01IV7;;0.0000;0.0000;0.0000;28-Dec-2015
127576;IDBI FMP - Series IV - 542 Days (February 2014) - F Growth Direct;INF397L01IW5;;11.6685;11.6685;11.6685;28-Dec-2015
127574;IDBI FMP - Series IV - 542 Days (February 2014) - F Growth Regular;INF397L01IX3;;11.5746;11.5746;11.5746;28-Dec-2015
126021;IDBI FMP Series III 494 Days (December 2013)- O Dividend Direct;INF397L01II4;;0.0000;0.0000;0.0000;28-Dec-2015
126023;IDBI FMP Series III 494 Days (December 2013)- O Dividend Regular;INF397L01IJ2;;10.5272;10.5272;10.5272;28-Dec-2015
126024;IDBI FMP Series III 494 Days (December 2013)- O Growth Direct;INF397L01IK0;;11.9495;11.9495;11.9495;28-Dec-2015
126020;IDBI FMP Series III 494 Days (December 2013)- O Growth Regular;INF397L01IL8;;11.8613;11.8613;11.8613;28-Dec-2015
123080;IDBI FMP-Series III-24 Months (July 2013) - F- Dividend Direct;INF397L01IQ7;;0.0000;0.0000;0.0000;28-Dec-2015
123081;IDBI FMP-Series III-24 Months (July 2013) - F- Dividend Regular;INF397L01IR5;;10.2694;10.2694;10.2694;28-Dec-2015
123078;IDBI FMP-Series III-24 Months (July 2013) - F- Growth Direct;INF397L01IS3;;12.4026;12.4026;12.4026;28-Dec-2015
123079;IDBI FMP-Series III-24 Months (July 2013) - F- Growth Regular;INF397L01IT1;;12.3145;12.3145;12.3145;28-Dec-2015

Invesco Mutual Fund
126692;Invesco India Fixed Maturity Plan - Series 22 - Plan F (15 Months) - Direct Plan - Growth;INF205K010A9;;11.7946;11.7946;11.7946;28-Dec-2015
126691;Invesco India Fixed Maturity Plan - Series 22 - Plan F (15 Months) - Regular Plan - Growth;INF205K01Z82;;11.7438;11.7438;11.7438;28-Dec-2015
126936;Invesco India Fixed Maturity Plan - Series 22 - Plan H (427 Days) - Direct Plan - Growth Option;INF205K01Y00;;11.7685;11.7685;11.7685;28-Dec-2015
126935;Invesco India Fixed Maturity Plan - Series 22 - Plan H (427 Days) - Regular Plan - Growth Option;INF205K01X76;;11.7557;11.7557;11.7557;28-Dec-2015
127481;Invesco India Fixed Maturity Plan - Series 22 - Plan L (14 Months) - Direct Plan - Growth Option;INF205K012B3;;11.7623;11.7623;11.7623;28-Dec-2015
127480;Invesco India Fixed Maturity Plan - Series 22 - Plan L (14 Months) - Regular Plan - Growth Option;INF205K010B7;;11.6827;11.6827;11.6827;28-Dec-2015
127962;Invesco India Fixed Maturity Plan - Series 23 - Plan A (13 Months) - Direct Plan - Growth Option;INF205K01Y83;;11.6679;11.6679;11.6679;28-Dec-2015
127965;Invesco India Fixed Maturity Plan - Series 23 - Plan A (13 Months) - Regular Plan - Dividend Payout Option;INF205K01Y75;;10.5521;10.5521;10.5521;28-Dec-2015
127963;Invesco India Fixed Maturity Plan - Series 23 - Plan A (13 Months) - Regular Plan - Growth Option;INF205K01Y67;;11.5752;11.5752;11.5752;28-Dec-2015
128518;Invesco India Fixed Maturity Plan - Series 23 - Plan E (382 Days) - Direct Plan - Growth Option;INF205K01Z25;;11.5887;11.5887;11.5887;28-Dec-2015
128520;Invesco India Fixed Maturity Plan - Series 23 - Plan E (382 Days) - Regular Plan - Growth Option;INF205K01Z09;;11.5408;11.5408;11.5408;28-Dec-2015
128993;Invesco India Fixed Maturity Plan - Series 23 - Plan H (370 Days) - Direct Plan - Growth Option;INF205K01Z66;;11.5462;11.5462;11.5462;28-Dec-2015
128995;Invesco India Fixed Maturity Plan - Series 23 - Plan H (370 Days) - Regular Plan - Dividend Payout Option;INF205K01Z58;;10.5441;10.5441;10.5441;28-Dec-2015
128994;Invesco India Fixed Maturity Plan - Series 23 - Plan H (370 Days) - Regular Plan - Growth Option;INF205K01Z41;;11.5146;11.5146;11.5146;28-Dec-2015
129178;Invesco India Fixed Maturity Plan - Series 23 - Plan J (370 Dys) - Direct Plan - Growth Option;INF205K016B4;;11.5535;11.5535;11.5535;28-Dec-2015
129176;Invesco India Fixed Maturity Plan - Series 23 - Plan J (370 Dys) - Regular Plan - Growth Option;INF205K014B9;;11.5259;11.5259;11.5259;28-Dec-2015
129426;Invesco India Fixed Maturity Plan - Series 23 - Plan L (370 Dys) - Direct Plan - Growth Option;INF205K010C5;;11.5360;11.5360;11.5360;28-Dec-2015
129428;Invesco India Fixed Maturity Plan - Series 23 - Plan L (370 Dys) - Regular Plan - Growth Option;INF205K018B0;;11.5180;11.5180;11.5180;28-Dec-2015
130356;Invesco India Fixed Maturity Plan - Series 23 - Plan O (370 Dys) - Direct Plan - Dividend Payout Option;INF205K013F2;;10.3826;10.3826;10.3826;28-Dec-2015
130355;Invesco India Fixed Maturity Plan - Series 23 - Plan O (370 Dys) - Direct Plan - Growth Option;INF205K012F4;;11.3219;11.3219;11.3219;28-Dec-2015
130353;Invesco India Fixed Maturity Plan - Series 23 - Plan O (370 Dys) - Regular Plan - Growth Option;INF205K010F8;;11.3049;11.3049;11.3049;28-Dec-2015
131174;Invesco India Fixed Maturity Plan - Series 24 - Plan D (1099 Dys) - Direct Plan - Growth Option;INF205K01K89;;11.3209;11.3209;11.3209;28-Dec-2015
131172;Invesco India Fixed Maturity Plan - Series 24 - Plan D (1099 Dys) - Regular Plan - Dividend Payout Option;INF205K01K55;;11.2701;11.2701;11.2701;28-Dec-2015
131171;Invesco India Fixed Maturity Plan - Series 24 - Plan D (1099 Dys) - Regular Plan - Growth Option;INF205K01K63;;11.2701;11.2701;11.2701;28-Dec-2015
133419;Invesco India Fixed Maturity Plan - Series 25 - Plan A (1098 Days) - Direct Sub Plan - Dividend Payout;INF205K01R58;;10.8411;10.8411;10.8411;28-Dec-2015
133417;Invesco India Fixed Maturity Plan - Series 25 - Plan A (1098 Days) - Direct Sub Plan - Growth;INF205K01R66;;10.8411;10.8411;10.8411;28-Dec-2015
133418;Invesco India Fixed Maturity Plan - Series 25 - Plan A (1098 Days) - Regular Sub Plan - Dividend Payout;INF205K01R33;;10.8199;10.8199;10.8199;28-Dec-2015
133420;Invesco India Fixed Maturity Plan - Series 25 - Plan A (1098 Days) - Regular Sub Plan - Growth;INF205K01R41;;10.8202;10.8202;10.8202;28-Dec-2015
133946;Invesco India Fixed Maturity Plan - Series 25 - Plan C (1148 Days) - Direct Sub Plan - Dividend Payout;INF205K01S32;;10.6977;10.6977;10.6977;28-Dec-2015
133947;Invesco India Fixed Maturity Plan - Series 25 - Plan C (1148 Days) - Direct Sub Plan - Growth;INF205K01S40;;10.6978;10.6978;10.6978;28-Dec-2015
133945;Invesco India Fixed Maturity Plan - Series 25 - Plan C (1148 Days) - Regular Sub Plan - Dividend Payout;INF205K01S16;;10.6799;10.6799;10.6799;28-Dec-2015
133948;Invesco India Fixed Maturity Plan - Series 25 - Plan C (1148 Days) - Regular Sub Plan - Growth;INF205K01S24;;10.6803;10.6803;10.6803;28-Dec-2015
134061;Invesco India Fixed Maturity Plan - Series 25 - Plan D (1141 Days) - Direct Sub Plan - Growth;INF205K01S81;;10.6952;10.6952;10.6952;28-Dec-2015
134059;Invesco India Fixed Maturity Plan - Series 25 - Plan D (1141 Days) - Regular Sub Plan - Growth;INF205K01S65;;10.6782;10.6782;10.6782;28-Dec-2015
134207;Invesco India Fixed Maturity Plan - Series 25 - Plan F - Direct Sub-plan Growth;INF205K01T64;;10.6423;10.6423;10.6423;28-Dec-2015
134208;Invesco India Fixed Maturity Plan - Series 25 - Plan F - Regular Sub-plan Growth;INF205K01T49;;10.6263;10.6263;10.6263;28-Dec-2015
134778;Invesco India Fixed Maturity Plan - Series 26 - Plan A - Direct - Dividend Payout;INF205K012C1;;10.4742;10.4742;10.4742;28-Dec-2015
134779;Invesco India Fixed Maturity Plan - Series 26 - Plan A - Direct - Growth;INF205K013C9;;10.4743;10.4743;10.4743;28-Dec-2015
134777;Invesco India Fixed Maturity Plan - Series 26 - Plan A - Regular - Dividend Payout;INF205K014C7;;10.4630;10.4630;10.4630;28-Dec-2015
134776;Invesco India Fixed Maturity Plan - Series 26 - Plan A - Regular - Growth;INF205K015C4;;10.4630;10.4630;10.4630;28-Dec-2015
135052;Invesco India Fixed Maturity Plan - Series 26 - Plan C - Direct Sub Plan - Dividend Payout;INF205K010D3;;10.3768;10.3768;10.3768;28-Dec-2015
135054;Invesco India Fixed Maturity Plan - Series 26 - Plan C - Direct Sub Plan - Growth;INF205K011D1;;10.3776;10.3776;10.3776;28-Dec-2015
135055;Invesco India Fixed Maturity Plan - Series 26 - Plan C - Regular Sub Plan - Dividend Payout;INF205K012D9;;10.3617;10.3617;10.3617;28-Dec-2015
135053;Invesco India Fixed Maturity Plan - Series 26 - Plan C - Regular Sub Plan - Growth;INF205K013D7;;10.3617;10.3617;10.3617;28-Dec-2015
135439;Invesco India Fixed Maturity Plan - Series 26 - Plan E - Direct Sub - Plan - Growth;INF205K019D4;;10.1829;10.1829;10.1829;28-Dec-2015
135437;Invesco India Fixed Maturity Plan - Series 26 - Plan E - Regular Sub - Plan Growth;INF205K011E9;;10.1777;10.1777;10.1777;28-Dec-2015
123083;Invesco India Fixed Maturity Plan - Series XIX - Plan C (367 Days) - Direct Plan - Growth;INF205K01P92;;12.4861;12.4861;12.4861;28-Dec-2015
123082;Invesco India Fixed Maturity Plan - Series XIX - Plan C (367 Days) - Growth;INF205K01P76;;12.4636;12.4636;12.4636;28-Dec-2015
123378;Invesco India Fixed Maturity Plan - Series XIX - Plan E (3 Years) - Dividend Payout Option;INF205K01QP9;;12.4350;12.4350;12.4350;28-Dec-2015
123375;Invesco India Fixed Maturity Plan - Series XIX - Plan E (3 Years) - Growth Option;INF205K01QQ7;;12.4350;12.4350;12.4350;28-Dec-2015
123376;Invesco India Fixed Maturity Plan - Series XIX - Plan E (3 Years) Direct Plan -Growth Option;INF205K01QS3;;12.5827;12.5827;12.5827;28-Dec-2015
123541;Invesco India Fixed Maturity Plan - Series XIX - Plan F (370 Days) - Direct Plan - Growth Option;INF205K01Q42;;12.4799;12.4799;12.4799;28-Dec-2015
123540;Invesco India Fixed Maturity Plan - Series XIX - Plan F (370 Days) - Growth Option;INF205K01Q26;;12.4189;12.4189;12.4189;28-Dec-2015
123835;Invesco India Fixed Maturity Plan - Series XX - Plan B (601 Days) - Direct Plan - Growth;INF205K018A2;;12.3845;12.3845;12.3845;28-Dec-2015
123832;Invesco India Fixed Maturity Plan - Series XX - Plan B (601 Days) - Dividend Payout;INF205K017A4;;10.5508;10.5508;10.5508;28-Dec-2015
123834;Invesco India Fixed Maturity Plan - Series XX - Plan B (601 Days) - Growth option;INF205K016A6;;12.3005;12.3005;12.3005;28-Dec-2015
125622;Invesco India Fixed Maturity Plan - Series XXI - Plan E (370 Days) - Direct Plan - Growth Option;INF205K01Q83;;11.9614;11.9614;11.9614;28-Dec-2015
125621;Invesco India Fixed Maturity Plan - Series XXI - Plan E (370 Days) - Regular Plan - Growth Option;INF205K01Q67;;11.9467;11.9467;11.9467;28-Dec-2015
132803;Invesco India Fixed Maturity Plan-Series 24-Plan F (1098 Days) - Regular Plan-Growth Option;INF205K01L47;;11.0358;11.0358;11.0358;28-Dec-2015
132800;Invesco India Fixed Maturity Plan-Series 24-Plan F (1098 Days)-Direct Plan-Growth Option;INF205K01L62;;11.0742;11.0742;11.0742;28-Dec-2015
121869;Religare Invesco Fixed Maturity Plan - Series XVIII - Plan C (25 months) - Direct Plan - Growth Option;INF205K014A1;;12.7153;12.7153;12.7153;28-Dec-2015
121870;Religare Invesco Fixed Maturity Plan - Series XVIII - Plan C (25 months) - Dividend Payout Option;INF205K013A3;;10.5627;10.5627;10.5627;28-Dec-2015
121867;Religare Invesco Fixed Maturity Plan - Series XVIII - Plan C (25 months) - Growth Option;INF205K012A5;;12.6127;12.6127;12.6127;28-Dec-2015

JPMorgan Mutual Fund
122386;JPMorgan India Fixed Maturity Plan - Series 20 - Direct Plan - Dividend Option;INF843K01DV3;;12.7109;12.7109;12.7109;28-Dec-2015
122385;JPMorgan India Fixed Maturity Plan - Series 20 - Direct Plan - Growth Option;INF843K01DU5;;12.7109;12.7109;12.7109;28-Dec-2015
122384;JPMorgan India Fixed Maturity Plan - Series 20 - Regular Plan - Dividend Option;INF843K01DX9;;12.478;12.478;12.478;28-Dec-2015
122383;JPMorgan India Fixed Maturity Plan - Series 20 - Regular Plan - Growth Option;INF843K01DW1;;12.478;12.478;12.478;28-Dec-2015
123102;JPMorgan India Fixed Maturity Plan - Series 22 - Direct Plan - Growth Option;INF843K01LO1;;12.4273;12.4273;12.4273;28-Dec-2015
123105;JPMorgan India Fixed Maturity Plan - Series 22 - Regular Plan - Dividend Option;INF843K01LR4;;12.2357;12.2357;12.2357;28-Dec-2015
123104;JPMorgan India Fixed Maturity Plan - Series 22 - Regular Plan - Growth Option;INF843K01LQ6;;12.2357;12.2357;12.2357;28-Dec-2015
123573;JPMorgan India Fixed Maturity Plan - Series 23 - Direct Plan - Dividend Option;INF843K01EN8;;12.4326;12.4326;12.4326;28-Dec-2015
123572;JPMorgan India Fixed Maturity Plan - Series 23 - Direct Plan - Growth Option;INF843K01EM0;;12.4372;12.4372;12.4372;28-Dec-2015
123571;JPMorgan India Fixed Maturity Plan - Series 23 - Regular Plan - Dividend Option;INF843K01EP3;;12.3801;12.3801;12.3801;28-Dec-2015
123574;JPMorgan India Fixed Maturity Plan - Series 23 - Regular Plan - Growth Option;INF843K01EO6;;12.3801;12.3801;12.3801;28-Dec-2015
131064;JPMorgan India Fixed Maturity Plan - Series 40 - Direct Plan - Growth Option;INF843K01JE6;;11.365;11.365;11.365;28-Dec-2015
131066;JPMorgan India Fixed Maturity Plan - Series 40 - Regular Plan - Dividend Option;INF843K01JH9;;11.2743;11.2743;11.2743;28-Dec-2015
131063;JPMorgan India Fixed Maturity Plan - Series 40 - Regular Plan - Growth Option;INF843K01JG1;;11.2744;11.2744;11.2744;28-Dec-2015
117853;JPMorgan India Fixed Maturity Plan - Series 502 - Dividend Option;INF843K01AK2;;11.2411;11.2411;11.2411;28-Dec-2015
117852;JPMorgan India Fixed Maturity Plan - Series 502 - Growth Option;INF843K01AJ4;;12.9663;12.9663;12.9663;28-Dec-2015
121274;JPMorgan India Fixed Maturity Plan - Sr 14 - Direct Plan - Dividend Option;INF843K01CT9;;12.6062;12.6062;12.6062;28-Dec-2015
121273;JPMorgan India Fixed Maturity Plan - Sr 14 - Direct Plan - Growth Option;INF843K01CS1;;12.617;12.617;12.617;28-Dec-2015
121272;JPMorgan India Fixed Maturity Plan - Sr 14 - Regular Plan - Dividend Option;INF843K01CV5;;12.5709;12.5709;12.5709;28-Dec-2015
121271;JPMorgan India Fixed Maturity Plan - Sr 14 - Regular Plan - Growth Option;INF843K01CU7;;12.5709;12.5709;12.5709;28-Dec-2015
128259;JPMorgan India Fixed Maturity Plan - Series 35 - Direct Plan - Growth Option;INF843K01HY8;;12.0957;12.0957;12.0957;28-Dec-2015
128258;JPMorgan India Fixed Maturity Plan - Series 35 - Regular Plan - Dividend Option;INF843K01IB4;;11.9285;11.9285;11.9285;28-Dec-2015
128257;JPMorgan India Fixed Maturity Plan - Series 35 - RegularPlan - Growth Option;INF843K01IA6;;11.9285;11.9285;11.9285;28-Dec-2015
129226;JPMorgan India Fixed Maturity Plan - Series 38 - Direct Plan - Growth Option;INF843K01IK5;;11.891;11.891;11.891;28-Dec-2015
129225;JPMorgan India Fixed Maturity Plan - Series 38 - Regular Plan - Dividend Option;INF843K01IN9;;11.7339;11.7339;11.7339;28-Dec-2015
129224;JPMorgan India Fixed Maturity Plan - Series 38 - Regular Plan - Growth Option;INF843K01IM1;;11.735;11.735;11.735;28-Dec-2015
129209;JPMorgan India Fixed Maturity Plan - Sr 37 - Direct Plan - Growth Option;INF843K01IO7;;11.7243;11.7243;11.7243;28-Dec-2015
129208;JPMorgan India Fixed Maturity Plan - Sr 37 - Regular Plan - Dividend Option;INF843K01IR0;;11.6088;11.6088;11.6088;28-Dec-2015
129206;JPMorgan India Fixed Maturity Plan - Sr 37 - Regular Plan - Growth Option;INF843K01IQ2;;11.6088;11.6088;11.6088;28-Dec-2015
121636;JPMorgan India Hybrid Fund - Series 2 - Direct Plan - Dividend Option;INF843K01LH5;;13.5146;13.5146;13.5146;28-Dec-2015
121635;JPMorgan India Hybrid Fund - Series 2 - Direct Plan - Growth Option;INF843K01LG7;;13.5145;13.5145;13.5145;28-Dec-2015
121634;JPMorgan India Hybrid Fund - Series 2 - Regular Plan - Dividend Option;INF843K01LJ1;;12.9669;12.9669;12.9669;28-Dec-2015
121637;JPMorgan India Hybrid Fund - Series 2 - Regular Plan - Growth Option;INF843K01LI3;;12.9669;12.9669;12.9669;28-Dec-2015
117723;JPMorgan India Income Fund - Series 501 - Dividend Option;INF843K01781;;11.689;11.689;11.689;28-Dec-2015
117722;JPMorgan India Income Fund - Series 501 - Growth Option;INF843K01773;;13.1187;13.1187;13.1187;28-Dec-2015

Kotak Mahindra Mutual Fund
135331;Kotak Capital Protection Oriented Scheme - Series 1 - Direct Dividend;INF174K01U50;;10.0114;10.0114;10.0114;28-Dec-2015
135328;Kotak Capital Protection Oriented Scheme - Series 1 - Direct Growth;INF174K01U43;;10.0113;10.0113;10.0113;28-Dec-2015
135329;Kotak Capital Protection Oriented Scheme - Series 1 - Regular Dividend;INF174K01U35;;9.997;9.997;9.997;28-Dec-2015
135330;Kotak Capital Protection Oriented Scheme - Series 1 - Regular Growth;INF174K01U27;;9.997;9.997;9.997;28-Dec-2015
135748;Kotak Capital Protection Oriented Scheme - Series 2 - Direct Dividend;INF174K011A4;;10.0316;10.0316;10.0316;28-Dec-2015
135746;Kotak Capital Protection Oriented Scheme - Series 2 - Direct Growth;INF174K010A6;;10.0319;10.0319;10.0319;28-Dec-2015
135745;Kotak Capital Protection Oriented Scheme - Series 2 - Dividend;INF174K01Z97;;10.0288;10.0288;10.0288;28-Dec-2015
135747;Kotak Capital Protection Oriented Scheme - Series 2 - Growth;INF174K01Z89;;10.0289;10.0289;10.0289;28-Dec-2015
123106;Kotak FMP Series 105 Direct Dividend;INF174K01ZA0;;11.3125;11.3125;11.3125;28-Dec-2015
123108;Kotak FMP Series 105 Direct Growth;INF174K01YZ0;;12.4681;12.4681;12.4681;28-Dec-2015
123107;Kotak FMP Series 105 Growth;INF174K01YX5;;12.4336;12.4336;12.4336;28-Dec-2015
123189;Kotak FMP Series 106 Direct Growth;INF174K01ZD4;;12.4593;12.4593;12.4593;28-Dec-2015
123190;Kotak FMP Series 106 Growth;INF174K01ZB8;;12.4261;12.4261;12.4261;28-Dec-2015
123195;Kotak FMP Series 107 Direct Dividend;INF174K01ZI3;;11.3155;11.3155;11.3155;28-Dec-2015
123193;Kotak FMP Series 107 Direct Growth;INF174K01ZH5;;12.4515;12.4515;12.4515;28-Dec-2015
123192;Kotak FMP Series 107 Dividend;INF174K01ZG7;;11.3033;11.3033;11.3033;28-Dec-2015
123194;Kotak FMP Series 107 Growth;INF174K01ZF9;;12.4178;12.4178;12.4178;28-Dec-2015
123326;Kotak FMP Series 108 Direct Growth;INF174K01PL8;;12.4413;12.4413;12.4413;28-Dec-2015
123327;Kotak FMP Series 108 Dividend;INF174K01PK0;;12.3592;12.3592;12.3592;28-Dec-2015
123328;Kotak FMP Series 108 Growth;INF174K01PJ2;;12.3592;12.3592;12.3592;28-Dec-2015
123426;Kotak FMP Series 109 Direct Growth;INF174K01ZL7;;12.4187;12.4187;12.4187;28-Dec-2015
123427;Kotak FMP Series 109 Growth;INF174K01ZJ1;;12.385;12.385;12.385;28-Dec-2015
123431;Kotak FMP Series 110 Direct Growth;INF174K01ZP8;;12.4334;12.4334;12.4334;28-Dec-2015
123429;Kotak FMP Series 110 Dividend;INF174K01ZO1;;11.2183;11.2183;11.2183;28-Dec-2015
123430;Kotak FMP Series 110 Growth;INF174K01ZN3;;12.3227;12.3227;12.3227;28-Dec-2015
123579;Kotak FMP Series 111 Direct Growth;INF174K01ZT0;;12.4514;12.4514;12.4514;28-Dec-2015
123582;Kotak FMP Series 111 Growth;INF174K01ZR4;;12.4207;12.4207;12.4207;28-Dec-2015
123622;Kotak FMP Series 112 - Direct - Growth;INF174K01ZX2;;12.4192;12.4192;12.4192;28-Dec-2015
123621;Kotak FMP Series 112 - Growth;INF174K01ZV6;;12.3746;12.3746;12.3746;28-Dec-2015
123623;Kotak FMP Series 112 -Dividend;INF174K01ZW4;;11.2187;11.2187;11.2187;28-Dec-2015
123793;Kotak FMP Series 113 (1094 Days)  - Direct Dividend;INF174K01QG6;;12.5102;12.5102;12.5102;28-Dec-2015
123792;Kotak FMP Series 113 (1094 Days) - Direct Growth;INF174K01QF8;;12.5102;12.5102;12.5102;28-Dec-2015
123791;Kotak FMP Series 113 (1094 Days) - Dividend;INF174K01QE1;;12.3793;12.3793;12.3793;28-Dec-2015
123790;Kotak FMP Series 113 (1094 Days) - Growth;INF174K01QD3;;12.3793;12.3793;12.3793;28-Dec-2015
123968;Kotak FMP Series 114 (370 Days) - Direct Growth;INF174K01A54;;12.4435;12.4435;12.4435;28-Dec-2015
123966;Kotak FMP Series 114 (370 Days) - Growth;INF174K01A39;;12.4155;12.4155;12.4155;28-Dec-2015
123971;Kotak FMP Series 115 (370 Days) - Direct Dividend;INF174K01B04;;12.444;12.444;12.444;28-Dec-2015
123973;Kotak FMP Series 115 (370 Days) - Direct Growth;INF174K01A96;;12.444;12.444;12.444;28-Dec-2015
123970;Kotak FMP Series 115 (370 Days) - Growth;INF174K01A70;;12.3706;12.3706;12.3706;28-Dec-2015
124036;Kotak FMP Series 116 (370 Days) - Direct Growth;INF174K01B38;;12.452;12.452;12.452;28-Dec-2015
124035;Kotak FMP Series 116 (370 Days) - Growth;INF174K01B12;;12.43;12.43;12.43;28-Dec-2015
124039;Kotak FMP Series 117 (370 Days) - Direct Growth;INF174K01B79;;12.4226;12.4226;12.4226;28-Dec-2015
124040;Kotak FMP Series 117 (370 Days) - Dividend;INF174K01B61;;12.3489;12.3489;12.3489;28-Dec-2015
124038;Kotak FMP Series 117 (370 Days) - Growth;INF174K01B53;;12.3489;12.3489;12.3489;28-Dec-2015
124248;Kotak FMP Series 118 (370 Days) - Direct Dividend;INF174K01C29;;12.3544;12.3544;12.3544;28-Dec-2015
124246;Kotak FMP Series 118 (370 Days) - Direct Growth;INF174K01C11;;12.356;12.356;12.356;28-Dec-2015
124245;Kotak FMP Series 118 (370 Days) - Growth;INF174K01B95;;12.3227;12.3227;12.3227;28-Dec-2015
124393;Kotak FMP Series 119 (370 Days) - Direct Growth;INF174K01C52;;12.2957;12.2957;12.2957;28-Dec-2015
124396;Kotak FMP Series 119 (370 Days) - Growth;INF174K01C37;;12.2689;12.2689;12.2689;28-Dec-2015
124657;Kotak FMP series 122 (370 Days) - Direct Dividend;INF174K01E01;;12.2321;12.2321;12.2321;28-Dec-2015
124658;Kotak FMP series 122 (370 Days) - Direct Growth;INF174K01D93;;12.2321;12.2321;12.2321;28-Dec-2015
124655;Kotak FMP series 122 (370 Days) - Growth;INF174K01D77;;12.1549;12.1549;12.1549;28-Dec-2015
124841;Kotak FMP Series 124 (370 Days) - Direct Growth;INF174K01E35;;12.1065;12.1065;12.1065;28-Dec-2015
124839;Kotak FMP Series 124 (370 Days) - Dividend;INF174K01E27;;12.074;12.074;12.074;28-Dec-2015
124838;Kotak FMP Series 124 (370 Days) - Growth;INF174K01E19;;12.074;12.074;12.074;28-Dec-2015
125400;Kotak FMP Series 127 (730 Days) - Direct Dividend;INF174K019A7;;12.1523;12.1523;12.1523;28-Dec-2015
125398;Kotak FMP Series 127 (730 Days) - Direct Growth;INF174K018A9;;12.1523;12.1523;12.1523;28-Dec-2015
125399;Kotak FMP Series 127 (730 Days) - Dividend;INF174K017A1;;12.1002;12.1002;12.1002;28-Dec-2015
125401;Kotak FMP Series 127 (730 Days) - Growth;INF174K016A3;;12.1002;12.1002;12.1002;28-Dec-2015
125832;Kotak FMP Series 128 (371 Days) - Direct Growth;INF174K01G25;;11.8828;11.8828;11.8828;28-Dec-2015
125831;Kotak FMP Series 128 (371 Days) - Growth;INF174K01G09;;11.8609;11.8609;11.8609;28-Dec-2015
125852;Kotak FMP Series 129 (371 Days) - Direct Growth;INF174K01G66;;11.8151;11.8151;11.8151;28-Dec-2015
125853;Kotak FMP Series 129 (371 Days) - Dividend;INF174K01G58;;11.802;11.802;11.802;28-Dec-2015
125851;Kotak FMP Series 129 (371 Days) - Growth;INF174K01G41;;11.8021;11.8021;11.8021;28-Dec-2015
126052;Kotak FMP Series 131 (1061 Days) - Direct Growth;INF174K01TB1;;12.4106;12.4106;12.4106;28-Dec-2015
126054;Kotak FMP Series 131 (1061 Days) - Dividend;INF174K01TA3;;12.3493;12.3493;12.3493;28-Dec-2015
126053;Kotak FMP Series 131 (1061 Days) - Growth;INF174K01SZ2;;12.3494;12.3494;12.3494;28-Dec-2015
126281;Kotak FMP Series 132 (546 Days) - Direct Growth;INF174K01TF2;;11.8594;11.8594;11.8594;28-Dec-2015
126282;Kotak FMP Series 132 (546 Days) - Dividend;INF174K01TE5;;11.7667;11.7667;11.7667;28-Dec-2015
126280;Kotak FMP Series 132 (546 Days) - Growth;INF174K01TD7;;11.7667;11.7667;11.7667;28-Dec-2015
126666;Kotak FMP Series 133 (524 Days) - Direct Growth;INF174K01TN6;;11.8281;11.8281;11.8281;28-Dec-2015
126665;Kotak FMP Series 133 (524 Days) - Growth;INF174K01TL0;;11.7599;11.7599;11.7599;28-Dec-2015
126874;Kotak FMP Series 135 (455 Days) - Direct Growth;INF174K01P81;;11.9237;11.9237;11.9237;28-Dec-2015
126873;Kotak FMP Series 135 (455 Days) - Growth;INF174K01P65;;11.8514;11.8514;11.8514;28-Dec-2015
127127;Kotak FMP Series 136 (376 Days) - Direct Growth;INF174K01H81;;11.8034;11.8034;11.8034;28-Dec-2015
127126;Kotak FMP Series 136 (376 Days) - Growth;INF174K01H65;;11.7721;11.7721;11.7721;28-Dec-2015
127256;Kotak FMP Series 137 (371 Days) -  Direct Growth;INF174K01H40;;11.7957;11.7957;11.7957;28-Dec-2015
127255;Kotak FMP Series 137 (371 Days) - Growth;INF174K01H24;;11.7644;11.7644;11.7644;28-Dec-2015
127390;Kotak FMP Series 140 (1095 Days) - Direct Dividend;INF174K01UQ7;;12.0551;12.0551;12.0551;28-Dec-2015
127388;Kotak FMP Series 140 (1095 Days) - Direct Growth;INF174K01UP9;;12.0551;12.0551;12.0551;28-Dec-2015
127389;Kotak FMP Series 140 (1095 Days) - Dividend;INF174K01UO2;;11.9226;11.9226;11.9226;28-Dec-2015
127387;Kotak FMP Series 140 (1095 Days) - Growth;INF174K01UN4;;11.9226;11.9226;11.9226;28-Dec-2015
127401;Kotak FMP Series 141 (454 Days) - Direct Growth;INF174K01Q31;;11.7836;11.7836;11.7836;28-Dec-2015
127402;Kotak FMP Series 141 (454 Days) - Dividend;INF174K01Q23;;11.6952;11.6952;11.6952;28-Dec-2015
127400;Kotak FMP Series 141 (454 Days) - Growth;INF174K01Q07;;11.6957;11.6957;11.6957;28-Dec-2015
127651;Kotak FMP Series 142 (420 Days) - Direct Growth;INF174K01L10;;11.7298;11.7298;11.7298;28-Dec-2015
127650;Kotak FMP Series 142 (420 Days) - Growth;INF174K01K86;;11.674;11.674;11.674;28-Dec-2015
127807;Kotak FMP Series 143 (370 Days) - Direct Growth;INF174K01J22;;11.7547;11.7547;11.7547;28-Dec-2015
127808;Kotak FMP Series 143 (370 Days) - Dividend;INF174K01J14;;11.7141;11.7141;11.7141;28-Dec-2015
127806;Kotak FMP Series 143 (370 Days) - Growth;INF174K01J06;;11.7141;11.7141;11.7141;28-Dec-2015
128266;Kotak FMP Series 145 (390 Days) - Direct Growth;INF174K01L93;;11.6714;11.6714;11.6714;28-Dec-2015
128267;Kotak FMP Series 145 (390 Days) - Dividend;INF174K01P16;;11.6383;11.6383;11.6383;28-Dec-2015
128265;Kotak FMP Series 145 (390 Days) - Growth;INF174K01L51;;11.6382;11.6382;11.6382;28-Dec-2015
128365;Kotak FMP Series 146 (388 Days) - Direct Growth;INF174K01M35;;11.6459;11.6459;11.6459;28-Dec-2015
128364;Kotak FMP Series 146 (388 Days) - Growth;INF174K01M19;;11.6137;11.6137;11.6137;28-Dec-2015
128575;Kotak FMP Series 147 (384 Days) - Direct Growth;INF174K01M76;;11.6247;11.6247;11.6247;28-Dec-2015
128574;Kotak FMP Series 147 (384 Days) - Growth;INF174K01M50;;11.5758;11.5758;11.5758;28-Dec-2015
128579;Kotak FMP Series 148 (388 Days) - Direct Growth;INF174K01N18;;11.5875;11.5875;11.5875;28-Dec-2015
128578;Kotak FMP Series 148 (388 Days) - Growth;INF174K01M92;;11.5599;11.5599;11.5599;28-Dec-2015
128758;Kotak FMP Series 149 (386 Days) - Direct Growth;INF174K01N59;;11.5874;11.5874;11.5874;28-Dec-2015
128756;Kotak FMP Series 149 (386 Days) - Growth;INF174K01N34;;11.5498;11.5498;11.5498;28-Dec-2015
128753;Kotak FMP Series 150 (1109 Days) - Direct Dividend;INF174K01WK6;;11.8345;11.8345;11.8345;28-Dec-2015
128755;Kotak FMP Series 150 (1109 Days) - Direct Growth;INF174K01WJ8;;11.8345;11.8345;11.8345;28-Dec-2015
128752;Kotak FMP Series 150 (1109 Days) - Dividend;INF174K01WI0;;11.772;11.772;11.772;28-Dec-2015
128754;Kotak FMP Series 150 (1109 Days) - Growth;INF174K01WH2;;11.772;11.772;11.772;28-Dec-2015
128871;Kotak FMP Series 151 (388 Days) - Direct Growth;INF174K01N91;;11.5719;11.5719;11.5719;28-Dec-2015
128869;Kotak FMP Series 151 (388 Days) - Dividend;INF174K01N83;;11.5357;11.5357;11.5357;28-Dec-2015
128868;Kotak FMP Series 151 (388 Days) - Growth;INF174K01N75;;11.5358;11.5358;11.5358;28-Dec-2015
128905;Kotak FMP Series 153 (790 Days) - Direct Growth;INF174K01WZ4;;11.8756;11.8756;11.8756;28-Dec-2015
128902;Kotak FMP Series 153 (790 Days) - Dividend;INF174K01WY7;;11.7823;11.7823;11.7823;28-Dec-2015
128904;Kotak FMP Series 153 (790 Days) - Growth;INF174K01WX9;;11.7823;11.7823;11.7823;28-Dec-2015
128909;Kotak FMP Series 154 (390 Days) - Direct Growth;INF174K01O33;;11.6939;11.6939;11.6939;28-Dec-2015
128907;Kotak FMP Series 154 (390 Days) - Dividend;INF174K01O25;;11.5954;11.5954;11.5954;28-Dec-2015
128906;Kotak FMP Series 154 (390 Days) - Growth;INF174K01O17;;11.5955;11.5955;11.5955;28-Dec-2015
129037;Kotak FMP Series 156 (370 Days) - Direct Dividend;INF174K01K52;;11.5486;11.5486;11.5486;28-Dec-2015
129034;Kotak FMP Series 156 (370 Days) - Direct Growth;INF174K01K45;;11.5485;11.5485;11.5485;28-Dec-2015
129035;Kotak FMP Series 156 (370 Days) - Dividend;INF174K01P08;;11.5188;11.5188;11.5188;28-Dec-2015
129036;Kotak FMP Series 156 (370 Days) - Growth;INF174K01O90;;11.5188;11.5188;11.5188;28-Dec-2015
129340;Kotak FMP Series 157 (370 Days) - Direct Growth;INF174K01L02;;11.5296;11.5296;11.5296;28-Dec-2015
129339;Kotak FMP Series 157 (370 Days) - Growth;INF174K01K60;;11.5016;11.5016;11.5016;28-Dec-2015
129352;Kotak FMP Series 158 (370 Days) - Direct Growth;INF174K01L77;;11.5538;11.5538;11.5538;28-Dec-2015
129353;Kotak FMP Series 158 (370 Days) - Dividend;INF174K01L69;;11.537;11.537;11.537;28-Dec-2015
129351;Kotak FMP Series 158 (370 Days) - Growth;INF174K01L44;;11.5368;11.5368;11.5368;28-Dec-2015
129408;Kotak FMP Series 159 (370 Days) - Direct Growth;INF174K01Q72;;11.5367;11.5367;11.5367;28-Dec-2015
129406;Kotak FMP Series 159 (370 Days) - Dividend;INF174K01Q64;;11.5239;11.5239;11.5239;28-Dec-2015
129405;Kotak FMP Series 159 (370 Days) - Growth;INF174K01Q56;;11.5239;11.5239;11.5239;28-Dec-2015
129543;Kotak FMP Series 160 (1039 Days) - Direct Dividend;INF174K01YC9;;11.6207;11.6207;11.6207;28-Dec-2015
129541;Kotak FMP Series 160 (1039 Days) - Direct Growth;INF174K01YB1;;11.6231;11.6231;11.6231;28-Dec-2015
129542;Kotak FMP Series 160 (1039 Days) - Dividend;INF174K01YA3;;11.5387;11.5387;11.5387;28-Dec-2015
129540;Kotak FMP Series 160 (1039 Days) - Growth;INF174K01XZ2;;11.5387;11.5387;11.5387;28-Dec-2015
129641;Kotak FMP Series 161 (370 Days) - Direct Dividend;INF174K01R22;;11.4576;11.4576;11.4576;28-Dec-2015
129639;Kotak FMP Series 161 (370 Days) - Direct Growth;INF174K01R14;;11.4583;11.4583;11.4583;28-Dec-2015
129640;Kotak FMP Series 161 (370 Days) - Dividend;INF174K01R06;;11.4522;11.4522;11.4522;28-Dec-2015
129638;Kotak FMP Series 161 (370 Days) - Growth;INF174K01Q98;;11.4509;11.4509;11.4509;28-Dec-2015
129768;Kotak FMP Series 162 (370 Days) - Direct Growth;INF174K01R55;;11.4513;11.4513;11.4513;28-Dec-2015
129765;Kotak FMP Series 162 (370 Days) - Dividend;INF174K01R48;;11.4072;11.4072;11.4072;28-Dec-2015
129766;Kotak FMP Series 162 (370 Days) - Growth;INF174K01R30;;11.4072;11.4072;11.4072;28-Dec-2015
131097;Kotak FMP Series 163 (1100 Days) - Direct Growth;INF174K01A13;;11.3474;11.3474;11.3474;28-Dec-2015
131098;Kotak FMP Series 163 (1100 Days) - Dividend;INF174K01A05;;11.3174;11.3174;11.3174;28-Dec-2015
131096;Kotak FMP Series 163 (1100 Days) - Growth;INF174K01ZZ7;;11.3174;11.3174;11.3174;28-Dec-2015
133663;Kotak FMP Series 171 (1099 Days) - Direct Growth;INF174K01H08;;10.7496;10.6421;10.7496;28-Dec-2015
133662;Kotak FMP Series 171 (1099 Days) - Growth;INF174K01G82;;10.7209;10.6137;10.7209;28-Dec-2015
134179;Kotak FMP Series 172 - Direct Dividend;INF174K01I56;;10.8569;10.7483;10.8569;28-Dec-2015
134176;Kotak FMP Series 172 - Direct Growth;INF174K01I49;;10.8545;10.746;10.8545;28-Dec-2015
134178;Kotak FMP Series 172 - Regular Dividend;INF174K01I31;;10.8338;10.7255;10.8338;28-Dec-2015
134177;Kotak FMP Series 172 - Regular Growth;INF174K01I23;;10.8338;10.7255;10.8338;28-Dec-2015
134841;Kotak FMP Series 175 (1100 Days) - Direct Growth;INF174K01R97;;10.4513;10.4513;10.4513;28-Dec-2015
134839;Kotak FMP Series 175 (1100 Days) - Regular Dividend;INF174K01R89;;10.4354;10.4354;10.4354;28-Dec-2015
134838;Kotak FMP Series 175 (1100 Days) - Regular Growth;INF174K01R71;;10.4354;10.4354;10.4354;28-Dec-2015
135048;Kotak FMP Series 176 - Direct Plan - Growth;INF174K01S96;;10.3799;10.3799;10.3799;28-Dec-2015
135050;Kotak FMP Series 176 - Regular Plan - Dividend;INF174K01S88;;10.3657;10.3657;10.3657;28-Dec-2015
135047;Kotak FMP Series 176 - Regular Plan - Growth;INF174K01S70;;10.3657;10.3657;10.3657;28-Dec-2015
135237;Kotak FMP Series 178 - Direct Growth;INF174K01U01;;10.2691;10.2691;10.2691;28-Dec-2015
135236;Kotak FMP Series 178 - Regular Dividend;INF174K01T95;;10.26;10.26;10.26;28-Dec-2015
135239;Kotak FMP Series 178 - Regular Growth;INF174K01T87;;10.26;10.26;10.26;28-Dec-2015
135374;Kotak FMP Series 179 - Direct Dividend;INF174K01U92;;10.1986;10.1986;10.1986;28-Dec-2015
135375;Kotak FMP Series 179 - Direct Growth;INF174K01U84;;10.1986;10.1986;10.1986;28-Dec-2015
135373;Kotak FMP Series 179 - Regular Dividend;INF174K01U76;;10.1918;10.1918;10.1918;28-Dec-2015
135372;Kotak FMP Series 179 - Regular Growth;INF174K01U68;;10.1918;10.1918;10.1918;28-Dec-2015
135485;Kotak FMP Series 180 (1099 Days) - Direct Growth;INF174K01Y31;;10.1314;10.1314;10.1314;28-Dec-2015
135484;Kotak FMP Series 180 (1099 Days) - Regular Dividend;INF174K01Y23;;10.126;10.126;10.126;28-Dec-2015
135488;Kotak FMP Series 180 (1099 Days) - Regular Growth;INF174K01Y15;;10.126;10.126;10.126;28-Dec-2015
135608;Kotak FMP Series 181 - Direct Dividend;INF174K01Z55;;10.0917;10.0917;10.0917;28-Dec-2015
135609;Kotak FMP Series 181 - Direct Growth;INF174K01Z48;;10.0917;10.0917;10.0917;28-Dec-2015
135611;Kotak FMP Series 181 - Regular Dividend;INF174K01Z63;;10.0867;10.0867;10.0867;28-Dec-2015
135610;Kotak FMP Series 181 - Regular Growth;INF174K01Z30;;10.0867;10.0867;10.0867;28-Dec-2015
135758;Kotak FMP Series 182 - Direct Dividend;INF174K015A5;;10.0343;10.0343;10.0343;28-Dec-2015
135757;Kotak FMP Series 182 - Direct Growth;INF174K014A8;;10.0345;10.0345;10.0345;28-Dec-2015
135756;Kotak FMP Series 182 - Regular Dividend;INF174K013A0;;10.0314;10.0314;10.0314;28-Dec-2015
135755;Kotak FMP Series 182 - Regular Growth;INF174K012A2;;10.0314;10.0314;10.0314;28-Dec-2015
126496;Kotak Hybrid Fixed Term Plan Series 2 - Direct Plan - Diviedend;INF174K01TK2;;11.9425;11.9425;11.9425;28-Dec-2015
126497;Kotak Hybrid Fixed Term Plan Series 2 - Direct Plan - Growth;INF174K01TJ4;;11.9427;11.9427;11.9427;28-Dec-2015
126498;Kotak Hybrid Fixed Term Plan Series 2 - Regular Plan - Dividend;INF174K01TI6;;11.7146;11.7146;11.7146;28-Dec-2015
126495;Kotak Hybrid Fixed Term Plan Series 2 - Regular Plan - Growth;INF174K01TH8;;11.7146;11.7146;11.7146;28-Dec-2015

L&T Mutual Fund
124575;L&T FMP - SERIES IX - PLAN B - Dividend-Regular Plan;INF917K01SV3;;11.1547;0.0000;0.0000;28-Dec-2015
124574;L&T FMP - SERIES IX - PLAN B - Growth-Direct Plan;INF917K01SY7;;12.2806;0.0000;0.0000;28-Dec-2015
124573;L&T FMP - SERIES IX - PLAN B - Growth-Regular Plan;INF917K01SW1;;12.2171;0.0000;0.0000;28-Dec-2015
125812;L&T FMP - Series IX-Plan J- Growth - Direct Plan;INF917K01MS2;;11.9401;0.0000;0.0000;28-Dec-2015
125811;L&T FMP - Series IX-Plan J- Regular Plan - Growth;INF917K01MQ6;;11.8610;0.0000;0.0000;28-Dec-2015
125804;L&T FMP - Series IX-Plan H - Dividend Payout - Regular Plan;INF917K01XV3;;11.2171;0.0000;0.0000;28-Dec-2015
125801;L&T FMP - Series IX-Plan H- Dividend Payout - Direct Plan;INF917K01XX9;;11.2879;0.0000;0.0000;28-Dec-2015
125803;L&T FMP - Series IX-Plan H- Growth - Direct Plan;INF917K01XY7;;12.1607;0.0000;0.0000;28-Dec-2015
125802;L&T FMP - Series IX-Plan H- Growth - Regular Plan;INF917K01XW1;;12.0378;0.0000;0.0000;28-Dec-2015
123600;L&T FMP - Series VIII - Plan C - Dividend Option - Regular Plan;INF917K01JQ2;;10.3441;0.0000;0.0000;28-Dec-2015
123599;L&T FMP - Series VIII - Plan C - Dividend Option-Direct Plan;INF917K01JS8;;10.3475;0.0000;0.0000;28-Dec-2015
123293;L&T FMP - Series VIII - Plan C - Growth Option - Regular Plan;INF917K01JR0;;12.2405;0.0000;0.0000;28-Dec-2015
123598;L&T FMP - Series VIII - Plan C - Growth Option-Direct Plan;INF917K01JT6;;12.3162;0.0000;0.0000;28-Dec-2015
123965;L&T FMP - Series VIII - Plan F - Growth Option - Regular Plan;INF917K01RM4;;12.3931;0.0000;0.0000;28-Dec-2015
123963;L&T FMP - Series VIII - Plan F - Growth Option-Direct Plan;INF917K01RO0;;12.4461;0.0000;0.0000;28-Dec-2015
124569;L&T FMP - Series VIII - Plan J - Dividend Option - Regular Plan;INF917K01SR1;;11.1698;0.0000;0.0000;28-Dec-2015
124571;L&T FMP - Series VIII - Plan J - Growth - Regular Plan;INF917K01SS9;;12.3097;0.0000;0.0000;28-Dec-2015
124572;L&T FMP - Series VIII - Plan J - Growth Option-Direct Plan;INF917K01SU5;;12.3458;0.0000;0.0000;28-Dec-2015
121859;L&T FMP - VII (April1124D A) - Dividend Payout - Regular Plan;INF917K01IA8;;10.6428;0.0000;0.0000;28-Dec-2015
121862;L&T FMP - VII (April1124D A) - Growth - Direct Plan;INF917K01ID2;;12.8770;0.0000;0.0000;28-Dec-2015
121861;L&T FMP - VII (April1124D A) - Growth - Regular Plan;INF917K01IB6;;12.7713;0.0000;0.0000;28-Dec-2015
121611;L&T FMP - VII (August1095D A) - Direct Plan - Growth;INF917K01GX4;;12.6233;0.0000;0.0000;28-Dec-2015
121610;L&T FMP - VII (August1095D A) - Regular Plan - Dividend;INF917K01GU0;;10.2660;0.0000;0.0000;28-Dec-2015
121613;L&T FMP - VII (August1095D A) - Regular Plan - Growth;INF917K01GV8;;12.5535;0.0000;0.0000;28-Dec-2015
121260;L&T FMP - VII (July1189D A) - Dividend (payout) - Direct Plan;INF917K01EV3;;11.3546;0.0000;0.0000;28-Dec-2015
121259;L&T FMP - VII (July1189D A) - Dividend (payout) - Regular Plan;INF917K01ES9;;11.2974;0.0000;0.0000;28-Dec-2015
121262;L&T FMP - VII (July1189D A) - Growth - Direct Plan;INF917K01EU5;;12.8842;0.0000;0.0000;28-Dec-2015
121261;L&T FMP - VII (July1189D A) - Growth - Regular Plan;INF917K01ET7;;12.7232;0.0000;0.0000;28-Dec-2015
125564;L&T FMP - Series IX-Plan G - Growth - Regular Plan;INF917K01TG2;;11.8919;0.0000;0.0000;28-Dec-2015
125562;L&T FMP - Series IX-Plan G- Growth - Direct Plan;INF917K01TE7;;11.9744;0.0000;0.0000;28-Dec-2015
128513;L&T FMP Series X - Plan Q (1511 days) - Direct Plan - Growth;INF917K01VF0;;11.6252;0.0000;0.0000;28-Dec-2015
128511;L&T FMP Series X - Plan Q (1511 days) - Regular Plan - Growth;INF917K01VH6;;11.5765;0.0000;0.0000;28-Dec-2015
128582;L&T FMP Series X - Plan S (1500 days) - Direct Plan - Dividend;INF917K01VA1;;10.5721;0.0000;0.0000;28-Dec-2015
128584;L&T FMP Series X - Plan S (1500 days) - Direct Plan - Growth;INF917K01VB9;;11.5841;0.0000;0.0000;28-Dec-2015
128585;L&T FMP Series X - Plan S (1500 days) - Regular Plan - Growth;INF917K01VD5;;11.5600;0.0000;0.0000;28-Dec-2015
128587;L&T FMP Series X - Plan T (1500 days) - Direct Plan - Growth;INF917K01UX5;;11.5822;0.0000;0.0000;28-Dec-2015
128588;L&T FMP Series X - Plan T (1500 days) - Regular Plan - Growth;INF917K01UZ0;;11.5586;0.0000;0.0000;28-Dec-2015
124329;L&T FMP Series - VIII-Plan I - Growth Option - Regular Plan;INF917K01RU7;;12.4036;0.0000;0.0000;28-Dec-2015
124330;L&T FMP Series - VIII-Plan I-Growth Option-Direct Plan;INF917K01RW3;;12.4540;0.0000;0.0000;28-Dec-2015
124187;L&T FMP SERIES -VIII-Plan G - Dividend Option - Direct Plan;INF917K01RR3;;11.2965;0.0000;0.0000;28-Dec-2015
124186;L&T FMP SERIES -VIII-Plan G - Dividend Option - Regular Plan;INF917K01RP7;;11.2071;0.0000;0.0000;28-Dec-2015
124184;L&T FMP SERIES -VIII-Plan G - Growth Option - Regular Plan;INF917K01RQ5;;12.4518;0.0000;0.0000;28-Dec-2015
124185;L&T FMP SERIES -VIII-Plan G - Growth Option-Direct Plan;INF917K01RS1;;12.4938;0.0000;0.0000;28-Dec-2015
126196;L&T FMP Series X - Plan B (1119 days) - Direct Plan - Growth Option;INF917K01NA8;;11.8745;0.0000;0.0000;28-Dec-2015
126198;L&T FMP Series X - Plan B (1119 days) - Regular Plan - Growth Option;INF917K01MY0;;11.7986;0.0000;0.0000;28-Dec-2015
126197;L&T FMP Series X - Plan B (1119 days) - Regular Plan- Dividend (Payout) Option;INF917K01MX2;;10.4857;0.0000;0.0000;28-Dec-2015
126574;L&T FMP Series X - Plan E (1000 days) - Direct Plan - Dividend (Payout) Option;INF917K01XR1;;11.3768;0.0000;0.0000;28-Dec-2015
126572;L&T FMP Series X - Plan E (1000 days) - Direct Plan - Growth Option;INF917K01XS9;;12.1322;0.0000;0.0000;28-Dec-2015
126573;L&T FMP Series X - Plan E (1000 days) - Regular Plan - Dividend (Payout) Option;INF917K01XT7;;11.2984;0.0000;0.0000;28-Dec-2015
126575;L&T FMP Series X - Plan E (1000 days) - Regular Plan - Growth Option;INF917K01XU5;;12.0049;0.0000;0.0000;28-Dec-2015
127134;L&T FMP Series X - Plan H (1155 days) - Direct Plan - Growth Option;INF917K01WL6;;11.7759;0.0000;0.0000;28-Dec-2015
127136;L&T FMP Series X - Plan H (1155 days) - Regular Plan - Growth Option;INF917K01WN2;;11.7257;0.0000;0.0000;28-Dec-2015
127859;L&T FMP Series X - Plan M (1520 days) - Direct Plan - Dividend;INF917K01US5;;10.5668;0.0000;0.0000;28-Dec-2015
127862;L&T FMP Series X - Plan M (1520 days) - Direct Plan - Growth;INF917K01UT3;;11.8006;0.0000;0.0000;28-Dec-2015
127861;L&T FMP Series X - Plan M (1520 days) - Regular Plan - Growth;INF917K01UV9;;11.6303;0.0000;0.0000;28-Dec-2015
127974;L&T FMP Series X - Plan O (1139 days) - Direct Plan - Dividend (Payout)  Option;INF917K01OX8;;11.3398;0.0000;0.0000;28-Dec-2015
127975;L&T FMP Series X - Plan O (1139 days) - Direct Plan - Growth Option;INF917K01OY6;;11.9306;0.0000;0.0000;28-Dec-2015
127972;L&T FMP Series X - Plan O (1139 days) - Regular Plan - Dividend (Payout) Option;INF917K01OZ3;;11.2618;0.0000;0.0000;28-Dec-2015
127973;L&T FMP Series X - Plan O (1139 days) - Regular Plan - Growth Option;INF917K01PA3;;11.8142;0.0000;0.0000;28-Dec-2015
128516;L&T FMP Series X - Plan R (1506 days) - Direct Plan - Growth;INF917K01VJ2;;11.6256;0.0000;0.0000;28-Dec-2015
128515;L&T FMP Series X - Plan R (1506 days) - Regular Plan - Growth;INF917K01VL8;;11.5700;0.0000;0.0000;28-Dec-2015
129055;L&T FMP Series XI - Plan A (1484 days) - Direct Plan - Dividend;INF917K01WG6;;10.5565;0.0000;0.0000;28-Dec-2015
129056;L&T FMP Series XI - Plan A (1484 days) - Direct Plan - Growth;INF917K01WJ0;;11.5369;0.0000;0.0000;28-Dec-2015
129058;L&T FMP Series XI - Plan A (1484 days) - Regular Plan - Growth;INF917K01WI2;;11.5140;0.0000;0.0000;28-Dec-2015
130789;L&T FMP Series XI - Plan C(1139 days) - Direct Plan - Dividend;INF917K01QX3;;11.4475;0.0000;0.0000;28-Dec-2015
130790;L&T FMP Series XI - Plan C(1139 days) - Direct Plan - Growth;INF917K01QY1;;11.4475;0.0000;0.0000;28-Dec-2015
130791;L&T FMP Series XI - Plan C(1139 days) - Regular Plan - Dividend;INF917K01QZ8;;11.3823;0.0000;0.0000;28-Dec-2015
130792;L&T FMP Series XI - Plan C(1139 days) - Regular Plan - Growth;INF917K01RA9;;11.3823;0.0000;0.0000;28-Dec-2015
125220;L&T FMP - Series IX-Plan E - Growth - Direct Plan;INF917K01LY2;;12.0192;0.0000;0.0000;28-Dec-2015
125214;L&T FMP - Series IX-Plan E - Growth - Regular Plan;INF917K01LW6;;11.9362;0.0000;0.0000;28-Dec-2015
125217;L&T FMP - Series IX-Plan D - Dividend Payout - Direct Plan;INF917K01SZ4;;10.9829;0.0000;0.0000;28-Dec-2015
125212;L&T FMP - Series IX-Plan D - Dividend Payout - Regular Plan;INF917K01TB3;;10.9571;0.0000;0.0000;28-Dec-2015
125218;L&T FMP - Series IX-Plan D - Growth - Direct Plan;INF917K01TA5;;12.0041;0.0000;0.0000;28-Dec-2015
125213;L&T FMP - Series IX-Plan D - Growth - Regular Plan;INF917K01TC1;;11.9467;0.0000;0.0000;28-Dec-2015

LIC Mutual Fund
124355;LIC MF CAPITAL PROTECTION ORIENTED FUND SERIES 1 - DIRECT PLAN - DIVIDEND PAYOUT;INF767K01IA7;;12.0199;12.0199;12.0199;28-Dec-2015
124356;LIC MF CAPITAL PROTECTION ORIENTED FUND SERIES 1 - DIRECT PLAN - GROWTH;INF767K01IB5;;12.0201;12.0201;12.0201;28-Dec-2015
124353;LIC MF CAPITAL PROTECTION ORIENTED FUND SERIES 1 - REGULAR PLAN - DIVIDEND PAYOUT;INF767K01IC3;;11.8960;11.8960;11.8960;28-Dec-2015
124354;LIC MF CAPITAL PROTECTION ORIENTED FUND SERIES 1 - REGULAR PLAN - GROWTH;INF767K01ID1;;11.8960;11.8960;11.8960;28-Dec-2015
129313;LIC MF CAPITAL PROTECTION ORIENTED FUND SERIES 3(37 MONTHS) - DIRECT PLAN - DIVIDEND PAYOUT;INF767K01KH8;;11.3297;11.3297;11.3297;28-Dec-2015
129314;LIC MF CAPITAL PROTECTION ORIENTED FUND SERIES 3(37 MONTHS) - DIRECT PLAN - GROWTH;INF767K01KI6;;11.3296;11.3296;11.3296;28-Dec-2015
129315;LIC MF CAPITAL PROTECTION ORIENTED FUND SERIES 3(37 MONTHS) - REGULAR PLAN - DIVIDEN PAYOUT;INF767K01KF2;;11.2371;11.2371;11.2371;28-Dec-2015
129316;LIC MF CAPITAL PROTECTION ORIENTED FUND SERIES 3(37 MONTHS) - REGULAR PLAN - GROWTH;INF767K01KG0;;11.2371;11.2371;11.2371;28-Dec-2015
126239;LIC MF Capital Protection Oriented Fund-Series 2-Direct Plan-Dividend Payout;INF767K01PJ3;;11.9604;11.9604;11.9604;28-Dec-2015
126380;LIC MF Capital Protection Oriented Fund-Series 2-Direct Plan-Growth;INF767K01PK1;;11.9604;11.9604;11.9604;28-Dec-2015
126382;LIC MF Capital Protection Oriented Fund-Series 2-Regular Plan-Dividend Payout;INF767K01PH7;;11.8451;11.8451;11.8451;28-Dec-2015
126381;LIC MF Capital Protection Oriented Fund-Series 2-Regular Plan-Growth;INF767K01PI5;;11.8451;11.8451;11.8451;28-Dec-2015
130359;LIC MF Capital Protection Oriented Fund-Series 4-Direct Plan-Growth;INF767K01LC7;;11.0525;11.0525;11.0525;28-Dec-2015
130364;LIC MF Capital Protection Oriented Fund-Series 4-Regular Plan-Dividend Payout;INF767K01KZ0;;10.9934;10.9934;10.9934;28-Dec-2015
130365;LIC MF Capital Protection Oriented Fund-Series 4-Regular Plan-Growth;INF767K01LA1;;10.9933;10.9933;10.9933;28-Dec-2015
131404;LIC MF Capital Protection Oriented Fund-Series 5-Direct Plan-Dividend Payout;INF767K01LZ8;;10.7999;10.7999;10.7999;28-Dec-2015
131405;LIC MF Capital Protection Oriented Fund-Series 5-Direct Plan-Growth;INF767K01MA9;;10.7999;10.7999;10.7999;28-Dec-2015
131406;LIC MF Capital Protection Oriented Fund-Series 5-Regular Plan-Dividend Payout;INF767K01LX3;;10.7548;10.7548;10.7548;28-Dec-2015
131407;LIC MF Capital Protection Oriented Fund-Series 5-Regular Plan-Growth;INF767K01LY1;;10.7548;10.7548;10.7548;28-Dec-2015
134727;LIC MF Dual Advantage Fixed Term Plan-Series 1-Direct Plan-Dividend Payout;INF767K01OE7;;9.9810;9.9810;9.9810;28-Dec-2015
134726;LIC MF Dual Advantage Fixed Term Plan-Series 1-Direct Plan-Growth;INF767K01OF4;;9.9810;9.9810;9.9810;28-Dec-2015
134729;LIC MF Dual Advantage Fixed Term Plan-Series 1-Regular Plan-Dividend Payout;INF767K01OC1;;9.9350;9.9350;9.9350;28-Dec-2015
134728;LIC MF Dual Advantage Fixed Term Plan-Series 1-Regular Plan-Growth;INF767K01OD9;;9.9350;9.9350;9.9350;28-Dec-2015
135345;LIC MF Dual Advantage Fixed Term Plan-Series 2-Direct Plan-Dividend Payout;INF767K01OM0;;9.9866;9.9866;9.9866;28-Dec-2015
135346;LIC MF Dual Advantage Fixed Term Plan-Series 2-Direct Plan-Growth;INF767K01ON8;;9.9866;9.9866;9.9866;28-Dec-2015
135347;LIC MF Dual Advantage Fixed Term Plan-Series 2-Regular Plan-Dividend Payout;INF767K01OK4;;9.9591;9.9591;9.9591;28-Dec-2015
135348;LIC MF Dual Advantage Fixed Term Plan-Series 2-Regular Plan-Growth;INF767K01OL2;;9.9591;9.9591;9.9591;28-Dec-2015
135588;LIC MF Dual Advantage Fixed Term Plan-Series 3-Direct Plan-Dividend Payout;INF767K01OQ1;;10.0514;10.0514;10.0514;28-Dec-2015
135589;LIC MF Dual Advantage Fixed Term Plan-Series 3-Direct Plan-Growth;INF767K01OR9;;10.0514;10.0514;10.0514;28-Dec-2015
135590;LIC MF Dual Advantage Fixed Term Plan-Series 3-Regular Plan-Dividend Payout;INF767K01OO6;;10.0398;10.0398;10.0398;28-Dec-2015
135591;LIC MF Dual Advantage Fixed Term Plan-Series 3-Regular Plan-Growth;INF767K01OP3;;10.0398;10.0398;10.0398;28-Dec-2015
122540;LIC MF FIXED MATURITY PLAN SERIES 64 - DIRECT PLAN - DIVIDEND PAYOUT;INF767K01NO8;;10.5505;0.0000;0.0000;28-Dec-2015
122541;LIC MF FIXED MATURITY PLAN SERIES 64 - DIRECT PLAN - GROWTH;INF767K01NP5;;12.3463;0.0000;0.0000;28-Dec-2015
122542;LIC MF FIXED MATURITY PLAN SERIES 64 - GROWTH;INF767K01NN0;;12.3239;0.0000;0.0000;28-Dec-2015
125921;LIC MF FIXED MATURITY PLAN SERIES 72(MATURITY DATE 13/12/2016) - DIRECT PLAN - DIVIDEND PAYOUT;INF767K01OA5;;10.4527;0.0000;0.0000;28-Dec-2015
125923;LIC MF FIXED MATURITY PLAN SERIES 72(MATURITY DATE 13/12/2016) - DIRECT PLAN - GROWTH;INF767K01OB3;;11.9385;0.0000;0.0000;28-Dec-2015
125922;LIC MF FIXED MATURITY PLAN SERIES 72(MATURITY DATE 13/12/2016) - REGULAR PLAN - DIVIDEND PAYOUT;INF767K01NY7;;10.4297;0.0000;0.0000;28-Dec-2015
125924;LIC MF FIXED MATURITY PLAN SERIES 72(MATURITY DATE 13/12/2016) - REGULAR PLAN - GROWTH;INF767K01NZ4;;11.8412;0.0000;0.0000;28-Dec-2015
129874;LIC MF FIXED MATURITY PLAN SERIES 82(764 DAYS)-DIRECT PLAN-GROWTH;INF767K01NT7;;11.4336;0.0000;0.0000;28-Dec-2015
129875;LIC MF FIXED MATURITY PLAN SERIES 82(764 DAYS)-REGULAR PLAN-GROWTH;INF767K01NR1;;11.3736;0.0000;0.0000;28-Dec-2015
129940;LIC MF FIXED MATURITY PLAN SERIES 83-DIRECT PLAN-GROWTH;INF767K01NV3;;11.3669;0.0000;0.0000;28-Dec-2015
129939;LIC MF FIXED MATURITY PLAN SERIES 83-REGULAR PLAN-GROWTH;INF767K01NX9;;11.3543;0.0000;0.0000;28-Dec-2015
130299;LIC MF FIXED MATURITY PLAN SERIES 85(EXTENDED MATURITY DATE- 27/06/2017)-DIRECT PLAN-DIVIDEND PAYOUT;INF767K01PF1;;11.4237;0.0000;0.0000;28-Dec-2015
130302;LIC MF FIXED MATURITY PLAN SERIES 85(EXTENDED MATURITY DATE- 27/06/2017)-DIRECT PLAN-GROWTH;INF767K01PG9;;11.4235;0.0000;0.0000;28-Dec-2015
130300;LIC MF FIXED MATURITY PLAN SERIES 85(EXTENDED MATURITY DATE- 27/06/2017)-REGULAR PLAN-DIVIDEND PAYOUT;INF767K01PD6;;11.3365;0.0000;0.0000;28-Dec-2015
130301;LIC MF FIXED MATURITY PLAN SERIES 85(EXTENDED MATURITY DATE- 27/06/2017)-REGULAR PLAN-GROWTH;INF767K01PE4;;11.3365;0.0000;0.0000;28-Dec-2015
130350;LIC MF Fixed Maturity Plan-Series 86-Direct Plan-Growth;INF767K01OJ6;;11.2810;0.0000;0.0000;28-Dec-2015
130352;LIC MF Fixed Maturity Plan-Series 86-Regular Plan-Dividend Payout;INF767K01OG2;;10.3570;0.0000;0.0000;28-Dec-2015
130351;LIC MF Fixed Maturity Plan-Series 86-Regular Plan-Growth;INF767K01OH0;;11.2692;0.0000;0.0000;28-Dec-2015
131542;LIC MF Fixed Maturity Plan-Series 89-Direct Plan-Growth;INF767K01ME1;;11.1691;0.0000;0.0000;28-Dec-2015
131543;LIC MF Fixed Maturity Plan-Series 89-Regular Plan-Dividend Payout;INF767K01MB7;;11.1089;0.0000;0.0000;28-Dec-2015
131544;LIC MF Fixed Maturity Plan-Series 89-Regular Plan-Growth;INF767K01MC5;;11.1090;0.0000;0.0000;28-Dec-2015
132911;LIC MF Fixed Maturity Plan-Series 90-Direct Plan-Dividend Payout;INF767K01MH4;;11.0175;0.0000;0.0000;28-Dec-2015
132909;LIC MF Fixed Maturity Plan-Series 90-Direct Plan-Growth;INF767K01MI2;;11.0175;0.0000;0.0000;28-Dec-2015
132910;LIC MF Fixed Maturity Plan-Series 90-Regular Plan-Dividend Payout;INF767K01MF8;;10.9668;0.0000;0.0000;28-Dec-2015
132912;LIC MF Fixed Maturity Plan-Series 90-Regular Plan-Growth;INF767K01MG6;;10.9668;0.0000;0.0000;28-Dec-2015
133225;LIC MF Fixed Maturity Plan-Series 92-Direct Plan-Growth;INF767K01MU7;;10.9320;0.0000;0.0000;28-Dec-2015
133226;LIC MF Fixed Maturity Plan-Series 92-Regular Plan-Dividend Payout;INF767K01MR3;;10.8628;0.0000;0.0000;28-Dec-2015
133227;LIC MF Fixed Maturity Plan-Series 92-Regular Plan-Growth;INF767K01MS1;;10.8628;0.0000;0.0000;28-Dec-2015

Nippon India Mutual Fund
126479;Nippon India Fixed Horizon Fund - XXV - Series 15 - Direct Plan - Dividend Payout Option;INF204KB1A14;;12.1987;12.1987;12.1987;28-Dec-2015
126477;Nippon India Fixed Horizon Fund - XXV - Series 15 - Direct Plan - Growth Option;INF204KB1A06;;12.1987;12.1987;12.1987;28-Dec-2015
126478;Nippon India Fixed Horizon Fund - XXV - Series 15 - Dividend Payout Option;INF204KB1ZZ9;;12.1153;12.1153;12.1153;28-Dec-2015
126480;Nippon India Fixed Horizon Fund - XXV - Series 15 - Growth Option;INF204KB1ZY2;;12.1153;12.1153;12.1153;28-Dec-2015
117340;Reliance Dual Advantage Fixed Tenure Fund II - Plan G - Dividend Payout Option;INF204K01SC6;-;14.4605;14.4605;14.4605;28-Dec-2015
117339;Reliance Dual Advantage Fixed Tenure Fund II - Plan G - Growth Option;INF204K01SB8;-;14.4605;14.4605;14.4605;28-Dec-2015
117601;Reliance Dual Advantage Fixed Tenure Fund II - Plan H - Dividend Payout Option;INF204K01SE2;;13.9397;13.9397;13.9397;28-Dec-2015
117600;Reliance Dual Advantage Fixed Tenure Fund II - Plan H - Growth Option;INF204K01SD4;;13.9397;13.9397;13.9397;28-Dec-2015
121096;Reliance Dual Advantage Fixed Tenure Fund III - Plan A - Direct Plan - Dividend Payout Option;INF204K01M96;-;13.2197;13.2197;13.2197;28-Dec-2015
121095;Reliance Dual Advantage Fixed Tenure Fund III - Plan A - Direct Plan - Growth Option;INF204K01M88;-;13.2197;13.2197;13.2197;28-Dec-2015
121098;Reliance Dual Advantage Fixed Tenure Fund III - Plan A - Dividend Payout Option;INF204K01M70;-;12.8375;12.8375;12.8375;28-Dec-2015
121097;Reliance Dual Advantage Fixed Tenure Fund III - Plan A - Growth Option;INF204K01M62;-;12.8375;12.8375;12.8375;28-Dec-2015
122240;Reliance Dual Advantage Fixed Tenure Fund III - Plan B - Direct Plan - Dividend Payout Option;INF204K01N38;;14.1939;14.1939;14.1939;28-Dec-2015
122238;Reliance Dual Advantage Fixed Tenure Fund III - Plan B - Direct Plan - Growth Option;INF204K01N20;;14.1939;14.1939;14.1939;28-Dec-2015
122239;Reliance Dual Advantage Fixed Tenure Fund III - Plan B - Dividend Payout Option;INF204K01N12;;13.8041;13.8041;13.8041;28-Dec-2015
122237;Reliance Dual Advantage Fixed Tenure Fund III - Plan B - Growth Option;INF204K01N04;;13.8041;13.8041;13.8041;28-Dec-2015
122510;Reliance Dual Advantage Fixed Tenure Fund III - Plan C - Direct Plan - Dividend Option;INF204K01N79;;12.8459;12.8459;12.8459;28-Dec-2015
122512;Reliance Dual Advantage Fixed Tenure Fund III - Plan C - Dividend Option;INF204K01N53;;12.5209;12.5209;12.5209;28-Dec-2015
122511;Reliance Dual Advantage Fixed Tenure Fund III - Plan C - Growth Option;INF204K01N46;;12.5209;12.5209;12.5209;28-Dec-2015
122509;Reliance Dual Advantage Fixed Tenure Fund III -Plan C- Direct Plan - Growth Option;INF204K01N61;;12.8459;12.8459;12.8459;28-Dec-2015
122700;Reliance Dual Advantage Fixed Tenure Fund III - Plan D - Direct Plan - Dividend Payout Option;INF204K01O11;;13.0022;13.0022;13.0022;28-Dec-2015
122702;Reliance Dual Advantage Fixed Tenure Fund III - Plan D - Direct Plan - Growth Option;INF204K01O03;;13.0022;13.0022;13.0022;28-Dec-2015
122699;Reliance Dual Advantage Fixed Tenure Fund III - Plan D - Dividend Payout Option;INF204K01N95;;12.6578;12.6578;12.6578;28-Dec-2015
122701;Reliance Dual Advantage Fixed Tenure Fund III - Plan D - Growth Option;INF204K01N87;;12.6578;12.6578;12.6578;28-Dec-2015
122913;Reliance Dual Advantage Fixed Tenure Fund IV - Plan A - Direct Plan -Growth Option;INF204KA1669;;13.2629;13.2629;13.2629;28-Dec-2015
122911;Reliance Dual Advantage Fixed Tenure Fund IV - Plan A - Direct Plan- Dividend Payout option;INF204KA1677;;13.2629;13.2629;13.2629;28-Dec-2015
122912;Reliance Dual Advantage Fixed Tenure Fund IV - Plan A - Dividend Option;INF204KA1651;;12.9280;12.9280;12.9280;28-Dec-2015
122910;Reliance Dual Advantage Fixed Tenure Fund IV - Plan A - Growth Option;INF204KA1644;;12.9280;12.9280;12.9280;28-Dec-2015
123451;Reliance Dual Advantage Fixed Tenure Fund IV - Plan B - Direct Plan - Growth Option;INF204KA1701;;12.8867;12.8867;12.8867;28-Dec-2015
123453;Reliance Dual Advantage Fixed Tenure Fund IV - Plan B - Dividend Payout Option;INF204KA1693;;12.5806;12.5806;12.5806;28-Dec-2015
123452;Reliance Dual Advantage Fixed Tenure Fund IV - Plan B - Growth Option;INF204KA1685;;12.5806;12.5806;12.5806;28-Dec-2015
124338;Reliance Dual Advantage Fixed Tenure Fund IV - Plan C - Direct Plan - Dividend Payout Option;INF204KA1750;;13.1427;13.1427;13.1427;28-Dec-2015
124339;Reliance Dual Advantage Fixed Tenure Fund IV - Plan C - Direct Plan - Growth Option;INF204KA1743;;13.1427;13.1427;13.1427;28-Dec-2015
124340;Reliance Dual Advantage Fixed Tenure Fund IV - Plan C - Dividend Payout Option;INF204KA1735;;12.8236;12.8236;12.8236;28-Dec-2015
124337;Reliance Dual Advantage Fixed Tenure Fund IV - Plan C - Growth Option;INF204KA1727;;12.8236;12.8236;12.8236;28-Dec-2015
124831;Reliance Dual Advantage Fixed Tenure Fund IV - Plan D - Direct Plan - Dividend Payout Option;INF204KA1792;;12.6639;12.6639;12.6639;28-Dec-2015
124829;Reliance Dual Advantage Fixed Tenure Fund IV - Plan D - Direct Plan - Growth Option;INF204KA1784;;12.6639;12.6639;12.6639;28-Dec-2015
124830;Reliance Dual Advantage Fixed Tenure Fund IV - Plan D - Dividend Payout Option;INF204KA1776;;12.3637;12.3637;12.3637;28-Dec-2015
124828;Reliance Dual Advantage Fixed Tenure Fund IV - Plan D - Growth Option;INF204KA1768;;12.3637;12.3637;12.3637;28-Dec-2015
125718;Reliance Dual Advantage Fixed Tenure Fund IV - Plan E - Direct Plan - Dividend Payout Option;INF204KA1834;;12.1854;12.1854;12.1854;28-Dec-2015
125716;Reliance Dual Advantage Fixed Tenure Fund IV - Plan E - Direct Plan - Growth Option;INF204KA1826;;12.1854;12.1854;12.1854;28-Dec-2015
125717;Reliance Dual Advantage Fixed Tenure Fund IV - Plan E - Dividend Payout Option;INF204KA1818;;11.8863;11.8863;11.8863;28-Dec-2015
125715;Reliance Dual Advantage Fixed Tenure Fund IV - Plan E - Growth Option;INF204KA1800;;11.8863;11.8863;11.8863;28-Dec-2015
126901;Reliance Dual Advantage Fixed Tenure Fund V - Plan A - Direct Plan - Dividend Payout Option;INF204KA1HW5;;12.3767;12.3767;12.3767;28-Dec-2015
126899;Reliance Dual Advantage Fixed Tenure Fund V - Plan A - Direct Plan - Growth Option;INF204KA1HV7;;12.3767;12.3767;12.3767;28-Dec-2015
126900;Reliance Dual Advantage Fixed Tenure Fund V - Plan A - Dividend Payout Option;INF204KA1HU9;;12.0890;12.0890;12.0890;28-Dec-2015
126898;Reliance Dual Advantage Fixed Tenure Fund V - Plan A - Growth Option;INF204KA1HT1;;12.0890;12.0890;12.0890;28-Dec-2015
127270;Reliance Dual Advantage Fixed Tenure Fund V - Plan B - Direct Plan - Dividend Payout Option;INF204KA1IU7;;11.7226;11.7226;11.7226;28-Dec-2015
127269;Reliance Dual Advantage Fixed Tenure Fund V - Plan B - Direct Plan - Growth Option;INF204KA1IT9;;11.7226;11.7226;11.7226;28-Dec-2015
127271;Reliance Dual Advantage Fixed Tenure Fund V - Plan B - Dividend Payout Option;INF204KA1IS1;;11.4391;11.4391;11.4391;28-Dec-2015
127268;Reliance Dual Advantage Fixed Tenure Fund V - Plan B - Growth Option;INF204KA1IR3;;11.4391;11.4391;11.4391;28-Dec-2015
127523;Reliance Dual Advantage Fixed Tenure Fund V - Plan C -Direct Plan -Growth Option;INF204KA1IX1;;11.6866;11.6866;11.6866;28-Dec-2015
127522;Reliance Dual Advantage Fixed Tenure Fund V - Plan C -Dividend Payout Option;INF204KA1IW3;;11.4188;11.4188;11.4188;28-Dec-2015
127525;Reliance Dual Advantage Fixed Tenure Fund V - Plan C -Growth Option;INF204KA1IV5;;11.4188;11.4188;11.4188;28-Dec-2015
128178;Reliance Dual Advantage Fixed Tenure Fund V - Plan E - Direct Plan - Dividend Payout Option;INF204KA1KU3;;11.5600;11.5600;11.5600;28-Dec-2015
128176;Reliance Dual Advantage Fixed Tenure Fund V - Plan E - Direct Plan - Growth Option;INF204KA1KT5;;11.5600;11.5600;11.5600;28-Dec-2015
128177;Reliance Dual Advantage Fixed Tenure Fund V - Plan E - Dividend Payout Option;INF204KA1KS7;;11.2945;11.2945;11.2945;28-Dec-2015
128175;Reliance Dual Advantage Fixed Tenure Fund V - Plan E - Growth Option;INF204KA1KR9;;11.2945;11.2945;11.2945;28-Dec-2015
128691;Reliance Dual Advantage Fixed Tenure Fund V - Plan F- Direct Plan - Dividend Payout Option;INF204KA1MB9;;11.5294;11.5294;11.5294;28-Dec-2015
128690;Reliance Dual Advantage Fixed Tenure Fund V - Plan F- Direct Plan - Growth Option;INF204KA1MA1;;11.5294;11.5294;11.5294;28-Dec-2015
128692;Reliance Dual Advantage Fixed Tenure Fund V - Plan F- Dividend Payout Option;INF204KA1LZ0;;11.2783;11.2783;11.2783;28-Dec-2015
128689;Reliance Dual Advantage Fixed Tenure Fund V - Plan F- Growth Option;INF204KA1LY3;;11.2783;11.2783;11.2783;28-Dec-2015
128987;Reliance Dual Advantage Fixed Tenure Fund V- Plan G- Direct Plan - Dividend Payout Option;INF204KA1NA9;;12.0871;12.0871;12.0871;28-Dec-2015
128986;Reliance Dual Advantage Fixed Tenure Fund V- Plan G- Direct Plan - Growth Option;INF204KA1MZ8;;12.0871;12.0871;12.0871;28-Dec-2015
128985;Reliance Dual Advantage Fixed Tenure Fund V- Plan G- Dividend Payout Option;INF204KA1MY1;;11.8239;11.8239;11.8239;28-Dec-2015
128984;Reliance Dual Advantage Fixed Tenure Fund V- Plan G- Growth Option;INF204KA1MX3;;11.8239;11.8239;11.8239;28-Dec-2015
129734;Reliance Dual Advantage Fixed Tenure Fund V- Plan H- Direct Plan- Dividend payout option;INF204KA1PM9;;11.1639;11.1639;11.1639;28-Dec-2015
129733;Reliance Dual Advantage Fixed Tenure Fund V- Plan H- Direct Plan- Growth Option;INF204KA1PL1;;11.1639;11.1639;11.1639;28-Dec-2015
129736;Reliance Dual Advantage Fixed Tenure Fund V- Plan H- Dividend Payout Option;INF204KA1PK3;;10.9254;10.9254;10.9254;28-Dec-2015
129735;Reliance Dual Advantage Fixed Tenure Fund V- Plan H- Growth Option;INF204KA1PJ5;;10.9254;10.9254;10.9254;28-Dec-2015
130629;Reliance Dual Advantage Fixed Tenure Fund VI- Plan A- Direct Plan- Growth Option;INF204KA1RQ6;;10.6021;10.6021;10.6021;28-Dec-2015
130631;Reliance Dual Advantage Fixed Tenure Fund VI- Plan A- Growth Option;INF204KA1RO1;;10.4565;10.4565;10.4565;28-Dec-2015
130630;Reliance Dual Advantage Fixed Tenure Fund- VI- Plan A- Direct Plan- Dividend Payout Option;INF204KA1RR4;;10.6021;10.6021;10.6021;28-Dec-2015
130632;Reliance Dual Advantage Fixed Tenure Fund- VI- Plan A- Dividend Payout Option;INF204KA1RP8;;10.4565;10.4565;10.4565;28-Dec-2015
130885;Reliance Dual Advantage Fixed Tenure Fund VI- Plan B- Direct Plan- DIvidend Payout Option;INF204KA1TA6;;10.3118;10.3118;10.3118;28-Dec-2015
130884;Reliance Dual Advantage Fixed Tenure Fund VI- Plan B- Direct Plan- Growth Option;INF204KA1SZ5;;10.3118;10.3118;10.3118;28-Dec-2015
130883;Reliance Dual Advantage Fixed Tenure Fund VI- Plan B- Dividend Payout Option;INF204KA1SY8;;10.1970;10.1970;10.1970;28-Dec-2015
130882;Reliance Dual Advantage Fixed Tenure Fund VI- Plan B- Growth Option;INF204KA1SX0;;10.1970;10.1970;10.1970;28-Dec-2015
131307;Reliance Dual Advantage Fixed Tenure Fund VI- Plan C- Direct Plan Dividend Payout Option;INF204KA1UI7;;10.2829;10.2829;10.2829;28-Dec-2015
131308;Reliance Dual Advantage Fixed Tenure Fund VI- Plan C- Direct Plan- Growth Option;INF204KA1UH9;;10.2829;10.2829;10.2829;28-Dec-2015
131306;Reliance Dual Advantage Fixed Tenure Fund VI- Plan C- Dividend Payout Option;INF204KA1UG1;;10.1468;10.1468;10.1468;28-Dec-2015
131305;Reliance Dual Advantage Fixed Tenure Fund VI- Plan C- Growth Option;INF204KA1UF3;;10.1468;10.1468;10.1468;28-Dec-2015
131342;Reliance Dual Advantage Fixed Tenure Fund VI Plan D- Growth Option;INF204KA1UO5;;10.6970;10.6970;10.6970;28-Dec-2015
131345;Reliance Dual Advantage Fixed Tenure Fund VI- Plan D- Direct Plan- Dividend Payout Option;INF204KA1UR8;;10.8351;10.8351;10.8351;28-Dec-2015
131343;Reliance Dual Advantage Fixed Tenure Fund VI- Plan D- Direct Plan- Growth Option;INF204KA1UQ0;;10.8351;10.8351;10.8351;28-Dec-2015
131344;Reliance Dual Advantage Fixed Tenure Fund VI- Plan D- Dividend Payout Option;INF204KA1UP2;;10.6970;10.6970;10.6970;28-Dec-2015
131462;Reliance Dual Advantage Fixed Tenure Fund VI- Plan E - Growth Option;INF204KA1VS4;;9.9948;9.9948;9.9948;28-Dec-2015
131464;Reliance Dual Advantage Fixed Tenure Fund VI- Plan E- Direct Plan- Growth Option;INF204KA1VU0;;10.1215;10.1215;10.1215;28-Dec-2015
131463;Reliance Dual Advantage Fixed Tenure Fund VI- Plan E- Dividend Payout Option;INF204KA1VT2;;9.9948;9.9948;9.9948;28-Dec-2015
132764;Reliance Dual Advantage Fixed Tenure Fund VI- Plan F- Direct Plan - Dividend Payout Option;INF204KA1WN3;;10.6479;10.6479;10.6479;28-Dec-2015
132763;Reliance Dual Advantage Fixed Tenure Fund VI- Plan F- Direct Plan - Growth Option;INF204KA1WM5;;10.6479;10.6479;10.6479;28-Dec-2015
132765;Reliance Dual Advantage Fixed Tenure Fund VI- Plan F- Dividend Payout Option;INF204KA1WL7;;10.5194;10.5194;10.5194;28-Dec-2015
132762;Reliance Dual Advantage Fixed Tenure Fund VI- Plan F- Growth Option;INF204KA1WK9;;10.5194;10.5194;10.5194;28-Dec-2015
133304;Reliance Dual Advantage Fixed Tenure Fund VII - Plan B - Direct Plan - Dividend Payout Option;INF204KA1ZC9;;9.9019;9.9019;9.9019;28-Dec-2015
133305;Reliance Dual Advantage Fixed Tenure Fund VII - Plan B - Direct Plan - Growth Option;INF204KA1ZD7;;9.9019;9.9019;9.9019;28-Dec-2015
133306;Reliance Dual Advantage Fixed Tenure Fund VII - Plan B - Dividend Payout Option;INF204KA1ZE5;;9.7976;9.7976;9.7976;28-Dec-2015
133303;Reliance Dual Advantage Fixed Tenure Fund VII - Plan B - Growth Option;INF204KA1ZF2;;9.7976;9.7976;9.7976;28-Dec-2015
133047;Reliance Dual Advantage Fixed Tenure Fund VII- Plan A- Direct Plan-Dividend Payout Option;INF204KA1XU6;;9.9229;9.9229;9.9229;28-Dec-2015
133046;Reliance Dual Advantage Fixed Tenure Fund VII- Plan A- Direct Plan-Growth Option;INF204KA1XV4;;9.9229;9.9229;9.9229;28-Dec-2015
133048;Reliance Dual Advantage Fixed Tenure Fund VII- Plan A- Dividend Payout Option;INF204KA1XW2;;9.8098;9.8098;9.8098;28-Dec-2015
133045;Reliance Dual Advantage Fixed Tenure Fund VII- Plan A- Growth Option;INF204KA1XX0;;9.8098;9.8098;9.8098;28-Dec-2015
133533;Reliance Dual Advantage Fixed Tenure Fund VII- Plan C- Direct Plan-Dividend Payout Option;INF204KA1B23;;9.6866;9.6866;9.6866;28-Dec-2015
133532;Reliance Dual Advantage Fixed Tenure Fund VII- Plan C- Direct Plan-Growth Option;INF204KA1B31;;9.6866;9.6866;9.6866;28-Dec-2015
133530;Reliance Dual Advantage Fixed Tenure Fund VII- Plan C- Dividend Payout Option;INF204KA1B49;;9.5917;9.5917;9.5917;28-Dec-2015
133531;Reliance Dual Advantage Fixed Tenure Fund VII- Plan C- Growth Option;INF204KA1B56;;9.5917;9.5917;9.5917;28-Dec-2015
133986;Reliance Dual Advantage Fixed Tenure Fund VII- Plan D- Direct Plan- Growth Option;INF204KA1G44;;9.7183;9.7183;9.7183;28-Dec-2015
133987;Reliance Dual Advantage Fixed Tenure Fund VII- Plan D- Direct Plan-Dividend Payout Option;INF204KA1G36;;9.7183;9.7183;9.7183;28-Dec-2015
133985;Reliance Dual Advantage Fixed Tenure Fund VII- Plan D- Dividend Payout Option;INF204KA1G51;;9.6448;9.6448;9.6448;28-Dec-2015
133984;Reliance Dual Advantage Fixed Tenure Fund VII- Plan D- Growth Option;INF204KA1G69;;9.6448;9.6448;9.6448;28-Dec-2015
134412;Reliance Dual Advantage Fixed Tenure Fund VII- Plan E- Direct Plan-Dividend Payout Option;INF204KA1L70;;9.6354;9.6354;9.6354;28-Dec-2015
134410;Reliance Dual Advantage Fixed Tenure Fund VII- Plan E- Direct Plan-Growth Option;INF204KA1L88;;9.6354;9.6354;9.6354;28-Dec-2015
134411;Reliance Dual Advantage Fixed Tenure Fund VII- Plan E- Dividend Payout Option;INF204KA1L96;;9.5906;9.5906;9.5906;28-Dec-2015
134409;Reliance Dual Advantage Fixed Tenure Fund VII- Plan E- Growth Option;INF204KA1M04;;9.5906;9.5906;9.5906;28-Dec-2015
135086;Reliance Dual Advantage Fixed Tenure Fund VIII- Plan A- Direct Plan- Growth Option;INF204KA11J8;;10.2077;10.2077;10.2077;28-Dec-2015
135084;Reliance Dual Advantage Fixed Tenure Fund VIII- Plan A- Direct Plan-Dividend Payout Option;INF204KA10J0;;10.2077;10.2077;10.2077;28-Dec-2015
135085;Reliance Dual Advantage Fixed Tenure Fund VIII- Plan A- Dividend Payout Option;INF204KA12J6;;10.1590;10.1590;10.1590;28-Dec-2015
135087;Reliance Dual Advantage Fixed Tenure Fund VIII- Plan A- Growth Option;INF204KA13J4;;10.1590;10.1590;10.1590;28-Dec-2015
135231;Reliance Dual Advantage Fixed Tenure Fund VIII- Plan B-Direct Plan-Dividend Payout Option;INF204KA18K1;;10.2940;10.2940;10.2940;28-Dec-2015
135230;Reliance Dual Advantage Fixed Tenure Fund VIII- Plan B-Direct Plan-Growth Option;INF204KA19K9;;10.2940;10.2940;10.2940;28-Dec-2015
135229;Reliance Dual Advantage Fixed Tenure Fund VIII- Plan B-Dividend Payout Option;INF204KA10L6;;10.2529;10.2529;10.2529;28-Dec-2015
135228;Reliance Dual Advantage Fixed Tenure Fund VIII- Plan B-Growth Option;INF204KA11L4;;10.2529;10.2529;10.2529;28-Dec-2015
135435;Reliance Dual Advantage Fixed Tenure Fund VIII- Plan C- Direct Plan-Dividend Payout Option;INF204KA11O8;;10.0711;10.0711;10.0711;28-Dec-2015
135434;Reliance Dual Advantage Fixed Tenure Fund VIII- Plan C- Direct Plan-Growth Option;INF204KA12O6;;10.0711;10.0711;10.0711;28-Dec-2015
135433;Reliance Dual Advantage Fixed Tenure Fund VIII- Plan C- Dividend Payout Option;INF204KA13O4;;10.0491;10.0491;10.0491;28-Dec-2015
135432;Reliance Dual Advantage Fixed Tenure Fund VIII- Plan C- Growth Option;INF204KA14O2;;10.0491;10.0491;10.0491;28-Dec-2015
117813;Reliance Fixed Horizon Fund - XXII - Series 24 - Dividend Payout Option;INF204K01VO5;-;11.4312;11.4312;11.4312;28-Dec-2015
117814;Reliance Fixed Horizon Fund - XXII - Series 24 - Growth Option;INF204K01VN7;-;13.3739;13.3739;13.3739;28-Dec-2015
117976;Reliance Fixed Horizon Fund XXII - Sereis 30 - Dividend Payout Option;INF204K01WA2;-;13.0209;13.0209;13.0209;28-Dec-2015
117975;Reliance Fixed Horizon Fund XXII - Series 30 - Growth Option;INF204K01VZ1;-;13.0209;13.0209;13.0209;28-Dec-2015
118223;Reliance Fixed Horizon Fund - XXII - Series 34 - Dividend Payout Option;INF204K01WI5;-;11.0814;11.0814;11.0814;28-Dec-2015
118222;Reliance Fixed Horizon Fund - XXII -Series -34 Growth Option;INF204K01WH7;;12.9159;12.9159;12.9159;28-Dec-2015
122458;Reliance Fixed Horizon Fund - XXIII - Series 11 - Direct Plan - Growth Option;INF204K016B5;;12.5082;12.5082;12.5082;28-Dec-2015
122455;Reliance Fixed Horizon Fund - XXIII - Series 11 - Dividend Payout Option;INF204K015B7;;12.4259;12.4259;12.4259;28-Dec-2015
122457;Reliance Fixed Horizon Fund - XXIII - Series 11 - Growth Option;INF204K014B0;;12.4259;12.4259;12.4259;28-Dec-2015
122615;Reliance Fixed Horizon Fund - XXIII - Series 12 - Direct Plan - Growth  Option;INF204K010C6;;12.3939;12.3939;12.3939;28-Dec-2015
122617;Reliance Fixed Horizon Fund - XXIII - Series 12 - Dividend Payout Option;INF204K019B9;;12.3308;12.3308;12.3308;28-Dec-2015
122614;Reliance Fixed Horizon Fund - XXIII - Series 12 - Growth Option;INF204K018B1;;12.3308;12.3308;12.3308;28-Dec-2015
121757;Reliance Fixed Horizon Fund - XXIII - Series 8 - Direct Plan - Dividend Payout Option;INF204K015A9;;12.8210;12.8210;12.8210;28-Dec-2015
121755;Reliance Fixed Horizon Fund - XXIII - Series 8 - Direct Plan - Growth Option;INF204K014A2;;12.8210;12.8210;12.8210;28-Dec-2015
121756;Reliance Fixed Horizon Fund - XXIII - Series 8 - Dividend Payout Option;INF204K013A4;;12.7727;12.7727;12.7727;28-Dec-2015
121758;Reliance Fixed Horizon Fund - XXIII - Series 8 - Growth Option;INF204K012A6;;12.7727;12.7727;12.7727;28-Dec-2015
123457;Reliance Fixed Horizon Fund - XXIV - Series 10 - Direct Plan - Growth Option;INF204KA1024;;12.4138;12.4138;12.4138;28-Dec-2015
123454;Reliance Fixed Horizon Fund - XXIV - Series 10 - Growth Option;INF204K019Z8;;12.2942;12.2942;12.2942;28-Dec-2015
123459;Reliance Fixed Horizon Fund - XXIV - Series 11 - Direct Plan - Growth Option;INF204KA1TP4;;12.4500;12.4500;12.4500;28-Dec-2015
123458;Reliance Fixed Horizon Fund - XXIV - Series 11 - Growth Option;INF204KA1TN9;;12.4299;12.4299;12.4299;28-Dec-2015
123569;Reliance Fixed Horizon Fund - XXIV - Series 13 -Direct Plan -Growth Option;INF204KA1149;;12.5689;12.5689;12.5689;28-Dec-2015
123568;Reliance Fixed Horizon Fund - XXIV - Series 13 -Dividend Payout Option;INF204KA1131;;12.4005;12.4005;12.4005;28-Dec-2015
123567;Reliance Fixed Horizon Fund - XXIV - Series 13 -Growth Option;INF204KA1123;;12.4005;12.4005;12.4005;28-Dec-2015
123742;Reliance Fixed Horizon Fund - XXIV - Series 15-Direct Plan -Growth Option;INF204KA1UL1;;12.4749;12.4749;12.4749;28-Dec-2015
123741;Reliance Fixed Horizon Fund - XXIV - Series 15-Dividend Payout Option;INF204KA1UK3;;11.2204;11.2204;11.2204;28-Dec-2015
123740;Reliance Fixed Horizon Fund - XXIV - Series 15-Growth Option;INF204KA1UJ5;;12.4297;12.4297;12.4297;28-Dec-2015
123982;Reliance Fixed Horizon Fund - XXIV - Series 16 - Direct Plan - Growth Plan;INF204KA1UY4;;12.3830;12.3830;12.3830;28-Dec-2015
123985;Reliance Fixed Horizon Fund - XXIV - Series 16 - Growth Plan;INF204KA1UW8;;12.3542;12.3542;12.3542;28-Dec-2015
124097;Reliance Fixed Horizon Fund - XXIV - Series 17 -Dividend Payout Option;INF204KA1VF1;;11.1796;11.1796;11.1796;28-Dec-2015
124099;Reliance Fixed Horizon Fund - XXIV - Series 17- Direct Plan -Dividend Payout Option;INF204KA1VH7;;11.2066;11.2066;11.2066;28-Dec-2015
124098;Reliance Fixed Horizon Fund - XXIV - Series 17-Direct Plan -Growth Option;INF204KA1VG9;;12.3641;12.3641;12.3641;28-Dec-2015
124096;Reliance Fixed Horizon Fund - XXIV - Series 17-Growth Option;INF204KA1VE4;;12.2840;12.2840;12.2840;28-Dec-2015
124213;Reliance Fixed Horizon Fund - XXIV - Series 18 -Direct Plan -Growth Option;INF204KA1VM7;;12.3744;12.3744;12.3744;28-Dec-2015
124211;Reliance Fixed Horizon Fund - XXIV - Series 18 -Dividend Payout Optioin;INF204KA1VL9;;11.1801;11.1801;11.1801;28-Dec-2015
124210;Reliance Fixed Horizon Fund - XXIV - Series 18-Growth Option;INF204KA1VK1;;12.3461;12.3461;12.3461;28-Dec-2015
122903;Reliance Fixed Horizon Fund - XXIV - Series 2 - Direct Plan - Dividend Payout Option;INF204K010X2;;12.6173;12.6173;12.6173;28-Dec-2015
122902;Reliance Fixed Horizon Fund - XXIV - Series 2 - Direct Plan - Growth Option;INF204K019W5;;12.6173;12.6173;12.6173;28-Dec-2015
122901;Reliance Fixed Horizon Fund - XXIV - Series 2 - Dividend Payout Option;INF204K018W7;;12.5112;12.5112;12.5112;28-Dec-2015
122900;Reliance Fixed Horizon Fund - XXIV - Series 2 - Growth Option;INF204K017W9;;12.5112;12.5112;12.5112;28-Dec-2015
124250;Reliance Fixed Horizon Fund - XXIV - Series 20 - Direct Plan - Dividend Payout Option;INF204KA1438;;12.3676;12.3676;12.3676;28-Dec-2015
124249;Reliance Fixed Horizon Fund - XXIV - Series 20 - Direct Plan - Growth Option;INF204KA1420;;12.3676;12.3676;12.3676;28-Dec-2015
124252;Reliance Fixed Horizon Fund - XXIV - Series 20 - Dividend Payout Option;INF204KA1412;;12.2295;12.2295;12.2295;28-Dec-2015
124251;Reliance Fixed Horizon Fund - XXIV - Series 20 - Growth Option;INF204KA1404;;12.2295;12.2295;12.2295;28-Dec-2015
124708;Reliance Fixed Horizon Fund - XXIV - Series 22 - Direct Plan - Dividend Payout Option;INF204KA11E9;;10.4574;10.4574;10.4574;28-Dec-2015
124707;Reliance Fixed Horizon Fund - XXIV - Series 22 - Direct Plan - Growth Option;INF204KA10E1;;12.0984;12.0984;12.0984;28-Dec-2015
124709;Reliance Fixed Horizon Fund - XXIV - Series 22 - Dividend Payout Option;INF204KA19D4;;10.4513;10.4513;10.4513;28-Dec-2015
124706;Reliance Fixed Horizon Fund - XXIV - Series 22 - Growth Option;INF204KA18D6;;12.0309;12.0309;12.0309;28-Dec-2015
125153;Reliance Fixed Horizon Fund - XXIV - Series 24 - Direct Plan - Dividend Payout Option;INF204KA1594;;12.4990;12.4990;12.4990;28-Dec-2015
125152;Reliance Fixed Horizon Fund - XXIV - Series 24 - Direct Plan - Growth Option;INF204KA1586;;12.4990;12.4990;12.4990;28-Dec-2015
125151;Reliance Fixed Horizon Fund - XXIV - Series 24 - Dividend Payout Option;INF204KA1578;;12.3766;12.3766;12.3766;28-Dec-2015
125150;Reliance Fixed Horizon Fund - XXIV - Series 24 - Growth Option;INF204KA1560;;12.3766;12.3766;12.3766;28-Dec-2015
125195;Reliance Fixed Horizon Fund - XXIV - Series 25 - Direct Plan - Dividend Payout Option;INF204KA1636;;10.9488;10.9488;10.9488;28-Dec-2015
125194;Reliance Fixed Horizon Fund - XXIV - Series 25 - Dividend Payout Option;INF204KA1610;;10.9352;10.9352;10.9352;28-Dec-2015
125193;Reliance Fixed Horizon Fund - XXIV - Series 25 - Growth Option;INF204KA1602;;11.9229;11.9229;11.9229;28-Dec-2015
125192;Reliance Fixed Horizon Fund - XXIV - Series 25- Direct Plan - Growth Option;INF204KA1628;;11.9680;11.9680;11.9680;28-Dec-2015
123054;Reliance Fixed Horizon Fund - XXIV - Series 3-Direct Plan - Dividend Payout Option;INF204KA1SG5;;11.3443;11.3443;11.3443;28-Dec-2015
123051;Reliance Fixed Horizon Fund - XXIV - Series 3-Direct Plan - Growth Option;INF204KA1SF7;;12.4727;12.4727;12.4727;28-Dec-2015
123053;Reliance Fixed Horizon Fund - XXIV - Series 3-Dividend payout Option;INF204KA1SE0;;11.3283;11.3283;11.3283;28-Dec-2015
123052;Reliance Fixed Horizon Fund - XXIV - Series 3-Growth Option;INF204KA1SD2;;12.4488;12.4488;12.4488;28-Dec-2015
123073;Reliance Fixed Horizon Fund - XXIV - Series 4-Direct Plan - Dividend Payout Option;INF204KA1TE8;;11.3440;11.3440;11.3440;28-Dec-2015
123072;Reliance Fixed Horizon Fund - XXIV - Series 4-Direct Plan - Growth Option;INF204KA1TD0;;12.4955;12.4955;12.4955;28-Dec-2015
123071;Reliance Fixed Horizon Fund - XXIV - Series 4-Dividend payout Option;INF204KA1TC2;;11.3253;11.3253;11.3253;28-Dec-2015
123070;Reliance Fixed Horizon Fund - XXIV - Series 4-Growth Option;INF204KA1TB4;;12.4637;12.4637;12.4637;28-Dec-2015
123151;Reliance Fixed Horizon Fund - XXIV - Series 5 - Direct Plan - Growth Option;INF204K011Y8;;12.2964;12.2964;12.2964;28-Dec-2015
123152;Reliance Fixed Horizon Fund - XXIV - Series 5 - Dividend Payout Option;INF204K010Y0;;10.1811;10.1811;10.1811;28-Dec-2015
123150;Reliance Fixed Horizon Fund - XXIV - Series 5 - Growth Option;INF204K019X3;;12.2312;12.2312;12.2312;28-Dec-2015
123205;Reliance Fixed Horizon Fund - XXIV - Series 6 - Direct Plan - Growth Option;INF204KA11B5;;12.5175;12.5175;12.5175;28-Dec-2015
123206;Reliance Fixed Horizon Fund - XXIV - Series 6 - Dividend Payout Option;INF204KA10B7;;10.5148;10.5148;10.5148;28-Dec-2015
123208;Reliance Fixed Horizon Fund - XXIV - Series 6 - Growth Option;INF204KA19A0;;12.4551;12.4551;12.4551;28-Dec-2015
123212;Reliance Fixed Horizon Fund - XXIV - Series 7 - Direct Plan - Dividend Payout Option;INF204K010Z7;;12.6319;12.6319;12.6319;28-Dec-2015
123211;Reliance Fixed Horizon Fund - XXIV - Series 7 - Direct Plan - Growth Option;INF204K019Y1;;12.6319;12.6319;12.6319;28-Dec-2015
123214;Reliance Fixed Horizon Fund - XXIV - Series 7 - Dividend Payout Option;INF204K018Y3;;12.5113;12.5113;12.5113;28-Dec-2015
123213;Reliance Fixed Horizon Fund - XXIV - Series 7 - Growth Option;INF204K017Y5;;12.5113;12.5113;12.5113;28-Dec-2015
123344;Reliance Fixed Horizon Fund - XXIV - Series 8-Direct Plan-Growth Option;INF204K013Z1;;12.7609;12.7609;12.7609;28-Dec-2015
123342;Reliance Fixed Horizon Fund - XXIV - Series 8-Dividend Payout Option;INF204K012Z3;;12.6987;12.6987;12.6987;28-Dec-2015
123341;Reliance Fixed Horizon Fund - XXIV - Series 8-Growth Option;INF204K011Z5;;12.6987;12.6987;12.6987;28-Dec-2015
123374;Reliance Fixed Horizon Fund - XXIV - Series 9 -Direct Plan -Growth Option;INF204KA1TL3;;12.5473;12.5473;12.5473;28-Dec-2015
123373;Reliance Fixed Horizon Fund - XXIV - Series 9 -Dividend Payout Option;INF204KA1TK5;;11.2470;11.2470;11.2470;28-Dec-2015
123372;Reliance Fixed Horizon Fund - XXIV - Series 9-Growth Option;INF204KA1TJ7;;12.4121;12.4121;12.4121;28-Dec-2015
125257;Reliance Fixed Horizon Fund - XXV - Series 1-Direct Plan -Growth Option;INF204KA18H7;;12.0634;12.0634;12.0634;28-Dec-2015
125255;Reliance Fixed Horizon Fund - XXV - Series 1-Growth Option;INF204KA16H1;;12.0033;12.0033;12.0033;28-Dec-2015
125934;Reliance Fixed Horizon Fund - XXV - Series 11 - Direct Plan - Growth Option;INF204KA1GF2;;11.9331;11.9331;11.9331;28-Dec-2015
125933;Reliance Fixed Horizon Fund - XXV - Series 11 - Growth Option;INF204KA1GH8;;11.8789;11.8789;11.8789;28-Dec-2015
125957;Reliance Fixed Horizon Fund - XXV - Series 12 - Direct Plan - Growth Option;INF204KA1GJ4;;11.8861;11.8861;11.8861;28-Dec-2015
125956;Reliance Fixed Horizon Fund - XXV - Series 12 - Dividend Payout Option;INF204KA1GM8;;10.5067;10.5067;10.5067;28-Dec-2015
125954;Reliance Fixed Horizon Fund - XXV - Series 12 - Growth Option;INF204KA1GL0;;11.8330;11.8330;11.8330;28-Dec-2015
126256;Reliance Fixed Horizon Fund - XXV - Series 13 - Direct Plan - Growth Option;INF204KA1GN6;;11.8757;11.8757;11.8757;28-Dec-2015
126255;Reliance Fixed Horizon Fund - XXV - Series 13 - Dividend Payout Option;INF204KA1GQ9;;10.5333;10.5333;10.5333;28-Dec-2015
126254;Reliance Fixed Horizon Fund - XXV - Series 13 - Growth Option;INF204KA1GP1;;11.8095;11.8095;11.8095;28-Dec-2015
126372;Reliance Fixed Horizon Fund - XXV - Series 14-Direct Plan -Growth Option;INF204KA1GR7;;11.8409;11.8409;11.8409;28-Dec-2015
126371;Reliance Fixed Horizon Fund - XXV - Series 14-Growth Option;INF204KA1GT3;;11.8176;11.8176;11.8176;28-Dec-2015
126485;Reliance Fixed Horizon Fund - XXV - Series 16 - Direct Plan - Growth Option;INF204KA1GZ0;;11.7987;11.7987;11.7987;28-Dec-2015
126484;Reliance Fixed Horizon Fund - XXV - Series 16 - Growth Option;INF204KA1HB9;;11.7392;11.7392;11.7392;28-Dec-2015
126702;Reliance Fixed Horizon Fund - XXV - Series 17 - Direct Plan - Growth Option;INF204KA1HD5;;11.7470;11.7470;11.7470;28-Dec-2015
126701;Reliance Fixed Horizon Fund - XXV - Series 17 - Growth Option;INF204KA1HF0;;11.6710;11.6710;11.6710;28-Dec-2015
126891;Reliance Fixed Horizon Fund - XXV - Series 18 - Direct Plan - Growth Option;INF204KA1E46;;11.8149;11.8149;11.8149;28-Dec-2015
126889;Reliance Fixed Horizon Fund - XXV - Series 18 - Growth Option;INF204KA1E20;;11.7993;11.7993;11.7993;28-Dec-2015
125310;Reliance Fixed Horizon Fund - XXV - Series 2 -Direct Plan -Dividend Payout Option;INF204KA1EW2;;10.9404;10.9404;10.9404;28-Dec-2015
125309;Reliance Fixed Horizon Fund - XXV - Series 2-Direct Plan-Growth Option;INF204KA1EV4;;11.9666;11.9666;11.9666;28-Dec-2015
125312;Reliance Fixed Horizon Fund - XXV - Series 2-Dividend Payout Option;INF204KA1EY8;;10.9279;10.9279;10.9279;28-Dec-2015
125311;Reliance Fixed Horizon Fund - XXV - Series 2-Growth Option;INF204KA1EX0;;11.9291;11.9291;11.9291;28-Dec-2015
126975;Reliance Fixed Horizon Fund - XXV - Series 20 - Direct Plan - Dividend Payout Option;INF204KA1HQ7;;12.1301;12.1301;12.1301;28-Dec-2015
126977;Reliance Fixed Horizon Fund - XXV - Series 20 - Direct Plan - Growth Option;INF204KA1HP9;;12.1301;12.1301;12.1301;28-Dec-2015
126978;Reliance Fixed Horizon Fund - XXV - Series 20 - Dividend Payout Option;INF204KA1HS3;;12.0179;12.0179;12.0179;28-Dec-2015
126976;Reliance Fixed Horizon Fund - XXV - Series 20 - Growth Option;INF204KA1HR5;;12.0179;12.0179;12.0179;28-Dec-2015
127069;Reliance Fixed Horizon Fund - XXV - Series 21 - Direct Plan - Dividend Payout Option;INF204KA1HY1;;10.5482;10.5482;10.5482;28-Dec-2015
127067;Reliance Fixed Horizon Fund - XXV - Series 21 - Direct Plan - Growth Option;INF204KA1HX3;;11.7489;11.7489;11.7489;28-Dec-2015
127066;Reliance Fixed Horizon Fund - XXV - Series 21 - Growth Option;INF204KA1HZ8;;11.6591;11.6591;11.6591;28-Dec-2015
127083;Reliance Fixed Horizon Fund - XXV - Series 22 - Direct Plan - Growth Option;INF204KA1IB7;;11.7833;11.7833;11.7833;28-Dec-2015
127082;Reliance Fixed Horizon Fund - XXV - Series 22 - Dividend Payout Option;INF204KA1IE1;;10.5560;10.5560;10.5560;28-Dec-2015
127080;Reliance Fixed Horizon Fund - XXV - Series 22 - Growth Option;INF204KA1ID3;;11.6928;11.6928;11.6928;28-Dec-2015
127242;Reliance Fixed Horizon Fund - XXV - Series 23 - Direct Plan - Dividend Payout Option;INF204KA1II2;;11.9537;11.9537;11.9537;28-Dec-2015
127240;Reliance Fixed Horizon Fund - XXV - Series 23 - Direct Plan - Growth Option;INF204KA1IH4;;11.9537;11.9537;11.9537;28-Dec-2015
127241;Reliance Fixed Horizon Fund - XXV - Series 23 - Dividend Payout Option;INF204KA1IG6;;11.8925;11.8925;11.8925;28-Dec-2015
127239;Reliance Fixed Horizon Fund - XXV - Series 23 - Growth Option;INF204KA1IF8;;11.8925;11.8925;11.8925;28-Dec-2015
127264;Reliance Fixed Horizon Fund - XXV - Series 24 - Direct Plan - Growth Option;INF204KA1G10;;11.7719;11.7719;11.7719;28-Dec-2015
127266;Reliance Fixed Horizon Fund - XXV - Series 24 - Growth Option;INF204KA1F94;;11.7560;11.7560;11.7560;28-Dec-2015
127360;Reliance Fixed Horizon Fund - XXV - Series 25 - Direct Plan - Dividend Payout Option;INF204KA1IQ5;;11.9807;11.9807;11.9807;28-Dec-2015
127362;Reliance Fixed Horizon Fund - XXV - Series 25 - Direct Plan - Growth Option;INF204KA1IP7;;11.9807;11.9807;11.9807;28-Dec-2015
127361;Reliance Fixed Horizon Fund - XXV - Series 25 - Dividend Payout Option;INF204KA1IO0;;11.8502;11.8502;11.8502;28-Dec-2015
127359;Reliance Fixed Horizon Fund - XXV - Series 25 - Growth Option;INF204KA1IN2;;11.8502;11.8502;11.8502;28-Dec-2015
127538;Reliance Fixed Horizon Fund - XXV - Series 26 - Direct Plan - Growth Option;INF204KA1JB5;;11.7484;11.7484;11.7484;28-Dec-2015
127537;Reliance Fixed Horizon Fund - XXV - Series 26 - Growth Option;INF204KA1IZ6;;11.7211;11.7211;11.7211;28-Dec-2015
127541;Reliance Fixed Horizon Fund - XXV - Series 27 - Direct Plan - Growth Option;INF204KA1JF6;;11.7749;11.7749;11.7749;28-Dec-2015
127540;Reliance Fixed Horizon Fund - XXV - Series 27 - Growth Option;INF204KA1JD1;;11.6932;11.6932;11.6932;28-Dec-2015
127547;Reliance Fixed Horizon Fund - XXV - Series 28 - Direct Plan - Growth Option;INF204KA1JJ8;;11.7638;11.7638;11.7638;28-Dec-2015
127544;Reliance Fixed Horizon Fund - XXV - Series 28 - Dividend Payout Option;INF204KA1JI0;;10.6014;10.6014;10.6014;28-Dec-2015
127546;Reliance Fixed Horizon Fund - XXV - Series 28 - Growth Option;INF204KA1JH2;;11.7286;11.7286;11.7286;28-Dec-2015
125358;Reliance Fixed Horizon Fund - XXV - Series 3 - Direct Plan - Dividend Payout Option;INF204KA11H2;;10.4029;10.4029;10.4029;28-Dec-2015
125357;Reliance Fixed Horizon Fund - XXV - Series 3 - Direct Plan - Growth Option;INF204KA10H4;;11.9771;11.9771;11.9771;28-Dec-2015
125356;Reliance Fixed Horizon Fund - XXV - Series 3 - Growth Option;INF204KA18G9;;11.9138;11.9138;11.9138;28-Dec-2015
127734;Reliance Fixed Horizon Fund - XXV - Series 30 - Direct Plan - Dividend Payout Option;INF204KA1JS9;;10.6102;10.6102;10.6102;28-Dec-2015
127735;Reliance Fixed Horizon Fund - XXV - Series 30 - Direct Plan - Growth Option;INF204KA1JR1;;11.7162;11.7162;11.7162;28-Dec-2015
127733;Reliance Fixed Horizon Fund - XXV - Series 30 - Dividend Payout Option;INF204KA1JQ3;;10.5962;10.5962;10.5962;28-Dec-2015
127732;Reliance Fixed Horizon Fund - XXV - Series 30 - Growth Option;INF204KA1JP5;;11.6264;11.6264;11.6264;28-Dec-2015
127844;Reliance Fixed Horizon Fund - XXV - Series 31 - Direct Plan - Growth Option;INF204KA1JV3;;11.6999;11.6999;11.6999;28-Dec-2015
127843;Reliance Fixed Horizon Fund - XXV - Series 31 - Growth Option;INF204KA1JT7;;11.6760;11.6760;11.6760;28-Dec-2015
128181;Reliance Fixed Horizon Fund - XXV - Series 32 - Direct Plan - Growth Option;INF204KA1KD9;;11.6710;11.6710;11.6710;28-Dec-2015
128180;Reliance Fixed Horizon Fund - XXV - Series 32 - Growth Option;INF204KA1KB3;;11.6501;11.6501;11.6501;28-Dec-2015
128185;Reliance Fixed Horizon Fund - XXV - Series 33 - Direct Plan - Growth Option;INF204KA1KH0;;11.6288;11.6288;11.6288;28-Dec-2015
128184;Reliance Fixed Horizon Fund - XXV - Series 33 - Dividend Payout Option;INF204KA1KG2;;10.5794;10.5794;10.5794;28-Dec-2015
128183;Reliance Fixed Horizon Fund - XXV - Series 33 - Growth Option;INF204KA1KF4;;11.6081;11.6081;11.6081;28-Dec-2015
128199;Reliance Fixed Horizon Fund - XXV - Series 34 - Direct Plan - Growth Option;INF204KA1KL2;;11.6425;11.6425;11.6425;28-Dec-2015
128198;Reliance Fixed Horizon Fund - XXV - Series 34 - Growth Option;INF204KA1KJ6;;11.6218;11.6218;11.6218;28-Dec-2015
128320;Reliance Fixed Horizon Fund - XXV - Series 35- Direct Plan - Dividend Payout Option;INF204KA1LC9;;12.0891;12.0891;12.0891;28-Dec-2015
128318;Reliance Fixed Horizon Fund - XXV - Series 35- Direct Plan - Growth Option;INF204KA1LB1;;12.0891;12.0891;12.0891;28-Dec-2015
128317;Reliance Fixed Horizon Fund - XXV - Series 35- Dividend Payout Option;INF204KA1LA3;;11.9926;11.9926;11.9926;28-Dec-2015
128319;Reliance Fixed Horizon Fund - XXV - Series 35- Growth Option;INF204KA1KZ2;;11.9926;11.9926;11.9926;28-Dec-2015
125392;Reliance Fixed Horizon Fund - XXV - Series 4 - Direct Plan - Dividend Payout Option;INF204KA1YP4;;10.9022;10.9022;10.9022;28-Dec-2015
125390;Reliance Fixed Horizon Fund - XXV - Series 4 - Direct Plan - Growth Option;INF204KA1YO7;;11.9382;11.9382;11.9382;28-Dec-2015
125393;Reliance Fixed Horizon Fund - XXV - Series 4 - Growth Option;INF204KA1YM1;;11.8948;11.8948;11.8948;28-Dec-2015
125528;Reliance Fixed Horizon Fund - XXV - Series 6 - Direct Plan - Growth Option;INF204KA1FL2;;11.9730;11.9730;11.9730;28-Dec-2015
125527;Reliance Fixed Horizon Fund - XXV - Series 6 - Growth Option;INF204KA1FN8;;11.9154;11.9154;11.9154;28-Dec-2015
127913;Reliance Fixed Horizon Fund - XXVI - Series 1 - Direct Plan - Dividend Payout Option;INF204KA1KA5;;12.0165;12.0165;12.0165;28-Dec-2015
127911;Reliance Fixed Horizon Fund - XXVI - Series 1 - Direct Plan - Growth Option;INF204KA1JZ4;;12.0165;12.0165;12.0165;28-Dec-2015
127912;Reliance Fixed Horizon Fund - XXVI - Series 1 - Dividend Payout Option;INF204KA1JY7;;11.9299;11.9299;11.9299;28-Dec-2015
127910;Reliance Fixed Horizon Fund - XXVI - Series 1 - Growth Option;INF204KA1JX9;;11.9299;11.9299;11.9299;28-Dec-2015
129115;Reliance Fixed Horizon Fund - XXVI - Series 14- Direct Plan - Dividend Payout Option;INF204KA1NM4;;11.7939;11.7939;11.7939;28-Dec-2015
129114;Reliance Fixed Horizon Fund - XXVI - Series 14- Direct Plan - Growth Option;INF204KA1NL6;;11.7939;11.7939;11.7939;28-Dec-2015
129116;Reliance Fixed Horizon Fund - XXVI - Series 14- Dividend payout Option;INF204KA1NK8;;11.7185;11.7185;11.7185;28-Dec-2015
129113;Reliance Fixed Horizon Fund - XXVI - Series 14- Growth Option;INF204KA1NJ0;;11.7185;11.7185;11.7185;28-Dec-2015
129291;Reliance Fixed Horizon Fund - XXVI - Series 17- Direct Plan - Growth Option;INF204KA1NX1;;11.5495;11.5495;11.5495;28-Dec-2015
129289;Reliance Fixed Horizon Fund - XXVI - Series 17- Growth Option;INF204KA1NV5;;11.5245;11.5245;11.5245;28-Dec-2015
129293;Reliance Fixed Horizon Fund - XXVI - Series 18- Direct Plan - Dividend Payout Option;INF204KA1OC3;;10.5418;10.5418;10.5418;28-Dec-2015
129296;Reliance Fixed Horizon Fund - XXVI - Series 18- Direct Plan - Growth Option;INF204KA1OB5;;11.5314;11.5314;11.5314;28-Dec-2015
129295;Reliance Fixed Horizon Fund - XXVI - Series 18- Dividend payout Option;INF204KA1OA7;;10.5340;10.5340;10.5340;28-Dec-2015
129294;Reliance Fixed Horizon Fund - XXVI - Series 18- Growth Option;INF204KA1NZ6;;11.4998;11.4998;11.4998;28-Dec-2015
128082;Reliance Fixed Horizon Fund - XXVI - Series 2 - Direct Plan - Growth Option;INF204KA1KX7;;11.6542;11.6542;11.6542;28-Dec-2015
128081;Reliance Fixed Horizon Fund - XXVI - Series 2 - Growth Option;INF204KA1KV1;;11.6341;11.6341;11.6341;28-Dec-2015
130192;Reliance Fixed Horizon Fund - XXVI - Series 29 - Direct Plan - Dividend Payout Option;INF204KA1QO3;;10.4313;10.4313;10.4313;28-Dec-2015
130190;Reliance Fixed Horizon Fund - XXVI - Series 29 - Direct Plan - Growth Option;INF204KA1QN5;;11.3761;11.3761;11.3761;28-Dec-2015
130191;Reliance Fixed Horizon Fund - XXVI - Series 29 - Dividend Payout Option;INF204KA1QM7;;10.4262;10.4262;10.4262;28-Dec-2015
130189;Reliance Fixed Horizon Fund - XXVI - Series 29 - Growth Option;INF204KA1QL9;;11.3588;11.3588;11.3588;28-Dec-2015
130196;Reliance Fixed Horizon Fund - XXVI - Series 30 - Direct Plan - Dividend Payout Option;INF204KA1QS4;;11.4996;11.4996;11.4996;28-Dec-2015
130194;Reliance Fixed Horizon Fund - XXVI - Series 30 - Direct Plan - Growth Option;INF204KA1QR6;;11.4996;11.4996;11.4996;28-Dec-2015
130195;Reliance Fixed Horizon Fund - XXVI - Series 30 - Dividend Payout Option;INF204KA1QQ8;;11.4140;11.4140;11.4140;28-Dec-2015
130193;Reliance Fixed Horizon Fund - XXVI - Series 30 - Growth Option;INF204KA1QP0;;11.4140;11.4140;11.4140;28-Dec-2015
130229;Reliance Fixed Horizon Fund - XXVI - Series 31 - Direct Plan - Dividend Payout Option;INF204KA1QW6;;10.4220;10.4220;10.4220;28-Dec-2015
130228;Reliance Fixed Horizon Fund - XXVI - Series 31 - Direct Plan - Growth Option;INF204KA1QV8;;11.3608;11.3608;11.3608;28-Dec-2015
130230;Reliance Fixed Horizon Fund - XXVI - Series 31 - Dividend Payout Option;INF204KA1QU0;;10.4183;10.4183;10.4183;28-Dec-2015
130227;Reliance Fixed Horizon Fund - XXVI - Series 31 - Growth Option;INF204KA1QT2;;11.3447;11.3447;11.3447;28-Dec-2015
128461;Reliance Fixed Horizon Fund - XXVI - Series 4-Direct Plan - Dividend Payout Option;INF204KA1LL0;;11.8905;11.8905;11.8905;28-Dec-2015
128460;Reliance Fixed Horizon Fund - XXVI - Series 4-Direct Plan - Growth Option;INF204KA1LK2;;11.8905;11.8905;11.8905;28-Dec-2015
128459;Reliance Fixed Horizon Fund - XXVI - Series 4-Dividend payout Option;INF204KA1LJ4;;11.7754;11.7754;11.7754;28-Dec-2015
128458;Reliance Fixed Horizon Fund - XXVI - Series 4-Growth Option;INF204KA1LI6;;11.7754;11.7754;11.7754;28-Dec-2015
131168;Reliance Fixed Horizon Fund - XXVII - Series 5 - Direct Plan - Growth Option;INF204KA1TV2;;11.3003;11.3003;11.3003;28-Dec-2015
131169;Reliance Fixed Horizon Fund - XXVII - Series 5 - Dividend Payout Option;INF204KA1TU4;;11.2336;11.2336;11.2336;28-Dec-2015
131167;Reliance Fixed Horizon Fund - XXVII - Series 5 - Growth Option;INF204KA1TT6;;11.2336;11.2336;11.2336;28-Dec-2015
118025;Reliance Fixed Horizon Fund XXII - Series 32 - Dividend Payout Option;INF204K01WE4;-;11.1682;11.1682;11.1682;28-Dec-2015
118024;Reliance Fixed Horizon Fund XXII - Series 32 - Growth Option;INF204K01WD6;-;12.8901;12.8901;12.8901;28-Dec-2015
122324;Reliance Fixed Horizon Fund XXIII - Series 10 - Direct Plan - Growth Option;INF204KA1Z17;;12.4943;12.4943;12.4943;28-Dec-2015
122326;Reliance Fixed Horizon Fund XXIII - Series 10 - Dividend Option;INF204KA1Z09;;10.5541;10.5541;10.5541;28-Dec-2015
122327;Reliance Fixed Horizon Fund XXIII - Series 10 -Growth Option;INF204KA1Y91;;12.4736;12.4736;12.4736;28-Dec-2015
135160;Reliance Fixed Horizon Fund XXIX - Series 2 - Direct Plan - Dividend Payout Option;INF204KA11K6;;10.2891;10.2891;10.2891;28-Dec-2015
135158;Reliance Fixed Horizon Fund XXIX - Series 2 - Direct Plan - Growth Option;INF204KA10K8;;10.2891;10.2891;10.2891;28-Dec-2015
135159;Reliance Fixed Horizon Fund XXIX - Series 2 - Regular Plan - Dividend Payout Option;INF204KA19J1;;10.2569;10.2569;10.2569;28-Dec-2015
135157;Reliance Fixed Horizon Fund XXIX - Series 2 - Regular Plan - Growth Option;INF204KA18J3;;10.2569;10.2569;10.2569;28-Dec-2015
135095;Reliance Fixed Horizon Fund XXIX - Series 1- Direct Plan-Dividend Payout Option;INF204KA17J5;;10.3153;10.3153;10.3153;28-Dec-2015
135094;Reliance Fixed Horizon Fund XXIX - Series 1- Direct Plan-Growth Option;INF204KA16J7;;10.3153;10.3153;10.3153;28-Dec-2015
135093;Reliance Fixed Horizon Fund XXIX - Series 1- Dividend Payout Option;INF204KA15J9;;10.2778;10.2778;10.2778;28-Dec-2015
135092;Reliance Fixed Horizon Fund XXIX - Series 1- Growth Option;INF204KA14J2;;10.2778;10.2778;10.2778;28-Dec-2015
135482;Reliance Fixed Horizon Fund XXIX- Series 10- Direct Plan-Growth Option;INF204KA13P1;;10.0960;10.0960;10.0960;28-Dec-2015
135483;Reliance Fixed Horizon Fund XXIX- Series 10- Dividend Payout Option;INF204KA14P9;;10.0939;10.0939;10.0939;28-Dec-2015
135481;Reliance Fixed Horizon Fund XXIX- Series 10- Growth Option;INF204KA11P5;;10.0939;10.0939;10.0939;28-Dec-2015
135561;Reliance Fixed Horizon Fund XXIX- Series 13- Direct Plan-Dividend Payout Option;INF204KA16Q2;;10.0855;10.0855;10.0855;28-Dec-2015
135559;Reliance Fixed Horizon Fund XXIX- Series 13- Direct Plan-Growth Option;INF204KA15Q4;;10.0855;10.0855;10.0855;28-Dec-2015
135562;Reliance Fixed Horizon Fund XXIX- Series 13- Dividend Payout Option;INF204KA14Q7;;10.0690;10.0690;10.0690;28-Dec-2015
135560;Reliance Fixed Horizon Fund XXIX- Series 13- Growth Option;INF204KA13Q9;;10.0690;10.0690;10.0690;28-Dec-2015
135636;Reliance Fixed Horizon Fund XXIX- Series 14- Direct Plan-Dividend Payout Option;INF204KA10R3;;10.0508;10.0508;10.0508;28-Dec-2015
135635;Reliance Fixed Horizon Fund XXIX- Series 14- Growth Option;INF204KA17Q0;;10.0473;10.0473;10.0473;28-Dec-2015
135637;Reliance Fixed Horizon Fund XXIX- Series 14-Direct Plan-Growth Option;INF204KA19Q6;;10.0508;10.0508;10.0508;28-Dec-2015
135634;Reliance Fixed Horizon Fund XXIX- Series 14-Dividend Payout Option;INF204KA18Q8;;10.0473;10.0473;10.0473;28-Dec-2015
135768;Reliance Fixed Horizon Fund XXIX- Series 16- Direct Plan-Dividend Payout Option;INF204KA12S7;;10.0384;10.0384;10.0384;28-Dec-2015
135767;Reliance Fixed Horizon Fund XXIX- Series 16- Direct Plan-Growth Option;INF204KA11S9;;10.0384;10.0384;10.0384;28-Dec-2015
135770;Reliance Fixed Horizon Fund XXIX- Series 16- Growth Option;INF204KA19R4;;10.0325;10.0325;10.0325;28-Dec-2015
135214;Reliance Fixed Horizon Fund XXIX- Series 3- Direct Plan-Dividend Payout Option;INF204KA15K7;;10.3202;10.3202;10.3202;28-Dec-2015
135215;Reliance Fixed Horizon Fund XXIX- Series 3- Direct Plan-Growth Option;INF204KA14K0;;10.3202;10.3202;10.3202;28-Dec-2015
135213;Reliance Fixed Horizon Fund XXIX- Series 3- Dividend Payout Option;INF204KA13K2;;10.2775;10.2775;10.2775;28-Dec-2015
135212;Reliance Fixed Horizon Fund XXIX- Series 3- Growth Option;INF204KA12K4;;10.2775;10.2775;10.2775;28-Dec-2015
135334;Reliance Fixed Horizon Fund XXIX- Series 6- Direct Plan - Growth Option;INF204KA16M1;;10.2618;10.2618;10.2618;28-Dec-2015
135333;Reliance Fixed Horizon Fund XXIX- Series 6- Dividend Payout Option;INF204KA15M3;;10.2587;10.2587;10.2587;28-Dec-2015
135332;Reliance Fixed Horizon Fund XXIX- Series 6- Growth Option;INF204KA14M6;;10.2587;10.2587;10.2587;28-Dec-2015
135393;Reliance Fixed Horizon Fund XXIX- Series 7- Direct Plan- Growth Option;INF204KA14N4;;10.1928;10.1928;10.1928;28-Dec-2015
135395;Reliance Fixed Horizon Fund XXIX- Series 7- Dividend Payout Option;INF204KA15N1;;10.1631;10.1631;10.1631;28-Dec-2015
135392;Reliance Fixed Horizon Fund XXIX- Series 7- Growth Option;INF204KA16N9;;10.1631;10.1631;10.1631;28-Dec-2015
135415;Reliance Fixed Horizon Fund XXIX- Series 8- Direct Plan-Growth Option;INF204KA18N5;;10.2236;10.2236;10.2236;28-Dec-2015
135414;Reliance Fixed Horizon Fund XXIX- Series 8- Dividend Payout Option;INF204KA19N3;;10.2210;10.2210;10.2210;28-Dec-2015
135417;Reliance Fixed Horizon Fund XXIX- Series 8- Growth Option;INF204KA10O0;;10.2210;10.2210;10.2210;28-Dec-2015
135441;Reliance Fixed Horizon Fund XXIX- Series 9- Direct Plan-Growth Option;INF204KA18O3;;10.1456;10.1456;10.1456;28-Dec-2015
135440;Reliance Fixed Horizon Fund XXIX- Series 9- Dividend Payout Option;INF204KA19O1;;10.1433;10.1433;10.1433;28-Dec-2015
135442;Reliance Fixed Horizon Fund XXIX- Series 9- Growth Option;INF204KA10P7;;10.1433;10.1433;10.1433;28-Dec-2015
129150;Reliance Fixed Horizon Fund XXVI- Series 15- Direct Plan - Dividend Payout Option;INF204KA1NQ5;;11.6428;11.6428;11.6428;28-Dec-2015
129149;Reliance Fixed Horizon Fund XXVI- Series 15- Direct Plan - Growth Option;INF204KA1NP7;;11.6428;11.6428;11.6428;28-Dec-2015
129148;Reliance Fixed Horizon Fund XXVI- Series 15- Dividend payout Option;INF204KA1NO0;;11.6003;11.6003;11.6003;28-Dec-2015
129147;Reliance Fixed Horizon Fund XXVI- Series 15- Growth Option;INF204KA1NN2;;11.6003;11.6003;11.6003;28-Dec-2015
129510;Reliance Fixed Horizon Fund XXVI- Series 20- Direct Plan- Growth Option;INF204KA1OJ8;;11.4841;11.4841;11.4841;28-Dec-2015
129508;Reliance Fixed Horizon Fund XXVI- Series 20- Growth Option;INF204KA1OH2;;11.4648;11.4648;11.4648;28-Dec-2015
129562;Reliance Fixed Horizon Fund XXVI- Series 22- Direct Plan- Dividend Payout Option;INF204KA1OS9;;10.5002;10.5002;10.5002;28-Dec-2015
129563;Reliance Fixed Horizon Fund XXVI- Series 22- Direct Plan- Growth Option;INF204KA1OR1;;11.4797;11.4797;11.4797;28-Dec-2015
129560;Reliance Fixed Horizon Fund XXVI- Series 22- Growth Option;INF204KA1OP5;;11.4609;11.4609;11.4609;28-Dec-2015
129686;Reliance Fixed Horizon Fund- XXVI- Series 24- Direct Plan- Growth Option;INF204KA1PD8;;11.4534;11.4534;11.4534;28-Dec-2015
129683;Reliance Fixed Horizon Fund- XXVI- Series 24- Growth Option;INF204KA1PB2;;11.4352;11.4352;11.4352;28-Dec-2015
129838;Reliance Fixed Horizon Fund XXVI- Series 26- Direct Plan- Dividend Payout Option;INF204KA1PQ0;;11.7173;11.7173;11.7173;28-Dec-2015
129837;Reliance Fixed Horizon Fund XXVI- Series 26- Direct Plan- Growth Option;INF204KA1PP2;;11.7173;11.7173;11.7173;28-Dec-2015
129840;Reliance Fixed Horizon Fund XXVI- Series 26- Dividend Payout Option;INF204KA1PO5;;11.6154;11.6154;11.6154;28-Dec-2015
129839;Reliance Fixed Horizon Fund- XXVI- Series 26- Growth Option;INF204KA1PN7;;11.6154;11.6154;11.6154;28-Dec-2015
130266;Reliance Fixed Horizon Fund XXVI- Series 32- Direct Plan- Growth Option;INF204KA1QZ9;;11.5484;11.5484;11.5484;28-Dec-2015
130265;Reliance Fixed Horizon Fund XXVI- Series 32- Dividend Payout Option;INF204KA1QY2;;11.4593;11.4593;11.4593;28-Dec-2015
130264;Reliance Fixed Horizon Fund XXVI- Series 32- Growth Option;INF204KA1QX4;;11.4593;11.4593;11.4593;28-Dec-2015
130414;Reliance Fixed Horizon Fund XXVI Series- 33- Dividend Payout Option;INF204KA1RC6;;10.3661;10.3661;10.3661;28-Dec-2015
130416;Reliance Fixed Horizon Fund XXVI- Series 33- Direct Plan- Dividend Payout Option;INF204KA1RE2;;10.3689;10.3689;10.3689;28-Dec-2015
130415;Reliance Fixed Horizon Fund XXVI- Series 33- Direct Plan- Growth Option;INF204KA1RD4;;11.3145;11.3145;11.3145;28-Dec-2015
130413;Reliance Fixed Horizon Fund XXVI- Series 33- Growth Option;INF204KA1RB8;;11.2937;11.2937;11.2937;28-Dec-2015
130633;Reliance Fixed Horizon Fund XXVI-  Series 35- Direct Plan- Growth Option;INF204KA1RM5;;11.4892;11.4892;11.4892;28-Dec-2015
130634;Reliance Fixed Horizon Fund XXVI- Series 35- Direct Plan- Dividend Payout Option;INF204KA1RN3;;11.4892;11.4892;11.4892;28-Dec-2015
130636;Reliance Fixed Horizon Fund XXVI- Series 35- Dividend payout option;INF204KA1RK9;;11.4167;11.4167;11.4167;28-Dec-2015
130635;Reliance Fixed Horizon Fund XXVI- Series 35- Growth Option;INF204KA1RJ1;;11.4167;11.4167;11.4167;28-Dec-2015
132861;Reliance Fixed Horizon Fund XXVII- Series 11- Direct Plan-Dividend Payout Option;INF204KA1WZ7;;11.0064;11.0064;11.0064;28-Dec-2015
132860;Reliance Fixed Horizon Fund XXVII- Series 11- Direct Plan-Growth Option;INF204KA1WY0;;11.0064;11.0064;11.0064;28-Dec-2015
132859;Reliance Fixed Horizon Fund XXVII- Series 11- Growth Option;INF204KA1WW4;;10.9952;10.9952;10.9952;28-Dec-2015
133202;Reliance Fixed Horizon Fund XXVII- Series 15- Direct Plan- Dividend Payout Option;INF204KA1YT6;;10.9139;10.9139;10.9139;28-Dec-2015
133200;Reliance Fixed Horizon Fund XXVII- Series 15- Direct Plan- Growth Option;INF204KA1YS8;;10.9139;10.9139;10.9139;28-Dec-2015
133201;Reliance Fixed Horizon Fund XXVII- Series 15- Dividend Payout Option;INF204KA1YR0;;10.8627;10.8627;10.8627;28-Dec-2015
133199;Reliance Fixed Horizon Fund XXVII- Series 15- Growth Option;INF204KA1YQ2;;10.8627;10.8627;10.8627;28-Dec-2015
130877;Reliance Fixed Horizon Fund XXVII- Series 3- Direct Plan- Dividend Payout Option;INF204KA1SS0;;11.4386;11.4386;11.4386;28-Dec-2015
130875;Reliance Fixed Horizon Fund XXVII- Series 3- Direct Plan- Growth Option;INF204KA1SR2;;11.4386;11.4386;11.4386;28-Dec-2015
130876;Reliance Fixed Horizon Fund XXVII- Series 3- Dividend Payout option;INF204KA1SQ4;;11.3683;11.3683;11.3683;28-Dec-2015
130874;Reliance Fixed Horizon Fund XXVII- Series 3- Growth Option;INF204KA1SP6;;11.3683;11.3683;11.3683;28-Dec-2015
131078;Reliance Fixed Horizon Fund XXVII- Series 4- Direct Plan- Growth Option;INF204KA1TH1;;11.3518;11.3518;11.3518;28-Dec-2015
131077;Reliance Fixed Horizon Fund XXVII- Series 4- Dividend Payout Option;INF204KA1TG3;;11.3367;11.3367;11.3367;28-Dec-2015
131076;Reliance Fixed Horizon Fund XXVII- Series 4- Growth Option;INF204KA1TF5;;11.3367;11.3367;11.3367;28-Dec-2015
131216;Reliance Fixed Horizon Fund XXVII- Series 6- Direct Plan- Growth Option;INF204KA1TZ3;;11.3098;11.3098;11.3098;28-Dec-2015
131218;Reliance Fixed Horizon Fund XXVII- Series 6- Growth Option;INF204KA1TX8;;11.2973;11.2973;11.2973;28-Dec-2015
131348;Reliance Fixed Horizon Fund XXVII- Series 7- Direct Plan- Growth Option;INF204KA1UU2;;11.2887;11.2887;11.2887;28-Dec-2015
131347;Reliance Fixed Horizon Fund XXVII- Series 7- Dividend Payout Option;INF204KA1UT4;;11.2745;11.2745;11.2745;28-Dec-2015
131346;Reliance Fixed Horizon Fund XXVII- Series 7- Growth Option;INF204KA1US6;;11.2745;11.2745;11.2745;28-Dec-2015
131538;Reliance Fixed Horizon Fund XXVII- Series 8- Direct Plan- Dividend Payout Option;INF204KA1UV0;;11.1740;11.1740;11.1740;28-Dec-2015
131537;Reliance Fixed Horizon Fund XXVII- Series 8- Direct Plan- Growth Option;INF204KA1UU2;;11.1740;11.1740;11.1740;28-Dec-2015
131539;Reliance Fixed Horizon Fund XXVII- Series 8- Growth Option;INF204KA1US6;;11.1619;11.1619;11.1619;28-Dec-2015
131592;Reliance Fixed Horizon Fund XXVII- Series 9- Direct Plan-Dividend Payout Option;INF204KA1WJ1;;11.0098;11.0098;11.0098;28-Dec-2015
131593;Reliance Fixed Horizon Fund XXVII- Series 9- Direct Plan-Growth option;INF204KA1WI3;;11.0098;11.0098;11.0098;28-Dec-2015
131591;Reliance Fixed Horizon Fund XXVII- Series 9- Dividend Payout Option;INF204KA1WH5;;10.9401;10.9401;10.9401;28-Dec-2015
131590;Reliance Fixed Horizon Fund XXVII- Series 9- Growth option;INF204KA1WG7;;10.9401;10.9401;10.9401;28-Dec-2015
134022;Reliance Fixed Horizon Fund XXVIII- Series 10- Direct Plan- Growth Option;INF204KA1H35;;10.7009;10.7009;10.7009;28-Dec-2015
134025;Reliance Fixed Horizon Fund XXVIII- Series 10- Dividend Payout Option;INF204KA1H27;;10.6934;10.6934;10.6934;28-Dec-2015
134024;Reliance Fixed Horizon Fund XXVIII- Series 10- Growth Option;INF204KA1H19;;10.6934;10.6934;10.6934;28-Dec-2015
134180;Reliance Fixed Horizon Fund XXVIII- Series 14- Direct Plan-Dividend Payout Option;INF204KA1J66;;10.7162;10.7162;10.7162;28-Dec-2015
134181;Reliance Fixed Horizon Fund XXVIII- Series 14- Direct Plan-Growth Option;INF204KA1J58;;10.7162;10.7162;10.7162;28-Dec-2015
134182;Reliance Fixed Horizon Fund XXVIII- Series 14- Dividend Payout Option;INF204KA1J41;;10.6801;10.6801;10.6801;28-Dec-2015
134183;Reliance Fixed Horizon Fund XXVIII- Series 14- Growth Option;INF204KA1J33;;10.6801;10.6801;10.6801;28-Dec-2015
134590;Reliance Fixed Horizon Fund XXVIII- Series 18- Direct Plan-Dividend Payout Option;INF204KA1V86;;10.5927;10.5927;10.5927;28-Dec-2015
134589;Reliance Fixed Horizon Fund XXVIII- Series 18- Direct Plan-Growth Option;INF204KA1V78;;10.5927;10.5927;10.5927;28-Dec-2015
134591;Reliance Fixed Horizon Fund XXVIII- Series 18- Dividend Payout Option;INF204KA1V60;;10.5379;10.5379;10.5379;28-Dec-2015
134592;Reliance Fixed Horizon Fund XXVIII- Series 18- Growth Option;INF204KA1V52;;10.5379;10.5379;10.5379;28-Dec-2015
134637;Reliance Fixed Horizon Fund XXVIII- Series 19- Direct Plan-Growth Option;INF204KA13A3;;10.5189;10.5189;10.5189;28-Dec-2015
134636;Reliance Fixed Horizon Fund XXVIII- Series 19- Dividend Payout Option;INF204KA12A5;;10.5157;10.5157;10.5157;28-Dec-2015
134635;Reliance Fixed Horizon Fund XXVIII- Series 19- Growth Option;INF204KA11A7;;10.5157;10.5157;10.5157;28-Dec-2015
133328;Reliance Fixed Horizon Fund XXVIII- Series 2- Direct Plan-Dividend Payout Option;INF204KA1ZR7;;10.8841;10.8841;10.8841;28-Dec-2015
133327;Reliance Fixed Horizon Fund XXVIII- Series 2- Direct Plan-Growth Option;INF204KA1ZQ9;;10.8841;10.8841;10.8841;28-Dec-2015
133329;Reliance Fixed Horizon Fund XXVIII- Series 2- Dividend Payout Option;INF204KA1ZP1;;10.8499;10.8499;10.8499;28-Dec-2015
133326;Reliance Fixed Horizon Fund XXVIII- Series 2- Growth Option;INF204KA1ZO4;;10.8499;10.8499;10.8499;28-Dec-2015
133471;Reliance Fixed Horizon Fund XXVIII- Series 4- Direct Plan-Dividend Payout Option;INF204KA1B15;;10.8100;10.8100;10.8100;28-Dec-2015
133473;Reliance Fixed Horizon Fund XXVIII- Series 4- Dividend Payout Option;INF204KA1A99;;10.7774;10.7774;10.7774;28-Dec-2015
133470;Reliance Fixed Horizon Fund XXVIII- Series 4- Growth Option;INF204KA1A81;;10.7774;10.7774;10.7774;28-Dec-2015
133472;Reliance Fixed Horizon Fund XXVIII- Series 4-Direct Plan- Growth Option;INF204KA1B07;;10.8100;10.8100;10.8100;28-Dec-2015
133842;Reliance Fixed Horizon Fund XXVIII- Series 7- Direct Plan-Growth Option;INF204KA1E95;;10.7452;10.7452;10.7452;28-Dec-2015
133841;Reliance Fixed Horizon Fund XXVIII- Series 7- Dividend Payout Option;INF204KA1E87;;10.7317;10.7317;10.7317;28-Dec-2015
133840;Reliance Fixed Horizon Fund XXVIII- Series 7- Growth Option;INF204KA1E79;;10.7317;10.7317;10.7317;28-Dec-2015
128966;Reliance Fixed Horizon Fund- XXVI- Series 12- Direct Plan - Growth Option;INF204KA1ND3;;11.5564;11.5564;11.5564;28-Dec-2015
128964;Reliance Fixed Horizon Fund- XXVI- Series 12- Growth Option;INF204KA1NB7;;11.5216;11.5216;11.5216;28-Dec-2015
129020;Reliance Fixed Horizon Fund- XXVI- Series 13- Direct Plan - Growth Option;INF204KA1NH4;;11.5500;11.5500;11.5500;28-Dec-2015
129018;Reliance Fixed Horizon Fund- XXVI- Series 13- Growth Option;INF204KA1NF8;;11.5175;11.5175;11.5175;28-Dec-2015
129184;Reliance Fixed Horizon Fund- XXVI- Series 16- Direct Plan - Dividend Payout Option;INF204KA1NU7;;11.8362;11.8362;11.8362;28-Dec-2015
129186;Reliance Fixed Horizon Fund- XXVI- Series 16- Direct Plan - Growth Option;INF204KA1NT9;;11.8362;11.8362;11.8362;28-Dec-2015
129185;Reliance Fixed Horizon Fund- XXVI- Series 16- Dividend payout Option;INF204KA1NS1;;11.7278;11.7278;11.7278;28-Dec-2015
129183;Reliance Fixed Horizon Fund- XXVI- Series 16- Growth Option;INF204KA1NR3;;11.7278;11.7278;11.7278;28-Dec-2015
129418;Reliance Fixed Horizon Fund- XXVI- Series 19- Direct Plan- Growth Option;INF204KA1OF6;;11.5201;11.5201;11.5201;28-Dec-2015
129420;Reliance Fixed Horizon Fund- XXVI- Series 19- Growth Option;INF204KA1OD1;;11.5012;11.5012;11.5012;28-Dec-2015
129521;Reliance Fixed Horizon Fund- XXVI- Series 21- Direct Plan- Growth Option;INF204KA1ON0;;11.7285;11.7285;11.7285;28-Dec-2015
129520;Reliance Fixed Horizon Fund- XXVI- Series 21- Dividend Payout Option;INF204KA1OM2;;11.7021;11.7021;11.7021;28-Dec-2015
129519;Reliance Fixed Horizon Fund- XXVI- Series 21- Growth Option;INF204KA1OL4;;11.7021;11.7021;11.7021;28-Dec-2015
129682;Reliance Fixed Horizon Fund XXVI- Series 23- Direct Plan- Growth Option;INF204KA1OZ4;;11.6860;11.6860;11.6860;28-Dec-2015
129681;Reliance Fixed Horizon Fund- XXVI- Series 23- Direct Plan- Dividend Payout Option;INF204KA1PA4;;11.6860;11.6860;11.6860;28-Dec-2015
129679;Reliance Fixed Horizon Fund- XXVI- Series 23- Dividend Payout Opiton;INF204KA1OY7;;11.6029;11.6029;11.6029;28-Dec-2015
129680;Reliance Fixed Horizon Fund- XXVI- Series 23- Growth Option;INF204KA1OX9;;11.6029;11.6029;11.6029;28-Dec-2015
129731;Reliance Fixed Horizon Fund XXVI- Series 25- Direct Plan- Dividend Payout Option;INF204KA11D1;;10.4742;10.4742;10.4742;28-Dec-2015
129730;Reliance Fixed Horizon Fund XXVI- Series 25- Direct Plan- Growth Option;INF204KA10D3;;11.4346;11.4346;11.4346;28-Dec-2015
129729;Reliance Fixed Horizon Fund XXVI- Series 25- Growth Option;INF204KA12D9;;11.4165;11.4165;11.4165;28-Dec-2015
128635;Reliance Fixed Horizon Fund- XXVI- Series 6-  Growth Option;INF204KA1LQ9;;11.5710;11.5710;11.5710;28-Dec-2015
128638;Reliance Fixed Horizon Fund- XXVI- Series 6- Direct Plan - Dividend Payout Option;INF204KA1LT3;;10.6024;10.6024;10.6024;28-Dec-2015
128637;Reliance Fixed Horizon Fund- XXVI- Series 6- Direct Plan - Growth Option;INF204KA1LS5;;11.5828;11.5828;11.5828;28-Dec-2015
128686;Reliance Fixed Horizon Fund- XXVI- Series 7- Direct Plan - Dividend Payout Option;INF204KA1LX5;;10.5976;10.5976;10.5976;28-Dec-2015
128688;Reliance Fixed Horizon Fund- XXVI- Series 7- Direct Plan - Growth Option;INF204KA1LW7;;11.6048;11.6048;11.6048;28-Dec-2015
128685;Reliance Fixed Horizon Fund- XXVI- Series 7- Dividend payout Option;INF204KA1LV9;;10.5916;10.5916;10.5916;28-Dec-2015
128687;Reliance Fixed Horizon Fund- XXVI- Series 7- Growth Option;INF204KA1LU1;;11.5857;11.5857;11.5857;28-Dec-2015
128841;Reliance Fixed Horizon Fund- XXVI- Series 9- Direct Plan - Growth Option;INF204KA1MI4;;11.5617;11.5617;11.5617;28-Dec-2015
128843;Reliance Fixed Horizon Fund- XXVI- Series 9- Growth Option;INF204KA1MG8;;11.5419;11.5419;11.5419;28-Dec-2015
130010;Reliance Fixed Horizon Fund-XXVI-Series 28-Direct Plan-Growth Option;INF204KA1PX6;;11.4303;11.4303;11.4303;28-Dec-2015
130012;Reliance Fixed Horizon Fund-XXVI-Series 28-Dividend Payout Option;INF204KA1PW8;;10.4508;10.4508;10.4508;28-Dec-2015
130009;Reliance Fixed Horizon Fund-XXVI-Series 28-Growth Option;INF204KA1PV0;;11.3952;11.3952;11.3952;28-Dec-2015
131379;Reliance Interval Fund III- Series 1- Direct Plan- Growth Option;INF204KA1VD6;;11.0708;11.0708;11.0708;28-Dec-2015
131381;Reliance Interval Fund III- Series 1- Growth Option;INF204KA1VB0;;11.0583;11.0583;11.0583;28-Dec-2015
121177;Reliance Yearly Interval Fund - Series 3 - Direct Plan - Growth Plan - Growth Option;INF204K01S33;-;12.9136;12.9136;12.9136;28-Dec-2015
121178;Reliance Yearly Interval Fund - Series 3 - Dividend Plan - Dividend Option;INF204K01S17;INF204K01S25;10.6925;10.6925;10.6925;28-Dec-2015
121180;Reliance Yearly Interval Fund - Series 3 - Growth Plan - Growth Option;INF204K01S09;-;12.8881;12.8881;12.8881;28-Dec-2015
122079;Reliance Yearly Interval Fund - Series 6 - Direct Plan - Dividend Option;INF204K01U21;INF204K01U39;10.5825;10.5825;10.5825;28-Dec-2015
122081;Reliance Yearly Interval Fund - Series 6 - Direct Plan - Growth Option;INF204K01U13;;12.5927;12.5927;12.5927;28-Dec-2015
122078;Reliance Yearly Interval Fund - Series 6 - Dividend Option;INF204K01T99;INF204K01U05;10.5810;10.5810;10.5810;28-Dec-2015
122080;Reliance Yearly Interval Fund - Series 6 - Growth Option;INF204K01T81;;12.5708;12.5708;12.5708;28-Dec-2015
122225;Reliance Yearly Interval Fund - Series 7 - Direct Plan - Dividend Option;INF204K01U88;INF204K01U96;10.5643;10.5643;10.5643;28-Dec-2015
122227;Reliance Yearly Interval Fund - Series 7 - Direct Plan - Growth Option;INF204K01U70;;12.5879;12.5879;12.5879;28-Dec-2015
122228;Reliance Yearly Interval Fund - Series 7- Dividend Option;INF204K01U54;INF204K01U62;10.5573;10.5573;10.5573;28-Dec-2015
122226;Reliance Yearly Interval Fund - Series 7- Growth Option;INF204K01U47;;12.5601;12.5601;12.5601;28-Dec-2015
121285;Reliance Yearly Interval Fund - Series 4 - Direct Plan - Dividend Plan - Dividend Option;INF204K01T08;INF204K01T16;10.6870;10.6870;10.6870;28-Dec-2015
121286;Reliance Yearly Interval Fund - Series 4 - Direct Plan - Growth Plan - Growth Option;INF204K01S90;-;12.8298;12.8298;12.8298;28-Dec-2015
121287;Reliance Yearly Interval Fund - Series 4 - Dividend Plan - Dividend Option;INF204K01S74;INF204K01S82;10.6783;10.6783;10.6783;28-Dec-2015
121288;Reliance Yearly Interval Fund - Series 4- Growth Plan - Growth Option;INF204K01S66;-;12.7950;12.7950;12.7950;28-Dec-2015

Principal Mutual Fund
126071;PRINCIPAL PNB FIXED MATURITY PLAN SERIES B10 - DIRECT PLAN - GROWTH;INF173K01LM7;;11.8991;11.8991;11.8991;28-Dec-2015
126073;PRINCIPAL PNB FIXED MATURITY PLAN SERIES B10 - REGULAR PLAN - GROWTH;INF173K01LK1;;11.7960;11.7960;11.7960;28-Dec-2015
129414;Principal Pnb Fixed Maturity Plan - Series B16- Direct Plan - Dividend Payout;INF173K01NJ9;;11.7348;11.7348;11.7348;28-Dec-2015
129415;Principal Pnb Fixed Maturity Plan - Series B16- Direct Plan - Growth;INF173K01NL5;;11.7348;11.7348;11.7348;28-Dec-2015
129416;Principal Pnb Fixed Maturity Plan - Series B16- Regular plan - Dividend Payout;INF173K01NG5;;11.6186;11.6186;11.6186;28-Dec-2015
129413;Principal Pnb Fixed Maturity Plan - Series B16- Regular plan - Growth;INF173K01NI1;;11.6186;11.6186;11.6186;28-Dec-2015
129722;Principal Pnb Fixed Maturity Plan - Series B17- Direct Plan - Dividend Payout;INF173K01MP8;;10.4885;10.4885;10.4885;28-Dec-2015
129721;Principal Pnb Fixed Maturity Plan - Series B17- Direct Plan - Growth;INF173K01MR4;;11.4601;11.4601;11.4601;28-Dec-2015
129719;Principal Pnb Fixed Maturity Plan - Series B17- Regular plan - Growth;INF173K01MO1;;11.4482;11.4482;11.4482;28-Dec-2015
128410;PRINCIPAL PNB FIXED MATURITY PLAN-SERIES B14-DIRECT PLAN-GROWTH;INF173K01LY2;;11.6892;11.6892;11.6892;28-Dec-2015
128408;PRINCIPAL PNB FIXED MATURITY PLAN-SERIES B14-REGULAR PLAN-DIVIDEND PAYOUT;INF173K01LT2;;10.5565;10.5565;10.5565;28-Dec-2015
128411;PRINCIPAL PNB FIXED MATURITY PLAN-SERIES B14-REGULAR PLAN-GROWTH;INF173K01LV8;;11.6090;11.6090;11.6090;28-Dec-2015
127961;PRINCIPAL PNB FIXED MATURITY PLAN-SERIES B13-DIRECT PLAN-GROWTH;INF173K01LS4;;11.7097;11.7097;11.7097;28-Dec-2015
127959;PRINCIPAL PNB FIXED MATURITY PLAN-SERIES B13-REGULAR PLAN-GROWTH;INF173K01LP0;;11.6251;11.6251;11.6251;28-Dec-2015
123210;Principal Pnb FMP Series B5 - Direct Plan - Growth Option;INF173K01KZ1;;12.4174;12.4174;12.4174;28-Dec-2015
123162;Principal Pnb FMP Series B5 - Regular Plan Growth option;INF173K01KW8;;12.4025;12.4025;12.4025;28-Dec-2015

quant Mutual Fund
109070;Escorts Fixed Maturity Plan - Dividend Option;;;0;0;0;28-Dec-2015
109071;Escorts Fixed Maturity Plan - Growth Option;;;0;0;0;28-Dec-2015
109514;Escorts Fixed Maturity Plan - Institutional Dividend;;;0;0;0;28-Dec-2015
109515;Escorts Fixed Maturity Plan - Institutional Growth;;;0;0;0;28-Dec-2015
114875;Escorts Fixed Maturity Plan Series II - Dividend;INF966L01028;;0;0;0;28-Dec-2015
114876;Escorts Fixed Maturity Plan Series II - Growth;INF966L01010;;0;0;0;28-Dec-2015

SBI Mutual Fund
114781;SBI Capital Protection Oriented Fund - Series II -;INF200K01ED2;;14.9831;N.A.;N.A.;28-Dec-2015
126205;SBI DEBT FUND SERIES - 16 MONTHS - 1 - DIRECT PLAN - GROWTH;INF200KA1CE8;;11.8873;N.A.;N.A.;28-Dec-2015
126206;SBI DEBT FUND SERIES - 16 MONTHS - 1 - REGULAR PLAN - DIVIDEND;INF200KA1CD0;;11.8329;N.A.;N.A.;28-Dec-2015
126207;SBI DEBT FUND SERIES - 16 MONTHS - 1 - REGULAR PLAN - GROWTH;INF200KA1CC2;;11.8327;N.A.;N.A.;28-Dec-2015
126208;SBI DEBT FUND SERIES - 16 MONTHS - 1- DIRECT PLAN - DIVIDEND;INF200KA1CF5;;11.8792;N.A.;N.A.;28-Dec-2015
126209;SBI DEBT FUND SERIES - 16 MONTHS - 2 - DIRECT PLAN - GROWTH;INF200KA1DM9;;11.8318;N.A.;N.A.;28-Dec-2015
126210;SBI DEBT FUND SERIES - 16 MONTHS - 2 - REGULAR PLAN - DIVIDEND;INF200KA1DL1;;11.786;N.A.;N.A.;28-Dec-2015
126211;SBI DEBT FUND SERIES - 16 MONTHS - 2 - REGULAR PLAN - GROWTH;INF200KA1DK3;;11.7855;N.A.;N.A.;28-Dec-2015
126212;SBI DEBT FUND SERIES - 16 MONTHS - 2- DIRECT PLAN - DIVIDEND;INF200KA1DN7;;11.8328;N.A.;N.A.;28-Dec-2015
125734;SBI DEBT FUND SERIES - 17 MONTHS - 1 - DIRECT PLAN - GROWTH;INF200KA1CQ2;;11.9351;N.A.;N.A.;28-Dec-2015
125735;SBI DEBT FUND SERIES - 17 MONTHS - 1 - REGULAR PLAN - DIVIDEND;INF200KA1CP4;;11.8786;N.A.;N.A.;28-Dec-2015
125736;SBI DEBT FUND SERIES - 17 MONTHS - 1 - REGULAR PLAN - GROWTH;INF200KA1CO7;;11.8785;N.A.;N.A.;28-Dec-2015
125733;SBI DEBT FUND SERIES - 17 MONTHS - 1- DIRECT PLAN - DIVIDEND;INF200KA1CR0;;11.9347;N.A.;N.A.;28-Dec-2015
125008;SBI DEBT FUND SERIES - 18 MONTHS - 12 - DIRECT PLAN - DIVIDEND;INF200KA1BL5;;N.A.;N.A.;N.A.;28-Dec-2015
125005;SBI DEBT FUND SERIES - 18 MONTHS - 12 - DIRECT PLAN - GROWTH;INF200KA1BK7;;12.0136;N.A.;N.A.;28-Dec-2015
125006;SBI DEBT FUND SERIES - 18 MONTHS - 12 - REGULAR PLAN - DIVIDEND;INF200KA1BJ9;;11.94;N.A.;N.A.;28-Dec-2015
125007;SBI DEBT FUND SERIES - 18 MONTHS - 12 - REGULAR PLAN - GROWTH;INF200KA1BI1;;11.9403;N.A.;N.A.;28-Dec-2015
125460;SBI DEBT FUND SERIES - 18 MONTHS - 13 - DIRECT PLAN - DIVIDEND;INF200KA1DZ1;;N.A.;N.A.;N.A.;28-Dec-2015
125461;SBI DEBT FUND SERIES - 18 MONTHS - 13 - DIRECT PLAN - GROWTH;INF200KA1DY4;;12.0117;N.A.;N.A.;28-Dec-2015
125462;SBI DEBT FUND SERIES - 18 MONTHS - 13 - REGULAR PLAN - DIVIDEND;INF200KA1DX6;;N.A.;N.A.;N.A.;28-Dec-2015
125463;SBI DEBT FUND SERIES - 18 MONTHS - 13 - REGULAR PLAN - GROWTH;INF200KA1DW8;;11.9561;N.A.;N.A.;28-Dec-2015
120908;SBI DEBT FUND SERIES - 36 MONTHS - 2 - DIRECT PLAN - DIVIDEND;INF200K01QM7;;12.7732;N.A.;N.A.;28-Dec-2015
120911;SBI DEBT FUND SERIES - 36 MONTHS - 2 - DIRECT PLAN - GROWTH;INF200K01QL9;;12.7732;N.A.;N.A.;28-Dec-2015
120909;SBI DEBT FUND SERIES - 36 MONTHS - 2 - REGULAR PLAN - DIVIDEND;INF200K01QH7;;12.5582;N.A.;N.A.;28-Dec-2015
120910;SBI DEBT FUND SERIES - 36 MONTHS - 2 - REGULAR PLAN - GROWTH;INF200K01QG9;;12.5582;N.A.;N.A.;28-Dec-2015
123647;SBI DEBT FUND SERIES - 36 MONTHS - 4 - DIRECT PLAN - DIVIDEND;INF200KA1KF8;;12.4231;N.A.;N.A.;28-Dec-2015
123649;SBI DEBT FUND SERIES - 36 MONTHS - 4 - DIRECT PLAN - GROWTH;INF200KA1KE1;;12.4231;N.A.;N.A.;28-Dec-2015
123648;SBI DEBT FUND SERIES - 36 MONTHS - 4 - REGULAR PLAN - DIVIDEND;INF200KA1KD3;;12.3765;N.A.;N.A.;28-Dec-2015
123650;SBI DEBT FUND SERIES - 36 MONTHS - 4 - REGULAR PLAN - GROWTH;INF200KA1KC5;;12.3765;N.A.;N.A.;28-Dec-2015
124000;SBI DEBT FUND SERIES - 36 MONTHS - 5 - DIRECT PLAN - DIVIDEND;INF200K01D91;;N.A.;N.A.;N.A.;28-Dec-2015
124001;SBI DEBT FUND SERIES - 36 MONTHS - 5 - DIRECT PLAN - GROWTH;INF200K01D83;;12.2994;N.A.;N.A.;28-Dec-2015
124003;SBI DEBT FUND SERIES - 36 MONTHS - 5 - REGULAR PLAN - DIVIDEND;INF200K01D75;;12.2567;N.A.;N.A.;28-Dec-2015
124002;SBI DEBT FUND SERIES - 36 MONTHS - 5 - REGULAR PLAN - GROWTH;INF200K01D67;;12.2567;N.A.;N.A.;28-Dec-2015
124373;SBI DEBT FUND SERIES - 36 MONTHS - 6 - DIRECT PLAN - DIVIDEND;INF200KA1KZ6;;12.3653;N.A.;N.A.;28-Dec-2015
124374;SBI DEBT FUND SERIES - 36 MONTHS - 6 - DIRECT PLAN - GROWTH;INF200KA1KY9;;12.3653;N.A.;N.A.;28-Dec-2015
124375;SBI DEBT FUND SERIES - 36 MONTHS - 6 - REGULAR PLAN - DIVIDEND;INF200KA1KX1;;12.2557;N.A.;N.A.;28-Dec-2015
124376;SBI DEBT FUND SERIES - 36 MONTHS - 6 - REGULAR PLAN - GROWTH;INF200KA1KW3;;12.2557;N.A.;N.A.;28-Dec-2015
125719;SBI DEBT FUND SERIES - 36 MONTHS - 7 - DIRECT PLAN - DIVIDEND;INF200K01E74;;12.041;N.A.;N.A.;28-Dec-2015
125721;SBI DEBT FUND SERIES - 36 MONTHS - 7 - DIRECT PLAN - GROWTH;INF200K01E66;;12.041;N.A.;N.A.;28-Dec-2015
125720;SBI DEBT FUND SERIES - 36 MONTHS - 7 - REGULAR PLAN - DIVIDEND;INF200K01E58;;11.9966;N.A.;N.A.;28-Dec-2015
125722;SBI DEBT FUND SERIES - 36 MONTHS - 7 - REGULAR PLAN - GROWTH;INF200K01E41;;11.9966;N.A.;N.A.;28-Dec-2015
123167;SBI DEBT FUND SERIES - 366 DAYS - 34 - DIRECT PLAN - DIVIDEND;INF200K015P1;;N.A.;N.A.;N.A.;28-Dec-2015
123169;SBI DEBT FUND SERIES - 366 DAYS - 34 - DIRECT PLAN - GROWTH;INF200K014P4;;12.446;N.A.;N.A.;28-Dec-2015
123170;SBI DEBT FUND SERIES - 366 DAYS - 34 - REGULAR PLAN - DIVIDEND;INF200K013P6;;12.404;N.A.;N.A.;28-Dec-2015
123168;SBI DEBT FUND SERIES - 366 DAYS - 34 - REGULAR PLAN - GROWTH;INF200K012P8;;12.4054;N.A.;N.A.;28-Dec-2015
123321;SBI DEBT FUND SERIES - 366 DAYS - 35 - DIRECT PLAN - DIVIDEND;INF200K017O0;;N.A.;N.A.;N.A.;28-Dec-2015
123324;SBI DEBT FUND SERIES - 366 DAYS - 35 - DIRECT PLAN - GROWTH;INF200K016O2;;12.4084;N.A.;N.A.;28-Dec-2015
123323;SBI DEBT FUND SERIES - 366 DAYS - 35 - REGULAR PLAN - DIVIDEND;INF200K015O4;;N.A.;N.A.;N.A.;28-Dec-2015
123322;SBI DEBT FUND SERIES - 366 DAYS - 35 - REGULAR PLAN - GROWTH;INF200K014O7;;12.3691;N.A.;N.A.;28-Dec-2015
123497;SBI DEBT FUND SERIES - 366 DAYS - 36 - DIRECT PLAN - DIVIDEND;INF200K019P3;;N.A.;N.A.;N.A.;28-Dec-2015
123494;SBI DEBT FUND SERIES - 366 DAYS - 36 - DIRECT PLAN - GROWTH;INF200K018P5;;12.4848;N.A.;N.A.;28-Dec-2015
123496;SBI DEBT FUND SERIES - 366 DAYS - 36 - REGULAR PLAN - DIVIDEND;INF200K017P7;;12.4455;N.A.;N.A.;28-Dec-2015
123495;SBI DEBT FUND SERIES - 366 DAYS - 36 - REGULAR PLAN - GROWTH;INF200K016P9;;12.4461;N.A.;N.A.;28-Dec-2015
123728;SBI DEBT FUND SERIES - 366 DAYS - 37 - DIRECT PLAN - DIVIDEND;INF200K011R6;;12.4204;N.A.;N.A.;28-Dec-2015
123729;SBI DEBT FUND SERIES - 366 DAYS - 37 - DIRECT PLAN - GROWTH;INF200K010R8;;12.4209;N.A.;N.A.;28-Dec-2015
123731;SBI DEBT FUND SERIES - 366 DAYS - 37 - REGULAR PLAN - DIVIDEND;INF200K019Q1;;12.3862;N.A.;N.A.;28-Dec-2015
123730;SBI DEBT FUND SERIES - 366 DAYS - 37 - REGULAR PLAN - GROWTH;INF200K018Q3;;12.3862;N.A.;N.A.;28-Dec-2015
123996;SBI DEBT FUND SERIES - 366 DAYS - 38 - DIRECT PLAN - DIVIDEND;INF200K015R7;;N.A.;N.A.;N.A.;28-Dec-2015
123997;SBI DEBT FUND SERIES - 366 DAYS - 38 - DIRECT PLAN - GROWTH;INF200K014R0;;12.4502;N.A.;N.A.;28-Dec-2015
123998;SBI DEBT FUND SERIES - 366 DAYS - 38 - REGULAR PLAN - DIVIDEND;INF200K013R2;;12.4156;N.A.;N.A.;28-Dec-2015
123999;SBI DEBT FUND SERIES - 366 DAYS - 38 - REGULAR PLAN - GROWTH;INF200K012R4;;12.4155;N.A.;N.A.;28-Dec-2015
124369;SBI DEBT FUND SERIES - 366 DAYS - 39 - DIRECT PLAN - DIVIDEND;INF200K013S0;;11.2688;N.A.;N.A.;28-Dec-2015
124370;SBI DEBT FUND SERIES - 366 DAYS - 39 - DIRECT PLAN - GROWTH;INF200K012S2;;12.4178;N.A.;N.A.;28-Dec-2015
124371;SBI DEBT FUND SERIES - 366 DAYS - 39 - REGULAR PLAN - DIVIDEND;INF200K011S4;;N.A.;N.A.;N.A.;28-Dec-2015
124372;SBI DEBT FUND SERIES - 366 DAYS - 39 - REGULAR PLAN - GROWTH;INF200K010S6;;12.3695;N.A.;N.A.;28-Dec-2015
124527;SBI DEBT FUND SERIES - 366 DAYS - 40 - DIRECT PLAN - DIVIDEND;INF200K015T3;;N.A.;N.A.;N.A.;28-Dec-2015
124525;SBI DEBT FUND SERIES - 366 DAYS - 40 - DIRECT PLAN - GROWTH;INF200K014T6;;12.3659;N.A.;N.A.;28-Dec-2015
124526;SBI DEBT FUND SERIES - 366 DAYS - 40 - REGULAR PLAN - DIVIDEND;INF200K013T8;;N.A.;N.A.;N.A.;28-Dec-2015
124528;SBI DEBT FUND SERIES - 366 DAYS - 40 - REGULAR PLAN - GROWTH;INF200K012T0;;12.3072;N.A.;N.A.;28-Dec-2015
124726;SBI DEBT FUND SERIES - 366 DAYS - 41 - DIRECT PLAN - DIVIDEND;INF200K010U2;;N.A.;N.A.;N.A.;28-Dec-2015
124728;SBI DEBT FUND SERIES - 366 DAYS - 41 - DIRECT PLAN - GROWTH;INF200K019T5;;12.2669;N.A.;N.A.;28-Dec-2015
124727;SBI DEBT FUND SERIES - 366 DAYS - 41 - REGULAR PLAN - DIVIDEND;INF200K018T7;;N.A.;N.A.;N.A.;28-Dec-2015
124729;SBI DEBT FUND SERIES - 366 DAYS - 41 - REGULAR PLAN - GROWTH;INF200K016T1;;12.2119;N.A.;N.A.;28-Dec-2015
124938;SBI DEBT FUND SERIES - 366 DAYS - 42 - DIRECT PLAN - DIVIDEND;INF200K012V6;;N.A.;N.A.;N.A.;28-Dec-2015
124940;SBI DEBT FUND SERIES - 366 DAYS - 42 - DIRECT PLAN - GROWTH;INF200K011V8;;12.1407;N.A.;N.A.;28-Dec-2015
124939;SBI DEBT FUND SERIES - 366 DAYS - 42 - REGULAR PLAN - DIVIDEND;INF200K010V0;;11.1578;N.A.;N.A.;28-Dec-2015
124941;SBI DEBT FUND SERIES - 366 DAYS - 42 - REGULAR PLAN - GROWTH;INF200K019U3;;12.087;N.A.;N.A.;28-Dec-2015
125243;SBI DEBT FUND SERIES - 366 DAYS - 44 - DIRECT PLAN - DIVIDEND;INF200K011X4;;N.A.;N.A.;N.A.;28-Dec-2015
125244;SBI DEBT FUND SERIES - 366 DAYS - 44 - DIRECT PLAN - GROWTH;INF200K010X6;;12.0031;N.A.;N.A.;28-Dec-2015
125246;SBI DEBT FUND SERIES - 366 DAYS - 44 - REGULAR PLAN - DIVIDEND;INF200K019W9;;11.0818;N.A.;N.A.;28-Dec-2015
125245;SBI DEBT FUND SERIES - 366 DAYS - 44 - REGULAR PLAN - GROWTH;INF200K018W1;;11.9651;N.A.;N.A.;28-Dec-2015
125406;SBI DEBT FUND SERIES - 366 DAYS - 45 - DIRECT PLAN - DIVIDEND;INF200K014Y6;;N.A.;N.A.;N.A.;28-Dec-2015
125409;SBI DEBT FUND SERIES - 366 DAYS - 45 - DIRECT PLAN - GROWTH;INF200K015Y3;;11.9943;N.A.;N.A.;28-Dec-2015
125407;SBI DEBT FUND SERIES - 366 DAYS - 45 - REGULAR PLAN - DIVIDEND;INF200K016Y1;;11.0831;N.A.;N.A.;28-Dec-2015
125408;SBI DEBT FUND SERIES - 366 DAYS - 45 - REGULAR PLAN - GROWTH;INF200K017Y9;;11.9563;N.A.;N.A.;28-Dec-2015
125519;SBI DEBT FUND SERIES - 366 DAYS - 46 - DIRECT PLAN - DIVIDEND;INF200K012Z7;;N.A.;N.A.;N.A.;28-Dec-2015
125522;SBI DEBT FUND SERIES - 366 DAYS - 46 - DIRECT PLAN - GROWTH;INF200K013Z5;;11.9571;N.A.;N.A.;28-Dec-2015
125520;SBI DEBT FUND SERIES - 366 DAYS - 46 - REGULAR PLAN - DIVIDEND;INF200K014Z3;;11.0687;N.A.;N.A.;28-Dec-2015
125521;SBI DEBT FUND SERIES - 366 DAYS - 46 - REGULAR PLAN - GROWTH;INF200K015Z0;;11.9195;N.A.;N.A.;28-Dec-2015
125657;SBI DEBT FUND SERIES - 366 DAYS - 47 - DIRECT PLAN - DIVIDEND;INF200KA1077;;11.0926;N.A.;N.A.;28-Dec-2015
125658;SBI DEBT FUND SERIES - 366 DAYS - 47 - DIRECT PLAN - GROWTH;INF200KA1085;;11.9619;N.A.;N.A.;28-Dec-2015
125659;SBI DEBT FUND SERIES - 366 DAYS - 47 - REGULAR PLAN - DIVIDEND;INF200KA1093;;11.0621;N.A.;N.A.;28-Dec-2015
125660;SBI DEBT FUND SERIES - 366 DAYS - 47 - REGULAR PLAN - GROWTH;INF200KA1101;;11.9074;N.A.;N.A.;28-Dec-2015
125793;SBI DEBT FUND SERIES - 366 DAYS - 48 - DIRECT PLAN - DIVIDEND;INF200KA1192;;11.107;N.A.;N.A.;28-Dec-2015
125794;SBI DEBT FUND SERIES - 366 DAYS - 48 - DIRECT PLAN - GROWTH;INF200KA1200;;11.9279;N.A.;N.A.;28-Dec-2015
125795;SBI DEBT FUND SERIES - 366 DAYS - 48 - REGULAR PLAN - DIVIDEND;INF200KA1218;;11.0863;N.A.;N.A.;28-Dec-2015
125796;SBI DEBT FUND SERIES - 366 DAYS - 48 - REGULAR PLAN - GROWTH;INF200KA1226;;11.8915;N.A.;N.A.;28-Dec-2015
126093;SBI DEBT FUND SERIES - 366 DAYS - 49 - DIRECT PLAN - DIVIDEND;INF200KA1275;;11.1077;N.A.;N.A.;28-Dec-2015
126094;SBI DEBT FUND SERIES - 366 DAYS - 49 - DIRECT PLAN - GROWTH;INF200KA1283;;11.9139;N.A.;N.A.;28-Dec-2015
126096;SBI DEBT FUND SERIES - 366 DAYS - 49 - REGULAR PLAN - DIVIDEND;INF200KA1291;;11.087;N.A.;N.A.;28-Dec-2015
126095;SBI DEBT FUND SERIES - 366 DAYS - 49 - REGULAR PLAN - GROWTH;INF200KA1309;;11.878;N.A.;N.A.;28-Dec-2015
126750;SBI DEBT FUND SERIES - 366 DAYS - 51 DIRECT PLAN - DIVIDEND;INF200KA1358;;N.A.;N.A.;N.A.;28-Dec-2015
126748;SBI DEBT FUND SERIES - 366 DAYS - 51 DIRECT PLAN - GROWTH;INF200KA1366;;11.8006;N.A.;N.A.;28-Dec-2015
126747;SBI DEBT FUND SERIES - 366 DAYS - 51 REGULAR PLAN - DIVIDEND;INF200KA1374;;N.A.;N.A.;N.A.;28-Dec-2015
126749;SBI DEBT FUND SERIES - 366 DAYS - 51 REGULAR PLAN - GROWTH;INF200KA1382;;11.7667;N.A.;N.A.;28-Dec-2015
127343;SBI DEBT FUND SERIES - 366 DAYS - 52 - DIRECT PLAN - DIVIDEND;INF200KA1531;;11.7765;N.A.;N.A.;28-Dec-2015
127344;SBI DEBT FUND SERIES - 366 DAYS - 52 - DIRECT PLAN - GROWTH;INF200KA1549;;11.7764;N.A.;N.A.;28-Dec-2015
127341;SBI DEBT FUND SERIES - 366 DAYS - 52 - REGULAR PLAN - DIVIDEND;INF200KA1556;;N.A.;N.A.;N.A.;28-Dec-2015
127342;SBI DEBT FUND SERIES - 366 DAYS - 52 - REGULAR PLAN - GROWTH;INF200KA1564;;11.7546;N.A.;N.A.;28-Dec-2015
127810;SBI DEBT FUND SERIES - 366 DAYS - 53 - DIRECT PLAN - DIVIDEND;INF200KA1606;;11.7573;N.A.;N.A.;28-Dec-2015
127811;SBI DEBT FUND SERIES - 366 DAYS - 53 - DIRECT PLAN - GROWTH;INF200KA1614;;11.7575;N.A.;N.A.;28-Dec-2015
127812;SBI DEBT FUND SERIES - 366 DAYS - 53 - REGULAR PLAN - DIVIDEND;INF200KA1622;;N.A.;N.A.;N.A.;28-Dec-2015
127813;SBI DEBT FUND SERIES - 366 DAYS - 53 - REGULAR PLAN - GROWTH;INF200KA1630;;11.7253;N.A.;N.A.;28-Dec-2015
128165;SBI DEBT FUND SERIES - 366 DAYS - 54 - DIRECT PLAN - DIVIDEND;INF200KA1788;;11.6929;N.A.;N.A.;28-Dec-2015
128167;SBI DEBT FUND SERIES - 366 DAYS - 54 - REGULAR PLAN - DIVIDEND;INF200KA1804;;11.6398;N.A.;N.A.;28-Dec-2015
128168;SBI DEBT FUND SERIES - 366 DAYS - 54 - REGULAR PLAN - GROWTH;INF200KA1812;;11.6399;N.A.;N.A.;28-Dec-2015
128166;SBI DEBT FUND SERIES - 366 DAYS - 54- DIRECT PLAN - GROWTH;INF200KA1796;;11.6924;N.A.;N.A.;28-Dec-2015
118220;SBI DEBT FUND SERIES - 60 MONTHS - 2 - DIVIDEND;INF200K01QD6;;12.8013;N.A.;N.A.;28-Dec-2015
118221;SBI DEBT FUND SERIES - 60 MONTHS - 2 - GROWTH;INF200K01QC8;;12.8013;N.A.;N.A.;28-Dec-2015
120901;SBI DEBT FUND SERIES - 60 MONTHS - 3 - DIRECT PLAN - DIVIDEND;INF200K01QQ8;;12.8758;N.A.;N.A.;28-Dec-2015
120900;SBI DEBT FUND SERIES - 60 MONTHS - 3 - DIRECT PLAN - GROWTH;INF200K01QP0;;12.8758;N.A.;N.A.;28-Dec-2015
120899;SBI DEBT FUND SERIES - 60 MONTHS - 3 - REGULAR PLAN - DIVIDEND;INF200K01QF1;;12.6813;N.A.;N.A.;28-Dec-2015
120898;SBI DEBT FUND SERIES - 60 MONTHS - 3 - REGULAR PLAN - GROWTH;INF200K01QE4;;12.6814;N.A.;N.A.;28-Dec-2015
126581;SBI DEBT FUND SERIES A - 1 DIRECT - GROWTH;INF200KA1AY0;;11.8124;N.A.;N.A.;28-Dec-2015
126582;SBI DEBT FUND SERIES A - 1 DIRECT PLAN - DIVIDEND;INF200KA1AZ7;;11.8124;N.A.;N.A.;28-Dec-2015
126580;SBI DEBT FUND SERIES A - 1 REGULAR PLAN - GROWTH;INF200KA1AW4;;11.715;N.A.;N.A.;28-Dec-2015
126583;SBI DEBT FUND SERIES A - 1 REGULAR PLAN DIVIDEND;INF200KA1AX2;;11.7161;N.A.;N.A.;28-Dec-2015
128325;SBI DEBT FUND SERIES A - 10 DIRECT - GROWTH;INF200KA1BC4;;11.6609;N.A.;N.A.;28-Dec-2015
128326;SBI DEBT FUND SERIES A - 10 DIRECT PLAN - DIVIDEND;INF200KA1BD2;;11.6609;N.A.;N.A.;28-Dec-2015
128327;SBI DEBT FUND SERIES A - 10 REGULAR PLAN - DIVIDEND;INF200KA1BB6;;11.5647;N.A.;N.A.;28-Dec-2015
128328;SBI DEBT FUND SERIES A - 10 REGULAR PLAN - GROWTH;INF200KA1BA8;;11.5649;N.A.;N.A.;28-Dec-2015
128389;SBI DEBT FUND SERIES A - 11 DIRECT PLAN - DIVIDEND;INF200KA1AF9;;N.A.;N.A.;N.A.;28-Dec-2015
128388;SBI DEBT FUND SERIES A - 11 DIRECT PLAN - GROWTH;INF200KA1AE2;;11.6417;N.A.;N.A.;28-Dec-2015
128391;SBI DEBT FUND SERIES A - 11 REGULAR PLAN - DIVIDEND;INF200KA1AD4;;N.A.;N.A.;N.A.;28-Dec-2015
128390;SBI DEBT FUND SERIES A - 11 REGULAR PLAN - GROWTH;INF200KA1AC6;;11.5373;N.A.;N.A.;28-Dec-2015
128672;SBI DEBT FUND SERIES A - 13 DIRECT PLAN - DIVIDEND;INF200KA1978;;N.A.;N.A.;N.A.;28-Dec-2015
128674;SBI DEBT FUND SERIES A - 13 DIRECT PLAN - GROWTH;INF200KA1960;;11.6193;N.A.;N.A.;28-Dec-2015
128673;SBI DEBT FUND SERIES A - 13 REGULAR PLAN - DIVIDEND;INF200KA1952;;11.5608;N.A.;N.A.;28-Dec-2015
128671;SBI DEBT FUND SERIES A - 13 REGULAR PLAN - GROWTH;INF200KA1945;;11.5575;N.A.;N.A.;28-Dec-2015
128696;SBI DEBT FUND SERIES A - 14 DIRECT PLAN - DIVIDEND;INF200KA1AJ1;;N.A.;N.A.;N.A.;28-Dec-2015
128693;SBI DEBT FUND SERIES A - 14 DIRECT PLAN - GROWTH;INF200KA1AI3;;11.5921;N.A.;N.A.;28-Dec-2015
128694;SBI DEBT FUND SERIES A - 14 REGULAR PLAN - DIVIDEND;INF200KA1AH5;;11.4903;N.A.;N.A.;28-Dec-2015
128695;SBI DEBT FUND SERIES A - 14 REGULAR PLAN - GROWTH;INF200KA1AG7;;11.4903;N.A.;N.A.;28-Dec-2015
128701;SBI DEBT FUND SERIES A - 15 DIRECT PLAN - DIVIDEND;INF200K015D7;;11.7217;N.A.;N.A.;28-Dec-2015
128702;SBI DEBT FUND SERIES A - 15 DIRECT PLAN - GROWTH;INF200K014D0;;11.7217;N.A.;N.A.;28-Dec-2015
128703;SBI DEBT FUND SERIES A - 15 REGULAR PLAN - DIVIDEND;INF200K013D2;;11.6147;N.A.;N.A.;28-Dec-2015
128704;SBI DEBT FUND SERIES A - 15 REGULAR PLAN - GROWTH;INF200K012D4;;11.6147;N.A.;N.A.;28-Dec-2015
128930;SBI DEBT FUND SERIES A - 16 DIRECT PLAN - DIVIDEND;INF200KA1AB8;;N.A.;N.A.;N.A.;28-Dec-2015
128931;SBI DEBT FUND SERIES A - 16 DIRECT PLAN - GROWTH;INF200KA1AA0;;11.5364;N.A.;N.A.;28-Dec-2015
128932;SBI DEBT FUND SERIES A - 16 REGULAR PLAN - DIVIDEND;INF200KA1994;;N.A.;N.A.;N.A.;28-Dec-2015
128933;SBI DEBT FUND SERIES A - 16 REGULAR PLAN - GROWTH;INF200KA1986;;11.526;N.A.;N.A.;28-Dec-2015
129120;SBI DEBT FUND SERIES A - 17 DIRECT PLAN - DIVIDEND;INF200KA1AV6;;11.5157;N.A.;N.A.;28-Dec-2015
129117;SBI DEBT FUND SERIES A - 17 DIRECT PLAN - GROWTH;INF200KA1AU8;;11.5157;N.A.;N.A.;28-Dec-2015
129119;SBI DEBT FUND SERIES A - 17 REGULAR PLAN - DIVIDEND;INF200KA1AT0;;11.496;N.A.;N.A.;28-Dec-2015
129118;SBI DEBT FUND SERIES A - 17 REGULAR PLAN - GROWTH;INF200KA1AS2;;11.4961;N.A.;N.A.;28-Dec-2015
129297;SBI DEBT FUND SERIES A - 18 DIRECT PLAN - DIVIDEND;INF200KA1BH3;;11.5138;N.A.;N.A.;28-Dec-2015
129299;SBI DEBT FUND SERIES A - 18 DIRECT PLAN - GROWTH;INF200KA1BG5;;11.5138;N.A.;N.A.;28-Dec-2015
129300;SBI DEBT FUND SERIES A - 18 REGULAR PLAN - DIVIDEND;INF200KA1BF7;;11.4942;N.A.;N.A.;28-Dec-2015
129298;SBI DEBT FUND SERIES A - 18 REGULAR PLAN - GROWTH;INF200KA1BE0;;11.4941;N.A.;N.A.;28-Dec-2015
129366;SBI DEBT FUND SERIES A - 19 DIRECT PLAN - DIVIDEND;INF200KA1BP6;;N.A.;N.A.;N.A.;28-Dec-2015
129363;SBI DEBT FUND SERIES A - 19 DIRECT PLAN - GROWTH;INF200KA1BO9;;11.5322;N.A.;N.A.;28-Dec-2015
129364;SBI DEBT FUND SERIES A - 19 REGULAR PLAN - DIVIDEND;INF200KA1BN1;;11.513;N.A.;N.A.;28-Dec-2015
129365;SBI DEBT FUND SERIES A - 19 REGULAR PLAN - GROWTH;INF200KA1BM3;;11.5129;N.A.;N.A.;28-Dec-2015
126912;SBI DEBT FUND SERIES A - 2 DIRECT - GROWTH;INF200KA1CI9;;11.7984;N.A.;N.A.;28-Dec-2015
126913;SBI DEBT FUND SERIES A - 2 DIRECT PLAN - DIVIDEND;INF200KA1CJ7;;N.A.;N.A.;N.A.;28-Dec-2015
126915;SBI DEBT FUND SERIES A - 2 REGULAR PLAN - DIVIDEND;INF200KA1CH1;;11.7137;N.A.;N.A.;28-Dec-2015
126914;SBI DEBT FUND SERIES A - 2 REGULAR PLAN - GROWTH;INF200KA1CG3;;11.7137;N.A.;N.A.;28-Dec-2015
129391;SBI DEBT FUND SERIES A - 20 DIRECT PLAN - DIVIDEND;INF200KA1BT8;;11.5252;N.A.;N.A.;28-Dec-2015
129392;SBI DEBT FUND SERIES A - 20 DIRECT PLAN - GROWTH;INF200KA1BS0;;11.5252;N.A.;N.A.;28-Dec-2015
129393;SBI DEBT FUND SERIES A - 20 REGULAR PLAN - DIVIDEND;INF200KA1BR2;;11.5064;N.A.;N.A.;28-Dec-2015
129394;SBI DEBT FUND SERIES A - 20 REGULAR PLAN - GROWTH;INF200KA1BQ4;;11.506;N.A.;N.A.;28-Dec-2015
129442;SBI DEBT FUND SERIES A - 21 DIRECT PLAN - DIVIDEND;INF200KA1BX0;;N.A.;N.A.;N.A.;28-Dec-2015
129443;SBI DEBT FUND SERIES A - 21 DIRECT PLAN - GROWTH;INF200KA1BW2;;11.5048;N.A.;N.A.;28-Dec-2015
129445;SBI DEBT FUND SERIES A - 21 REGULAR PLAN - DIVIDEND;INF200KA1BV4;;11.4856;N.A.;N.A.;28-Dec-2015
129444;SBI DEBT FUND SERIES A - 21 REGULAR PLAN - GROWTH;INF200KA1BU6;;11.4856;N.A.;N.A.;28-Dec-2015
129658;SBI DEBT FUND SERIES A - 22 DIRECT PLAN - DIVIDEND;INF200KA1CV2;;11.5;N.A.;N.A.;28-Dec-2015
129661;SBI DEBT FUND SERIES A - 22 DIRECT PLAN - GROWTH;INF200KA1CU4;;11.5;N.A.;N.A.;28-Dec-2015
129659;SBI DEBT FUND SERIES A - 22 REGULAR PLAN - DIVIDEND;INF200KA1CT6;;11.4718;N.A.;N.A.;28-Dec-2015
129660;SBI DEBT FUND SERIES A - 22 REGULAR PLAN - GROWTH;INF200KA1CS8;;11.4718;N.A.;N.A.;28-Dec-2015
129662;SBI DEBT FUND SERIES A - 23 DIRECT PLAN - DIVIDEND;INF200K011H7;;11.6513;N.A.;N.A.;28-Dec-2015
129663;SBI DEBT FUND SERIES A - 23 DIRECT PLAN - GROWTH;INF200K010H9;;11.6513;N.A.;N.A.;28-Dec-2015
129664;SBI DEBT FUND SERIES A - 23 REGULAR PLAN - DIVIDEND;INF200K019G2;;11.5853;N.A.;N.A.;28-Dec-2015
129665;SBI DEBT FUND SERIES A - 23 REGULAR PLAN - GROWTH;INF200K018G4;;11.5854;N.A.;N.A.;28-Dec-2015
129707;SBI DEBT FUND SERIES A - 24 DIRECT PLAN - DIVIDEND;INF200KA1DR8;;11.5033;N.A.;N.A.;28-Dec-2015
129708;SBI DEBT FUND SERIES A - 24 DIRECT PLAN - GROWTH;INF200KA1DQ0;;11.5031;N.A.;N.A.;28-Dec-2015
129709;SBI DEBT FUND SERIES A - 24 REGULAR PLAN - DIVIDEND;INF200KA1DP2;;11.4753;N.A.;N.A.;28-Dec-2015
129710;SBI DEBT FUND SERIES A - 24 REGULAR PLAN - GROWTH;INF200KA1DO5;;11.4751;N.A.;N.A.;28-Dec-2015
129845;SBI DEBT FUND SERIES A - 25 DIRECT PLAN - DIVIDEND;INF200KA1DV0;;N.A.;N.A.;N.A.;28-Dec-2015
129848;SBI DEBT FUND SERIES A - 25 DIRECT PLAN - GROWTH;INF200KA1DU2;;11.4635;N.A.;N.A.;28-Dec-2015
129846;SBI DEBT FUND SERIES A - 25 REGULAR PLAN - DIVIDEND;INF200KA1DT4;;11.4418;N.A.;N.A.;28-Dec-2015
129847;SBI DEBT FUND SERIES A - 25 REGULAR PLAN - GROWTH;INF200KA1DS6;;11.4414;N.A.;N.A.;28-Dec-2015
129872;SBI DEBT FUND SERIES A - 26 (682 DAYS) DIRECT PLAN - DIVIDEND;INF200K013I1;;N.A.;N.A.;N.A.;28-Dec-2015
129869;SBI DEBT FUND SERIES A - 26 (682 DAYS) DIRECT PLAN - GROWTH;INF200K012I3;;11.497;N.A.;N.A.;28-Dec-2015
129870;SBI DEBT FUND SERIES A - 26 (682 DAYS) REGULAR PLAN - DIVIDEND;INF200K011I5;;11.4459;N.A.;N.A.;28-Dec-2015
129871;SBI DEBT FUND SERIES A - 26 (682 DAYS) REGULAR PLAN - GROWTH;INF200K010I7;;11.4459;N.A.;N.A.;28-Dec-2015
129971;SBI DEBT FUND SERIES A - 27 (366 DAYS) DIRECT PLAN - DIVIDEND;INF200KA1EE4;;11.4165;N.A.;N.A.;28-Dec-2015
129972;SBI DEBT FUND SERIES A - 27 (366 DAYS) DIRECT PLAN - GROWTH;INF200KA1EF1;;11.4165;N.A.;N.A.;28-Dec-2015
129973;SBI DEBT FUND SERIES A - 27 (366 DAYS) REGULAR PLAN - DIVIDEND;INF200KA1EG9;;11.3964;N.A.;N.A.;28-Dec-2015
129974;SBI DEBT FUND SERIES A - 27 (366 DAYS) REGULAR PLAN - GROWTH;INF200KA1EH7;;11.3966;N.A.;N.A.;28-Dec-2015
130027;SBI DEBT FUND SERIES A - 28 (367 DAYS) - DIRECT PLAN - DIVIDEND;INF200KA1EP0;;N.A.;N.A.;N.A.;28-Dec-2015
130026;SBI DEBT FUND SERIES A - 28 (367 DAYS) - DIRECT PLAN - GROWTH;INF200KA1EO3;;11.4019;N.A.;N.A.;28-Dec-2015
130028;SBI DEBT FUND SERIES A - 28 (367 DAYS) - REGULAR PLAN - DIVIDEND;INF200KA1EN5;;11.3823;N.A.;N.A.;28-Dec-2015
130025;SBI DEBT FUND SERIES A - 28 (367 DAYS) - REGULAR PLAN - GROWTH;INF200KA1EM7;;11.3824;N.A.;N.A.;28-Dec-2015
127111;SBI DEBT FUND SERIES A - 3 DIRECT - GROWTH;INF200KA1AQ6;;11.7538;N.A.;N.A.;28-Dec-2015
127112;SBI DEBT FUND SERIES A - 3 DIRECT PLAN - DIVIDEND;INF200KA1AR4;;N.A.;N.A.;N.A.;28-Dec-2015
127113;SBI DEBT FUND SERIES A - 3 REGULAR PLAN - DIVIDEND;INF200KA1AP8;;11.6943;N.A.;N.A.;28-Dec-2015
127114;SBI DEBT FUND SERIES A - 3 REGULAR PLAN - GROWTH;INF200KA1AO1;;11.6945;N.A.;N.A.;28-Dec-2015
130236;SBI DEBT FUND SERIES A - 31 (367 DAYS) DIRECT PLAN - DIVIDEND;INF200KA1EX4;;N.A.;N.A.;N.A.;28-Dec-2015
130238;SBI DEBT FUND SERIES A - 31 (367 DAYS) DIRECT PLAN - GROWTH;INF200KA1EW6;;11.3699;N.A.;N.A.;28-Dec-2015
130235;SBI DEBT FUND SERIES A - 31 (367 DAYS) REGULAR PLAN - DIVIDEND;INF200KA1EV8;;N.A.;N.A.;N.A.;28-Dec-2015
130237;SBI DEBT FUND SERIES A - 31 (367 DAYS) REGULAR PLAN - GROWTH;INF200KA1EU0;;11.3525;N.A.;N.A.;28-Dec-2015
130282;SBI DEBT FUND SERIES A - 32 (367 DAYS) DIRECT PLAN - DIVIDEND;INF200KA1FB7;;11.3502;N.A.;N.A.;28-Dec-2015
130283;SBI DEBT FUND SERIES A - 32 (367 DAYS) DIRECT PLAN - GROWTH;INF200KA1FA9;;11.3502;N.A.;N.A.;28-Dec-2015
130284;SBI DEBT FUND SERIES A - 32 (367 DAYS) REGULAR PLAN - DIVIDEND;INF200KA1EZ9;;11.3328;N.A.;N.A.;28-Dec-2015
130281;SBI DEBT FUND SERIES A - 32 (367 DAYS) REGULAR PLAN - GROWTH;INF200KA1EY2;;11.333;N.A.;N.A.;28-Dec-2015
130285;SBI DEBT FUND SERIES A - 33 (36 Months) DIRECT PLAN - DIVIDEND;INF200K015L0;;11.4821;N.A.;N.A.;28-Dec-2015
130286;SBI DEBT FUND SERIES A - 33 (36 Months) DIRECT PLAN - GROWTH;INF200K014L3;;11.482;N.A.;N.A.;28-Dec-2015
130287;SBI DEBT FUND SERIES A - 33 (36 Months) REGULAR PLAN - DIVIDEND;INF200K013L5;;11.4216;N.A.;N.A.;28-Dec-2015
130288;SBI DEBT FUND SERIES A - 33 (36 Months) REGULAR PLAN - GROWTH;INF200K012L7;;11.4216;N.A.;N.A.;28-Dec-2015
130321;SBI DEBT FUND SERIES A - 34 (367 Days)  REGULAR PLAN - DIVIDEND;INF200KA1FD3;;N.A.;N.A.;N.A.;28-Dec-2015
130324;SBI DEBT FUND SERIES A - 34 (367 DAYS) DIRECT PLAN - DIVIDEND;INF200KA1FF8;;11.3424;N.A.;N.A.;28-Dec-2015
130322;SBI DEBT FUND SERIES A - 34 (367 DAYS) DIRECT PLAN - GROWTH;INF200KA1FE1;;11.3423;N.A.;N.A.;28-Dec-2015
130323;SBI DEBT FUND SERIES A - 34 (367 DAYS) REGULAR PLAN - GROWTH;INF200KA1FC5;;11.3252;N.A.;N.A.;28-Dec-2015
130444;SBI DEBT FUND SERIES A - 35 (369 DAYS) DIRECT PLAN - DIVIDEND;INF200KA1FN2;;N.A.;N.A.;N.A.;28-Dec-2015
130445;SBI DEBT FUND SERIES A - 35 (369 DAYS) DIRECT PLAN - GROWTH;INF200KA1FM4;;11.3071;N.A.;N.A.;28-Dec-2015
130443;SBI DEBT FUND SERIES A - 35 (369 Days) REGULAR PLAN - DIVIDEND;INF200KA1FL6;;11.2938;N.A.;N.A.;28-Dec-2015
130442;SBI DEBT FUND SERIES A - 35 (369 DAYS) REGULAR PLAN - GROWTH;INF200KA1FK8;;11.2902;N.A.;N.A.;28-Dec-2015
130599;SBI DEBT FUND SERIES A - 36 (36 Months) DIRECT PLAN - DIVIDEND;INF200K017M4;;11.4864;N.A.;N.A.;28-Dec-2015
130601;SBI DEBT FUND SERIES A - 36 (36 Months) DIRECT PLAN - GROWTH;INF200K016M6;;11.4864;N.A.;N.A.;28-Dec-2015
130600;SBI DEBT FUND SERIES A - 36 (36 Months) REGULAR PLAN - DIVIDEND;INF200K015M8;;11.4275;N.A.;N.A.;28-Dec-2015
130602;SBI DEBT FUND SERIES A - 36 (36 Months) REGULAR PLAN - GROWTH;INF200K014M1;;11.4275;N.A.;N.A.;28-Dec-2015
130830;SBI DEBT FUND SERIES A - 38 (1100 DAYS) DIRECT PLAN - DIVIDEND;INF200K019N8;;11.4205;N.A.;N.A.;28-Dec-2015
130831;SBI DEBT FUND SERIES A - 38 (1100 DAYS) DIRECT PLAN - GROWTH;INF200K018N0;;11.4205;N.A.;N.A.;28-Dec-2015
130832;SBI DEBT FUND SERIES A - 38 (1100 Days) REGULAR PLAN - DIVIDEND;INF200K017N2;;11.3643;N.A.;N.A.;28-Dec-2015
130833;SBI DEBT FUND SERIES A - 38 (1100 DAYS) REGULAR PLAN - GROWTH;INF200K016N4;;11.3643;N.A.;N.A.;28-Dec-2015
130984;SBI DEBT FUND SERIES A - 39 (1100 DAYS) - DIRECT PLAN - DIVIDEND;INF200K011P0;;11.3724;N.A.;N.A.;28-Dec-2015
130982;SBI DEBT FUND SERIES A - 39 (1100 DAYS) - REGULAR PLAN - DIVIDEND;INF200K019O6;;11.3178;N.A.;N.A.;28-Dec-2015
130981;SBI DEBT FUND SERIES A - 39 (1100 DAYS) - REGULAR PLAN - GROWTH;INF200K018O8;;11.3177;N.A.;N.A.;28-Dec-2015
130983;SBI DEBT FUNDS SERIES A - 39 (1100 DAYS) - DIRECT PLAN - GROWTH;INF200K010P2;;11.3723;N.A.;N.A.;28-Dec-2015
127337;SBI DEBT FUND SERIES A - 4 DIRECT - GROWTH;INF200K01Z04;;11.8882;N.A.;N.A.;28-Dec-2015
127340;SBI DEBT FUND SERIES A - 4 DIRECT PLAN - DIVIDEND;INF200K01Z12;;11.8882;N.A.;N.A.;28-Dec-2015
127338;SBI DEBT FUND SERIES A - 4 REGULAR PLAN - DIVIDEND;INF200K01Y96;;11.8049;N.A.;N.A.;28-Dec-2015
127339;SBI DEBT FUND SERIES A - 4 REGULAR PLAN - GROWTH;INF200K01Y88;;11.8049;N.A.;N.A.;28-Dec-2015
131129;SBI DEBT FUND SERIES A - 40 (1100 DAYS) - DIRECT PLAN - DIVIDEND;INF200K017Q5;;N.A.;N.A.;N.A.;28-Dec-2015
131128;SBI DEBT FUND SERIES A - 40 (1100 DAYS) - DIRECT PLAN - GROWTH;INF200K016Q7;;11.3154;N.A.;N.A.;28-Dec-2015
131127;SBI DEBT FUND SERIES A - 40 (1100 DAYS) - REGULAR PLAN - DIVIDEND;INF200K015Q9;;11.2645;N.A.;N.A.;28-Dec-2015
131130;SBI DEBT FUND SERIES A - 40 (1100 DAYS) - REGULAR PLAN - GROWTH;INF200K014Q2;;11.2626;N.A.;N.A.;28-Dec-2015
131275;SBI DEBT FUND SERIES A - 42 (1111 DAYS) - DIRECT PLAN - DIVIDEND;INF200K019R9;;N.A.;N.A.;N.A.;28-Dec-2015
131276;SBI DEBT FUND SERIES A - 42 (1111 DAYS) - DIRECT PLAN - GROWTH;INF200K018R1;;11.3183;N.A.;N.A.;28-Dec-2015
131274;SBI DEBT FUND SERIES A - 42 (1111 DAYS) - REGULAR PLAN - DIVIDEND;INF200K017R3;;11.2669;N.A.;N.A.;28-Dec-2015
131273;SBI DEBT FUND SERIES A - 42 (1111 DAYS) - REGULAR PLAN - GROWTH;INF200K016R5;;11.2669;N.A.;N.A.;28-Dec-2015
131403;SBI DEBT FUND SERIES A - 43 (1111 DAYS) - DIRECT PLAN - DIVIDEND;INF200K011T2;;11.2431;N.A.;N.A.;28-Dec-2015
131401;SBI DEBT FUND SERIES A - 43 (1111 DAYS) - DIRECT PLAN - GROWTH;INF200K010T4;;11.2431;N.A.;N.A.;28-Dec-2015
131400;SBI DEBT FUND SERIES A - 43 (1111 DAYS) - REGULAR PLAN - DIVIDEND;INF200K019S7;;11.1938;N.A.;N.A.;28-Dec-2015
131402;SBI DEBT FUND SERIES A - 43 (1111 DAYS) - REGULAR PLAN - GROWTH;INF200K018S9;;11.1938;N.A.;N.A.;28-Dec-2015
131468;SBI DEBT FUND SERIES A - 44 (1111 DAYS) - DIRECT PLAN - DIVIDEND;INF200K014U4;;11.1676;N.A.;N.A.;28-Dec-2015
131469;SBI DEBT FUND SERIES A - 44 (1111 DAYS) - DIRECT PLAN - GROWTH;INF200K013U6;;11.1685;N.A.;N.A.;28-Dec-2015
131467;SBI DEBT FUND SERIES A - 44 (1111 DAYS) - REGULAR PLAN - DIVIDEND;INF200K012U8;;11.1208;N.A.;N.A.;28-Dec-2015
131466;SBI DEBT FUND SERIES A - 44 (1111 DAYS) - REGULAR PLAN - GROWTH;INF200K011U0;;11.1208;N.A.;N.A.;28-Dec-2015
127516;SBI DEBT FUND SERIES A - 5 DIRECT - GROWTH;INF200KA1AM5;;11.7417;N.A.;N.A.;28-Dec-2015
127517;SBI DEBT FUND SERIES A - 5 DIRECT PLAN - DIVIDEND;INF200KA1AN3;;N.A.;N.A.;N.A.;28-Dec-2015
127514;SBI DEBT FUND SERIES A - 5 REGULAR PLAN - DIVIDEND;INF200KA1AL7;;11.6918;N.A.;N.A.;28-Dec-2015
127515;SBI DEBT FUND SERIES A - 5 REGULAR PLAN - GROWTH;INF200KA1AK9;;11.6918;N.A.;N.A.;28-Dec-2015
128158;SBI DEBT FUND SERIES A - 6 DIRECT - GROWTH;INF200K01Z87;;11.8701;N.A.;N.A.;28-Dec-2015
128159;SBI DEBT FUND SERIES A - 6 DIRECT PLAN - DIVIDEND;INF200K01Z95;;N.A.;N.A.;N.A.;28-Dec-2015
128160;SBI DEBT FUND SERIES A - 6 REGULAR PLAN - DIVIDEND;INF200K01Z79;;11.7629;N.A.;N.A.;28-Dec-2015
128157;SBI DEBT FUND SERIES A - 6 REGULAR PLAN - GROWTH;INF200K01Z61;;11.7629;N.A.;N.A.;28-Dec-2015
128161;SBI DEBT FUND SERIES A - 7 DIRECT - GROWTH;INF200K012A0;;11.8902;N.A.;N.A.;28-Dec-2015
128162;SBI DEBT FUND SERIES A - 7 DIRECT PLAN - DIVIDEND;INF200K013A8;;11.8902;N.A.;N.A.;28-Dec-2015
128163;SBI DEBT FUND SERIES A - 7 REGULAR PLAN - DIVIDEND;INF200K011A2;;11.7965;N.A.;N.A.;28-Dec-2015
128164;SBI DEBT FUND SERIES A - 7 REGULAR PLAN - GROWTH;INF200K010A4;;11.7965;N.A.;N.A.;28-Dec-2015
128321;SBI DEBT FUND SERIES A - 9 DIRECT - GROWTH;INF200KA1713;;11.6805;N.A.;N.A.;28-Dec-2015
128322;SBI DEBT FUND SERIES A - 9 DIRECT PLAN - DIVIDEND;INF200KA1721;;N.A.;N.A.;N.A.;28-Dec-2015
128324;SBI DEBT FUND SERIES A - 9 REGULAR PLAN - DIVIDEND;INF200KA1739;;N.A.;N.A.;N.A.;28-Dec-2015
128323;SBI DEBT FUND SERIES A - 9 REGULAR PLAN - GROWTH;INF200KA1705;;11.6261;N.A.;N.A.;28-Dec-2015
131594;SBI DEBT FUND SERIES B - 1 (1111 DAYS) - DIRECT PLAN - DIVIDEND;INF200K018U5;;11.1475;N.A.;N.A.;28-Dec-2015
131596;SBI DEBT FUND SERIES B - 1 (1111 DAYS) - DIRECT PLAN - GROWTH;INF200K017U7;;11.1475;N.A.;N.A.;28-Dec-2015
131597;SBI DEBT FUND SERIES B - 1 (1111 DAYS) - REGULAR PLAN - DIVIDEND;INF200K016U9;;11.1022;N.A.;N.A.;28-Dec-2015
131595;SBI DEBT FUND SERIES B - 1 (1111 DAYS) - REGULAR PLAN - GROWTH;INF200K015U1;;11.1022;N.A.;N.A.;28-Dec-2015
134626;SBI Debt Fund Series B - 16 (1100 Days) - Direct Plan - Dividend;INF200KA1CN9;;10.5254;N.A.;N.A.;28-Dec-2015
134623;SBI Debt Fund Series B - 16 (1100 Days) - Regular Plan - Growth;INF200KA1CK5;;10.5029;N.A.;N.A.;28-Dec-2015
134624;SBI Debt Fund Series B -16 (1100 Days) - Direct Plan - Growth;INF200KA1CM1;;10.5255;N.A.;N.A.;28-Dec-2015
134625;SBI Debt Fund Series B -16 (1100 Days) - Regular Plan - Dividend;INF200KA1CL3;;10.5029;N.A.;N.A.;28-Dec-2015
134671;SBI DEBT FUND SERIES B - 17 (1100 DAYS) - DIRECT PLAN - DIVIDEND;INF200KA1CZ3;;10.5033;N.A.;N.A.;28-Dec-2015
134670;SBI DEBT FUND SERIES B - 17 (1100 DAYS) - DIRECT PLAN - GROWTH;INF200KA1CY6;;10.5023;N.A.;N.A.;28-Dec-2015
134669;SBI DEBT FUND SERIES B - 17 (1100 DAYS) - REGULAR PLAN - DIVIDEND;INF200KA1CX8;;10.4804;N.A.;N.A.;28-Dec-2015
134672;SBI DEBT FUND SERIES B - 17 (1100 DAYS) - REGULAR PLAN - GROWTH;INF200KA1CW0;;10.4804;N.A.;N.A.;28-Dec-2015
134688;SBI DEBT FUND SERIES B - 18 (1100 DAYS) - DIRECT PLAN - DIVIDEND;INF200KA1ED6;;10.4888;N.A.;N.A.;28-Dec-2015
134689;SBI DEBT FUND SERIES B - 18 (1100 DAYS) - DIRECT PLAN - GROWTH;INF200KA1EC8;;10.4877;N.A.;N.A.;28-Dec-2015
134687;SBI DEBT FUND SERIES B - 18 (1100 DAYS) - REGULAR PLAN - DIVIDEND;INF200KA1EB0;;10.4666;N.A.;N.A.;28-Dec-2015
134690;SBI DEBT FUND SERIES B - 18 (1100 DAYS) - REGULAR PLAN - GROWTH;INF200KA1EA2;;10.4666;N.A.;N.A.;28-Dec-2015
134771;SBI DEBT FUND SERIES B - 19 (1100 Days) - DIRECT PLAN - DIVIDEND;INF200KA1EI5;;10.4684;N.A.;N.A.;28-Dec-2015
134770;SBI DEBT FUND SERIES B - 19 (1100 Days) - DIRECT PLAN - GROWTH;INF200KA1EJ3;;10.4684;N.A.;N.A.;28-Dec-2015
134769;SBI DEBT FUND SERIES B - 19 (1100 Days) - REGULAR PLAN - DIVIDEND;INF200KA1EK1;;10.4487;N.A.;N.A.;28-Dec-2015
134768;SBI DEBT FUND SERIES B - 19 (1100 Days) - REGULAR PLAN - GROWTH;INF200KA1EL9;;10.4487;N.A.;N.A.;28-Dec-2015
132858;SBI DEBT FUND SERIES B - 2 (1111 DAYS) - DIRECT PLAN - DIVIDEND;INF200K010W8;;11.0749;N.A.;N.A.;28-Dec-2015
132856;SBI DEBT FUND SERIES B - 2 (1111 DAYS) - DIRECT PLAN - GROWTH;INF200K013W2;;11.0749;N.A.;N.A.;28-Dec-2015
132855;SBI DEBT FUND SERIES B - 2 (1111 DAYS) - REGULAR PLAN - DIVIDEND;INF200K012W4;;11.0312;N.A.;N.A.;28-Dec-2015
132857;SBI DEBT FUND SERIES B - 2 (1111 DAYS) - REGULAR PLAN - GROWTH;INF200K011W6;;11.0312;N.A.;N.A.;28-Dec-2015
134810;SBI DEBT FUND SERIES B - 20 (1100 DAYS) - DIRECT PLAN - DIVIDEND;INF200KA1ET2;;10.4579;N.A.;N.A.;28-Dec-2015
134809;SBI DEBT FUND SERIES B - 20 (1100 DAYS) - DIRECT PLAN - GROWTH;INF200KA1ES4;;10.4579;N.A.;N.A.;28-Dec-2015
134811;SBI DEBT FUND SERIES B - 20 (1100 DAYS) - REGULAR PLAN - DIVIDEND;INF200KA1ER6;;10.4388;N.A.;N.A.;28-Dec-2015
134808;SBI DEBT FUND SERIES B - 20 (1100 DAYS) - REGULAR PLAN - GROWTH;INF200KA1EQ8;;10.4388;N.A.;N.A.;28-Dec-2015
135065;SBI DEBT FUND SERIES B - 22 (1100 DAYS) - DIRECT PLAN - DIVIDEND;INF200KA1FR3;;10.3643;N.A.;N.A.;28-Dec-2015
135063;SBI DEBT FUND SERIES B - 22 (1100 DAYS) - DIRECT PLAN - GROWTH;INF200KA1FQ5;;10.3643;N.A.;N.A.;28-Dec-2015
135062;SBI DEBT FUND SERIES B - 22 (1100 DAYS) - REGULAR PLAN - DIVIDEND;INF200KA1FP7;;10.3483;N.A.;N.A.;28-Dec-2015
135064;SBI DEBT FUND SERIES B - 22 (1100 DAYS) - REGULAR PLAN - GROWTH;INF200KA1FO0;;10.3483;N.A.;N.A.;28-Dec-2015
135104;SBI DEBT FUND SERIES B - 23 (1100 DAYS) - DIRECT PLAN - GROWTH;INF200KA1FV5;;10.3323;N.A.;N.A.;28-Dec-2015
135103;SBI DEBT FUND SERIES B - 23 (1100 DAYS) - DIRECT PLAN -DIVIDEND;INF200KA1FW3;;10.3336;N.A.;N.A.;28-Dec-2015
135102;SBI DEBT FUND SERIES B - 23 (1100 DAYS) - REGULAR PLAN - DIVIDEND;INF200KA1FU7;;10.3175;N.A.;N.A.;28-Dec-2015
135105;SBI DEBT FUND SERIES B - 23 (1100 DAYS) - REGULAR PLAN - GROWTH;INF200KA1FT9;;10.3175;N.A.;N.A.;28-Dec-2015
135326;SBI DEBT FUND SERIES B - 25 (1100 DAYS) - DIRECT PLAN - DIVIDEND;INF200KA1GI0;;10.276;N.A.;N.A.;28-Dec-2015
135324;SBI DEBT FUND SERIES B - 25 (1100 DAYS) - DIRECT PLAN - GROWTH;INF200KA1GH2;;10.276;N.A.;N.A.;28-Dec-2015
135327;SBI DEBT FUND SERIES B - 25 (1100 DAYS) - REGULAR PLAN - DIVIDEND;INF200KA1GG4;;10.2642;N.A.;N.A.;28-Dec-2015
135325;SBI DEBT FUND SERIES B - 25 (1100 DAYS) - REGULAR PLAN - GROWTH;INF200KA1GF6;;10.2642;N.A.;N.A.;28-Dec-2015
135565;SBI DEBT FUND SERIES B - 26 (1100 DAYS) - DIRECT PLAN - DIVIDEND;INF200KA1GU5;;10.0787;N.A.;N.A.;28-Dec-2015
135564;SBI DEBT FUND SERIES B - 26 (1100 DAYS) - DIRECT PLAN - GROWTH;INF200KA1GT7;;10.0787;N.A.;N.A.;28-Dec-2015
135563;SBI DEBT FUND SERIES B - 26 (1100 DAYS) - REGULAR PLAN - DIVIDEND;INF200KA1GS9;;10.0721;N.A.;N.A.;28-Dec-2015
135566;SBI DEBT FUND SERIES B - 26 (1100 DAYS) - REGULAR PLAN - GROWTH;INF200KA1GR1;;10.0721;N.A.;N.A.;28-Dec-2015
135708;SBI DEBT FUND SERIES B - 27 (1100 DAYS) - DIRECT PLAN - DIVIDEND;INF200KA1GY7;;10.034;N.A.;N.A.;28-Dec-2015
135710;SBI DEBT FUND SERIES B - 27 (1100 DAYS) - DIRECT PLAN - GROWTH;INF200KA1GX9;;10.0339;N.A.;N.A.;28-Dec-2015
135707;SBI DEBT FUND SERIES B - 27 (1100 DAYS) - REGULAR PLAN - DIVIDEND;INF200KA1GW1;;10.03;N.A.;N.A.;28-Dec-2015
135709;SBI DEBT FUND SERIES B - 27 (1100 DAYS) - REGULAR PLAN - GROWTH;INF200KA1GV3;;10.03;N.A.;N.A.;28-Dec-2015
135788;SBI DEBT FUND SERIES B - 28 (1100 DAYS) - DIRECT PLAN - DIVIDEND;INF200KA1HG2;;10.0211;N.A.;N.A.;28-Dec-2015
135786;SBI DEBT FUND SERIES B - 28 (1100 DAYS) - DIRECT PLAN - GROWTH;INF200KA1HF4;;10.0212;N.A.;N.A.;28-Dec-2015
135785;SBI DEBT FUND SERIES B - 28 (1100 DAYS) - REGULAR PLAN - DIVIDEND;INF200KA1HE7;;10.0182;N.A.;N.A.;28-Dec-2015
135787;SBI DEBT FUND SERIES B - 28 (1100 DAYS) - REGULAR PLAN - GROWTH;INF200KA1HD9;;10.0183;N.A.;N.A.;28-Dec-2015
132991;SBI DEBT FUND SERIES B - 3 (1111 DAYS) - DIRECT PLAN - DIVIDEND;INF200K013Y8;;11.0165;N.A.;N.A.;28-Dec-2015
132994;SBI DEBT FUND SERIES B - 3 (1111 DAYS) - DIRECT PLAN - GROWTH;INF200K012Y0;;11.0165;N.A.;N.A.;28-Dec-2015
132993;SBI DEBT FUND SERIES B - 3 (1111 DAYS) - REGULAR PLAN - DIVIDEND;INF200K011Y2;;10.9741;N.A.;N.A.;28-Dec-2015
132992;SBI DEBT FUND SERIES B - 3 (1111 DAYS) - REGULAR PLAN - GROWTH;INF200K010Y4;;10.9741;N.A.;N.A.;28-Dec-2015
133196;SBI DEBT FUND SERIES B - 4 (1111 DAYS) - DIRECT PLAN - DIVIDEND;INF200K019Z2;;10.9339;N.A.;N.A.;28-Dec-2015
133198;SBI DEBT FUND SERIES B - 4 (1111 DAYS) - DIRECT PLAN - GROWTH;INF200K018Z4;;10.934;N.A.;N.A.;28-Dec-2015
133197;SBI DEBT FUND SERIES B - 4 (1111 DAYS) - REGULAR PLAN - DIVIDEND;INF200K017Z6;;10.8943;N.A.;N.A.;28-Dec-2015
133195;SBI DEBT FUND SERIES B - 4 (1111 DAYS) - REGULAR PLAN - GROWTH;INF200K016Z8;;10.8943;N.A.;N.A.;28-Dec-2015
133333;SBI DEBT FUND SERIES B - 6 (1111 DAYS) - DIRECT PLAN - DIVIDEND;INF200KA1267;;10.8709;N.A.;N.A.;28-Dec-2015
133332;SBI DEBT FUND SERIES B - 6 (1111 DAYS) - DIRECT PLAN - GROWTH;INF200KA1259;;10.8709;N.A.;N.A.;28-Dec-2015
133331;SBI DEBT FUND SERIES B - 6 (1111 DAYS) - REGULAR PLAN - DIVIDEND;INF200KA1242;;10.8332;N.A.;N.A.;28-Dec-2015
133330;SBI DEBT FUND SERIES B - 6 (1111 DAYS) - REGULAR PLAN - GROWTH;INF200KA1234;;10.8332;N.A.;N.A.;28-Dec-2015
133853;SBI DEBT FUND SERIES B - 7 (38 MONTHS) - DIRECT PLAN - DIVIDEND;INF200KA1465;;N.A.;N.A.;N.A.;28-Dec-2015
133856;SBI DEBT FUND SERIES B - 7 (38 MONTHS) - DIRECT PLAN - GROWTH;INF200KA1457;;10.691;N.A.;N.A.;28-Dec-2015
133854;SBI DEBT FUND SERIES B - 7 (38 MONTHS) - REGUALR PLAN - DIVIDEND;INF200KA1440;;10.6601;N.A.;N.A.;28-Dec-2015
133855;SBI DEBT FUNS SERIES B - 7 (38 MONTHS) - REGULAR PLAN - GROWTH;INF200KA1432;;10.6609;N.A.;N.A.;28-Dec-2015
134316;SBI DEBT FUND SERIES B - 8 (1105 DAYS) - DIRECT PLAN - DIVIDEND;INF200KA1895;;10.629;N.A.;N.A.;28-Dec-2015
134313;SBI DEBT FUND SERIES B - 8 (1105 DAYS) - DIRECT PLAN - GROWTH;INF200KA1887;;10.6278;N.A.;N.A.;28-Dec-2015
134314;SBI DEBT FUND SERIES B - 8 (1105 DAYS) - REGULAR PLAN - DIVIDEND;INF200KA1879;;10.6004;N.A.;N.A.;28-Dec-2015
134315;SBI DEBT FUND SERIES B - 8 (1105 DAYS) - REGULAR PLAN - GROWTH;INF200KA1861;;10.6004;N.A.;N.A.;28-Dec-2015
134319;SBI DEBT FUND SERIES B - 9 (1105 DAYS) - DIRECT PLAN - DIVIDEND;INF200KA1937;;10.5868;N.A.;N.A.;28-Dec-2015
134320;SBI DEBT FUND SERIES B - 9 (1105 DAYS) - DIRECT PLAN - GROWTH;INF200KA1929;;10.5856;N.A.;N.A.;28-Dec-2015
134318;SBI DEBT FUND SERIES B - 9 (1105 DAYS) - REGULAR PLAN - DIVIDEND;INF200KA1911;;10.5587;N.A.;N.A.;28-Dec-2015
134317;SBI DEBT FUND SERIES B - 9 (1105 DAYS) - REGULAR PLAN - GROWTH;INF200KA1903;;10.5587;N.A.;N.A.;28-Dec-2015
126466;SBI Dual Advantage Fund Series - I - Direct Plan - Dividend;INF200K01X55;;12.3481;N.A.;N.A.;28-Dec-2015
126465;SBI Dual Advantage Fund Series - I - Direct Plan - Growth;INF200K01X48;;12.3658;N.A.;N.A.;28-Dec-2015
126464;SBI Dual Advantage Fund Series - I - Regular Plan - Dividend;INF200K01X30;;12.2758;N.A.;N.A.;28-Dec-2015
126463;SBI Dual Advantage Fund Series - I - Regular Plan - Growth;INF200K01X22;;12.2756;N.A.;N.A.;28-Dec-2015
129423;SBI Dual Advantage Fund Series - II Direct Plan - Dividend;INF200K015F2;;11.5269;N.A.;N.A.;28-Dec-2015
129421;SBI Dual Advantage Fund Series - II Direct Plan - Growth;INF200K014F5;;11.5274;N.A.;N.A.;28-Dec-2015
129422;SBI Dual Advantage Fund Series - II Regular Plan - Dividend;INF200K013F7;;11.5034;N.A.;N.A.;28-Dec-2015
129424;SBI Dual Advantage Fund Series - II Regular Plan - Growth;INF200K012F9;;11.5034;N.A.;N.A.;28-Dec-2015
130023;SBI Dual Advantage Fund - Series III - Direct Plan - Dividend;INF200K015J4;;11.2664;N.A.;N.A.;28-Dec-2015
130024;SBI Dual Advantage Fund - Series III - Direct Plan - Growth;INF200K014J7;;11.2664;N.A.;N.A.;28-Dec-2015
130022;SBI Dual Advantage Fund - Series III - Regular Plan - Dividend;INF200K013J9;;11.2482;N.A.;N.A.;28-Dec-2015
130021;SBI Dual Advantage Fund - Series III - Regular Plan - Growth;INF200K012J1;;11.2481;N.A.;N.A.;28-Dec-2015
131132;SBI DUAL ADVANTAGE FUND - SERIES IV - DIRECT PLAN - DIVIDEND;INF200K013Q4;;11.1196;N.A.;N.A.;28-Dec-2015
131131;SBI DUAL ADVANTAGE FUND - SERIES IV - DIRECT PLAN - GROWTH;INF200K012Q6;;11.1246;N.A.;N.A.;28-Dec-2015
131134;SBI DUAL ADVANTAGE FUND - SERIES IV - REGULAR PLAN - DIVIDEND;INF200K011Q8;;11.1124;N.A.;N.A.;28-Dec-2015
131133;SBI DUAL ADVANTAGE FUND - SERIES IV - REGULAR PLAN - GROWTH;INF200K010Q0;;11.1122;N.A.;N.A.;28-Dec-2015
134613;SBI DUAL ADVANTAGE FUND - SERIES IX - DIRECT PLAN - DIVIDEND;INF200KA1CB4;;10.3414;N.A.;N.A.;28-Dec-2015
134614;SBI DUAL ADVANTAGE FUND - SERIES IX - DIRECT PLAN - GROWTH;INF200KA1CA6;;10.3414;N.A.;N.A.;28-Dec-2015
134612;SBI DUAL ADVANTAGE FUND - SERIES IX - REGULAR PLAN - DIVIDEND;INF200KA1BZ5;;10.2591;N.A.;N.A.;28-Dec-2015
134611;SBI DUAL ADVANTAGE FUND - SERIES IX - REGULAR PLAN - GROWTH;INF200KA1BY8;;10.2591;N.A.;N.A.;28-Dec-2015
132920;SBI DUAL ADVANTAGE FUND - SERIES V - DIRECT PLAN - DIVIDEND;INF200K015X5;;10.6525;N.A.;N.A.;28-Dec-2015
132919;SBI DUAL ADVANTAGE FUND - SERIES V - DIRECT PLAN - GROWTH;INF200K014X8;;10.6521;N.A.;N.A.;28-Dec-2015
132922;SBI DUAL ADVANTAGE FUND - SERIES V - REGULAR PLAN - DIVIDEND;INF200K013X0;;10.6169;N.A.;N.A.;28-Dec-2015
132921;SBI DUAL ADVANTAGE FUND - SERIES V - REGULAR PLAN - GROWTH;INF200K012X2;;10.6169;N.A.;N.A.;28-Dec-2015
133283;SBI DUAL ADVANTAGE FUND - SERIES VI - DIRECT PLAN - DIVIDEND;INF200KA1184;;10.6304;N.A.;N.A.;28-Dec-2015
133282;SBI DUAL ADVANTAGE FUND - SERIES VI - DIRECT PLAN - GROWTH;INF200KA1176;;10.6304;N.A.;N.A.;28-Dec-2015
133284;SBI DUAL ADVANTAGE FUND - SERIES VI - REGULAR PLAN - DIVIDEND;INF200KA1168;;10.5979;N.A.;N.A.;28-Dec-2015
133281;SBI DUAL ADVANTAGE FUND - SERIES VI - REGULAR PLAN - GROWTH;INF200KA1150;;10.5979;N.A.;N.A.;28-Dec-2015
133717;SBI DUAL ADVANTAGE FUND - SERIES VII - DIRECT PLAN - DIVIDEND;INF200KA1424;;10.3816;N.A.;N.A.;28-Dec-2015
133716;SBI DUAL ADVANTAGE FUND - SERIES VII - DIRECT PLAN - GROWTH;INF200KA1416;;10.3817;N.A.;N.A.;28-Dec-2015
133715;SBI DUAL ADVANTAGE FUND - SERIES VII - REGULAR PLAN - DIVIDEND;INF200KA1408;;10.3524;N.A.;N.A.;28-Dec-2015
133718;SBI DUAL ADVANTAGE FUND - SERIES VII - REGULAR PLAN - GROWTH;INF200KA1390;;10.3522;N.A.;N.A.;28-Dec-2015
134193;SBI DUAL ADVANTAGE FUND - SERIES VIII - DIRECT PLAN - DIVIDEND;INF200KA1770;;10.2207;N.A.;N.A.;28-Dec-2015
134196;SBI DUAL ADVANTAGE FUND - SERIES VIII - DIRECT PLAN - GROWTH;INF200KA1762;;10.2207;N.A.;N.A.;28-Dec-2015
134194;SBI DUAL ADVANTAGE FUND - SERIES VIII - REGULAR PLAN - DIVIDEND;INF200KA1754;;10.1959;N.A.;N.A.;28-Dec-2015
134195;SBI DUAL ADVANTAGE FUND - SERIES VIII - REGULAR PLAN - GROWTH;INF200KA1747;;10.1955;N.A.;N.A.;28-Dec-2015
135155;SBI DUAL ADVANTAGE FUND - SERIES X - DIRECT PLAN - DIVIDEND;INF200KA1GE9;;10.1815;N.A.;N.A.;28-Dec-2015
135154;SBI DUAL ADVANTAGE FUND - SERIES X - DIRECT PLAN - GROWTH;INF200KA1GD1;;10.1815;N.A.;N.A.;28-Dec-2015
135156;SBI DUAL ADVANTAGE FUND - SERIES X - REGULAR PLAN - DIVIDEND;INF200KA1GC3;;10.1335;N.A.;N.A.;28-Dec-2015
135153;SBI DUAL ADVANTAGE FUND - SERIES X - REGULAR PLAN - GROWTH;INF200KA1GB5;;10.1336;N.A.;N.A.;28-Dec-2015
135377;SBI DUAL ADVANTAGE FUND - SERIES XI - DIRECT PLAN - DIVIDEND;INF200KA1GM2;;10.1121;N.A.;N.A.;28-Dec-2015
135376;SBI DUAL ADVANTAGE FUND - SERIES XI - DIRECT PLAN - GROWTH;INF200KA1GL4;;10.1121;N.A.;N.A.;28-Dec-2015
135379;SBI DUAL ADVANTAGE FUND - SERIES XI - REGULAR PLAN - DIVIDEND;INF200KA1GK6;;10.0841;N.A.;N.A.;28-Dec-2015
135378;SBI DUAL ADVANTAGE FUND - SERIES XI - REGULAR PLAN - GROWTH;INF200KA1GJ8;;10.084;N.A.;N.A.;28-Dec-2015
135777;SBI DUAL ADVANATGE FUND - SERIES XII - REGULAR PLAN - DIVIDEND;INF200KA1HA5;;10.0119;N.A.;N.A.;28-Dec-2015
135780;SBI DUAL ADVANTAGE FUND - SERIES XII - DIRECT PLAN - DIVIDEND;INF200KA1HC1;;10.0183;N.A.;N.A.;28-Dec-2015
135778;SBI DUAL ADVANTAGE FUND - SERIES XII - DIRECT PLAN - GROWTH;INF200KA1HB3;;10.0183;N.A.;N.A.;28-Dec-2015
135779;SBI DUAL ADVANTAGE FUND - SERIES XII - REGULAR PLAN - GROWTH;INF200KA1GZ4;;10.0122;N.A.;N.A.;28-Dec-2015
125386;SBI FIXED INTERVAL DEBT SERIES - 90 DAYS  1 - DIRECT PLAN - DIVIDEND;INF200K01P14;;10.0575;N.A.;N.A.;28-Dec-2015
125389;SBI FIXED INTERVAL DEBT SERIES - 90 DAYS  1 - REGULAR PLAN - GROWTH;INF200K01O80;;11.8554;N.A.;N.A.;28-Dec-2015
125388;SBI FIXED INTERVAL DEBT SERIES - 90 DAYS - 1 - DIRECT PLAN - GROWTH;INF200K01P06;;11.8914;N.A.;N.A.;28-Dec-2015
125387;SBI FIXED INTERVAL DEBT SERIES - 90 DAYS - 1 - REGULAR PLAN - DIVIDEND;INF200K01O98;;10.0566;N.A.;N.A.;28-Dec-2015

Sundaram Mutual Fund
116008;Sundaram Capital Protection Oriented Fund 5 Years (Series 3) - Dividend Payout Option;INF903J01JH3;;13.9318;13.9318;13.9318;28-Dec-2015
116009;Sundaram Capital Protection Oriented Fund 5 Years (Series 3) - Growth Option;INF903J01JG5;;13.9313;13.9313;13.9313;28-Dec-2015
116141;Sundaram Capital Protection Oriented Fund 5 Years (Series 4) - Dividend Payout Option;INF903J01JY8;;13.7751;13.7751;13.7751;28-Dec-2015
116142;Sundaram Capital Protection Oriented Fund 5 Years (Series 4) - Growth Option;INF903J01JX0;;13.7751;13.7751;13.7751;28-Dec-2015
115014;Sundaram Capital Protection Oriented Fund Series 2-5 years - Dividend Payout Option;INF903J01BD9;;13.7328;13.7328;13.7328;28-Dec-2015
115015;Sundaram Capital Protection Oriented Fund Series 2-5 years - Growth Option;INF903J01BC1;;13.7329;13.7329;13.7329;28-Dec-2015
125769;Sundaram Fixed Term Plan ES Direct Plan Growth;INF903J013B9;;11.8851;11.8851;11.8851;28-Dec-2015
125771;Sundaram Fixed Term Plan ES Regular Plan Growth;INF903J010B5;;11.7923;11.7923;11.7923;28-Dec-2015
125773;Sundaram Fixed Term Plan ES Regular Plan Quarterly Dividend Payout;INF903J011B3;;11.7923;11.7923;11.7923;28-Dec-2015
129554;Sundaram Fixed Term Plan FM Direct Plan Growth;INF903J015O7;;11.5203;11.5203;11.5203;28-Dec-2015
129558;Sundaram Fixed Term Plan FM Direct Plan Quarterly Dividend Payout;INF903J01K38;;11.5203;11.5203;11.5203;28-Dec-2015
129559;Sundaram Fixed Term Plan FM Regular Growth;INF903J012O4;;11.4575;11.4575;11.4575;28-Dec-2015
129557;Sundaram Fixed Term Plan FM Regular Plan Quarterly Dividend Payout;INF903J013O2;;11.4585;11.4585;11.4585;28-Dec-2015
135836;SUNDARAM FIXED TERM PLAN - HB - DIRECT PLAN - GROWTH;INF903J016X6;;10.0050;10.0050;10.0050;28-Dec-2015
135833;SUNDARAM FIXED TERM PLAN - HB - REGULAR PLAN - GROWTH;INF903J013X3;;10.0046;10.0046;10.0046;28-Dec-2015
121185;Sundaram Fixed Term Plan DD - Direct -  Growth;INF903J012F2;;12.7491;12.7491;12.7491;28-Dec-2015
121186;Sundaram Fixed Term Plan DD - Regular - Growth;INF903J010F6;;12.4316;12.4316;12.4316;28-Dec-2015
123473;Sundaram Fixed Term Plan DO Direct Plan Growth;INF903J01Q73;;12.4612;12.4612;12.4612;28-Dec-2015
123471;Sundaram Fixed Term Plan DO Regular Plan Growth;INF903J01Q40;;12.4251;12.4251;12.4251;28-Dec-2015
123463;Sundaram Fixed Term Plan DP Direct Plan Growth;INF903J019T8;;12.3113;12.3113;12.3113;28-Dec-2015
123464;Sundaram Fixed Term Plan DP Regular Plan Growth;INF903J016T4;;12.2249;12.2249;12.2249;28-Dec-2015
123465;Sundaram Fixed Term Plan DP Regular Plan Half Yearly Dividend Payout;INF903J018T0;;12.2259;12.2259;12.2259;28-Dec-2015
123757;Sundaram Fixed Term Plan DS Direct Plan Growth;INF903J01S30;;12.3790;12.3790;12.3790;28-Dec-2015
123759;Sundaram Fixed Term Plan DS Regular Plan Growth;INF903J01S06;;12.3006;12.3006;12.3006;28-Dec-2015
123756;Sundaram Fixed Term Plan DS Regular Plan Quarterly Dividend Payout;INF903J01S14;;12.3006;12.3006;12.3006;28-Dec-2015
123760;Sundaram Fixed Term Plan DT Direct Plan Growth;INF903J013U9;;12.4780;12.4780;12.4780;28-Dec-2015
123761;Sundaram Fixed Term Plan DT Direct Plan Half Yearly Dividend Payout;INF903J014U7;;12.4797;12.4797;12.4797;28-Dec-2015
123763;Sundaram Fixed Term Plan DT Regular Plan Growth;INF903J010U5;;12.3369;12.3369;12.3369;28-Dec-2015
123764;Sundaram Fixed Term Plan DT Regular Plan Half Yearly Dividend Payout;INF903J012U1;;12.3369;12.3369;12.3369;28-Dec-2015
123765;Sundaram Fixed Term Plan DT Regular Plan Quarterly Dividend Payout;INF903J011U3;;12.3369;12.3369;12.3369;28-Dec-2015
124125;Sundaram Fixed Term Plan DU Direct Plan Growth;INF903J01S97;;12.4512;12.4512;12.4512;28-Dec-2015
124123;Sundaram Fixed Term Plan DU Regular Plan Growth;INF903J01S63;;12.3121;12.3121;12.3121;28-Dec-2015
124122;Sundaram Fixed Term Plan DU Regular Plan Quarterly Dividend Payout;INF903J01S71;;12.2970;12.2970;12.2970;28-Dec-2015
124130;Sundaram Fixed Term Plan DV Direct Plan Growth;INF903J01T54;;12.4081;12.4081;12.4081;28-Dec-2015
124126;Sundaram Fixed Term Plan DV Regular Plan Growth;INF903J01T21;;12.3659;12.3659;12.3659;28-Dec-2015
124136;Sundaram Fixed Term Plan DW Direct Plan Growth;INF903J01V19;;12.3476;12.3476;12.3476;28-Dec-2015
124133;Sundaram Fixed Term Plan DW Regular Plan Growth;INF903J01U85;;12.3010;12.3010;12.3010;28-Dec-2015
124291;Sundaram Fixed Term Plan DY Direct Plan Growth;INF903J01V76;;12.2577;12.2577;12.2577;28-Dec-2015
124293;Sundaram Fixed Term Plan DY Direct Plan Quarterly Dividend Payout;INF903J01V84;;12.3039;12.3039;12.3039;28-Dec-2015
124294;Sundaram Fixed Term Plan DY Regular Plan Growth;INF903J01V43;;12.1378;12.1378;12.1378;28-Dec-2015
124296;Sundaram Fixed Term Plan DY Regular Plan Quarterly Dividend Payout;INF903J01V50;;12.2053;12.2053;12.2053;28-Dec-2015
124297;Sundaram Fixed Term Plan DZ Direct Plan Growth;INF903J018U8;;12.2327;12.2327;12.2327;28-Dec-2015
124298;Sundaram Fixed Term Plan DZ Direct Plan Half Yearly Dividend Payout;INF903J010V3;;12.2332;12.2332;12.2332;28-Dec-2015
124300;Sundaram Fixed Term Plan DZ Regular Plan Growth;INF903J015U4;;12.1002;12.1002;12.1002;28-Dec-2015
124301;Sundaram Fixed Term Plan DZ Regular Plan Half Yearly Dividend Payout;INF903J017U0;;12.1000;12.1000;12.1000;28-Dec-2015
124302;Sundaram Fixed Term Plan DZ Regular Plan Quarterly Dividend Payout;INF903J016U2;;12.0999;12.0999;12.0999;28-Dec-2015
125417;Sundaram Fixed Term Plan ER Direct Plan Growth;INF903J014R3;;11.9899;11.9899;11.9899;28-Dec-2015
125420;Sundaram Fixed Term Plan ER Regular Plan Growth;INF903J017R6;;11.9068;11.9068;11.9068;28-Dec-2015
125421;Sundaram Fixed Term Plan ER Regular Plan Half Yearly Dividend Payout;INF903J018R4;;11.9075;11.9075;11.9075;28-Dec-2015
126416;Sundaram Fixed Term Plan EU Direct Plan Growth;INF903J019M3;;11.8060;11.8060;11.8060;28-Dec-2015
126413;Sundaram Fixed Term Plan EU Regular Plan Growth;INF903J016M9;;11.7469;11.7469;11.7469;28-Dec-2015
126414;Sundaram Fixed Term Plan EU Regular Plan Half Yearly Dividend Payout;INF903J018M5;;11.7467;11.7467;11.7467;28-Dec-2015
126415;Sundaram Fixed Term Plan EU Regular Plan Quarterly Dividend Payout;INF903J017M7;;11.7467;11.7467;11.7467;28-Dec-2015
127692;Sundaram Fixed Term Plan FA Direct Plan Growth;INF903J013M6;;11.7046;11.7046;11.7046;28-Dec-2015
127690;Sundaram Fixed Term Plan FA Regular Plan Growth;INF903J010M2;;11.6007;11.6007;11.6007;28-Dec-2015
127711;Sundaram Fixed Term Plan FD Direct Plan Growth;INF903J017L9;;11.7153;11.7153;11.7153;28-Dec-2015
127708;Sundaram Fixed Term Plan FD Regular Plan Growth;INF903J014L6;;11.6571;11.6571;11.6571;28-Dec-2015
127710;Sundaram Fixed Term Plan FD Regular Plan Quarterly Dividend Payout;INF903J015L3;;11.6570;11.6570;11.6570;28-Dec-2015
129102;Sundaram Fixed Term Plan FL Direct Plan Growth;INF903J01J56;;11.6665;11.6665;11.6665;28-Dec-2015
129104;Sundaram Fixed Term Plan FL Regular Plan Growth;INF903J01J23;;11.5955;11.5955;11.5955;28-Dec-2015
129105;Sundaram Fixed Term Plan FL Regular Plan Half Yearly Dividend Payout;INF903J01J31;;11.5954;11.5954;11.5954;28-Dec-2015
129106;Sundaram Fixed Term Plan FL Regular Plan Quarterly Dividend Payout;INF903J01J49;;11.5954;11.5954;11.5954;28-Dec-2015
129317;Sundaram Fixed Term Plan GE Direct Plan Growth;INF903J01L37;;11.4816;11.4816;11.4816;28-Dec-2015
129318;Sundaram Fixed Term Plan GE Regular Plan Growth;INF903J01L03;;11.4200;11.4200;11.4200;28-Dec-2015
129320;Sundaram Fixed Term Plan GE Regular Plan Quarterly Dividend Payout;INF903J01L29;;11.4199;11.4199;11.4199;28-Dec-2015
129892;Sundaram Fixed Term Plan GG Direct Plan Growth;INF903J010S9;;11.3935;11.3935;11.3935;28-Dec-2015
129891;Sundaram Fixed Term Plan GG Regular Plan Growth;INF903J011S7;;11.3328;11.3328;11.3328;28-Dec-2015
129895;Sundaram Fixed Term Plan GG Regular Plan Half Yearly Dividend Payout;INF903J012S5;;11.3326;11.3326;11.3326;28-Dec-2015
130895;Sundaram Fixed Term Plan GJ Direct Plan Growth;INF903J01Q16;;11.3988;11.3988;11.3988;28-Dec-2015
130890;Sundaram Fixed Term Plan GJ Direct Plan Half Yearly Dividend Payout;INF903J01Q24;;11.3977;11.3977;11.3977;28-Dec-2015
130891;Sundaram Fixed Term Plan GJ Direct Plan Quarterly Dividend Payout;INF903J01Q32;;11.3983;11.3983;11.3983;28-Dec-2015
130892;Sundaram Fixed Term Plan GJ Regular Plan Growth;INF903J01P82;;11.3542;11.3542;11.3542;28-Dec-2015
130893;Sundaram Fixed Term Plan GJ Regular Plan Half Yearly Dividend Payout;INF903J01P90;;11.3545;11.3545;11.3545;28-Dec-2015
130894;Sundaram Fixed Term Plan GJ Regular Plan Quarterly Dividend Payout;INF903J01Q08;;11.3542;11.3542;11.3542;28-Dec-2015
131200;Sundaram Fixed Term Plan GK Direct Plan Growth;INF903J01U10;;11.2399;11.2399;11.2399;28-Dec-2015
131201;Sundaram Fixed Term Plan GK Direct Plan Half Yearlly Divinded Payout;INF903J01U28;;11.2401;11.2401;11.2401;28-Dec-2015
131203;Sundaram Fixed Term Plan GK Regular Plan Growth;INF903J01T88;;11.1971;11.1971;11.1971;28-Dec-2015
131205;Sundaram Fixed Term Plan GK Regular Plan Quaterly Dividend Payout;INF903J01U02;;11.1970;11.1970;11.1970;28-Dec-2015
133552;Sundaram Fixed Term Plan GU Direct Plan Growth;INF903J011C1;;10.7959;10.7959;10.7959;28-Dec-2015
133555;Sundaram Fixed Term Plan GU Regular Plan Growth;INF903J018B8;;10.7870;10.7870;10.7870;28-Dec-2015
133556;Sundaram Fixed Term Plan GU Regular Plan Half Yearly Dividend Payout;INF903J019B6;;10.7868;10.7868;10.7868;28-Dec-2015
134507;Sundaram Fixed Term Plan GW Direct Plan Growth;INF903J013N4;;10.4978;10.4978;10.4978;28-Dec-2015
134509;Sundaram Fixed Term Plan GW Direct Plan Quarterly Dividend Payout;INF903J015N9;;10.4965;10.4965;10.4965;28-Dec-2015
134510;Sundaram Fixed Term Plan GW Regular Plan Growth;INF903J010N0;;10.4946;10.4946;10.4946;28-Dec-2015
134511;Sundaram Fixed Term Plan GW Regular Plan Quarterly Dividend Payout;INF903J012N6;;10.4930;10.4930;10.4930;28-Dec-2015
135711;SUNDARAM FIXED TERM PLAN HA - DIRECT PLAN - GROWTH;INF903J016W8;;10.0278;10.0278;10.0278;28-Dec-2015
135714;SUNDARAM FIXED TERM PLAN HA - REGULAR PLAN - GROWTH;INF903J013W5;;10.0272;10.0272;10.0272;28-Dec-2015
135715;SUNDARAM FIXED TERM PLAN HA - REGULAR PLAN - HALF YEARLY DIVIDEND PAYOUT;INF903J014W3;;10.0272;10.0272;10.0272;28-Dec-2015
135716;SUNDARAM FIXED TERM PLAN HA - REGULAR PLAN - QUARTERLY DIVIDEND PAYOUT;INF903J015W0;;10.0272;10.0272;10.0272;28-Dec-2015
123218;Sundaram Hybrid Fund Series A Direct Plan Growth;INF903J01TB5;;12.8125;12.8125;12.8125;28-Dec-2015
123220;Sundaram Hybrid Fund Series A Direct Plan Yearly Dividend Payout;INF903J01TD1;;12.8124;12.8124;12.8124;28-Dec-2015
123215;Sundaram Hybrid Fund Series A Regular Plan Growth;INF903J01SY9;;12.4383;12.4383;12.4383;28-Dec-2015
123216;Sundaram Hybrid Fund Series A Regular Plan Half Yearly Dividend Payout;INF903J01SZ6;;12.4383;12.4383;12.4383;28-Dec-2015
123217;Sundaram Hybrid Fund Series A Regular Plan Yearly Dividend Payout;INF903J01TA7;;12.4383;12.4383;12.4383;28-Dec-2015
125058;Sundaram Hybrid Fund Series C Direct Plan Growth;INF903J01XD3;;12.5042;12.5042;12.5042;28-Dec-2015
125061;Sundaram Hybrid Fund Series C Regular Plan Growth;INF903J01XA9;;11.8744;11.8744;11.8744;28-Dec-2015
125062;Sundaram Hybrid Fund Series C Regular Plan Half Yearly Dividend Payout;INF903J01XB7;;11.8744;11.8744;11.8744;28-Dec-2015
125063;Sundaram Hybrid Fund Series C Regular Plan Yearly Dividend Payout;INF903J01XC5;;11.8744;11.8744;11.8744;28-Dec-2015
125651;Sundaram Hybrid Fund Series D Direct Plan Growth;INF903J01XV5;;12.1280;12.1280;12.1280;28-Dec-2015
125652;Sundaram Hybrid Fund Series D Direct Plan Half Yearly Dividend Payout;INF903J01XW3;;12.1115;12.1115;12.1115;28-Dec-2015
125653;Sundaram Hybrid Fund Series D Direct Plan Yearly Dividend Payout;INF903J01XX1;;12.1133;12.1133;12.1133;28-Dec-2015
125654;Sundaram Hybrid Fund Series D Regular Plan Growth;INF903J01XS1;;11.7768;11.7768;11.7768;28-Dec-2015
125655;Sundaram Hybrid Fund Series D Regular Plan Half Yearly Dividend Payout;INF903J01XT9;;11.7769;11.7769;11.7769;28-Dec-2015
125656;Sundaram Hybrid Fund Series D Regular Plan Yearly Dividend Payout;INF903J01XU7;;11.7769;11.7769;11.7769;28-Dec-2015
128424;Sundaram Hybrid Fund Series F Direct Plan Growth;INF903J01I32;;11.8725;11.8725;11.8725;28-Dec-2015
128425;Sundaram Hybrid Fund Series F Direct Plan Half Yearly Dividend Payout;INF903J01I40;;11.8724;11.8724;11.8724;28-Dec-2015
128426;Sundaram Hybrid Fund Series F Direct Plan Yearly Dividend Payout;INF903J01I57;;11.8724;11.8724;11.8724;28-Dec-2015
128427;Sundaram Hybrid Fund Series F Regular Plan Growth;INF903J01I08;;11.6198;11.6198;11.6198;28-Dec-2015
128428;Sundaram Hybrid Fund Series F Regular Plan Half Yearly Dividend Payout;INF903J01I16;;11.6198;11.6198;11.6198;28-Dec-2015
128429;Sundaram Hybrid Fund Series F Regular Plan Yearly Dividend Payout;INF903J01I24;;11.6198;11.6198;11.6198;28-Dec-2015
134673;Sundaram Hybrid Fund Series M Direct Plan Growth;INF903J019O9;;10.2111;10.2111;10.2111;28-Dec-2015
134675;Sundaram Hybrid Fund Series M Direct Plan half Yearly Dividend;INF903J010P5;;10.2112;10.2112;10.2112;28-Dec-2015
134674;Sundaram Hybrid Fund Series M Direct plan Yearly Dividend;INF903J011P3;;10.2107;10.2107;10.2107;28-Dec-2015
134677;Sundaram Hybrid Fund Series M Regular Plan  Half yearly Dividend;INF903J017O3;;10.1903;10.1903;10.1903;28-Dec-2015
134676;Sundaram Hybrid Fund Series M Regular Plan Growth;INF903J016O5;;10.1903;10.1903;10.1903;28-Dec-2015
134678;Sundaram Hybrid Fund Series M Regular Plan Yearly Dividend;INF903J018O1;;10.1903;10.1903;10.1903;28-Dec-2015
129787;Sundaram Hybrid Fund Series H Direct Plan Growth;INF903J01K79;;11.7003;11.7003;11.7003;28-Dec-2015
129788;Sundaram Hybrid Fund Series H Direct Plan Half yearly Dividend Payout;INF903J01K87;;11.7004;11.7004;11.7004;28-Dec-2015
129790;Sundaram Hybrid Fund Series H Regular Plan Growth;INF903J01K46;;11.4635;11.4635;11.4635;28-Dec-2015
129791;Sundaram Hybrid Fund Series H Regular Plan Half Yearly Dividend Payout;INF903J01K53;;11.4635;11.4635;11.4635;28-Dec-2015
129792;Sundaram Hybrid Fund Series H Regular Plan Yearly Dividend Payout;INF903J01K61;;11.4635;11.4635;11.4635;28-Dec-2015
130307;Sundaram Hybrid Fund Series K Direct Growth;INF903J01N92;;11.0618;11.0618;11.0618;28-Dec-2015
130305;Sundaram Hybrid Fund Series K Direct Half yearly Dividend;INF903J01O00;;11.0609;11.0609;11.0609;28-Dec-2015
130306;Sundaram Hybrid Fund Series K Direct Yearly Dividend;INF903J01O18;;11.0637;11.0637;11.0637;28-Dec-2015
130303;Sundaram Hybrid Fund Series K Regular Growth;INF903J01N68;;10.8729;10.8729;10.8729;28-Dec-2015
130304;Sundaram Hybrid Fund Series K Regular half yearly Dividend;INF903J01N76;;10.8729;10.8729;10.8729;28-Dec-2015
130308;Sundaram Hybrid Fund Series K Regular Yearly Dividend;INF903J01N84;;10.8729;10.8729;10.8729;28-Dec-2015
134710;SUNDARAM hYBRID SERIES N DIRECT PLAN GROWTH;INF903J010R1;;10.2203;10.2203;10.2203;28-Dec-2015
134711;SUNDARAM HYBRID SERIES N DIRECT PLAN HALF YEARLY DIVIDEND PAYOUT;INF903J018Q6;;10.2203;10.2203;10.2203;28-Dec-2015
134712;SUNDARAM HYBRID SERIES N DIRECT PLAN YEARLY DIVIDEND PAYOUT;INF903J019Q4;;10.2204;10.2204;10.2204;28-Dec-2015
134713;SUNDARAM HYBRID SERIES N REGULAR PLAN GROWTH;INF903J013R5;;10.2008;10.2008;10.2008;28-Dec-2015
134714;SUNDARAM HYBRID SERIES N REGULAR PLAN HALF YEARLY DIVIDEND PAYOUT;INF903J011R9;;10.2008;10.2008;10.2008;28-Dec-2015
134715;SUNDARAM HYBRID SERIES N REGULAR PLAN YEARLY DIVIDEND;INF903J012R7;;10.2008;10.2008;10.2008;28-Dec-2015
135056;Sundaram Fixed Term Plan GY Direct Plan Growth;INF903J017S4;;10.3851;10.3851;10.3851;28-Dec-2015
135059;Sundaram Fixed Term Plan GY Regular Plan growth;INF903J014S1;;10.3708;10.3708;10.3708;28-Dec-2015
135058;Sundaram Fixed Term Plan GY Regular Plan Half Yearly Dividned Payout;INF903J015S8;;10.3735;10.3735;10.3735;28-Dec-2015
135060;Sundaram Fixed Term Plan GY Regular Plan Quarterly  Dividned Payout;INF903J016S6;;10.3735;10.3735;10.3735;28-Dec-2015

Tata Mutual Fund
127405;Tata Dual Advantage Fund -Scheme B Direct Plan Dividend(Payout);INF277K01TA4;;12.3255;0.0000;0.0000;28-Dec-2015
127407;Tata Dual Advantage Fund -Scheme B Direct Plan Growth;INF277K01SZ3;;12.3255;0.0000;0.0000;28-Dec-2015
127406;Tata Dual Advantage Fund -Scheme B Plan A Dividend(Payout);INF277K01SY6;;11.9941;0.0000;0.0000;28-Dec-2015
127404;Tata Dual Advantage Fund -Scheme B Plan A Growth;INF277K01SX8;;11.9942;0.0000;0.0000;28-Dec-2015
122747;Tata Dual Advantage Fund Scheme A-Direct Plan :Dividend;INF277K01SW0;;13.3097;0.0000;0.0000;28-Dec-2015
122746;Tata Dual Advantage Fund Scheme A-Direct Plan:Growth;INF277K01SV2;;13.3158;0.0000;0.0000;28-Dec-2015
122745;Tata Dual Advantage Fund Scheme A-Plan A:Dividend;INF277K01SU4;;12.8763;0.0000;0.0000;28-Dec-2015
122744;Tata Dual Advantage Fund Scheme A-Plan A:Growth;INF277K01ST6;;12.8763;0.0000;0.0000;28-Dec-2015
130201;Tata Dual Advantage Fund Scheme C -Direct Plan-Dividend(Payout);INF277K01TE6;;11.5811;0.0000;0.0000;28-Dec-2015
130202;Tata Dual Advantage Fund Scheme C-Direct Plan-Growth;INF277K01TD8;;11.5828;0.0000;0.0000;28-Dec-2015
130203;Tata Dual Advantage Fund Scheme C-Plan A-Dividend(Payout);INF277K01TC0;;11.3239;0.0000;0.0000;28-Dec-2015
130204;Tata Dual Advantage Fund Scheme C-Plan A-Growth;INF277K01TB2;;11.3239;0.0000;0.0000;28-Dec-2015
131046;Tata Dual Advantage Fund Series 2 Scheme A -Direct Plan Growth Option;INF277K01F30;;11.4125;0.0000;0.0000;28-Dec-2015
131044;Tata Dual Advantage Fund Series 2 Scheme A-Direct Plan Dividend(Payout) Option;INF277K01F48;;11.4125;0.0000;0.0000;28-Dec-2015
131045;Tata Dual Advantage Fund Series 2 Scheme A-Plan A Dividend(Payout) Option;INF277K01F22;;11.1931;0.0000;0.0000;28-Dec-2015
131043;Tata Dual Advantage Fund Series 2 Scheme A-Plan A Growth Option;INF277K01F14;;11.1931;0.0000;0.0000;28-Dec-2015
133018;Tata Dual Advantage Fund Series 2 Scheme B Direct Plan Dividend Payout;INF277K01J85;;10.8611;0.0000;0.0000;28-Dec-2015
133017;Tata Dual Advantage Fund Series 2 Scheme B Direct Plan Growth;INF277K01J77;;10.8611;0.0000;0.0000;28-Dec-2015
133016;Tata Dual Advantage Fund Series 2 Scheme B Plan A Dividend Payout;INF277K01J69;;10.6888;0.0000;0.0000;28-Dec-2015
133007;Tata Dual Advantage Fund Series 2 Scheme B Plan A Growth;INF277K01J51;;10.6888;0.0000;0.0000;28-Dec-2015
133511;Tata Dual Advantage Fund Series 2 Scheme C Direct Plan Dividend Payout;INF277K01M49;;10.6567;0.0000;0.0000;28-Dec-2015
133512;Tata Dual Advantage Fund Series 2 Scheme C Direct Plan Growth;INF277K01M31;;10.6567;0.0000;0.0000;28-Dec-2015
133510;Tata Dual Advantage Fund Series 2 Scheme C Plan A Dividend Payout;INF277K01M23;;10.5858;0.0000;0.0000;28-Dec-2015
133509;Tata Dual Advantage Fund Series 2 Scheme C Plan A Growth;INF277K01M15;;10.5858;0.0000;0.0000;28-Dec-2015
134011;Tata Dual Advantage Fund Series 3 Scheme A Direct Plan Dividend Payout;INF277K01P04;;10.5116;0.0000;0.0000;28-Dec-2015
134009;Tata Dual Advantage Fund Series 3 Scheme A Direct Plan Growth;INF277K01O96;;10.5116;0.0000;0.0000;28-Dec-2015
134010;Tata Dual Advantage Fund Series 3 Scheme A Plan A Dividend Payout;INF277K01O88;;10.3921;0.0000;0.0000;28-Dec-2015
134012;Tata Dual Advantage Fund Series 3 Scheme A Plan A Growth;INF277K01O70;;10.3921;0.0000;0.0000;28-Dec-2015
123155;Tata FMP Series 43 Scheme A - Direct Plan - Dividend Option ( Payout);INF277K01F89;;11.8132;0.0000;0.0000;28-Dec-2015
123156;Tata FMP Series 43 Scheme A - Direct Plan -Growth Option;INF277K01F71;;12.4836;0.0000;0.0000;28-Dec-2015
123157;Tata FMP Series 43 Scheme A- Plan A -Growth Option;INF277K01F55;;12.4537;0.0000;0.0000;28-Dec-2015
123160;Tata FMP Series 43 Scheme B - Direct Plan - Dividend Option ( Payout);INF277K01TP2;;12.6614;0.0000;0.0000;28-Dec-2015
123159;Tata FMP Series 43 Scheme B - Direct Plan -Growth Option;INF277K01TQ0;;12.6614;0.0000;0.0000;28-Dec-2015
123161;Tata FMP Series 43 Scheme B - Plan A -Dividend Option ( Payout);INF277K01TN7;;12.5848;0.0000;0.0000;28-Dec-2015
123158;Tata FMP Series 43 Scheme B- Plan A -Growth Option;INF277K01TO5;;12.5848;0.0000;0.0000;28-Dec-2015
123550;Tata FMP Series 43 Scheme C - Direct Plan - Dividend Option ( Payout);INF277K01G13;;11.2974;0.0000;0.0000;28-Dec-2015
123549;Tata FMP Series 43 Scheme C - Direct Plan -Growth Option;INF277K01G21;;12.5260;0.0000;0.0000;28-Dec-2015
123547;Tata FMP Series 43 Scheme C- Plan A -Growth Option;INF277K01G05;;12.4811;0.0000;0.0000;28-Dec-2015
123553;Tata FMP Series 43 Scheme D - Direct Plan -Growth Option;INF277K01H04;;12.4712;0.0000;0.0000;28-Dec-2015
123554;Tata FMP Series 43 Scheme D - Plan A -Dividend Option ( Payout);INF277K01G70;;11.2507;0.0000;0.0000;28-Dec-2015
123551;Tata FMP Series 43 Scheme D- Plan A -Growth Option;INF277K01G88;;12.4299;0.0000;0.0000;28-Dec-2015
124020;Tata FMP Series 44 Scheme A - Direct Plan -Growth Option;INF277K01I03;;12.3936;0.0000;0.0000;28-Dec-2015
124018;Tata FMP Series 44 Scheme A- Plan A -Growth Option;INF277K01H87;;12.3519;0.0000;0.0000;28-Dec-2015
124024;Tata FMP Series 44 Scheme B - Direct Plan - Dividend Option ( Payout);INF277K01H53;;11.2173;0.0000;0.0000;28-Dec-2015
124025;Tata FMP Series 44 Scheme B - Direct Plan -Growth Option;INF277K01H61;;12.3148;0.0000;0.0000;28-Dec-2015
124023;Tata FMP Series 44 Scheme B - Plan A -Dividend Option ( Payout);INF277K01H38;;11.2031;0.0000;0.0000;28-Dec-2015
124022;Tata FMP Series 44 Scheme B- Plan A -Growth Option;INF277K01H46;;12.2742;0.0000;0.0000;28-Dec-2015
124616;Tata FMP Series 44 Scheme D - Direct Plan -Growth Option;INF277K01S50;;12.0912;0.0000;0.0000;28-Dec-2015
124615;Tata FMP Series 44 Scheme D- Plan A -Growth Option;INF277K01S43;;11.9981;0.0000;0.0000;28-Dec-2015
124805;Tata FMP Series 45 Scheme A - Direct Plan -Growth Option;INF277K01I45;;12.0928;0.0000;0.0000;28-Dec-2015
124806;Tata FMP Series 45 Scheme A - Plan A -Dividend Option ( Payout);INF277K01I11;;11.0571;0.0000;0.0000;28-Dec-2015
124804;Tata FMP Series 45 Scheme A- Plan A -Growth Option;INF277K01I29;;12.0563;0.0000;0.0000;28-Dec-2015
124812;Tata FMP Series 45 Scheme C - Direct Plan -Growth Option;INF277K01K66;;11.9953;0.0000;0.0000;28-Dec-2015
124815;Tata FMP Series 45 Scheme C - Plan A -Dividend Option ( Payout);INF277K01K33;;10.9473;0.0000;0.0000;28-Dec-2015
124814;Tata FMP Series 45 Scheme C- Plan A -Growth Option;INF277K01K41;;11.9581;0.0000;0.0000;28-Dec-2015
126261;Tata FMP Series 45 Scheme D - Direct Plan -Growth Option;INF277K01M07;;11.8552;0.0000;0.0000;28-Dec-2015
126260;Tata FMP Series 45 Scheme D- Plan A -Growth Option;INF277K01L99;;11.8021;0.0000;0.0000;28-Dec-2015
126961;Tata FMP Series 45 Scheme E - Direct Plan - Dividend Option ( Payout);INF277K01N48;;10.7248;0.0000;0.0000;28-Dec-2015
126960;Tata FMP Series 45 Scheme E - Direct Plan -Growth Option;INF277K01N55;;11.7747;0.0000;0.0000;28-Dec-2015
126962;Tata FMP Series 45 Scheme E- Plan A -Growth Option;INF277K01N30;;11.7390;0.0000;0.0000;28-Dec-2015
125525;Tata FMP Series 46 Scheme A-Direct Plan-Dividend Option(Payout);INF277K01K90;;10.6480;0.0000;0.0000;28-Dec-2015
125523;Tata FMP Series 46 Scheme A-Direct Plan-Growth Option;INF277K01L08;;11.9472;0.0000;0.0000;28-Dec-2015
125524;Tata FMP Series 46 Scheme A-Plan A -Growth Option;INF277K01K82;;11.9014;0.0000;0.0000;28-Dec-2015
125526;Tata FMP Series 46 Scheme A-Plan A-Dividend Option(Payout);INF277K01K74;;10.9003;0.0000;0.0000;28-Dec-2015
125566;Tata FMP Series 46 Scheme B - Direct Plan -Growth Option;INF277K01L40;;11.9168;0.0000;0.0000;28-Dec-2015
125565;Tata FMP Series 46 Scheme B - Plan A -Dividend Option ( Payout);INF277K01L16;;10.8727;0.0000;0.0000;28-Dec-2015
125567;Tata FMP Series 46 Scheme B- Plan A -Growth Option;INF277K01L24;;11.9177;0.0000;0.0000;28-Dec-2015
125837;Tata FMP Series 46 Scheme C - Direct Plan -Growth Option;INF277K01WC4;;11.8929;0.0000;0.0000;28-Dec-2015
125836;Tata FMP Series 46 Scheme C - Plan A -Dividend Option ( Payout);INF277K01VZ7;;10.8613;0.0000;0.0000;28-Dec-2015
125835;Tata FMP Series 46 Scheme C- Plan A -Growth Option;INF277K01WA8;;11.8604;0.0000;0.0000;28-Dec-2015
125840;Tata FMP Series 46 Scheme D - Direct Plan -Growth Option;INF277K01S92;;11.8389;0.0000;0.0000;28-Dec-2015
125842;Tata FMP Series 46 Scheme D- Plan A -Growth Option;INF277K01S76;;11.7585;0.0000;0.0000;28-Dec-2015
125845;Tata FMP Series 46 Scheme E - Direct Plan -Growth Option;INF277K01WK7;;12.1291;0.0000;0.0000;28-Dec-2015
125844;Tata FMP Series 46 Scheme E - Plan A -Dividend Option ( Payout);INF277K01WH3;;12.0077;0.0000;0.0000;28-Dec-2015
125843;Tata FMP Series 46 Scheme E- Plan A -Growth Option;INF277K01WI1;;12.0077;0.0000;0.0000;28-Dec-2015
126269;Tata FMP Series 46 Scheme H - Direct Plan - Dividend Option ( Payout);IINF277K01Y4;;11.8254;0.0000;0.0000;28-Dec-2015
126268;Tata FMP Series 46 Scheme H - Direct Plan -Growth Option;INF277K01Y52;;11.8257;0.0000;0.0000;28-Dec-2015
126267;Tata FMP Series 46 Scheme H - Plan A -Dividend Option ( Payout);INF277K01Y29;;11.7863;0.0000;0.0000;28-Dec-2015
126266;Tata FMP Series 46 Scheme H- Plan A -Growth Option;INF277K01Y37;;11.7863;0.0000;0.0000;28-Dec-2015
126272;Tata FMP Series 46 Scheme I - Direct Plan -Growth Option;INF277K01M72;;11.8109;0.0000;0.0000;28-Dec-2015
126270;Tata FMP Series 46 Scheme I- Plan A -Growth Option;INF277K01M64;;11.7775;0.0000;0.0000;28-Dec-2015
126699;Tata FMP Series 46 Scheme K - Direct Plan -Growth Option;INF277K01T26;;11.8728;0.0000;0.0000;28-Dec-2015
126698;Tata FMP Series 46 Scheme K - Plan A -Dividend Option ( Payout);INF277K01T00;;10.5255;0.0000;0.0000;28-Dec-2015
126697;Tata FMP Series 46 Scheme K- Plan A -Growth Option;INF277K01T18;;11.6619;0.0000;0.0000;28-Dec-2015
126965;Tata FMP Series 46 Scheme L - Direct Plan -Growth Option;INF277K01N89;;11.7674;0.0000;0.0000;28-Dec-2015
126964;Tata FMP Series 46 Scheme L - Plan A -Dividend Option ( Payout);INF277K01N63;;10.7144;0.0000;0.0000;28-Dec-2015
126963;Tata FMP Series 46 Scheme L - Plan A -Growth Option;INF277K01N71;;11.7312;0.0000;0.0000;28-Dec-2015
126967;Tata FMP Series 46 Scheme M - Direct Plan - Dividend Option ( Payout);INF277K01T59;;10.5570;0.0000;0.0000;28-Dec-2015
126970;Tata FMP Series 46 Scheme M - Direct Plan -Growth Option;INF277K01T67;;11.7260;0.0000;0.0000;28-Dec-2015
126969;Tata FMP Series 46 Scheme M - Plan A -Dividend Option ( Payout);INF277K01T34;;10.5456;0.0000;0.0000;28-Dec-2015
126968;Tata FMP Series 46 Scheme M - Plan A -Growth Option;INF277K01T42;;11.6475;0.0000;0.0000;28-Dec-2015
126973;Tata FMP Series 46 Scheme N - Direct Plan -Growth Option;INF277K01U07;;11.6772;0.0000;0.0000;28-Dec-2015
126972;Tata FMP Series 46 Scheme N - Plan A -Dividend Option ( Payout);INF277K01T75;;10.5427;0.0000;0.0000;28-Dec-2015
126971;Tata FMP Series 46 Scheme N - Plan A -Growth Option;INF277K01T83;;11.6010;0.0000;0.0000;28-Dec-2015
127302;Tata FMP Series 46 Scheme O - Direct Plan -Growth Option;INF277K01O21;;11.7553;0.0000;0.0000;28-Dec-2015
127301;Tata FMP Series 46 Scheme O - Plan A -Dividend Option ( Payout);INF277K01N97;;10.6859;0.0000;0.0000;28-Dec-2015
127300;Tata FMP Series 46 Scheme O - Plan A -Growth Option;INF277K01O05;;11.6867;0.0000;0.0000;28-Dec-2015
127500;Tata FMP Series 46 Scheme P - Direct Plan -Growth Option;INF277K01O62;;11.7667;0.0000;0.0000;28-Dec-2015
127499;Tata FMP Series 46 Scheme P - Plan A -Dividend Option ( Payout);INF277K01O39;;10.6771;0.0000;0.0000;28-Dec-2015
127498;Tata FMP Series 46 Scheme P - Plan A -Growth Option;INF277K01O47;;11.7174;0.0000;0.0000;28-Dec-2015
127874;Tata FMP Series 46 Scheme Q - Direct Plan - Dividend Option ( Payout);INF277K01U31;;10.5551;0.0000;0.0000;28-Dec-2015
127872;Tata FMP Series 46 Scheme Q - Direct Plan -Growth Option;INF277K01U49;;11.6405;0.0000;0.0000;28-Dec-2015
127873;Tata FMP Series 46 Scheme Q - Plan A -Dividend Option ( Payout);INF277K01U15;;10.5430;0.0000;0.0000;28-Dec-2015
127871;Tata FMP Series 46 Scheme Q - Plan A -Growth Option;INF277K01U23;;11.5644;0.0000;0.0000;28-Dec-2015
128301;Tata FMP Series 46 Scheme R - Direct Plan - Dividend Option ( Payout);INF277K01U72;;10.5597;0.0000;0.0000;28-Dec-2015
128300;Tata FMP Series 46 Scheme R - Direct Plan -Growth Option;INF277K01U80;;11.6088;0.0000;0.0000;28-Dec-2015
128299;Tata FMP Series 46 Scheme R - Plan A -Dividend Option ( Payout);INF277K01U56;;10.5493;0.0000;0.0000;28-Dec-2015
128302;Tata FMP Series 46 Scheme R - Plan A -Growth Option;INF277K01U64;;11.5451;0.0000;0.0000;28-Dec-2015
128312;Tata FMP Series 46 Scheme S - Direct Plan - Dividend Option ( Payout);INF277K01Q52;;10.6682;0.0000;0.0000;28-Dec-2015
128311;Tata FMP Series 46 Scheme S - Direct Plan -Growth Option;INF277K01Q60;;11.7043;0.0000;0.0000;28-Dec-2015
128309;Tata FMP Series 46 Scheme S - Plan A -Growth Option;INF277K01Q45;;11.6667;0.0000;0.0000;28-Dec-2015
127299;Tata FMP Series 46 Scheme T - Direct Plan -Growth Option;INF277K01U98;;11.7148;0.0000;0.0000;28-Dec-2015
127296;Tata FMP Series 46 Scheme T - Plan A -Growth Option;INF277K01V06;;11.6381;0.0000;0.0000;28-Dec-2015
128392;Tata Fixed Maturity Plan Series 47 Scheme A -Direct Plan-Growth;INF277K01P87;;11.6403;0.0000;0.0000;28-Dec-2015
128394;Tata Fixed Maturity Plan Series 47 Scheme A -Plan A -Dividend Payout;INF277K01P53;;10.6291;0.0000;0.0000;28-Dec-2015
128395;Tata Fixed Maturity Plan Series 47 Scheme A -Plan A -Growth;INF277K01P61;;11.6005;0.0000;0.0000;28-Dec-2015
128398;Tata Fixed Maturity Plan Series 47 Scheme C-Direct Plan-Dividend Payout;INF277K01R36;;10.5579;0.0000;0.0000;28-Dec-2015
128396;Tata Fixed Maturity Plan Series 47 Scheme C-Direct Plan-Growth;INF277K01R44;;11.5565;0.0000;0.0000;28-Dec-2015
128399;Tata Fixed Maturity Plan Series 47 Scheme C-Plan A -Dividend Payout;INF277K01R10;;10.5484;0.0000;0.0000;28-Dec-2015
128397;Tata Fixed Maturity Plan Series 47 Scheme C-Plan A -Growth;INF277K01R28;;11.5259;0.0000;0.0000;28-Dec-2015
128400;Tata Fixed Maturity Plan Series 47 Scheme D-Direct Plan-Dividend Payout;INF277K01R77;;10.5584;0.0000;0.0000;28-Dec-2015
128402;Tata Fixed Maturity Plan Series 47 Scheme D-Direct Plan-Growth;INF277K01R85;;11.6250;0.0000;0.0000;28-Dec-2015
128403;Tata Fixed Maturity Plan Series 47 Scheme D-Plan A -Dividend Payout;INF277K01R51;;10.5411;0.0000;0.0000;28-Dec-2015
128401;Tata Fixed Maturity Plan Series 47 Scheme D-Plan A -Growth;INF277K01R69;;11.5206;0.0000;0.0000;28-Dec-2015
128829;Tata Fixed Maturity Plan Series 47 Scheme E Direct Plan Growth;INF277K01V97;;11.5295;0.0000;0.0000;28-Dec-2015
128828;Tata Fixed Maturity Plan Series 47 Scheme E Plan A Dividend Payout;INF277K01V63;;10.5246;0.0000;0.0000;28-Dec-2015
128830;Tata Fixed Maturity Plan Series 47 Scheme E Plan A Growth;INF277K01V71;;11.4999;0.0000;0.0000;28-Dec-2015
129703;Tata FMP Series 47 Scheme M- Plan A -Dividend Option(Payout);INF277K01X20;;10.4745;0.0000;0.0000;28-Dec-2015
129701;Tata FMP Series 47 Scheme M-Direct Plan-Growth;INF277K01X53;;11.4581;0.0000;0.0000;28-Dec-2015
129704;Tata FMP Series 47 Scheme M-Plan A-Growth;INF277K01X38;;11.4367;0.0000;0.0000;28-Dec-2015
129843;Tata FMP Series 47 Scheme N-Direct Plan-Growth Option;INF277K01X79;;11.4302;0.0000;0.0000;28-Dec-2015
129842;Tata FMP Series 47 Scheme N-Plan A -Dividend Option;INF277K01X87;;10.4532;0.0000;0.0000;28-Dec-2015
129841;Tata FMP Series 47 Scheme N-Plan A -Growth Option;INF277K01X95;;11.4034;0.0000;0.0000;28-Dec-2015
129044;Tata FMP Series 47 Scheme F - Direct Plan -Growth Option;INF277K01W39;;11.5218;0.0000;0.0000;28-Dec-2015
129043;Tata FMP Series 47 Scheme F - Plan A -Dividend Option ( Payout);INF277K01W05;;10.5220;0.0000;0.0000;28-Dec-2015
129042;Tata FMP Series 47 Scheme F - Plan A -Growth Option;INF277K01W13;;11.4928;0.0000;0.0000;28-Dec-2015
129218;Tata FMP Series 47 Scheme H - Direct Plan -Growth Option;INF277K01W70;;11.5237;0.0000;0.0000;28-Dec-2015
129217;Tata FMP Series 47 Scheme H - Plan A -Dividend Option ( Payout);INF277K01W47;;10.5459;0.0000;0.0000;28-Dec-2015
129216;Tata FMP Series 47 Scheme H - Plan A -Growth Option;INF277K01W54;;11.4859;0.0000;0.0000;28-Dec-2015
128980;Tata FMP Series 47 Scheme J - Direct Plan - Dividend Option ( Payout);INF277K01S19;;10.5634;0.0000;0.0000;28-Dec-2015
128983;Tata FMP Series 47 Scheme J - Direct Plan -Growth Option;INF277K01S27;;11.5457;0.0000;0.0000;28-Dec-2015
128982;Tata FMP Series 47 Scheme J - Plan A -Dividend Option ( Payout);INF277K01R93;;10.5520;0.0000;0.0000;28-Dec-2015
128981;Tata FMP Series 47 Scheme J - Plan A -Growth Option;INF277K01S01;;11.5110;0.0000;0.0000;28-Dec-2015
129378;Tata FMP Series 47 Scheme I-Direct Plan-Growth;INF277K01X12;;11.5285;0.0000;0.0000;28-Dec-2015
129379;Tata FMP Series 47 Scheme I-Plan A -Dividend Option(Payout);INF277K01W88;;10.5275;0.0000;0.0000;28-Dec-2015
129380;Tata FMP Series 47 Scheme I-Plan A -Growth;INF277K01W96;;11.5061;0.0000;0.0000;28-Dec-2015
129377;Tata FMP Series 47Scheme I-Direct Plan-Dividend Plan-Dividend Option(Payout);INF277K01X04;;10.5371;0.0000;0.0000;28-Dec-2015

Union Mutual Fund
126347;Union Capital Protection Oriented Fund - Series 5 - Direct Plan - Dividend Option;INF582M01BK0;;12.0138;N.A.;N.A.;28-Dec-2015
126346;Union Capital Protection Oriented Fund - Series 5 - Direct Plan - Growth Option;INF582M01BJ2;;12.0138;N.A.;N.A.;28-Dec-2015
126349;Union Capital Protection Oriented Fund - Series 5 - Regular Plan - Dividend Option;INF582M01BH6;;11.9115;N.A.;N.A.;28-Dec-2015
126348;Union Capital Protection Oriented Fund - Series 5 - Regular Plan - Growth Option;INF582M01BG8;;11.9115;N.A.;N.A.;28-Dec-2015
134170;Union Capital Protection Oriented Fund - Series 6 - Direct Plan - Dividend Option;INF582M01CF8;;9.7190;N.A.;N.A.;28-Dec-2015
134171;Union Capital Protection Oriented Fund - Series 6 - Direct Plan - Growth Option;INF582M01CE1;;9.7190;N.A.;N.A.;28-Dec-2015
134169;Union Capital Protection Oriented Fund - Series 6 - Regular Plan - Growth Option;INF582M01CH4;;9.7156;N.A.;N.A.;28-Dec-2015
120797;Union KBC Capital Protection Oriented Fund - Series 2 - Direct Plan - Growth Option;INF582M01609;;12.4684;N.A.;N.A.;28-Dec-2015
120809;Union KBC Capital Protection Oriented Fund - Series 2 - Regular Plan - Dividend Option;INF582M01583;;12.2435;N.A.;N.A.;28-Dec-2015
120808;Union KBC Capital Protection Oriented Fund - Series 2 - Regular Plan - Growth Option;INF582M01575;;12.2435;N.A.;N.A.;28-Dec-2015
122818;Union KBC Capital Protection Oriented Fund - Series 3 - Direct Plan - Dividend Option;INF582M01AM8;;12.3075;N.A.;N.A.;28-Dec-2015
122819;Union KBC Capital Protection Oriented Fund - Series 3 - Direct Plan - Growth Option;INF582M01AL0;;12.3075;N.A.;N.A.;28-Dec-2015
122817;Union KBC Capital Protection Oriented Fund - Series 3 - Regular Plan - Dividend Option;INF582M01AJ4;;12.1215;N.A.;N.A.;28-Dec-2015
122816;Union KBC Capital Protection Oriented Fund - Series 3 - Regular Plan - Growth Option;INF582M01AI6;;12.1215;N.A.;N.A.;28-Dec-2015
125533;Union KBC Capital Protection Oriented Fund - Series 4 - Direct Plan - Dividend Option;INF582M01BB9;;11.8662;N.A.;N.A.;28-Dec-2015
125532;Union KBC Capital Protection Oriented Fund - Series 4 - Direct Plan - Growth Option;INF582M01BA1;;11.8662;N.A.;N.A.;28-Dec-2015
125531;Union KBC Capital Protection Oriented Fund - Series 4 - Regular Plan - Dividend Option;INF582M01BE3;;11.7151;N.A.;N.A.;28-Dec-2015
125534;Union KBC Capital Protection Oriented Fund - Series 4 - Regular Plan - Growth Option;INF582M01BD5;;11.7151;N.A.;N.A.;28-Dec-2015

UTI Mutual Fund
132973;UTI - Capital Protection Oriented Scheme - Series - IV - III (1105 Days) - Growth Option;INF789FA19H5;;10.6596;0;0;28-Dec-2015
132976;UTI - Capital Protection Oriented Scheme - Series IV - III (1105 Days) - Dividend Option - Direct;INF789FA10I2;;10.841;0;0;28-Dec-2015
132974;UTI - Capital Protection Oriented Scheme - Series IV - III (1105 Days) - Growth Option - Direct;INF789FA11I0;;10.841;0;0;28-Dec-2015
132975;UTI - Capital Protection Oriented Scheme - Series IV -III (1105 Days) - Dividend Option;INF789FA18H7;;10.6596;0;0;28-Dec-2015
135462;UTI Capital Protection Oriented Scheme Series VI-II ( 1100 Days) - Regular Plan - Growth Option;INF789FB17C8;;10.0883;0;0;28-Dec-2015
135465;UTI Capital Protection Oriented Scheme Series VI-II (1100 DAys ) - Direct Plan - Growth Option;INF789FB19C4;;10.1287;0;0;28-Dec-2015
135464;UTI Capital Protection Oriented Scheme Series VI-II (1100 Days) - Direct Plan - Dividend Option;INF789FB18C6;;10.1287;0;0;28-Dec-2015
135463;UTI Capital Protection Oriented Scheme Series VI-II (1100 Days) - Regular Plan - Dividend Option;INF789FB16C0;;10.0883;0;0;28-Dec-2015
135605;UTI Capital Protection Oriented Scheme Series VI-III (1098 Days) - Direct Plan - Dividend Option;INF789FB16F3;;10.066;0;0;28-Dec-2015
135604;UTI Capital Protection Oriented Scheme Series VI-III (1098 Days) - Direct Plan - Growth Option;INF789FB17F1;;10.066;0;0;28-Dec-2015
135603;UTI Capital Protection Oriented Scheme Series VI-III (1098 Days) - Regular Plan - Dividend Option;INF789FB14F8;;10.0397;0;0;28-Dec-2015
135602;UTI Capital Protection Oriented Scheme Series VI-III (1098 Days) - Regular Plan - Growth Option;INF789FB15F5;;10.0397;0;0;28-Dec-2015
135304;UTI Dual Advantage Fixed Term Fund Series II-I (1998 Days) - Direct Plan - Dividend Option;INF789FB1W26;;10.3277;0;0;28-Dec-2015
135302;UTI Dual Advantage Fixed Term Fund Series II-I (1998 Days) - Direct Plan - Growth Option;INF789FB1W34;;10.3277;0;0;28-Dec-2015
135303;UTI Dual Advantage Fixed Term Fund Series II-I (1998 Days) - Regular Plan - Dividend Option;INF789FB1W00;;10.2675;0;0;28-Dec-2015
135301;UTI Dual Advantage Fixed Term Fund Series II-I (1998 Days) - Regular Plan - Growth Option;INF789FB1W18;;10.2675;0;0;28-Dec-2015
135358;UTI Dual Advantage Fixed Term Fund Series II-II (1997 Days) - Direct Plan - Dividend Option;INF789FB1Z49;;10.1527;0;0;28-Dec-2015
135359;UTI Dual Advantage Fixed Term Fund Series II-II (1997 Days) - Direct Plan- Growth Option;INF789FB1Z56;;10.1527;0;0;28-Dec-2015
135357;UTI Dual Advantage Fixed Term Fund Series II-II (1997 days) - Regular Plan - Dividend Option;INF789FB1Z23;;10.1132;0;0;28-Dec-2015
135360;UTI Dual Advantage Fixed Term Fund Series II-II (1997 Days) - Regular Plan - Growth Option;INF789FB1Z31;;10.1132;0;0;28-Dec-2015
135513;UTI Dual Advantage Fixed Term Fund Series II-III (1998 Days) - Direct Plan - Growth Option;INF789FB13E3;;10.1401;0;0;28-Dec-2015
135512;UTI Dual Advantage Fixed Term Fund Series II-III (1998 Days) - Direct Plan - IDCW;INF789FB12E5;;10.1401;0;0;28-Dec-2015
135511;UTI Dual Advantage Fixed Term Fund Series II-III (1998 Days) - Regular Plan - Growth Option;INF789FB11E7;;10.1135;0;0;28-Dec-2015
135510;UTI Dual Advantage Fixed Term Fund Series II-III (1998 Days) - Regular Plan - IDCW;INF789FB10E9;;10.1135;0;0;28-Dec-2015
135863;UTI - Dual Advantage Fixed Term Series II-IV (1997 Days) - Direct Plan - Growth Option;INF789FB11K4;;10.0167;0;0;28-Dec-2015
135860;UTI - Dual Advantage Fixed Term Series II-IV (1997 Days) - Regular Plan - Growth Option;INF789FB19J9;;10.0133;0;0;28-Dec-2015
135861;UTI Dual Advantage Fixed Term Fund Series II-IV (1997 Days) - Direct Plan - IDCW;INF789FB10K6;;10.0167;0;0;28-Dec-2015
135862;UTI Dual Advantage Fixed Term Fund Series II-IV (1997 Days) - Regular Plan - IDCW;INF789FB18J1;;10.0133;0;0;28-Dec-2015
124596;UTI F I I F-Annual Interval Plan Series - II - Direct Plan - Growth Option;INF789F01VZ1;;20.2281;0;0;28-Dec-2015
106339;UTI F I I F-Annual Interval Plan Series - II - Institutional  Growth Option;INF789F01FP5;;16.9231;0;0;28-Dec-2015
106338;UTI F I I F-Annual Interval Plan Series - II - Regular Plan - Growth Option;INF789F01FM2;;20.1508;0;0;28-Dec-2015
124595;UTI FIIF Annual Interval Plan II - Direct Plan - IDCW;INF789F01VX6;INF789F01VY4;10.0201;0;0;28-Dec-2015
106337;UTI FIIF Annual Interval Plan II - Regular Plan - IDCW;INF789F01FK6;INF789F01FL4;10.0136;0;0;28-Dec-2015
126030;UTI FIIF Annual Interval Plan IV - Direct Plan - IDCW;INF789F01WD6;INF789F01WE4;10.0313;0;0;28-Dec-2015
107070;UTI FIIF Annual Interval Plan IV - Regular Plan - IDCW;INF789F01FW1;INF789F01FX9;10.034;0;0;28-Dec-2015
126031;UTI Fixed Interval Income Fund (Annual Interval Plan) Series IV - Direct Plan - Growth Option;INF789F01WF1;;19.3367;0;0;28-Dec-2015
111467;UTI Fixed Interval Income Fund (Annual Interval Plan) Series IV - Instn Growth Option;INF789F01GB3;;15.4852;0;0;28-Dec-2015
107071;UTI Fixed Interval Income Fund (Annual Interval Plan) Series IV - Regular Plan - Growth Option;INF789F01FY7;;19.2676;0;0;28-Dec-2015
107089;UTI FIIF Half Yearly Plan I - Regular Plan - IDCW;INF789F01EY0;INF789F01EZ7;10.0669;0;0;28-Dec-2015
122642;UTI Fixed  Income Interval Fund ( Half Yearly Plan - I) - Direct Plan - Growth Option;INF789F01VT4;;19.3047;0;0;28-Dec-2015
107088;UTI Fixed  Income Interval Fund ( Half Yearly Plan - I) - Regular Plan - Growth Option;INF789F01FA7;;19.2049;0;0;28-Dec-2015
107226;UTI FIIF Half Yearly Plan II - Regular Plan - IDCW;INF789F01HG0;INF789F01HH8;10.0283;0;0;28-Dec-2015
125953;UTI Fixed Income Interval Fund ( Half Yearly Plan-II)- Direct Plan - Growth Option;INF789F01WX4;;18.9592;0;0;28-Dec-2015
107228;UTI Fixed Income Interval Fund ( Half Yearly Plan-II)- Regular Plan - Growth Option;INF789F01HI6;;18.882;0;0;28-Dec-2015
120970;UTI - Fixed Income Interval Fund - Monthly Interval Plan  - Direct Plan - Growth Option;INF789F01VQ0;;19.9368;0;0;28-Dec-2015
106145;UTI - Fixed Income Interval Fund - Monthly Interval Plan  - Regular Plan - Growth Option;INF789F01EU8;;19.8206;0;0;28-Dec-2015
106549;UTI - Fixed Income Interval Fund - Monthly Interval Plan - Institutional Dividend Option;INF789F01EV6;INF789F01EW4;10.0566;0;0;28-Dec-2015
120975;UTI FIIF Monthly Interval Plan I - Direct Plan - Monthly IDCW;INF789F01VO5;INF789F01VP2;10.0241;0;0;28-Dec-2015
106146;UTI FIIF Monthly Interval Plan I - Regular Plan - Monthly IDCW;INF789F01ES2;INF789F01ET0;10.0283;0;0;28-Dec-2015
120902;UTI FIIF Monthly Interval Plan II - Direct Plan - Monthly IDCW;INF789F01VL1;INF789F01VM9;10.055;0;0;28-Dec-2015
107195;UTI FIIF Monthly Interval Plan II - Regular Plan - Monthly IDCW;INF789F01EM5;INF789F01EN3;10.0556;0;0;28-Dec-2015
120903;UTI Fixed Income Interval Fund - Monthly Interval Plan II-Direct Plan - Growth Option;INF789F01VN7;;19.1279;0;0;28-Dec-2015
107193;UTI Fixed Income Interval Fund - Monthly Interval Plan II-Regular Plan - Growth Option;INF789F01EO1;;19.0149;0;0;28-Dec-2015
121412;UTI FIIF Quarterly Interval Plan III - Direct Plan - IDCW;INF789F01WJ3;INF789F01WK1;10.0861;0;0;28-Dec-2015
106365;UTI FIIF Quarterly Interval Plan III - Regular Plan - IDCW;INF789F01GI8;INF789F01GJ6;10.0838;0;0;28-Dec-2015
121413;UTI Fixed  Income Interval Fund ( Quarterly Interval Plan - III) - Direct Plan - Growth Option;INF789F01WL9;;19.9294;0;0;28-Dec-2015
106368;UTI Fixed  Income Interval Fund ( Quarterly Interval Plan - III) - Inst Growth Plan;INF789F01GN8;;20.001;0;0;28-Dec-2015
106366;UTI Fixed  Income Interval Fund ( Quarterly Interval Plan - III) -Regular Plan - Growth Option;INF789F01GK4;;19.8161;0;0;28-Dec-2015
106367;UTI Fixed  Income Interval Fund ( Quarterly Interval Plan -III) - Inst Dividend Plan;INF789F01GL2;INF789F01GM0;10.0838;0;0;28-Dec-2015
121034;UTI F I I F Series II -Quarterly Interval Plan - IV -Direct Plan - Growth Option;INF789F01WO3;;18.386;0;0;28-Dec-2015
109466;UTI F I I F Series II -Quarterly Interval Plan - IV -Instn. Growth  Option;INF789F01GT5;;15.8806;0;0;28-Dec-2015
109465;UTI F I I F Series II -Quarterly Interval Plan - IV -Regular Plan - Growth Option;INF789F01GQ1;;18.2791;0;0;28-Dec-2015
121033;UTI FIIF Sr-2 Quarterly Interval Plan IV - Direct Plan - IDCW;INF789F01WM7;INF789F01WN5;10.1445;0;0;28-Dec-2015
109464;UTI FIIF Sr-2 Quarterly Interval Plan IV - Regular Plan - IDCW;INF789F01GO6;INF789F01GP3;10.1406;0;0;28-Dec-2015
120877;UTI F I I F Series II -Quarterly Interval Plan - VII - Direct Plan - Growth Option;INF789F01VK3;;18.2735;0;0;28-Dec-2015
110468;UTI F I I F Series II -Quarterly Interval Plan - VII - Regular Plan - Growth Option;INF789F01EI3;;18.1653;0;0;28-Dec-2015
120876;UTI FIIF Sr-2 Quarterly Interval Plan VII - Direct Plan - IDCW;INF789F01VI7;INF789F01VJ5;10.1821;0;0;28-Dec-2015
110469;UTI FIIF Sr-2 Quarterly Interval Plan VII - Regular Plan - IDCW;INF789F01EG7;INF789F01EH5;10.1688;0;0;28-Dec-2015
127642;UTI FTIF Series XVII -XV (1825 DAYS)- Annual Div Option;INF789FA1909;INF789FA1917;11.088;0;0;28-Dec-2015
127648;UTI FTIF Series XVII -XV (1825 DAYS)-Flexi Div Option;INF789FA1941;INF789FA1958;11.5274;0;0;28-Dec-2015
127640;UTI FTIF Series XVII -XV (1825 DAYS)-Growth Option;INF789FA1933;;12.0853;0;0;28-Dec-2015
127641;UTI FTIF Series XVII -XV (1825 DAYS)-Growth Option - Direct;INF789FA1859;;12.2638;0;0;28-Dec-2015
127646;UTI FTIF Series XVII -XV (1825 DAYS)-Maturity Div Option;INF789FA1925;;12.0852;0;0;28-Dec-2015
127644;UTI FTIF Series XVII -XV (1825 DAYS)-Quarterly Div Option;INF789FA1883;INF789FA1891;10.4262;0;0;28-Dec-2015
127645;UTI FTIF Series XVII -XV (1825 DAYS)-Quarterly Div Option - Direct;INF789FA1800;INF789FA1818;10.428;0;0;28-Dec-2015
128567;UTI FTIF Series XVIII -II (1825 DAYS) - Growth Option - Direct;INF789FA1DV6;;12.1262;0;0;28-Dec-2015
128573;UTI FTIF Series XVIII -II (1825 DAYS)- Growth Option;INF789FA1ED2;;11.9549;0;0;28-Dec-2015
128564;UTI FTIF Series XVIII -II (1825 DAYS)-Annual Div Option;INF789FA1EA8;INF789FA1EB6;11.0221;0;0;28-Dec-2015
128568;UTI FTIF Series XVIII -II (1825 DAYS)-Annual Div Option - Direct;INF789FA1DS2;INF789FA1DT0;11.0914;0;0;28-Dec-2015
128565;UTI FTIF Series XVIII -II (1825 DAYS)-Flexi Div Option;INF789FA1EE0;INF789FA1EF7;11.4548;0;0;28-Dec-2015
128571;UTI FTIF Series XVIII -II (1825 DAYS)-Maturity Div Option;INF789FA1EC4;;11.9554;0;0;28-Dec-2015
128569;UTI FTIF Series XVIII -II (1825 DAYS)-Quarterly Div Option;INF789FA1DY0;INF789FA1DZ7;10.3581;0;0;28-Dec-2015
128570;UTI FTIF Series XVIII -II (1825 DAYS)-Quarterly Div Option - Direct;INF789FA1DQ6;INF789FA1DR4;10.3695;0;0;28-Dec-2015
134897;UTI - FTIF Series XXII - V (1099 Days) - Direct Plan - Growth Option;INF789FB1D45;;10.4684;0;0;28-Dec-2015
134896;UTI - FTIF Series XXII-V (1099 Days) -  Regular Plan - Growth Option;INF789FB1D94;;10.4109;0;0;28-Dec-2015
134899;UTI - FTIF Series XXII-V (1099 Days) - Direct Plan - Annual Div Option;INF789FB1D29;;10.4684;0;0;28-Dec-2015
134898;UTI - FTIF Series XXII-V (1099 Days) - Direct Plan - Quarterly Div Option;INF789FB1D60;;10.0262;0;0;28-Dec-2015
134892;UTI - FTIF Series XXII-V (1099 Days) - Regular Plan - Annual Div Option;INF789FB1D78;;10.4109;0;0;28-Dec-2015
134894;UTI - FTIF Series XXII-V (1099 Days) - Regular Plan - Flexi Div Option;INF789FB1D86;;10.4109;0;0;28-Dec-2015
134895;UTI - FTIF Series XXII-V (1099 Days) - Regular Plan - Quarterly Div Option;INF789FB1E10;;10.0244;0;0;28-Dec-2015
135315;UTI FTIF Series XXII-XV (1098 Days) - Direct Plan - Growth Option;INF789FB1X17;;10.278;0;0;28-Dec-2015
135313;UTI FTIF Series XXII-XV (1098 Days) - Direct Plan - Maturity Div Option;INF789FB1X09;;10.278;0;0;28-Dec-2015
135310;UTI FTIF Series XXII-XV (1098 Days) - Regular Plan - Annual Div Option;INF789FB1Q81;;10.2348;0;0;28-Dec-2015
135308;UTi FTIF Series XXII-XV (1098 Days) - Regular Plan - Flexi Div Option;INF789FB1W75;;10.2352;0;0;28-Dec-2015
135307;UTI FTIF Series XXII-XV (1098 Days) - Regular Plan - Maturity Div Option;INF789FB1X25;;10.2347;0;0;28-Dec-2015
135309;UTI FTIF Series XXII-XV (1098 Days) - Regular Plan - Quarterly Div Otion;INF789FB1W83;;10.0154;0;0;28-Dec-2015
135306;UTI FTIF Series XXII-XV (1098Days) - Regular Plan - Growth Option;INF789FB1X33;;10.2348;0;0;28-Dec-2015
135364;UTI FTIF Series XXIII-I (1098 Days) - Direct Plan - Annual Div Option;INF789FB1Z72;;10.2064;0;0;28-Dec-2015
135366;UTI FTIF Series XXIII-I (1098 Days) - Direct Plan - Flexi Div Option;INF789FB1Z80;;10.2063;0;0;28-Dec-2015
135363;UTI FTIF Series XXIII-I (1098 Days) - Direct Plan - Growth Option;INF789FB13A1;;10.2063;0;0;28-Dec-2015
135365;UTI FTIF Series XXIII-I (1098 Days) - Direct Plan - Maturity Div Option;INF789FB12A3;;10.2063;0;0;28-Dec-2015
135367;UTI FTIF Series XXIII-I (1098 Days) - Direct Plan - Quarterly Div Option;INF789FB1Z64;;10.0161;0;0;28-Dec-2015
135361;UTI FTIF Series XXIII-I (1098 Days) - Regular Plan - Annual Div Option;INF789FB11A5;;10.1683;0;0;28-Dec-2015
135368;UTI FTIF Series XXIII-I (1098 Days) - Regular Plan - Flexi Div Option;INF789FB1Z98;;10.1683;0;0;28-Dec-2015
135370;UTI FTIF Series XXIII-I (1098 Days) - Regular Plan - Growth Option;INF789FB15A6;;10.1683;0;0;28-Dec-2015
135362;UTI FTIF Series XXIII-I (1098 Days) - Regular Plan - Maturity Div Option;INF789FB14A9;;10.1682;0;0;28-Dec-2015
135369;UTI FTIF Series XXIII-I (1098 Days) - Regular Plan - Quarterly Div Option;INF789FB10A7;;10.0137;0;0;28-Dec-2015
135461;UTI FTIF Series XXIII-II (1100 Days) - Direct Plan - Annual Div Option;INF789FB17A2;;10.1277;0;0;28-Dec-2015
135459;UTI FTIF Series XXIII-II (1100 Days) - Direct Plan - Growth Option;INF789FB13B9;;10.1282;0;0;28-Dec-2015
135457;UTI FTIF Series XXIII-II (1100 Days) - Direct Plan - Maturity Div Option;INF789FB12B1;;10.1282;0;0;28-Dec-2015
135460;UTI FTIF Series XXIII-II (1100 Days) - Direct Plan - Quarterly Div Option;INF789FB16A4;;10.0161;0;0;28-Dec-2015
135453;UTI FTIF Series XXIII-II (1100 Days) - Regular Plan - Annual Div Option;INF789FB11B3;;10.0967;0;0;28-Dec-2015
135456;UTI FTIF Series XXIII-II (1100 Days) - Regular Plan - Flexi Div Option;INF789FB19A8;;10.0966;0;0;28-Dec-2015
135455;UTI FTIF Series XXIII-II (1100 Days) - Regular Plan - Maturity Div Option;INF789FB14B7;;10.0967;0;0;28-Dec-2015
135454;UTI FTIF Series XXIII-II (1100 Days) - Regular Plan - Quarterly Div Option;INF789FB10B5;;10.0136;0;0;28-Dec-2015
135452;UTI FTIF Series XXIII-II (1100 Days)- Regular Plan - Growth Option;INF789FB15B4;;10.0967;0;0;28-Dec-2015
135385;UTI FTIF Series XXIII-III (1098 Days) - Direct Plan - Growth Option;INF789FB13C7;;10.2594;0;0;28-Dec-2015
135384;UTI FTIF Series XXIII-III (1098 Days) - Regular Plan - Growth Option;INF789FB15C2;;10.2563;0;0;28-Dec-2015
135522;UTI FTIF Series XXIII-IV (1100 Days) - Direct Plan - Annual Div Option;INF789FB11D9;;10.0991;0;0;28-Dec-2015
135523;UTI FTIF Series XXIII-IV (1100 Days) - Direct Plan - Growth Option;INF789FB17D6;;10.0991;0;0;28-Dec-2015
135520;UTI FTIF Series XXIII-IV (1100 Days) - Direct Plan - Maturity Div Option;INF789FB16D8;;10.0991;0;0;28-Dec-2015
135519;UTI FTIF Series XXIII-IV (1100 Days) - Direct Plan - Quarterly Div Option;INF789FB10D1;;10.0171;0;0;28-Dec-2015
135517;UTI FTIF Series XXIII-IV (1100 Days) - Regular Plan - Annual Div Option;INF789FB15D0;;10.0725;0;0;28-Dec-2015
135514;UTI FTIF Series XXIII-IV (1100 Days) - Regular Plan - Growth Option;INF789FB19D2;;10.0725;0;0;28-Dec-2015
135518;UTI FTIF Series XXIII-IV (1100 Days) - Regular Plan - Maturity Div Option;INF789FB18D4;;10.0724;0;0;28-Dec-2015
135516;UTI FTIF Series XXIII-IV (1100 Days) - Regular Plan - Quarterly Div Option;INF789FB14D3;;10.0148;0;0;28-Dec-2015
135823;UTI FTIF Series XXIII-IX (1100 Days)- Direct Plan - Annual Div Option;INF789FB19I1;;10.0307;0;0;28-Dec-2015
135827;UTI FTIF Series XXIII-IX (1100 Days)- Direct Plan - Growth Option;INF789FB15J7;;10.0307;0;0;28-Dec-2015
135825;UTI FTIF Series XXIII-IX (1100 Days)- Direct Plan - Maturity Div Option;INF789FB14J0;;10.0307;0;0;28-Dec-2015
135824;UTI FTIF Series XXIII-IX (1100 Days)- Direct Plan - Quarterly Div Option;INF789FB18I3;;10.0307;0;0;28-Dec-2015
135829;UTI FTIF Series XXIII-IX (1100 Days)- Regular Plan - Annual Div Option;INF789FB13J2;;10.0249;0;0;28-Dec-2015
135831;UTI FTIF Series XXIII-IX (1100 Days)- Regular Plan - Flexi Div Option;INF789FB11J6;;10.0249;0;0;28-Dec-2015
135832;UTI FTIF Series XXIII-IX (1100 Days)- Regular Plan - Growth Option;INF789FB17J3;;10.0249;0;0;28-Dec-2015
135830;UTI FTIF Series XXIII-IX (1100 Days)- Regular Plan - Maturity Div Option;INF789FB16J5;;10.0249;0;0;28-Dec-2015
135828;UTI FTIF Series XXIII-IX (1100 Days)- Regular Plan - Quarterly Div Option;INF789FB12J4;;10.0249;0;0;28-Dec-2015
135577;UTI FTIF Series XXIII-V (1100 Days) - Direct Plan - Annual Div Option;INF789FB15E8;;10.0633;0;0;28-Dec-2015
135580;UTI FTIF Series XXIII-V (1100 Days) - Direct Plan - Growth Option;INF789FB11F4;;10.0632;0;0;28-Dec-2015
135576;UTI FTIF Series XXIII-V (1100 Days) - Direct Plan - Quarterly Div Option;INF789FB14E1;;10.0183;0;0;28-Dec-2015
135573;UTI FTIF Series XXIII-V (1100 Days) - Regular Plan - Annual Div Option;INF789FB19E0;;10.0394;0;0;28-Dec-2015
135572;UTI FTIF Series XXIII-V (1100 Days) - Regular Plan - Growth Option;INF789FB13F0;;10.0395;0;0;28-Dec-2015
135574;UTI FTIF Series XXIII-V (1100 Days) - Regular Plan - Maturity Div Option;INF789FB12F2;;10.0394;0;0;28-Dec-2015
135571;UTI FTIF Series XXIII-V (1100 Days) - Regular Plan - Quarterly Div Option;INF789FB18E2;;10.0159;0;0;28-Dec-2015
135647;UTI FTIF Series XXIII-VI (1100 Days)- Direct Plan - Growth Option;INF789FB15G3;;10.0475;0;0;28-Dec-2015
135643;UTI FTIF Series XXIII-VI (1100 Days)- Direct Plan - Maturity Div Option;INF789FB14G6;;10.0473;0;0;28-Dec-2015
135645;UTI FTIF Series XXIII-VI (1100 Days)- Direct Plan - Quarterly Div Option;INF789FB18F9;;10.0475;0;0;28-Dec-2015
135642;UTI FTIF Series XXIII-VI (1100 Days)- Regular Plan - Annual Div Option;INF789FB13G8;;10.0286;0;0;28-Dec-2015
135641;UTI FTIF Series XXIII-VI (1100 Days)- Regular Plan - Flexi Div Option;INF789FB11G2;;10.0287;0;0;28-Dec-2015
135638;UTI FTIF Series XXIII-VI (1100 Days)- Regular Plan - Growth Option;INF789FB17G9;;10.0286;0;0;28-Dec-2015
135639;UTI FTIF Series XXIII-VI (1100 Days)- Regular Plan - Quarterly Div Option;INF789FB12G0;;10.0286;0;0;28-Dec-2015
135670;UTI FTIF Series XXIII-VII (1098 Days) - Direct Plan - Growth Option;INF789FB15H1;;10.0724;0;0;28-Dec-2015
135668;UTI FTIF Series XXIII-VII (1098 Days) - Regular Plan - Growth Option;INF789FB17H7;;10.0715;0;0;28-Dec-2015
135703;UTI FTIF Series XXIII-VIII (1100 Days)- Direct Plan - Annual Div Option;INF789FB19H3;;10.0064;0;0;28-Dec-2015
135698;UTI FTIF Series XXIII-VIII (1100 Days)- Direct Plan - Growth Option;INF789FB15I9;;10.0064;0;0;28-Dec-2015
135700;UTI FTIF Series XXIII-VIII (1100 Days)- Direct Plan - Maturity Div Option;INF789FB14I2;;10.0064;0;0;28-Dec-2015
135699;UTI FTIF Series XXIII-VIII (1100 Days)- Direct Plan - Quarterly Div Option;INF789FB18H5;;10.0064;0;0;28-Dec-2015
135702;UTI FTIF Series XXIII-VIII (1100 Days)- Regular Plan - Annual Div Option;INF789FB13I4;;9.9965;0;0;28-Dec-2015
135704;UTI FTIF Series XXIII-VIII (1100 Days)- Regular Plan - Flexi Div Option;INF789FB11I8;;9.9965;0;0;28-Dec-2015
135697;UTI FTIF Series XXIII-VIII (1100 Days)- Regular Plan - Growth Option;INF789FB17I5;;9.9965;0;0;28-Dec-2015
135701;UTI FTIF Series XXIII-VIII (1100 Days)- Regular Plan - Maturity Div Option;INF789FB16I7;;9.9966;0;0;28-Dec-2015
135705;UTI FTIF Series XXIII-VIII (1100 Days)- Regular Plan - Quarterly Div Option;INF789FB12I6;;9.9965;0;0;28-Dec-2015
135881;UTI FTIF Series XXIII-X (1100 Days) - Direct Plan - Annual Div Option;INF789FB13K0;;10.0122;0;0;28-Dec-2015
135883;UTI FTIF Series XXIII-X (1100 Days) - Direct Plan - Flexi Div Option;INF789FB14K8;;10.0121;0;0;28-Dec-2015
135879;UTI FTIF Series XXIII-X (1100 Days) - Direct Plan - Growth Option;INF789FB19K7;;10.0121;0;0;28-Dec-2015
135882;UTI FTIF Series XXIII-X (1100 Days) - Direct Plan - Maturity Div Option;INF789FB18K9;;10.0121;0;0;28-Dec-2015
135880;UTI FTIF Series XXIII-X (1100 Days) - Direct Plan - Quarterly Div Option;INF789FB12K2;;10.0121;0;0;28-Dec-2015
135876;UTI FTIF Series XXIII-X (1100 Days) - Regular Plan - Annual Div Option;INF789FB17K1;;10.0102;0;0;28-Dec-2015
135874;UTI FTIF Series XXIII-X (1100 Days) - Regular Plan - Growth Option;INF789FB11L2;;10.0102;0;0;28-Dec-2015
135877;UTI FTIF Series XXIII-X (1100 Days) - Regular Plan - Maturity Div Option;INF789FB10L4;;10.0102;0;0;28-Dec-2015
135875;UTI FTIF Series XXIII-X (1100 Days) - Regular Plan - Quarterly Div Option;INF789FB16K3;;10.0102;0;0;28-Dec-2015
135944;UTI FTIF Series XXIII-XI (1100 Days)- Direct Plan - Annual Div Option;INF789FB13L8;;10.0166;0;0;28-Dec-2015
135942;UTI FTIF Series XXIII-XI (1100 Days)- Direct Plan - Growth Option;INF789FB19L5;;10.0166;0;0;28-Dec-2015
135948;UTI FTIF Series XXIII-XI (1100 Days)- Regular Plan - Annual Div Option;INF789FB17L9;;10.0165;0;0;28-Dec-2015
135947;UTI FTIF Series XXIII-XI (1100 Days)- Regular Plan - Growth Option;INF789FB11M0;;10.0165;0;0;28-Dec-2015
106185;UTI Annual Interval Fund - I - ( Instn Growth Option );INF789F01FJ8;;20.7554;0;0;28-Dec-2015
123663;UTI Annual Interval Fund - I - Direct Plan - Dividend Option;INF789F01VU2;INF789F01VV0;10.0169;0;0;28-Dec-2015
123646;UTI Annual Interval Fund - I - Direct Plan - Growth Option;INF789F01VW8;;20.3039;0;0;28-Dec-2015
106183;UTI Annual Interval Fund - I - Regular Plan - Growth Option;INF789F01FG4;;20.2526;0;0;28-Dec-2015
106186;UTI Annual Interval Fund - I - Regular Plan - IDCW;INF789F01FE9;INF789F01FF6;10.0137;0;0;28-Dec-2015
125077;UTI Annual Interval Fund - II - Direct Plan - Growth Option;INF789F01WC8;;19.8382;0;0;28-Dec-2015
125078;UTI Annual Interval Fund - II - Direct Plan - IDCW;INF789F01WA2;INF789F01WB0;10.0218;0;0;28-Dec-2015
106707;UTI Annual Interval Fund - II - Regular Plan - Growth Option;INF789F01FS9;;19.7843;0;0;28-Dec-2015
106706;UTI Annual Interval Fund - II - Regular Plan - IDCW;INF789F01FQ3;INF789F01FR1;10.0181;0;0;28-Dec-2015
106709;UTI Fixed Interval Income Fund (Annual Interval Fund)  Series III - Instn Growth Option;INF789F01FV3;;20.2775;0;0;28-Dec-2015
130646;UTI Capital Protection Oriented Scheme - Series IV - I (1103 Days) - Growth Option;INF789FA1TX8;;11.0377;0;0;28-Dec-2015
130647;UTI Capital Protection Oriented Scheme - Series IV - I (1103 Days) - Growth Option - Direct;INF789FA1TZ3;;11.2754;0;0;28-Dec-2015
130649;UTI Capital Protection Oriented Scheme - Series IV -I (1103 Days) - Dividend Option - Direct;INF789FA1TY6;;11.2754;0;0;28-Dec-2015
130648;UTI Capital Protection Oriented Scheme Series IV - I (1103 Days) - Dividend Option;INF789FA1TW0;;11.0377;0;0;28-Dec-2015
131559;UTI Capital Protection Oriented Scheme - Series IV-II (1104 Days) - Dividend Option - Direct;INF789FA1F60;;11.0799;0;0;28-Dec-2015
131560;UTI Capital Protection Oriented Scheme - Series IV-II (1104 Days) - Growth Option - Direct;INF789FA1F78;;11.0799;0;0;28-Dec-2015
131341;UTI Capital Protection Oriented Scheme - Series IV-II (1104 Days)- Dividend Option;INF789FA1F45;;10.8739;0;0;28-Dec-2015
131340;UTI Capital Protection Oriented Scheme - Series IV-II (1104 Days)- Growth Option;INF789FA1F52;;10.8739;0;0;28-Dec-2015
133573;UTI Capital Protection Oriented Scheme - Series V-I (1163 Days) - Dividend Option;INF789FB1916;;10.4431;0;0;28-Dec-2015
133574;UTI Capital Protection Oriented Scheme - Series V-I (1163 Days) - Dividend Option - Direct;INF789FB1932;;10.6016;0;0;28-Dec-2015
133575;UTI Capital Protection Oriented Scheme - Series V-I (1163 Days) - Growth Option;INF789FB1924;;10.4431;0;0;28-Dec-2015
133576;UTI Capital Protection Oriented Scheme - Series V-I (1163 Days) - Growth Option - Direct;INF789FB1940;;10.6016;0;0;28-Dec-2015
135257;UTI Capital Protection Oriented Scheme - Series VI-I (1098 Days) - Direct Plan - Dividend Option;INF789FB1U85;;10.2744;0;0;28-Dec-2015
135254;UTI Capital Protection Oriented Scheme - Series VI-I (1098 Days) - Regular Plan - Dividend Option;INF789FB1U69;;10.2263;0;0;28-Dec-2015
135255;UTI Capital Protection Oriented Scheme - Series VI-I (1098 Days) - Regular Plan - Growth Option;INF789FB1U77;;10.2263;0;0;28-Dec-2015
135256;UTI Capital Protection Oriented Scheme Series - VI-I (1098 Days) - Direct Plan - Growth Option;INF789FB1U93;;10.2744;0;0;28-Dec-2015
134166;UTI Capital Protection Oriented Scheme Series V-II (1135 Days) - Dividend Option;INF789FB1CJ2;;10.449;0;0;28-Dec-2015
134164;UTI Capital Protection Oriented Scheme Series V-II (1135 Days) - Dividend Option - Direct;INF789FB1CL8;;10.5916;0;0;28-Dec-2015
134167;UTI Capital Protection Oriented Scheme Series V-II (1135 Days) - Growth Option;INF789FB1CK0;;10.449;0;0;28-Dec-2015
134165;UTI Capital Protection Oriented Scheme Series V-II (1135 Days) - Growth Option - Direct;INF789FB1CM6;;10.5916;0;0;28-Dec-2015
133424;UTI Dual Advantage Fixed Term Fund Series I - I (1100 Days) - Growth Option - Direct;INF789FB1866;;10.6072;0;0;28-Dec-2015
133421;UTI Dual Advantage Fixed Term Fund Series I -I (1100 Days) - Dividend Option;INF789FB1833;;10.4548;0;0;28-Dec-2015
133422;UTI Dual Advantage Fixed Term Fund Series I- I (1100 Days) - Dividend Option - Direct;INF789FB1858;;10.6072;0;0;28-Dec-2015
133423;UTI Dual Advantage Fixed Term Fund Series I-I (1100 Days) - Growth Option;INF789FB1841;;10.4548;0;0;28-Dec-2015
133735;UTI Dual Advantage Fixed Term Fund Series I - II (1145 Days) - Dividend Option - Direct;INF789FB1BB1;;10.5814;0;0;28-Dec-2015
133737;UTI Dual Advantage Fixed Term Fund Series I -II (1145 Days) - Growth Option - Direct;INF789FB1BC9;;10.5814;0;0;28-Dec-2015
133734;UTI Dual Advantage Fixed Term Fund Series I- II (1145 Days) - Dividend Option;INF789FB1AZ2;;10.4442;0;0;28-Dec-2015
133736;UTI Dual Advantage Fixed Term Fund Series I-II (1145 Days) - Growth Option;INF789FB1BA3;;10.4442;0;0;28-Dec-2015
134214;UTI Dual Advantage Fixed Term Fund Series I-III (1111 Days) - Dividend Option;INF789FB1EH2;;10.4167;0;0;28-Dec-2015
134213;UTI Dual Advantage Fixed Term Fund Series I-III (1111 Days) - Dividend Option - Direct;INF789FB1EJ8;;10.5471;0;0;28-Dec-2015
134211;UTI Dual Advantage Fixed Term Fund Series I-III (1111 Days) - Growth Option;INF789FB1EI0;;10.4167;0;0;28-Dec-2015
134212;UTI Dual Advantage Fixed Term Fund Series I-III (1111 Days) - Growth Option - Direct;INF789FB1EK6;;10.5471;0;0;28-Dec-2015
134217;UTI Dual Advantage Fixed Term Fund Series I-IV (1099 Days) - Direct Plan - Dividend Option;INF789FB1FR8;;10.5715;0;0;28-Dec-2015
134215;UTI Dual Advantage Fixed Term Fund Series I-IV (1099 Days) - Direct Plan - Growth Option;INF789FB1FS6;;10.5714;0;0;28-Dec-2015
134216;UTI Dual Advantage Fixed Term Fund Series I-IV (1099 Days) - Regular Plan - Dividend Option;INF789FB1FP2;;10.4389;0;0;28-Dec-2015
134218;UTI Dual Advantage Fixed Term Fund Series I-IV (1099 Days) - Regular Plan -Growth Option;INF789FB1FQ0;;10.4389;0;0;28-Dec-2015
134519;UTI Dual Advantage Fixed Term Fund Series I-V (1099 Days) - Direct Plan - Dividend Option;INF789FB1QQ7;;10.4354;0;0;28-Dec-2015
134518;UTI Dual Advantage Fixed Term Fund Series I-V (1099 Days) - Direct Plan - Growth Option;INF789FB1QR5;;10.4354;0;0;28-Dec-2015
134521;UTI Dual Advantage Fixed Term Fund Series I-V (1099 Days) - Regular Plan - Dividend Option;INF789FB1QO2;;10.3276;0;0;28-Dec-2015
134520;UTI Dual Advantage Fixed Term Fund Series I-V (1099 Days) - Regular Plan - Growth Option;INF789FB1QP9;;10.3276;0;0;28-Dec-2015
130249;UTI FTIF Series XIX - III (368 Days) - Growth Option - Direct;INF789FB1B54;;11.3973;0;0;28-Dec-2015
130241;UTI FTIF Series XIX - III (368 Days)- Annual Div Option;INF789FB1ZN5;INF789FB1ZQ8;10.4366;0;0;28-Dec-2015
130240;UTI FTIF Series XIX - III (368 Days)- Growth  Option;INF789FB1ZY2;;11.3733;0;0;28-Dec-2015
130259;UTI FTIF Series XIX - IV (366 Days) - Flexi Div Option;INF789FB1C46;INF789FB1C53;10.4372;0;0;28-Dec-2015
130253;UTI FTIF Series XIX - IV (366 Days) - Growth Option - Direct;INF789FB1YS7;;11.391;0;0;28-Dec-2015
130251;UTI FTIF Series XIX - IV (366 Days) - Quarterly Div Option;INF789FB1B70;INF789FB1B96;10.0188;0;0;28-Dec-2015
130254;UTI FTIF Series XIX - IV (366 Days)- Annual Div Option;INF789FB1C12;INF789FB1C20;10.4374;0;0;28-Dec-2015
130250;UTI FTIF Series XIX - IV (366 Days)- Growth Option;INF789FB1C61;;11.3671;0;0;28-Dec-2015
130257;UTI FTIF Series XIX - IV (366 Days)- Maturity Div Option - Direct;INF789FB1D11;;10.4484;0;0;28-Dec-2015
130464;UTI FTIF Series XIX - IX (369 Days) - Annual Div Option - Direct;INF789FA1RM5;INF789FA1RN3;10.4065;0;0;28-Dec-2015
130458;UTI FTIF Series XIX - IX (369 Days) - Growth Option;INF789FA1RX2;;11.331;0;0;28-Dec-2015
130462;UTI FTIF Series XIX - IX (369 Days) - Growth Option - Direct;INF789FA1RP8;;11.3534;0;0;28-Dec-2015
130468;UTI FTIF Series XIX - IX (369 Days) - Maturity Div Option;INF789FA1RW4;;10.3966;0;0;28-Dec-2015
130463;UTI FTIF Series XIX - IX (369 Days)- Annual Div Option;INF789FA1RU8;INF789FA1RV6;10.3965;0;0;28-Dec-2015
130357;UTI FTIF Series XIX - V (1095 Days) - Growth Option;INF789FA1PL1;;11.4746;0;0;28-Dec-2015
130375;UTI FTIF Series XIX - V (1095 Days) - Growth Option - Direct;INF789FA1PD8;;11.6059;0;0;28-Dec-2015
130380;UTI FTIF Series XIX - V (1095 Days) - Maturity Div Option - Direct;INF789FA1PC0;;11.606;0;0;28-Dec-2015
130377;UTI FTIF Series XIX - V (1095 Days) - Quarterly Div Option;INF789FA1PG1;INF789FA1PH9;10.0805;0;0;28-Dec-2015
130376;UTI FTIF Series XIX - V (1095 Days)- Annual Div Option;INF789FA1PI7;INF789FA1PJ5;10.7545;0;0;28-Dec-2015
130383;UTI FTIF Series XIX - V (1095 Days)- Annual Div Option - Direct;INF789FA1PA4;INF789FA1PB2;10.8166;0;0;28-Dec-2015
130381;UTI FTIF Series XIX - V (1095 Days)- Flexi Div Option;INF789FA1PM9;INF789FA1PN7;11.217;0;0;28-Dec-2015
130379;UTI FTIF Series XIX - V (1095 Days)- Maturity Div Option;INF789FA1PK3;;11.4746;0;0;28-Dec-2015
130378;UTI FTIF Series XIX - V (1095 Days)- Quarterly Div Option - Direct;;;10.0818;0;0;28-Dec-2015
130360;UTI FTIF Series XIX - VI (366 Days) - Growth Option;INF789FB1ZE4;;11.3499;0;0;28-Dec-2015
130385;UTI FTIF Series XIX - VI (366 Days) - Maturity Div Option;INF789FB1ZB0;;10.4216;0;0;28-Dec-2015
130390;UTI FTIF Series XIX - VI (366 Days) - Maturity Div Option - Direct;INF789FB1ZK1;;10.4328;0;0;28-Dec-2015
130387;UTI FTIF Series XIX - VI (366 Days)- Growth Option - Direct;INF789FB1ZP0;;11.3732;0;0;28-Dec-2015
130362;UTI FTIF Series XIX - VII (1095 Days ) - Growth Option - Direct;INF789FA1QJ3;;11.5903;0;0;28-Dec-2015
130361;UTI FTIF Series XIX - VII (1095 Days) - Growth Option;INF789FA1QR6;;11.5044;0;0;28-Dec-2015
130397;UTI FTIF Series XIX - VII (1095 Days) - Maturity Div Option;INF789FA1QQ8;;11.5041;0;0;28-Dec-2015
130398;UTI FTIF Series XIX - VII (1095 Days) - Maturity Div Option - Direct;INF789FA1QI5;;11.59;0;0;28-Dec-2015
130396;UTI FTIF Series XIX - VII (1095 Days) - Quarterly Div Option - Direct;INF789FA1QE4;INF789FA1QF1;10.0981;0;0;28-Dec-2015
130393;UTI FTIF Series XIX - VII (1095 Days)- Annual Div Option;INF789FA1QO3;INF789FA1QP0;10.7893;0;0;28-Dec-2015
130395;UTI FTIF Series XIX - VII (1095 Days)- Quarterly Div Option;INF789FA1QM7;INF789FA1QN5;10.1175;0;0;28-Dec-2015
130363;UTI FTIF Series XIX - VIII ( 368 Days )- Growth Option;INF789FA1RH5;;11.3463;0;0;28-Dec-2015
130370;UTI FTIF Series XIX - VIII (368 Days) - Growth Option - Direct;INF789FA1QZ9;;11.3695;0;0;28-Dec-2015
130367;UTI FTIF Series XIX - VIII (368 Days) - Maturity Div Option;INF789FA1RG7;;10.4136;0;0;28-Dec-2015
130693;UTI FTIF Series XIX - X (367 Days) - Annual Div Option;INF789FA1SK7;INF789FA1SL5;10.3986;0;0;28-Dec-2015
130582;UTI FTIF Series XIX - X (367 Days) - Growth Option;INF789FA1SN1;;11.3206;0;0;28-Dec-2015
130692;UTI FTIF Series XIX - X (367 Days) - Growth Option - Direct;INF789FA1SF7;;11.3429;0;0;28-Dec-2015
130698;UTI FTIF Series XIX - X (367 Days) - Quarterly Div Option;INF789FA1SI1;INF789FA1SJ9;10.0224;0;0;28-Dec-2015
130670;UTI FTIF Series XIX - XI (366 Days) - Annual Div Option;INF789FA1TA6;INF789FA1TB4;10.3864;0;0;28-Dec-2015
130668;UTI FTIF Series XIX - XI (366 Days) - Growth Option;INF789FA1TD0;;11.3055;0;0;28-Dec-2015
130669;UTI FTIF Series XIX - XI (366 Days) - Growth Option - Direct;INF789FA1SV4;;11.3277;0;0;28-Dec-2015
130674;UTI FTIF Series XIX - XI (366 Days) - Maturity Div Option - Direct;INF789FA1SU6;;10.3964;0;0;28-Dec-2015
130679;UTI FTIF Series XIX - XII (366 Days) - Annual Div Option;INF789FA1TQ2;INF789FA1TR0;10.3701;0;0;28-Dec-2015
130678;UTI FTIF Series XIX - XII (366 Days) - Growth Option;INF789FA1TT6;;11.3009;0;0;28-Dec-2015
130685;UTI FTIF Series XIX - XII (366 Days) - Growth Option - Direct;INF789FA1TL3;;11.3229;0;0;28-Dec-2015
131206;UTI FTIF Series XIX - XIX (1101 Days) - Annual Div Option;INF789FA1YY6;INF789FA1YZ3;10.7505;0;0;28-Dec-2015
131207;UTI FTIF Series XIX - XIX (1101 Days) - Annual Div Option - Direct;INF789FA1YQ2;INF789FA1YR0;10.7914;0;0;28-Dec-2015
131211;UTI FTIF Series XIX - XIX (1101 Days) - Flexi Div Option;INF789FA1ZC9;INF789FA1ZD7;11.2207;0;0;28-Dec-2015
131080;UTI FTIF Series XIX - XIX (1101 Days) - Growth Option;INF789FA1ZB1;;11.3042;0;0;28-Dec-2015
131213;UTI FTIF Series XIX - XIX (1101 Days) - Growth Option - Direct;INF789FA1YT6;;11.3804;0;0;28-Dec-2015
131210;UTI FTIF Series XIX - XIX (1101 Days) - Maturity Div Option;INF789FA1ZA3;;11.3041;0;0;28-Dec-2015
131208;UTI FTIF Series XIX - XIX (1101 Days) - Quarterly Div Option;INF789FA1YW0;INF789FA1YX8;10.0829;0;0;28-Dec-2015
131209;UTI FTIF Series XIX - XIX (1101 Days) - Quarterly Div Option - Direct;INF789FA1YO7;INF789FA1YP4;10.0837;0;0;28-Dec-2015
131072;UTI FTIF Series XIX - XV (1101 Days) - Annual Div Option;INF789FA1VQ8;INF789FA1VR6;10.7535;0;0;28-Dec-2015
131073;UTI FTIF Series XIX - XV (1101 Days) - Annual Div Option - Direct;INF789FA1VI5;INF789FA1VJ3;10.7948;0;0;28-Dec-2015
131074;UTI FTIF Series XIX - XV (1101 Days) - Flexi Div Option;INF789FA1VU0;INF789FA1VV8;11.2199;0;0;28-Dec-2015
130808;UTI FTIF Series XIX - XV (1101 Days) - Growth Option;INF789FA1VT2;;11.3478;0;0;28-Dec-2015
131071;UTI FTIF Series XIX - XV (1101 Days) - Growth Option - Direct;INF789FA1VL9;;11.4266;0;0;28-Dec-2015
131068;UTI FTIF Series XIX - XV (1101 Days) - Maturity Div Option;INF789FA1VS4;;11.3478;0;0;28-Dec-2015
131070;UTI FTIF Series XIX - XV (1101 Days) - Quarterly Div Option;INF789FA1VO3;INF789FA1VP0;10.0858;0;0;28-Dec-2015
131067;UTI FTIF Series XIX - XV (1101 Days) - Quarterly Div Option - Direct;INF789FA1VG9;INF789FA1VH7;10.0866;0;0;28-Dec-2015
131154;UTI FTIF Series XIX - XVIII (1105 Days) - Annual Div Option;INF789FA1XM3;INF789FA1XN1;10.7732;0;0;28-Dec-2015
131155;UTI FTIF Series XIX - XVIII (1105 Days) - Annual Div Option - Direct;INF789FA1XE0;INF789FA1XF7;10.8145;0;0;28-Dec-2015
131157;UTI FTIF Series XIX - XVIII (1105 Days) - Flexi Div Option;INF789FA1XQ4;INF789FA1XR2;11.2344;0;0;28-Dec-2015
130979;UTI FTIF Series XIX - XVIII (1105 Days) - Growth Option - Direct;INF789FA1XH3;;11.4247;0;0;28-Dec-2015
131153;UTI FTIF Series XIX - XVIII (1105 Days) - Maturity Div Option;INF789FA1XO9;;11.3464;0;0;28-Dec-2015
131159;UTI FTIF Series XIX - XVIII (1105 Days) - Quarterly Div Option;INF789FA1XK7;INF789FA1XL5;10.1147;0;0;28-Dec-2015
131156;UTI FTIF Series XIX - XVIII (1105 Days) - Quarterly Div Option  -Direct;INF789FA1XC4;INF789FA1XD2;10.1156;0;0;28-Dec-2015
130980;UTI FTIF Series XIX -XVIII (1105 Days) - Growth Option;INF789FA1XP6;;11.3464;0;0;28-Dec-2015
131100;UTI FTIF Series XIX - XX (1099 Days) - Annual Div Option;INF789FA1A08;INF789FA1A16;10.756;0;0;28-Dec-2015
131081;UTI FTIF Series XIX - XX (1099 Days) - Growth Option;INF789FA1A32;;11.2826;0;0;28-Dec-2015
131107;UTI FTIF Series XIX - XX (1099 Days) - Growth Option - Direct;INF789FA1ZV9;;11.372;0;0;28-Dec-2015
131105;UTI FTIF Series XIX - XX (1099 Days) - Maturity Div Option;INF789FA1A24;;11.2826;0;0;28-Dec-2015
131108;UTI FTIF Series XIX - XX (1099 Days) - Quarterly Div Option;INF789FA1ZY3;INF789FA1ZZ0;10.0954;0;0;28-Dec-2015
130128;UTI FTIF Series XIX- I (369 Days) - Annual Div Option - Direct;INF789FB1XX9;INF789FB1XY7;10.4544;0;0;28-Dec-2015
130131;UTI FTIF Series XIX- I (369 Days) - Growth Option;INF789FB1XU5;;11.3847;0;0;28-Dec-2015
130129;UTI FTIF Series XIX- I (369 Days) - Maturity Div Option;INF789FB1XR1;;10.4427;0;0;28-Dec-2015
130125;UTI FTIF Series XIX- I (369 Days)- Growth Option - Direct;INF789FB1YC1;;11.409;0;0;28-Dec-2015
130135;UTI FTIF Series XIX- II (368 Days) - Growth Option;INF789FB1YL2;;11.3937;0;0;28-Dec-2015
130136;UTI FTIF Series XIX- II (368 Days) - Growth Option -Direct;INF789FB1ZA2;;11.4178;0;0;28-Dec-2015
123123;UTI FTIF Series XV -VIII (368 DAYS) - Annual Div Option;INF789FA1YA6;INF789FA1YB4;10.716;0;0;28-Dec-2015
123121;UTI FTIF Series XV -VIII (368 DAYS) - Growth Option;INF789FA1YD0;;12.4423;0;0;28-Dec-2015
123122;UTI FTIF Series XV -VIII (368 DAYS) - Growth Option - Direct;INF789FA1YJ7;;12.4662;0;0;28-Dec-2015
123128;UTI FTIF Series XV -VIII (368 DAYS) - Quarterly Div Option;INF789FA1XY8;INF789FA1XZ5;10.0622;0;0;28-Dec-2015
123124;UTI FTIF Series XV -VIII (368 DAYS) - Quarterly Div Option - Direct;INF789FA1YE8;INF789FA1YF5;10.0624;0;0;28-Dec-2015
123665;UTI FTIF Series XV -X (368 DAYS) - Annual Div Option- Direct;INF789FA1ZM8;INF789FA1ZN6;10.7336;0;0;28-Dec-2015
123666;UTI FTIF Series XV -X (368 DAYS) - Growth Option;INF789FA1ZJ4;;12.4094;0;0;28-Dec-2015
123667;UTI FTIF Series XV -X (368 DAYS) - Growth Option -Direct;INF789FA1ZP1;;12.439;0;0;28-Dec-2015
123671;UTI FTIF Series XV -X (368 DAYS) - Maturity Div Option - Direct;INF789FA1ZO4;;11.3151;0;0;28-Dec-2015
123888;UTI FTIF Series XVI - I (366 DAYS) - Growth Option;INF789FA1B31;;12.4655;0;0;28-Dec-2015
123896;UTI FTIF Series XVI - I (366 DAYS) - Growth Option - Direct;INF789FA1C14;;12.4886;0;0;28-Dec-2015
123916;UTI FTIF Series XVI - II (1100 DAYS) - Annual Div Option;INF789F01V04;INF789F01V12;10.9759;0;0;28-Dec-2015
123917;UTI FTIF Series XVI - II (1100 DAYS) - Annual Div Option - Direct;INF789F01V87;INF789F01V95;11.0112;0;0;28-Dec-2015
123924;UTI FTIF Series XVI - II (1100 DAYS) - Flexi Div Option;INF789F01V38;INF789F01V46;11.4331;0;0;28-Dec-2015
123922;UTI FTIF Series XVI - II (1100 DAYS) - Growth Option;INF789F01V53;;12.4917;0;0;28-Dec-2015
123923;UTI FTIF Series XVI - II (1100 DAYS) - Growth Option - Direct;INF789F01W37;;12.6151;0;0;28-Dec-2015
123918;UTI FTIF Series XVI - II (1100 DAYS) - Quarterly Div Option;INF789F01U88;INF789F01U96;10.351;0;0;28-Dec-2015
123919;UTI FTIF Series XVI - II (1100 DAYS) - Quarterly Div Option - Direct;INF789F01V61;INF789F01V79;10.3518;0;0;28-Dec-2015
123935;UTI FTIF Series XVI - III (368 DAYS) - Annual Div Option;INF789FA1C48;INF789FA1C55;10.7098;0;0;28-Dec-2015
123931;UTI FTIF Series XVI - III (368 DAYS) - Annual Div Option - Direct;INF789FA1D05;INF789FA1D13;10.7182;0;0;28-Dec-2015
123928;UTI FTIF Series XVI - III (368 DAYS) - Flexi Div Option;INF789FA1B15;INF789FA1B23;11.2566;0;0;28-Dec-2015
123934;UTI FTIF Series XVI - III (368 DAYS) - Growth Option;INF789FA1C71;;12.4294;0;0;28-Dec-2015
123930;UTI FTIF Series XVI - III (368 DAYS) - Growth Option - Direct;INF789FA1D39;;12.471;0;0;28-Dec-2015
123927;UTI FTIF Series XVI - III (368 DAYS) - Maturity Div Option - Direct;INF789FA1D21;;11.2715;0;0;28-Dec-2015
123932;UTI FTIF Series XVI - III (368 DAYS) - Quarterly Div Option;INF789FA1C22;INF789FA1C30;10.0345;0;0;28-Dec-2015
124563;UTI FTIF Series XVI - IV (369 DAYS) - Annual Div Option - Direct;INF789FA1G85;INF789FA1G93;10.7376;0;0;28-Dec-2015
124560;UTI FTIF Series XVI - IV (369 DAYS) - Growth Option;INF789FA1G51;;12.3334;0;0;28-Dec-2015
124555;UTI FTIF Series XVI - IV (369 DAYS) - Growth Option - Direct;INF789FA1H35;;12.3806;0;0;28-Dec-2015
124564;UTI FTIF Series XVI - IV (369 DAYS) - Maturity Div Option;INF789FA1G28;;11.2286;0;0;28-Dec-2015
124558;UTI FTIF Series XVI - IV (369 DAYS) - Quarterly Div Option - Direct;INF789FA1G69;INF789FA1G77;10.0586;0;0;28-Dec-2015
125089;UTI FTIF Series XVI - IX (368 DAYS) - Growth Option;INF789FA19I3;;12.0645;0;0;28-Dec-2015
125090;UTI FTIF Series XVI - IX (368 DAYS) - Growth Option - Direct;INF789FA17J5;;12.0909;0;0;28-Dec-2015
125093;UTI FTIF Series XVI - IX (368 DAYS) - Quarterly Div Option;INF789FA12I8;INF789FA13I6;10.014;0;0;28-Dec-2015
124674;UTI FTIF Series XVI - V (731 DAYS) - Quarterly Div Option - Direct;INF789F014A2;INF789F015A9;10.014;0;0;28-Dec-2015
124672;UTI FTIF Series XVI - V (731 DAYS)- Annual Div Option - Direct;INF789F016A7;INF789F017A5;10.2309;0;0;28-Dec-2015
124675;UTI FTIF Series XVI - V (731 DAYS)- Growth Option;INF789F013A4;;12.2414;0;0;28-Dec-2015
124673;UTI FTIF Series XVI - V (731 DAYS)- Growth Option - Direct;INF789F011B6;;12.3825;0;0;28-Dec-2015
124676;UTI FTIF Series XVI - V (731 DAYS)- Maturity Div Option;INF789F010A0;;10.2151;0;0;28-Dec-2015
124677;UTI FTIF Series XVI - V (731 DAYS)- Quarterly Div Option;INF789F01Z67;INF789F01Z75;10.0225;0;0;28-Dec-2015
124929;UTI FTIF Series XVI - VII (366 DAYS) - Annual Div Option;INF789FA1Y42;INF789FA1Y59;10.6202;0;0;28-Dec-2015
124925;UTI FTIF Series XVI - VII (366 DAYS) - Growth Option - Direct;INF789FA1Z74;;12.2414;0;0;28-Dec-2015
124932;UTI FTIF Series XVI - VII (366 DAYS) -Flexi Div Option;INF789FA1Y75;INF789FA1Y83;11.1303;0;0;28-Dec-2015
124924;UTI FTIF Series XVI - VII (366 DAYS) -Growth Option;INF789FA1Y91;;12.1546;0;0;28-Dec-2015
124931;UTI FTIF Series XVI - VII (366 DAYS) -Quarterly Div Option;INF789FA1Y26;INF789FA1Y34;10.0339;0;0;28-Dec-2015
124949;UTI FTIF Series XVI - VIII (368 DAYS)- Growth Option - Direct;INF789FA15E0;;12.1321;0;0;28-Dec-2015
124942;UTI FTIF Series XVI - VIII (368 DAYS)-Growth Option;INF789FA17D8;;12.0808;0;0;28-Dec-2015
124945;UTI FTIF Series XVI - VIII (368 DAYS)-Quarterly Div Option;INF789FA10D3;INF789FA11D1;10.0139;0;0;28-Dec-2015
125377;UTI FTIF Series XVI - X (369 DAYS) - Growth Option;INF789FA15O9;;11.9887;0;0;28-Dec-2015
125372;UTI FTIF Series XVI - X (369 DAYS) - Growth Option - Direct;INF789FA13O4;;12.0264;0;0;28-Dec-2015
125378;UTI FTIF Series XVI - X (369 DAYS) - Quarterly Div Option;INF789FA12N8;INF789FA14N4;10.0138;0;0;28-Dec-2015
125552;UTI FTIF Series XVII - I (369 DAYS) - Annual Div Option;INF789FA12X7;INF789FA13X5;10.6478;0;0;28-Dec-2015
125551;UTI FTIF Series XVII - I (369 DAYS) - Growth Option;INF789FA17X6;;11.9127;0;0;28-Dec-2015
125554;UTI FTIF Series XVII - I (369 DAYS) - Growth Option - Direct;INF789FA15Y8;;11.9558;0;0;28-Dec-2015
125558;UTI FTIF Series XVII - I (369 DAYS) - Maturity Div Option;INF789FA14X3;;10.9061;0;0;28-Dec-2015
125556;UTI FTIF Series XVII - I (369 DAYS) - Quarterly Div Option;INF789FA10X1;INF789FA11X9;10.0118;0;0;28-Dec-2015
125555;UTI FTIF Series XVII - I (369 DAYS) - Quarterly Div Option - Direct;INF789FA18X4;INF789FA19X2;10.0119;0;0;28-Dec-2015
126320;UTI FTIF Series XVII - IV (531 DAYS) - Annual Div Option;INF789FB1WZ6;INF789FB1XA7;10.4407;0;0;28-Dec-2015
126321;UTI FTIF Series XVII - IV (531 DAYS) - Annual Div Option - Direct;INF789FB1XH2;INF789FB1XI0;10.4536;0;0;28-Dec-2015
126319;UTI FTIF Series XVII - IV (531 DAYS) - Growth Option;INF789FB1XE9;;11.8573;0;0;28-Dec-2015
126323;UTI FTIF Series XVII - IV (531 DAYS) - Growth Option - Direct;INF789FB1XM2;;11.9319;0;0;28-Dec-2015
126317;UTI FTIF Series XVII - IV (531 DAYS) - Maturity Div Option - Direct;INF789FB1XJ8;;10.453;0;0;28-Dec-2015
126314;UTI FTIF Series XVII - IV (531 DAYS) - Quarterly Div Option;INF789FB1WX1;INF789FB1WY9;10.0126;0;0;28-Dec-2015
126315;UTI FTIF Series XVII - IV (531 DAYS) - Quarterly Div Option - Direct;INF789FB1XF6;INF789FB1XG4;10.013;0;0;28-Dec-2015
126782;UTI FTIF Series XVII -IX (466 DAYS)-Flexi Div Option - Direct;INF789FB1TH0;INF789FB1TI8;10.5266;0;0;28-Dec-2015
126783;UTI FTIF Series XVII -IX (466 DAYS)-Growth Option;INF789FB1TA5;;11.7894;0;0;28-Dec-2015
126784;UTI FTIF Series XVII -IX (466 DAYS)-Growth Option - Direct;INF789FB1TJ6;;11.8332;0;0;28-Dec-2015
126787;UTI FTIF Series XVII -IX (466 DAYS)-Quarterly Div Option;INF789FB1SU5;INF789FB1SV3;10.012;0;0;28-Dec-2015
126788;UTI FTIF Series XVII -IX (466 DAYS)-Quarterly Div Option - Direct;INF789FB1TB3;INF789FB1TC1;10.0122;0;0;28-Dec-2015
126652;UTI FTIF Series XVII -VII (465 DAYS)) - Annual Div Option;INF789FB1US5;INF789FB1UT3;10.5071;0;0;28-Dec-2015
126645;UTI FTIF Series XVII -VII (465 DAYS)- Growth Option;INF789FB1UX5;;11.7517;0;0;28-Dec-2015
126646;UTI FTIF Series XVII -VII (465 DAYS)- Growth Option - Direct;INF789FB1VG8;;11.8038;0;0;28-Dec-2015
126654;UTI FTIF Series XVII -VII (465 DAYS)- Quarterly Div Option;INF789FB1UQ9;INF789FB1UR7;10.0114;0;0;28-Dec-2015
126647;UTI FTIF Series XVII -VII (465 DAYS)- Quarterly Div Option - Direct;INF789FB1VA1;INF789FB1VB9;10.0118;0;0;28-Dec-2015
126656;UTI FTIF Series XVII -VIII (1096 DAYS)- Annual Div Option;INF789F016U5;INF789F017U3;10.789;0;0;28-Dec-2015
126663;UTI FTIF Series XVII -VIII (1096 DAYS)- Maturity Div Option - Direct;INF789F016V3;;11.9901;0;0;28-Dec-2015
126657;UTI FTIF Series XVII -VIII (1096 DAYS)-Annual Div Option - Direct;INF789F014V8;INF789F015V5;10.822;0;0;28-Dec-2015
126661;UTI FTIF Series XVII -VIII (1096 DAYS)-Flexi Div Option;INF789F010V6;INF789F011V4;11.2427;0;0;28-Dec-2015
126664;UTI FTIF Series XVII -VIII (1096 DAYS)-Flexi Div Option - Direct;INF789F018V9;INF789F019V7;11.2991;0;0;28-Dec-2015
126655;UTI FTIF Series XVII -VIII (1096 DAYS)-Growth Option;INF789F019U9;;11.8978;0;0;28-Dec-2015
126662;UTI FTIF Series XVII -VIII (1096 DAYS)-Growth Option - Direct;INF789F017V1;;11.9901;0;0;28-Dec-2015
126660;UTI FTIF Series XVII -VIII (1096 DAYS)-Maturity Div Option;INF789F018U1;;11.8978;0;0;28-Dec-2015
126658;UTI FTIF Series XVII -VIII (1096 DAYS)-Quarterly Div Option;INF789F014U0;INF789F015U7;10.1305;0;0;28-Dec-2015
126659;UTI FTIF Series XVII -VIII (1096 DAYS)-Quarterly Div Option - Direct;INF789F012V2;INF789F013V0;10.1313;0;0;28-Dec-2015
127118;UTI FTIF Series XVII -X (1152 DAYS)-Annual Div Option - Direct;INF789FB1BN6;INF789FB1BO4;10.6579;0;0;28-Dec-2015
127115;UTI FTIF Series XVII -X (1152 DAYS)-Growth Option;INF789FB1BK2;;11.7556;0;0;28-Dec-2015
127116;UTI FTIF Series XVII -X (1152 DAYS)-Growth Option - Direct;INF789FB1BS5;;11.8017;0;0;28-Dec-2015
127119;UTI FTIF Series XVII -X (1152 DAYS)-Quarterly Div Option;INF789FB1BD7;INF789FB1BE5;10.0126;0;0;28-Dec-2015
127210;UTI FTIF Series XVII -XI (430 DAYS)- Annual Div Option;INF789FB1NH3;INF789FB1NI1;10.5341;0;0;28-Dec-2015
127216;UTI FTIF Series XVII -XI (430 DAYS)-Growth Option;INF789FB1NL5;;11.6973;0;0;28-Dec-2015
127209;UTI FTIF Series XVII -XI (430 DAYS)-Growth Option - Direct;INF789FB1NT8;;11.7547;0;0;28-Dec-2015
127453;UTI FTIF Series XVII - XII (1148 DAYS)- Annual Div Option;INF789FA1503;INF789FA1511;10.87;0;0;28-Dec-2015
127445;UTI FTIF Series XVII - XII (1148 DAYS)-Annual Div Option - Direct;INF789FA1586;INF789FA1594;10.897;0;0;28-Dec-2015
127452;UTI FTIF Series XVII - XII (1148 DAYS)-Growth Option;INF789FA1537;;11.9537;0;0;28-Dec-2015
127444;UTI FTIF Series XVII - XII (1148 DAYS)-Growth Option - Direct;INF789FA1610;;12.0249;0;0;28-Dec-2015
127446;UTI FTIF Series XVII - XII (1148 DAYS)-Quarterly Div Option;INF789FA1487;INF789FA1495;10.1908;0;0;28-Dec-2015
127447;UTI FTIF Series XVII - XII (1148 DAYS)-Quarterly Div Option - Direct;INF789FA1560;INF789FA1578;10.1912;0;0;28-Dec-2015
127460;UTI FTIF Series XVII - XIII (369 DAYS)-Growth Option;INF789FB1CA1;;11.7425;0;0;28-Dec-2015
127461;UTI FTIF Series XVII - XIII (369 DAYS)-Growth Option - Direct;INF789FB1CI4;;11.7943;0;0;28-Dec-2015
127467;UTI FTIF Series XVII - XIII (369 DAYS)-Maturity Div Option;INF789FB1BX5;;10.7275;0;0;28-Dec-2015
127630;UTI FTIF Series XVII -XIV (423 DAYS)- Growth Option;INF789FB1OB4;;11.6517;0;0;28-Dec-2015
127631;UTI FTIF Series XVII -XIV (423 DAYS)-Growth Option - Direct;INF789FB1OJ7;;11.7256;0;0;28-Dec-2015
127634;UTI FTIF Series XVII -XIV (423 DAYS)-Quarterly Div Option;INF789FB1NU6;INF789FB1NV4;10.0122;0;0;28-Dec-2015
128277;UTI FTIF Series XVII -XIX (398 DAYS) - Growth Option;INF789FB1MH5;;11.598;0;0;28-Dec-2015
128286;UTI FTIF Series XVII -XIX (398 DAYS) - Growth Option - Direct;INF789FB1MP8;;11.6616;0;0;28-Dec-2015
128282;UTI FTIF Series XVII -XIX (398 DAYS)-Maturity Div Option;INF789FB1ME2;;10.5413;0;0;28-Dec-2015
127819;UTI FTIF Series XVII -XVI (367 DAYS)- Annual Div Option;INF789FA1AG3;INF789FA1AH1;10.6812;0;0;28-Dec-2015
127815;UTI FTIF Series XVII -XVI (367 DAYS)- Growth Option;INF789FA1AJ7;;11.6947;0;0;28-Dec-2015
127817;UTI FTIF Series XVII -XVI (367 DAYS)-Flexi Div Option;INF789FA1AK5;INF789FA1AL3;10.6821;0;0;28-Dec-2015
127816;UTI FTIF Series XVII -XVI (367 DAYS)-Growth Option - Direct;INF789FA1AB4;;11.752;0;0;28-Dec-2015
128127;UTI FTIF Series XVII -XVII (395 DAYS)-Growth Option;INF789FB1LB0;;11.6231;0;0;28-Dec-2015
128132;UTI FTIF Series XVII -XVII (395 DAYS)-Growth Option - Direct;INF789FB1LJ3;;11.6878;0;0;28-Dec-2015
128130;UTI FTIF Series XVII -XVII (395 DAYS)-Maturity Div Option;INF789FB1KY4;;10.5704;0;0;28-Dec-2015
128137;UTI FTIF Series XVII -XVIII (796 DAYS)-Growth Option;INF789FA1BP2;;11.7914;0;0;28-Dec-2015
128138;UTI FTIF Series XVII -XVIII (796 DAYS)-Growth Option - Direct;INF789FA1BH9;;11.8446;0;0;28-Dec-2015
128140;UTI FTIF Series XVII -XVIII (796 DAYS)-Quarterly Div Option;INF789FA1BK3;INF789FA1BL1;10.1724;0;0;28-Dec-2015
128287;UTI FTIF Series XVII -XX (369 DAYS)-Growth Option;INF789FB1HH5;;11.6163;0;0;28-Dec-2015
128295;UTI FTIF Series XVII -XX (369 DAYS)-Growth Option - Direct;INF789FB1HP8;;11.6729;0;0;28-Dec-2015
128290;UTI FTIF Series XVII -XX (369 DAYS)-Quarterly Div Option - Direct;INF789FB1HI3;INF789FB1HJ1;10.0108;0;0;28-Dec-2015
129590;UTI FTIF Series XVIII - IX (733 Days) - Annual Div Option;INF789FA1JE9;INF789FA1JF6;10.7573;0;0;28-Dec-2015
129591;UTI FTIF Series XVIII - IX (733 Days) - Annual Div Option - Direct;INF789FA1IW3;INF789FA1IX1;10.7779;0;0;28-Dec-2015
129598;UTI FTIF Series XVIII - IX (733 Days) - Flexi Div Option;INF789FA1JI0;INF789FA1JJ8;11.2123;0;0;28-Dec-2015
129592;UTI FTIF Series XVIII - IX (733 Days) - Growth Option;INF789FA1JH2;;11.5894;0;0;28-Dec-2015
129593;UTI FTIF Series XVIII - IX (733 Days) - Growth Option - Direct;INF789FA1IZ6;;11.6373;0;0;28-Dec-2015
129596;UTI FTIF Series XVIII - IX (733 Days) - Maturity Div Option;INF789FA1JG4;;11.5894;0;0;28-Dec-2015
129594;UTI FTIF Series XVIII - IX (733 Days) - Quarterly Div Option;INF789FA1JC3;INF789FA1JD1;10.0955;0;0;28-Dec-2015
129544;UTI FTIF Series XVIII - VIII ( 366 days ) - Annual Div Option;INF789FB1PS5;INF789FB1PT3;10.5164;0;0;28-Dec-2015
129549;UTI FTIF Series XVIII - VIII (366 Days) - Growth Option - Direct;INF789FB1QF0;;11.5046;0;0;28-Dec-2015
129547;UTI FTIF Series XVIII - VIII (366 Days) - Quarterly Div Option;INF789FB1PQ9;INF789FB1PR7;10.0103;0;0;28-Dec-2015
129550;UTI FTIF Series XVIII - VIII (366 days)- Growth Option;INF789FB1PX5;;11.4667;0;0;28-Dec-2015
129602;UTI FTIF Series XVIII - X (366 Days) - Annual Div Option;INF789FB1SG4;INF789FB1SH2;10.5068;0;0;28-Dec-2015
129600;UTI FTIF Series XVIII - X (366 Days) - Annual Div Option - Direct;INF789FB1SO8;INF789FB1SP5;10.5197;0;0;28-Dec-2015
129601;UTI FTIF Series XVIII - X (366 Days) - Growth Option;INF789FB1SL4;;11.4623;0;0;28-Dec-2015
129603;UTI FTIF Series XVIII - X (366 Days) - Growth Option - Direct;INF789FB1ST7;;11.4994;0;0;28-Dec-2015
129604;UTI FTIF Series XVIII - X (366 Days) - Quarterly Div Option;INF789FB1SE9;INF789FB1SF6;10.0122;0;0;28-Dec-2015
129823;UTI FTIF Series XVIII - XI (1095  Days) - Maturity Div Option;INF789FA1JW1;;11.6309;0;0;28-Dec-2015
129820;UTI FTIF Series XVIII - XI (1095 Days) - Annual Div Option - Direct;INF789FA1JM2;INF789FA1JN0;10.9281;0;0;28-Dec-2015
129817;UTI FTIF Series XVIII - XI (1095 Days) - Growth Option;INF789FA1JX9;;11.6311;0;0;28-Dec-2015
129818;UTI FTIF Series XVIII - XI (1095 Days) - Growth Option - Direct;INF789FA1JP5;;11.7258;0;0;28-Dec-2015
129821;UTI FTIF Series XVIII - XI (1095 Days) - Quarterly Div Option;INF789FA1JS9;INF789FA1JT7;10.2888;0;0;28-Dec-2015
129822;UTI FTIF Series XVIII - XI (1095 Days) - Quarterly Div Option -Direct;INF789FA1JK6;INF789FA1JL4;10.2899;0;0;28-Dec-2015
129819;UTI FTIF Series XVIII - XI (1095 Days) -Annual Div Option;INF789FA1JU5;INF789FA1JV3;10.8859;0;0;28-Dec-2015
129827;UTI FTIF Series XVIII - XII (366 Days) - Growth Option;INF789FB1TR9;;11.4435;0;0;28-Dec-2015
129834;UTI FTIF Series XVIII - XII (366 Days) - Growth Option - Direct;INF789FB1TZ2;;11.4685;0;0;28-Dec-2015
129833;UTI FTIF Series XVIII - XII (366 Days) - Maturity Div Option - Direct;INF789FB1TW9;;10.5025;0;0;28-Dec-2015
130075;UTI FTIF Series XVIII - XIV(368 Days) - Annual Div Option;INF789FB1VT1;INF789FB1VU9;10.4662;0;0;28-Dec-2015
130079;UTI FTIF Series XVIII - XIV(368 Days) - Growth Option;INF789FB1VY1;;11.4073;0;0;28-Dec-2015
130081;UTI FTIF Series XVIII - XIV(368 Days) - Growth Option - Direct;INF789FB1WG6;;11.4434;0;0;28-Dec-2015
130080;UTI FTIF Series XVIII- XIV(368 Days) - Quarterly Div Option;INF789FB1VR5;INF789FB1VS3;10.0275;0;0;28-Dec-2015
130091;UTI FTIF Series XVIII - XV (366 Days) - Annual Div Option;INF789FB1WJ0;INF789FB1WK8;10.4585;0;0;28-Dec-2015
130089;UTI FTIF Series XVIII - XV (366 Days) - Growth Option;INF789FB1WO0;;11.4008;0;0;28-Dec-2015
130090;UTI FTIF Series XVIII - XV (366 Days) - Growth Option - Direct;INF789FB1WW3;;11.4252;0;0;28-Dec-2015
130093;UTI FTIF Series XVIII - XV (366 Days) - Quarterly Div Option;INF789FB1WH4;INF789FB1WI2;10.0128;0;0;28-Dec-2015
130068;UTI FTIF Series XVIII - XIII (366 Days) - Annual Div Option;INF789FB1UC9;INF789FB1UD7;10.4734;0;0;28-Dec-2015
130065;UTI FTIF Series XVIII - XIII(366 Days) - Growth Option;INF789FB1UH8;;11.4165;0;0;28-Dec-2015
130066;UTI FTIF Series XVIII - XIII(366 Days) - Growth Option - Direct;INF789FB1UP1;;11.4412;0;0;28-Dec-2015
130072;UTI FTIF Series XVIII - XIII(366 Days) - Maturity Div Option - Direct;INF789FB1UM8;;10.4859;0;0;28-Dec-2015
130070;UTI FTIF Series XVIII - XIII(366 Days) - Quarterly Div Option - Direct;INF789FB1UI6;INF789FB1UJ4;10.0116;0;0;28-Dec-2015
128559;UTI FTIF Series XVIII -I (400 DAYS)-Annual Div Option;INF789FB1PC9;INF789FB1PD7;10.5146;0;0;28-Dec-2015
128557;UTI FTIF Series XVIII -I (400 DAYS)-Growth Option;INF789FB1PH8;;11.555;0;0;28-Dec-2015
128558;UTI FTIF Series XVIII -I (400 DAYS)-Growth Option - Direct;INF789FB1PJ4;;11.617;0;0;28-Dec-2015
128554;UTI FTIF Series XVIII -I (400 DAYS)-Quarterly Div Option;INF789FB1PA3;INF789FB1PB1;10.0128;0;0;28-Dec-2015
128662;UTI FTIF Series XVIII -III (367 DAYS) - Growth Option - Direct;INF789FB1GZ9;;11.6532;0;0;28-Dec-2015
128661;UTI FTIF Series XVIII -III (367 DAYS)- Growth Option;INF789FB1GQ8;;11.5972;0;0;28-Dec-2015
128667;UTI FTIF Series XVIII -III (367 DAYS)-Annual Div Option - Direct;INF789FB1GT2;INF789FB1GU0;10.6593;0;0;28-Dec-2015
128876;UTI FTIF Series XVIII -IV (366 DAYS) - Growth Option - Direct;INF789FB1IF7;;11.6152;0;0;28-Dec-2015
128885;UTI FTIF Series XVIII -IV (366 DAYS)- Growth Option;INF789FB1HX2;;11.593;0;0;28-Dec-2015
128878;UTI FTIF Series XVIII -IV (366 DAYS)-Annual Div Option - Direct;INF789FB1IA8;INF789FB1IB6;10.6368;0;0;28-Dec-2015
129257;UTI FTIF Series XVIII -V (370 DAYS) - Growth Option - Direct;INF789FB1LZ9;;11.5468;0;0;28-Dec-2015
129256;UTI FTIF Series XVIII -V (370 DAYS)- Growth Option;INF789FB1LR6;;11.5198;0;0;28-Dec-2015
129258;UTI FTIF Series XVIII -V (370 DAYS)-Annual Div Option;INF789FB1LM7;INF789FB1LN5;10.5575;0;0;28-Dec-2015
129259;UTI FTIF Series XVIII -V (370 DAYS)-Annual Div Option - Direct;INF789FB1LU0;INF789FB1LV8;10.5717;0;0;28-Dec-2015
129260;UTI FTIF Series XVIII -V (370 DAYS)-Quarterly Div Option;INF789FB1LK1;INF789FB1LL9;10.0107;0;0;28-Dec-2015
129261;UTI FTIF Series XVIII -V (370 DAYS)-Quarterly Div Option - Direct;INF789FB1LS4;INF789FB1LT2;10.0111;0;0;28-Dec-2015
129266;UTI FTIF Series XVIII -VI (367 DAYS) - Growth Option - Direct;INF789FB1NE0;;11.5232;0;0;28-Dec-2015
129274;UTI FTIF Series XVIII -VI (367 DAYS)- Growth Option;INF789FB1MW4;;11.4783;0;0;28-Dec-2015
129267;UTI FTIF Series XVIII -VI (367 DAYS)-Annual Div Option;INF789FB1MR4;INF789FB1MS2;10.5373;0;0;28-Dec-2015
129271;UTI FTIF Series XVIII -VI (367 DAYS)-Maturity Div Option;INF789FB1MT0;;10.5371;0;0;28-Dec-2015
129272;UTI FTIF Series XVIII -VI (367 DAYS)-Maturity Div Option - Direct;INF789FB1NB6;;10.5517;0;0;28-Dec-2015
129269;UTI FTIF Series XVIII -VI (367 DAYS)-Quarterly Div Option;INF789FB1MQ6;INF789FB1QM6;10.0109;0;0;28-Dec-2015
129276;UTI FTIF Series XVIII -VII (368 DAYS) - Growth Option - Direct;INF789FB1OZ3;;11.5193;0;0;28-Dec-2015
129283;UTI FTIF Series XVIII -VII (368 DAYS)- Growth Option;INF789FB1OR0;;11.4927;0;0;28-Dec-2015
129277;UTI FTIF Series XVIII -VII (368 DAYS)-Annual Div Option;INF789FB1OM1;INF789FB1ON9;10.5264;0;0;28-Dec-2015
129281;UTI FTIF Series XVIII -VII (368 DAYS)-Flexi Div Option;INF789FB1OP4;INF789FB1OQ2;10.5256;0;0;28-Dec-2015
129279;UTI FTIF Series XVIII -VII (368 DAYS)-Maturity Div Option;INF789FB1OO7;;10.5256;0;0;28-Dec-2015
129285;UTI FTIF Series XVIII -VII (368 DAYS)-Quarterly Div Option;INF789FB1OK5;INF789FB1OL3;10.0117;0;0;28-Dec-2015
131246;UTI FTIF Series XX - I (1099 Days) - Annual Div Option;INF789FA1E87;INF789FA1E95;10.7515;0;0;28-Dec-2015
131245;UTI FTIF Series XX - I (1099 Days) - Growth Option;INF789FA1F11;;11.2389;0;0;28-Dec-2015
131253;UTI FTIF Series XX - I (1099 Days) - Growth Option - Direct;INF789FA1E38;;11.3255;0;0;28-Dec-2015
131250;UTI FTIF Series XX - I (1099 Days) - Maturity Div Option;INF789FA1F03;;11.239;0;0;28-Dec-2015
131248;UTI FTIF Series XX - I (1099 Days) - Quarterly Div Option;INF789FA1E61;INF789FA1E79;10.0871;0;0;28-Dec-2015
131249;UTI FTIF Series XX - I (1099 Days) - Quarterly Div Option - Direct;INF789FA1D88;INF789FA1D96;10.0881;0;0;28-Dec-2015
131565;UTI FTIF Series XX - II (1103 Days) - Annual Div Option;INF789FA1I42;INF789FA1I59;10.7404;0;0;28-Dec-2015
131572;UTI FTIF Series XX - II (1103 Days) - Annual Div Option -Direct;INF789FA1H68;INF789FA1H76;10.7897;0;0;28-Dec-2015
131446;UTI FTIF Series XX - II (1103 Days) - Growth Option;INF789FA1I75;;11.2051;0;0;28-Dec-2015
131573;UTI FTIF Series XX - II (1103 Days) - Growth Option -Direct;INF789FA1H92;;11.2899;0;0;28-Dec-2015
131568;UTI FTIF Series XX - II (1103 Days) - Maturity Div Option;INF789FA1I67;;11.2051;0;0;28-Dec-2015
131569;UTI FTIF Series XX - II (1103 Days) - Maturity Div Option - Direct;INF789FA1H84;;11.29;0;0;28-Dec-2015
131566;UTI FTIF Series XX - II (1103 Days) - Quarterly Div Option;INF789FA1I26;INF789FA1I34;10.0727;0;0;28-Dec-2015
131567;UTI FTIF Series XX - II (1103 Days) - Quarterly Div Option - Direct;INF789FA1H43;INF789FA1H50;10.0737;0;0;28-Dec-2015
132774;UTI FTIF Series XX - III (1100 Days) - Annual Div Option;INF789FA1X68;INF789FA1X76;10.7141;0;0;28-Dec-2015
132779;UTI FTIF Series XX - III (1100 Days) - Annual Div Option - Direct;INF789FA1W85;INF789FA1W93;10.7634;0;0;28-Dec-2015
132777;UTI FTIF Series XX - III (1100 Days) - Flexi Div Option;INF789FA1Y00;INF789FA1Y18;11.1587;0;0;28-Dec-2015
131447;UTI FTIF Series XX - III (1100 Days) - Growth Option;INF789FA1X92;;11.1586;0;0;28-Dec-2015
131448;UTI FTIF Series XX - III (1100 Days) - Growth Option - Direct;INF789FA1X19;;11.2411;0;0;28-Dec-2015
132781;UTI FTIF Series XX - III (1100 Days) - Maturity Div Option;INF789FA1X84;;11.1586;0;0;28-Dec-2015
132780;UTI FTIF Series XX - III (1100 Days) - Quarterly Div Option;INF789FA1X43;INF789FA1X50;10.0428;0;0;28-Dec-2015
133076;UTI FTIF Series XX - IX (1104 Days) - Annual Div Option;INF789FA14M6;INF789FA15M3;10.6218;0;0;28-Dec-2015
133078;UTI FTIF Series XX - IX (1104 Days) - Annual Div Option - Direct;INF789FA16L3;INF789FA17L1;10.6706;0;0;28-Dec-2015
133070;UTI FTIF Series XX - IX (1104 Days) - Growth Option;INF789FA17M9;;10.9368;0;0;28-Dec-2015
133071;UTI FTIF Series XX - IX (1104 Days) - Growth Option - Direct;INF789FA19L7;;11.0099;0;0;28-Dec-2015
133074;UTI FTIF Series XX - IX (1104 Days) - Maturity Div Option - Direct;INF789FA18L9;;11.0104;0;0;28-Dec-2015
133072;UTI FTIF Series XX - IX (1104 Days) - Quarterly Div Option;INF789FA12M0;INF789FA13M8;10.0103;0;0;28-Dec-2015
133073;UTI FTIF Series XX - IX (1104 Days) - Quarterly Div Option - Direct;INF789FA14L8;INF789FA15L5;10.0114;0;0;28-Dec-2015
132817;UTI FTIF Series XX - V (1100 Days) - Annual Div Option;INF789FA14C7;INF789FA15C4;10.6687;0;0;28-Dec-2015
132812;UTI FTIF Series XX - V (1100 Days) - Annual Div Option - Direct;INF789FA16B4;INF789FA17B2;10.7179;0;0;28-Dec-2015
132816;UTI FTIF Series XX - V (1100 Days) - Flexi Div Option;INF789FA18C8;INF789FA19C6;11.0822;0;0;28-Dec-2015
132819;UTI FTIF Series XX - V (1100 Days) - Flexi Div Option - Direct;INF789FA10C5;INF789FA11C3;11.1629;0;0;28-Dec-2015
132810;UTI FTIF Series XX - V (1100 Days) - Growth Option;INF789FA17C0;;11.0826;0;0;28-Dec-2015
132811;UTI FTIF Series XX - V (1100 Days) - Growth Option - Direct;INF789FA19B8;;11.1628;0;0;28-Dec-2015
132814;UTI FTIF Series XX - V (1100 Days) - Maturity Div Option;INF789FA16C2;;11.0826;0;0;28-Dec-2015
132815;UTI FTIF Series XX - V (1100 Days) - Maturity Div Option - Direct;INF789FA18B0;;11.1634;0;0;28-Dec-2015
132818;UTI FTIF Series XX - V (1100 Days) - Quarterly Div Option;INF789FA12C1;INF789FA13C9;10.011;0;0;28-Dec-2015
132813;UTI FTIF Series XX - V (1100 Days) - Quarterly Div Option - Direct;INF789FA14B9;INF789FA15B6;10.0122;0;0;28-Dec-2015
132822;UTI FTIF Series XX - VI (1100 Days) - Annual Div Option  -Direct;INF789FA18E4;INF789FA19E2;10.8628;0;0;28-Dec-2015
132826;UTI FTIF Series XX - VI (1100 Days) - Flexi Div Option;INF789FA10G6;INF789FA11G4;11.0229;0;0;28-Dec-2015
132827;UTI FTIF Series XX - VI (1100 Days) - Growth Option;INF789FA19F9;;11.0229;0;0;28-Dec-2015
132820;UTI FTIF Series XX - VI (1100 Days) - Growth Option - Direct;INF789FA11F6;;11.1004;0;0;28-Dec-2015
132828;UTI FTIF Series XX - VI (1100 Days) - Maturity Div Option;INF789FA18F1;;11.0229;0;0;28-Dec-2015
132825;UTI FTIF Series XX - VI (1100 Days) - Maturity Div Option - Direct;INF789FA10F8;;11.1004;0;0;28-Dec-2015
132824;UTI FTIF series XX - VI (1100 Days) - Quarterly Div Option - Direct;INF789FA16E8;INF789FA17E6;10.0122;0;0;28-Dec-2015
132821;UTI FTIF Series XX - VI (1100 Days) - Regular Plan - Annual Div Option;INF789FA16F5;INF789FA17F3;10.6496;0;0;28-Dec-2015
132823;UTI FTIF Series XX - VI (1100 Days)- Quarterly Div Option;INF789FA14F0;INF789FA15F7;10.0102;0;0;28-Dec-2015
132965;UTI FTIF Series XX - VII (1103 Days) - Annual Div Option;INF789FA12H0;INF789FA13H8;10.6322;0;0;28-Dec-2015
132972;UTI FTIF Series XX - VII (1103 Days) - Flexi Div Option;INF789FA16H1;INF789FA17H9;10.9708;0;0;28-Dec-2015
132963;UTI FTIF Series XX - VII (1103 Days) - Growth Option;INF789FA15H3;;10.9705;0;0;28-Dec-2015
132964;UTI FTIF Series XX - VII (1103 Days) - Growth Option - Direct;INF789FA17G1;;11.0449;0;0;28-Dec-2015
132966;UTI FTIF Series XX - VII (1103 Days) - Quarterly Div Option;INF789FA10H4;INF789FA11H2;10.0103;0;0;28-Dec-2015
133100;UTI FTIF Series XX - X (1105 Days) - Annual Div Option - Direct;INF789FA16O7;INF789FA17O5;10.6688;0;0;28-Dec-2015
133092;UTI FTIF Series XX - X (1105 Days) - Growth Option;INF789FA18P0;;10.9771;0;0;28-Dec-2015
133093;UTI FTIF Series XX - X (1105 Days) - Growth Option - Direct;INF789FA10P7;;10.9955;0;0;28-Dec-2015
133094;UTI FTIF Series XX - X (1105 Days) - Maturity Div Option;INF789FA19P8;;10.9773;0;0;28-Dec-2015
133159;UTI FTIF Series XX - XI (1100 Days) - Annual Div Option;INF789FA10R3;INF789FA11R1;10.6269;0;0;28-Dec-2015
133149;UTI FTIF Series XX - XI (1100 Days) - Annual Div Option - Direct;INF789FA12Q1;INF789FA13Q9;10.6759;0;0;28-Dec-2015
133156;UTI FTIF Series XX - XI (1100 Days) - Growth Option;INF789FA14R5;;10.8961;0;0;28-Dec-2015
133157;UTI FTIF Series XX - XI (1100 Days) - Growth Option - Direct;INF789FA16Q2;;10.9665;0;0;28-Dec-2015
133152;UTI FTIF Series XX - XI (1100 Days) - Maturity Div Option;INF789FA15R2;;10.8961;0;0;28-Dec-2015
133153;UTI FTIF Series XX - XI (1100 Days) - Maturity Div Option - Direct;INF789FA17Q0;;10.9665;0;0;28-Dec-2015
133150;UTI FTIF Series XX - XI (1100 Days) - Quarterly Div Option;INF789FA16R0;INF789FA17R8;10.0097;0;0;28-Dec-2015
133151;UTI FTIF Series XX - XI (1100 Days) - Quarterly Div Option - Direct;INF789FA18Q8;INF789FA19Q6;10.0107;0;0;28-Dec-2015
133336;UTI FTIF Series XX - XII (1103 Days) - Annual Div Option;INF789FA16S8;INF789FA17S6;10.6521;0;0;28-Dec-2015
133337;UTI FTIF Series XX - XII (1103 Days) - Annual Div Option - Direct;INF789FA18R6;INF789FA19R4;10.6943;0;0;28-Dec-2015
133342;UTI FTIF Series XX - XII (1103 Days) - Flexi Div Option;INF789FA18S4;INF789FA19S2;10.9033;0;0;28-Dec-2015
133334;UTI FTIF Series XX - XII (1103 Days) - Growth Option;INF789FA10T9;;10.9033;0;0;28-Dec-2015
133335;UTI FTIF Series XX - XII (1103 Days) - Growth Option - Direct;INF789FA12S7;;10.9722;0;0;28-Dec-2015
133340;UTI FTIF Series XX - XII (1103 Days) - Maturity Div Option;INF789FA11T7;;10.9036;0;0;28-Dec-2015
133341;UTI FTIF Series XX - XII (1103 Days) - Maturity Div Option - Direct;INF789FA13S5;;10.972;0;0;28-Dec-2015
133338;UTI FTIF Series XX - XII (1103 Days) - Quarterly Div Option;INF789FA12T5;INF789FA13T3;10.0103;0;0;28-Dec-2015
133339;UTI FTIF Series XX - XII (1103 Days) - Quarterly Div Option - Direct;INF789FA14S3;INF789FA15S0;10.012;0;0;28-Dec-2015
133453;UTI FTIF Series XX - XVI (1100 Days) Annual Div Option;INF789FB1296;INF789FB1304;10.6609;0;0;28-Dec-2015
133447;UTI FTIF Series XX - XVI (1100 days) Annual Div Option - Direct;INF789FB1213;INF789FB1221;10.7098;0;0;28-Dec-2015
133452;UTI FTIF Series XX - XVI (1100 Days) Flexi Div Option Direct;INF789FB1254;INF789FB1262;10.9651;0;0;28-Dec-2015
133449;UTI FTIF Series XX - XVI (1100 Days) Growth Option;INF789FB1320;;10.8985;0;0;28-Dec-2015
133450;UTI FTIF Series XX - XVI (1100 Days) Growth Option Direct;INF789FB1247;;10.9654;0;0;28-Dec-2015
133451;UTI FTIF Series XX - XVI (1100 Days) Maturity Dividend Direct;INF789FB1239;;10.9648;0;0;28-Dec-2015
133448;UTI FTIF Series XX - XVI (1100 days) Quarterly Div Option;INF789FB1270;INF789FB1288;10.0162;0;0;28-Dec-2015
133454;UTI FTIF Series XX - XVI (1100 Days) Quarterly Div Option - Direct;INF789FB1197;INF789FB1205;10.0174;0;0;28-Dec-2015
133483;UTI FTIF Series XX - XVII (1102 Days) - Annual Div Option;INF789FB1452;INF789FB1460;10.6649;0;0;28-Dec-2015
133478;UTI FTIF Series XX - XVII (1102 Days) - Annual Div Option - Direct;INF789FB1379;INF789FB1387;10.7141;0;0;28-Dec-2015
133482;UTI FTIF Series XX - XVII (1102 Days) - Flexi Div Option;INF789FB1494;INF789FB1502;10.8911;0;0;28-Dec-2015
133476;UTI FTIF Series XX - XVII (1102 Days) - Growth Option;INF789FB1486;;10.8904;0;0;28-Dec-2015
133474;UTI FTIF Series XX - XVII (1102 Days) - Growth Option - Direct;INF789FB1403;;10.9565;0;0;28-Dec-2015
133475;UTI FTIF Series XX - XVII (1102 Days) - Quarterly Div Option;INF789FB1437;INF789FB1445;10.0241;0;0;28-Dec-2015
133026;UTI FTIF Series XX-VIII (1105 Days) - Growth Option;INF789FA11L4;;10.9972;0;0;28-Dec-2015
133027;UTI FTIF Series XX-VIII (1105 Days) - Growth Option - Direct;INF789FA13K2;;11.0158;0;0;28-Dec-2015
133020;UTI FTIF Series XX-VIII (1105 Days) - Quarterly Div Option;INF789FA16K5;INF789FA17K3;10.0116;0;0;28-Dec-2015
133543;UTI FTIF Series XXI - I (1100 Days) - Annual Div Option;INF789FB1619;;10.6567;0;0;28-Dec-2015
133545;UTI FTIF Series XXI - I (1100 Days) - Annual Div Option - Direct;INF789FB1536;;10.6968;0;0;28-Dec-2015
133547;UTI FTIF Series XXI - I (1100 Days) - Flexi Div Option;INF789FB1650;;10.8449;0;0;28-Dec-2015
133540;UTI FTIF Series XXI - I (1100 Days) - Growth Option;INF789FB1643;;10.8447;0;0;28-Dec-2015
133541;UTI FTIF Series XXI - I (1100 Days) - Growth Option - Direct;INF789FB1569;;10.898;0;0;28-Dec-2015
133546;UTI FTIF Series XXI - I (1100 Days) - Maturity Div Option;INF789FB1635;;10.8477;0;0;28-Dec-2015
133542;UTI FTIF Series XXI - I (1100 Days) - Quarterly Div Option;INF789FB1593;;10.0237;0;0;28-Dec-2015
133544;UTI FTIF Series XXI - I (1100 Days) - Quarterly Div Option - Direct;INF789FB1510;;10.0246;0;0;28-Dec-2015
133655;UTI FTIF Series XXI - II (1100 Days) - Annual Div Option;INF789FB1627;;10.6565;0;0;28-Dec-2015
133654;UTI FTIF Series XXI - II (1100 Days) - Annual Div Option - Direct;INF789FB1544;;10.6973;0;0;28-Dec-2015
133652;UTI FTIF Series XXI - II (1100 Days) - Flexi Div Option;INF789FB1668;;10.8019;0;0;28-Dec-2015
133656;UTI FTIF Series XXI - II (1100 Days) - Growth Option;INF789FB1908;;10.802;0;0;28-Dec-2015
133648;UTI FTIF Series XXI - II (1100 Days) - Growth Option - Direct;INF789FB1882;;10.853;0;0;28-Dec-2015
133657;UTI FTIF Series XXI - II (1100 Days) - Maturity Div Option;INF789FB1890;;10.802;0;0;28-Dec-2015
133649;UTI FTIF Series XXI - II (1100 Days) - Quarterly Div Option;INF789FB1601;;10.0137;0;0;28-Dec-2015
133650;UTI FTIF Series XXI - II (1100 Days) - Quarterly Div Option - Direct;INF789FB1528;;10.0147;0;0;28-Dec-2015
133692;UTI FTIF Series XXI-III (1158 Days) - Annual Div Option;INF789FB1AA5;;10.6867;0;0;28-Dec-2015
133685;UTI FTIF Series XXI-III (1158 Days) - Annual Div Option - Direct;INF789FB1965;;10.7276;0;0;28-Dec-2015
133683;UTI FTIF Series XXI-III (1158 Days) - Growth Option;INF789FB1AE7;;10.7817;0;0;28-Dec-2015
133684;UTI FTIF series XXI-III (1158 Days) - Growth Option - Direct;INF789FB1AC1;;10.831;0;0;28-Dec-2015
133687;UTI FTIF Series XXI-III (1158 Days) - Maturity Div Option - Direct;INF789FB1AB3;;10.8318;0;0;28-Dec-2015
133686;UTI FTIF Series XXI-III (1158 Days) - Quarterly Div Option;INF789FB1999;;10.0167;0;0;28-Dec-2015
133697;UTI FTIF Series XXI-IV (1146 Days) - Annual Div Option;INF789FB1AK4;;10.6891;0;0;28-Dec-2015
133696;UTI FTIF Series XXI-IV (1146 Days) - Annual Div Option - Direct;INF789FB1AG2;;10.7323;0;0;28-Dec-2015
133701;UTI FTIF Series XXI-IV (1146 Days) - Flexi Div Option;INF789FB1AI8;;10.7731;0;0;28-Dec-2015
133698;UTI FTIF Series XXI-IV (1146 Days) - Growth Option;INF789FB1AO6;;10.7731;0;0;28-Dec-2015
133693;UTI FTIF Series XXI-IV (1146 Days) - Growth Option - Direct;INF789FB1AM0;;10.8206;0;0;28-Dec-2015
133695;UTI FTIF Series XXI-IV (1146 Days) - Maturity Div Option;INF789FB1AN8;;10.7731;0;0;28-Dec-2015
133700;UTI FTIF Series XXI-IV (1146 Days) - Maturity Div Option - Direct;INF789FB1AL2;;10.8204;0;0;28-Dec-2015
133694;UTI FTIF Series XXI-IV (1146 Days) - Quarterly Div Option;INF789FB1AJ6;;10.0347;0;0;28-Dec-2015
133699;UTI FTIF Series XXI-IV (1146 Days) - Quarterly Div Option - Direct;INF789FB1AF4;;10.0356;0;0;28-Dec-2015
134035;UTI FTIF Series XXI-VI (1145 Days) - Annual Div Option;INF789FB1CS3;;10.6827;0;0;28-Dec-2015
134032;UTI FTIF Series XXI-VI (1145 Days) - Flexi Div Option;INF789FB1CQ7;;10.74;0;0;28-Dec-2015
134028;UTI FTIF Series XXI-VI (1145 Days) - Growth Option;INF789FB1CW5;;10.74;0;0;28-Dec-2015
134027;UTI FTIF Series XXI-VI (1145 Days) - Growth Option - Direct;INF789FB1CU9;;10.786;0;0;28-Dec-2015
134031;UTI FTIF Series XXI-VI (1145 Days) - Maturity Div Option - Direct;INF789FB1CT1;;10.7849;0;0;28-Dec-2015
134029;UTI FTIF Series XXI-VI (1145 Days) - Quarterly Div Option;INF789FB1CR5;;10.0304;0;0;28-Dec-2015
134034;UTI FTIF Series XXI-VI (1145 Days) - Quarterly Div Option - Direct;INF789FB1CN4;;10.0313;0;0;28-Dec-2015
134090;UTI FTIF Series XXI-VII (1143 Days) - Annual Div Option;INF789FB1DC5;;10.7166;0;0;28-Dec-2015
134091;UTI FTIF Series XXI-VII (1143 Days) - Annual Div Option - Direct;INF789FB1CY1;;10.7606;0;0;28-Dec-2015
134088;UTI FTIF Series XXI-VII (1143 Days) - Growth Option;INF789FB1DG6;;10.7163;0;0;28-Dec-2015
134084;UTI FTIF Series XXI-VII (1143 Days) - Growth Option - Direct;INF789FB1DE1;;10.7607;0;0;28-Dec-2015
134092;UTI FTIF Series XXI-VII (1143 Days) - Maturity Div Option;INF789FB1DF8;;10.7163;0;0;28-Dec-2015
134085;UTI FTIF Series XXI-VII (1143 Days) - Quarterly Div Option;INF789FB1DB7;;10.0236;0;0;28-Dec-2015
134100;UTI FTIF Series XXI-VIII (1136 Days) - Annual Div Option;INF789FB1DM4;;10.686;0;0;28-Dec-2015
134095;UTI FTIF Series XXI-VIII (1136 Days) - Annual Div Option - Direct;INF789FB1DI2;;10.7291;0;0;28-Dec-2015
134101;UTI FTIF Series XXI-VIII (1136 Days) - Growth Option;INF789FB1DQ5;;10.686;0;0;28-Dec-2015
134103;UTI FTIF Series XXI-VIII (1136 Days) - Maturity Div Option;INF789FB1DP7;;10.686;0;0;28-Dec-2015
134096;UTI FTIF Series XXI-VIII (1136 Days) - Quarterly Div Option;INF789FB1DL6;;10.0295;0;0;28-Dec-2015
134094;UTI FTIF Series XXI-VIII (1136 Days)- Growth Option - Direct;INF789FB1DO0;;10.7293;0;0;28-Dec-2015
134268;UTI FTIF Series XXI-X (1112 Days) - Annual Div Option;INF789FB1FA4;;10.6644;0;0;28-Dec-2015
134269;UTI FTIF Series XXI-X (1112 Days) - Annual Div Option - Direct;INF789FB1EW1;;10.7057;0;0;28-Dec-2015
134274;UTI FTIF Series XXI-X (1112 Days) - Growth Option;INF789FB1FE6;;10.6644;0;0;28-Dec-2015
134266;UTI FTIF Series XXI-X (1112 Days) - Growth Option - Direct;INF789FB1FC0;;10.7063;0;0;28-Dec-2015
134275;UTI FTIF Series XXI-X (1112 Days) - Quarterly Div Option;INF789FB1EZ4;;10.0402;0;0;28-Dec-2015
134267;UTI FTIF Series XXI-X (1112 Days) - Quarterly Div Option - Direct;INF789FB1EV3;;10.041;0;0;28-Dec-2015
134281;UTI FTIF Series XXI-XI (1112 Days) - Annual Div Option - Direct;INF789FB1FG1;;10.6835;0;0;28-Dec-2015
134277;UTI FTIF Series XXI-XI (1112 Days) - Growth Option;INF789FB1FO5;;10.673;0;0;28-Dec-2015
134278;UTI FTIF Series XXI-XI (1112 Days) - Growth Option - Direct;INF789FB1FM9;;10.6855;0;0;28-Dec-2015
134327;UTI FTIF Series XXI-XII (1106 Days) - Annual Div Option;INF789FB1IL5;;10.6654;0;0;28-Dec-2015
134329;UTI FTIF Series XXI-XII (1106 Days) - Annual Div Option - Direct;INF789FB1IH3;;10.7064;0;0;28-Dec-2015
134330;UTI FTIF Series XXI-XII (1106 Days) - Flexi Div Option;INF789FB1IJ9;;10.6674;0;0;28-Dec-2015
134321;UTI FTIF Series XXI-XII (1106 Days) - Growth Option;INF789FB1IP6;;10.6654;0;0;28-Dec-2015
134322;UTI FTIF Series XXI-XII (1106 Days) - Growth Option - Direct;INF789FB1IN1;;10.7064;0;0;28-Dec-2015
134328;UTI FTIF Series XXI-XII (1106 Days) - Quarterly Div Option;INF789FB1IK7;;10.0364;0;0;28-Dec-2015
134438;UTI FTIF Series XXI-XIV (1103 Day) - Maturity Div Option - Direct;INF789FB1JG3;;10.7;0;0;28-Dec-2015
134436;UTI FTIF Series XXI-XIV (1103 Days) - Annual Div Option - Direct;INF789FB1JB4;;10.7003;0;0;28-Dec-2015
134434;UTI FTIF Series XXI-XIV (1103 Days) - Growth Option;INF789FB1JJ7;;10.5913;0;0;28-Dec-2015
134441;UTI FTIF Series XXI-XIV (1103 Days) - Growth Option - Direct;INF789FB1JH1;;10.7003;0;0;28-Dec-2015
134437;UTI FTIF Series XXI-XIV (1103 Days) - Quarterly Div Option - Direct;INF789FB1JA6;;10.036;0;0;28-Dec-2015
134478;UTI FTIF series XXI-XV (1103 Days) - Annual Div Option;INF789FB1JP4;;10.4991;0;0;28-Dec-2015
134482;UTI FTIF Series XXI-XV (1103 Days) - Annual Div Option - Direct;INF789FB1JL3;;10.6015;0;0;28-Dec-2015
134479;UTI FTIF Series XXI-XV (1103 Days) - Flexi Div Option;INF789FB1JN9;;10.4995;0;0;28-Dec-2015
134474;UTI FTIF Series XXI-XV (1103 Days) - Growth Option;INF789FB1JT6;;10.4991;0;0;28-Dec-2015
134475;UTI FTIF Series XXI-XV (1103 Days) - Growth Option - Direct;INF789FB1JR0;;10.6015;0;0;28-Dec-2015
134481;UTI FTIF Series XXI-XV (1103 Days) - Maturity Div Option;INF789FB1JS8;;10.4991;0;0;28-Dec-2015
134483;UTI FTIF Series XXI-XV (1103 Days) - Maturity Div Option - Direct;INF789FB1JQ2;;10.6015;0;0;28-Dec-2015
134476;UTI FTIF Series XXI-XV (1103 Days) - Quarterly Div Option;INF789FB1JO7;;10.0127;0;0;28-Dec-2015
134477;UTI FTIF Series XXI-XV (1103 Days) - Quarterly Div Option - Direct;INF789FB1JK5;;10.0163;0;0;28-Dec-2015
134531;UTI FTIF Series XXII-I (1099 Days) - Direct Plan - Annual Div Option;INF789FB1QT1;;10.5715;0;0;28-Dec-2015
134526;UTI FTIF Series XXII-I (1099 Days) - Direct Plan - Growth Option;INF789FB1QZ8;;10.5713;0;0;28-Dec-2015
134528;UTI FTIF Series XXII-I (1099 Days) - Direct Plan - Maturity Div Option;INF789FB1QY1;;10.5725;0;0;28-Dec-2015
134530;UTI FTIF Series XXII-I (1099 Days) - Direct Plan - Quarterly Div Option;INF789FB1QS3;;10.016;0;0;28-Dec-2015
134527;UTI FTIF Series XXII-I (1099 Days) - Regular Plan - Annual Div Option;INF789FB1QX3;;10.5055;0;0;28-Dec-2015
134525;UTI FTIF Series XXII-I (1099 Days) - Regular Plan - Flexi Div Option;INF789FB1QV7;;10.5054;0;0;28-Dec-2015
134522;UTI FTIF Series XXII-I (1099 Days) - Regular Plan - Growth Option;INF789FB1RB7;;10.5055;0;0;28-Dec-2015
134524;UTI FTIF Series XXII-I (1099 Days) - Regular Plan - Maturity Div Option;INF789FB1RA9;;10.5054;0;0;28-Dec-2015
134523;UTI FTIF Series XXII-I (1099 Days) - Regular Plan - Quarterly Div Option;INF789FB1QW5;;10.0136;0;0;28-Dec-2015
134649;UTI FTIF Series XXII-II (1099 Days) - Annual Div Option;INF789FB1RP7;;10.4956;0;0;28-Dec-2015
134654;UTI FTIF Series XXII-II (1099 Days) - Annual Div Option - Direct;INF789FB1RL6;;10.5577;0;0;28-Dec-2015
134652;UTI FTIF Series XXII-II (1099 Days) - Flexi Div Option;INF789FB1RN2;;10.4953;0;0;28-Dec-2015
134645;UTI FTIF Series XXII-II (1099 Days) - Growth Option;INF789FB1RT9;;10.4956;0;0;28-Dec-2015
134646;UTI FTIF Series XXII-II (1099 Days) - Growth Option - Direct;INF789FB1RR3;;10.5577;0;0;28-Dec-2015
134650;UTI FTIF Series XXII-II (1099 Days) - Maturity Div Option;INF789FB1RS1;;10.4956;0;0;28-Dec-2015
134651;UTI FTIF Series XXII-II (1099 Days) - Maturity Div Option - Direct;INF789FB1RQ5;;10.5577;0;0;28-Dec-2015
134647;UTI FTIF Series XXII-II (1099 Days) - Quarterly Div Option;INF789FB1RO0;;10.0136;0;0;28-Dec-2015
134648;UTI FTIF Series XXII-II (1099 Days) - Quarterly Div Option - Direct;INF789FB1RK8;;10.0159;0;0;28-Dec-2015
134751;UTI FTIF Series XXII-III (1099 Days) - Direct Plan  - Maturity Div Option;INF789FB1SA7;;10.5047;0;0;28-Dec-2015
134752;UTI FTIF Series XXII-III (1099 Days) - Direct Plan - Annual Div Option;INF789FB1RV5;;10.5047;0;0;28-Dec-2015
134747;UTI FTIF Series XXII-III (1099 Days) - Direct Plan - Growth Option;INF789FB1SB5;;10.5047;0;0;28-Dec-2015
134748;UTI FTIF Series XXII-III (1099 Days) - Direct Plan - Quarterly Div Option;INF789FB1RU7;;10.0172;0;0;28-Dec-2015
134746;UTI FTIF Series XXII-III (1099 Days) - Regular Plan  - Flexi Div Option;INF789FB1RX1;;10.4463;0;0;28-Dec-2015
134745;UTI FTIF Series XXII-III (1099 Days) - Regular Plan - Annual Div Option;INF789FB1RZ6;;10.4463;0;0;28-Dec-2015
134750;UTI FTIF Series XXII-III (1099 Days) - Regular Plan - Growth Option;INF789FB1SD1;;10.4463;0;0;28-Dec-2015
134753;UTI FTIF Series XXII-III (1099 Days) - Regular Plan - Maturity Div Option;INF789FB1SC3;;10.4463;0;0;28-Dec-2015
134744;UTI FTIF Series XXII-III (1099 Days) - Regular Plan - Quarterly Div Option;INF789FB1RY9;;10.015;0;0;28-Dec-2015
134796;UTI FTIF Series XXII-IV (1098 Days) - Direct Plan - Annual Div Option;INF789FB1VI4;;10.489;0;0;28-Dec-2015
134793;UTI FTIF Series XXII-IV (1098 Days) - Direct Plan - Growth Option;INF789FB1VN4;;10.489;0;0;28-Dec-2015
134798;UTI FTIF Series XXII-IV (1098 Days) - Direct Plan - Maturity Div Option;INF789FB1VM6;;10.4897;0;0;28-Dec-2015
134795;UTI FTIF Series XXII-IV (1098 Days) - Direct Plan - Quarterly Div Option;INF789FB1VH6;;10.0178;0;0;28-Dec-2015
134790;UTI FTIF Series XXII-IV (1098 Days) - Regular Plan - Annual Div Option;INF789FB1VQ7;;10.4324;0;0;28-Dec-2015
134797;UTI FTIF Series XXII-IV (1098 Days) - Regular Plan - Growth Option;INF789FB1VP9;;10.4324;0;0;28-Dec-2015
134792;UTI FTIF Series XXII-IV (1098 Days) - Regular Plan - Maturity Div Option;INF789FB1VO2;;10.4324;0;0;28-Dec-2015
134789;UTI FTIF Series XXII-IV (1098 Days) - Regular Plan - Quarterly Div Option;INF789FB1VL8;;10.0157;0;0;28-Dec-2015
135029;UTI FTIF Series XXII-IX (1099 Days) - Direct Plan - Growth Option;INF789FB1H90;;10.437;0;0;28-Dec-2015
135025;UTI FTIF Series XXII-IX (1099 Days) - Regular Plan - Growth Option;INF789FB1I16;;10.4318;0;0;28-Dec-2015
135032;UTI FTIF Series XXII-IX (1099 Days) - Regular Plan - Maturity Div Option;INF789FB1I08;;10.4317;0;0;28-Dec-2015
135026;UTI FTIF Series XXII-IX (1099 Days) - Regular Plan - Quarterly Div Option;INF789FB1H66;;10.0385;0;0;28-Dec-2015
134978;UTI FTIF Series XXII-VI (1098 Days) -  Regular Plan - Growth Option;INF789FB1F19;;10.4153;0;0;28-Dec-2015
134981;UTI FTIF Series XXII-VI (1098 Days) - Direct Plan - Annual Div Option;INF789FB1E36;;10.5219;0;0;28-Dec-2015
134985;UTI FTIF Series XXII-VI (1098 Days) - Direct Plan - Growth Option;INF789FB1E93;;10.522;0;0;28-Dec-2015
134979;UTI FTIF Series XXII-VI (1098 Days) - Regular Plan - Annual Div Option;INF789FB1E77;;10.4153;0;0;28-Dec-2015
134984;UTI FTIF Series XXII-VI (1098 Days) - Regular Plan - Flexi Div Option;INF789FB1E51;;10.4153;0;0;28-Dec-2015
134980;UTI FTIF Series XXII-VI (1098 Days) - Regular Plan - Maturity Div Option;INF789FB1F01;;10.4149;0;0;28-Dec-2015
134983;UTI FTIF Series XXII-VI (1098 Days) - Regular Plan - Quarterly Div Option;INF789FB1E69;;10.0251;0;0;28-Dec-2015
134993;UTI FTIF Series XXII-VII (1098 Days) - Direct Plan - Growth Option;INF789FB1F92;;10.4684;0;0;28-Dec-2015
134994;UTI FTIF Series XXII-VII (1098 Days) - Direct Plan - Quarterly Div Option;INF789FB1F27;;10.044;0;0;28-Dec-2015
134990;UTI FTIF Series XXII-VII (1098 Days) - Regular Plan - Annual Div Option;INF789FB1F76;;10.4151;0;0;28-Dec-2015
134992;UTI FTIF Series XXII-VII (1098 Days) - Regular Plan - Flexi Div Option;INF789FB1F50;;10.4152;0;0;28-Dec-2015
134988;UTI FTIF Series XXII-VII (1098 Days) - Regular Plan - Growth Option;INF789FB1G18;;10.4151;0;0;28-Dec-2015
134991;UTI FTIF Series XXII-VII (1098 Days) - Regular Plan - Maturity Div Option;INF789FB1G00;;10.4152;0;0;28-Dec-2015
134989;UTI FTIF Series XXII-VII (1098 Days) - Regular Plan - Quarterly Div Option;INF789FB1F68;;10.0422;0;0;28-Dec-2015
135023;UTI FTIF Series XXII-VIII (1099 Days) - Direct Plan - Annual Div Option;INF789FB1G34;;10.3644;0;0;28-Dec-2015
135019;UTI FTIF Series XXII-VIII (1099 Days) - Direct Plan - Growth Option;INF789FB1G91;;10.3644;0;0;28-Dec-2015
135024;UTI FTIF Series XXII-VIII (1099 Days) - Direct Plan - Maturity Div Option;INF789FB1G83;;10.3644;0;0;28-Dec-2015
135020;UTI FTIF Series XXII-VIII (1099 Days) - Direct Plan - Quarterly Div Option;INF789FB1G26;;10.0163;0;0;28-Dec-2015
135022;UTI FTIF Series XXII-VIII (1099 Days) - Regular Plan - Annual Div Option;INF789FB1G75;;10.3157;0;0;28-Dec-2015
135015;UTI FTIF Series XXII-VIII (1099 Days) - Regular Plan - Growth Option;INF789FB1H17;;10.3157;0;0;28-Dec-2015
135017;UTI FTIF Series XXII-VIII (1099 Days) - Regular Plan - Maturity Div Option;INF789FB1H09;;10.3157;0;0;28-Dec-2015
135016;UTI FTIF Series XXII-VIII (1099 Days) - Regular Plan - Quarterly Div Option;INF789FB1G67;;10.0144;0;0;28-Dec-2015
135045;UTI FTIF Series XXII-X (1098 Days) - Direct Plan - Growth Option;INF789FB1P33;;10.4178;0;0;28-Dec-2015
135044;UTI FTIF series XXII-X (1098 Days) - Regular Plan - Growth Option;INF789FB1P58;;10.4127;0;0;28-Dec-2015
135070;UTI FTIF Series XXII-XI (1098 Days) - Direct Plan - Growth Option;INF789FB1Q32;;10.3911;0;0;28-Dec-2015
135066;UTI FTIF Series XXII-XI (1098 Days) - Regular Plan - Growth Option;INF789FB1Q57;;10.3862;0;0;28-Dec-2015
135209;UTI FTIF Series XXII-XII (1100 Days) - Direct Plan - Annual Div Option;INF789FB1Q73;;10.3251;0;0;28-Dec-2015
135207;UTI FTIF Series XXII-XII (1100 Days) - Direct Plan - Growth Option;INF789FB1R31;;10.3251;0;0;28-Dec-2015
135208;UTI FTIF Series XXII-XII (1100 Days) - Direct Plan - Quarterly Div Option;INF789FB1Q65;;10.0163;0;0;28-Dec-2015
135206;UTI FTIF Series XXII-XII (1100 Days) - Flexi Div Option;INF789FB1Q99;;10.2816;0;0;28-Dec-2015
135204;UTI FTIF Series XXII-XII (1100 Days) - Maturity Div Option;INF789FB1R49;;10.2813;0;0;28-Dec-2015
135203;UTI FTIF Series XXII-XII (1100 Days) - Regular Plan - Annual Div Option;INF789FB1R15;;10.2814;0;0;28-Dec-2015
135202;UTI FTIF Series XXII-XII (1100 Days) - Regular Plan - Growth Option;INF789FB1R56;;10.2814;0;0;28-Dec-2015
135205;UTI FTIF Series XXII-XII (1100 Days) - Regular Plan - Quarterly Div Option;INF789FB1R07;;10.0144;0;0;28-Dec-2015
135263;UTI FTIF Series XXII-XIII (1100 Days) - Direct Plan - Annual Div Option;INF789FB1R72;;10.3181;0;0;28-Dec-2015
135267;UTI FTIF Series XXII-XIII (1100 Days) - Direct Plan - Growth Option;INF789FB1S30;;10.3181;0;0;28-Dec-2015
135266;UTI FTIF Series XXII-XIII (1100 Days) - Direct Plan - Maturity Div Option;INF789FB1S22;;10.3181;0;0;28-Dec-2015
135264;UTI FTIF Series XXII-XIII (1100 Days) - Direct Plan - Quarterly Div Option;INF789FB1R64;;10.0177;0;0;28-Dec-2015
135261;UTI FTIF Series XXII-XIII (1100 Days) - Regular Plan - Annual Div Option;INF789FB1S14;;10.2691;0;0;28-Dec-2015
135260;UTI FTIF Series XXII-XIII (1100 Days) - Regular Plan - Flexi Div Option;INF789FB1R98;;10.2693;0;0;28-Dec-2015
135258;UTI FTIF Series XXII-XIII (1100 Days) - Regular Plan - Growth Option;INF789FB1S55;;10.2691;0;0;28-Dec-2015
135259;UTI FTIF Series XXII-XIII (1100 Days) - Regular Plan - Maturity Div Option;INF789FB1S48;;10.2691;0;0;28-Dec-2015
135262;UTI FTIF Series XXII-XIII (1100 Days) - Regular Plan - Quarterly Div Option;INF789FB1S06;;10.0154;0;0;28-Dec-2015
135271;UTI FTIF Series XXII-XIV (1100 Days) - Direct Plan - Growth Option;INF789FB1V76;;10.2914;0;0;28-Dec-2015
135268;UTI FTIF Series XXII-XIV (1100 Days) - Regular Plan - Growth Option;INF789FB1V92;;10.2874;0;0;28-Dec-2015
135269;UTI FTIF Series XXII-XIV (1100 Days) - Regular Plan - Quarterly Div Option;INF789FB1V43;;10.0162;0;0;28-Dec-2015
122152;UTI Quarterly Interval Fund - I - Direct Plan - IDCW;INF789F01WG9;INF789F01WH7;10.0474;0;0;28-Dec-2015
106060;UTI Quarterly Interval Fund - I - Regular Plan - Growth Option;INF789F01GE7;;20.1346;0;0;28-Dec-2015
106057;UTI Quarterly Interval Fund - I - Regular Plan - IDCW;INF789F01GC1;INF789F01GD9;10.0418;0;0;28-Dec-2015
122165;UTI Quarterly Interval Fund - I -Direct Plan - Growth Option;INF789F01WI5;;20.2458;0;0;28-Dec-2015
121182;UTI Quarterly Interval Fund - II - Direct Plan - Growth Option;INF789F01WR6;;18.1669;0;0;28-Dec-2015
121181;UTI Quarterly Interval Fund - II - Direct Plan - IDCW;INF789F01WP0;INF789F01WQ8;10.1177;0;0;28-Dec-2015
109617;UTI Quarterly Interval Fund - II - Regular Plan - Growth Option;INF789F01GW9;;18.0623;0;0;28-Dec-2015
109618;UTI Quarterly Interval Fund - II - Regular Plan - IDCW;INF789F01GU3;INF789F01GV1;10.111;0;0;28-Dec-2015
121722;UTI Quarterly Interval Fund - III -Direct Plan - Growth Option;INF789F01WU0;;18.2693;0;0;28-Dec-2015
121721;UTI Quarterly Interval Fund - III -Direct Plan - IDCW;INF789F01WS4;INF789F01WT2;10.0424;0;0;28-Dec-2015
110024;UTI Quarterly Interval Fund - III -Regular Plan - Growth Option;INF789F01HC9;;18.1667;0;0;28-Dec-2015
110021;UTI Quarterly Interval Fund - III -Regular Plan - IDCW;INF789F01HA3;INF789F01HB1;10.0413;0;0;28-Dec-2015
128888;UTI-FMP-Yearly Series March 2014 - Dividend Option;INF789FA1FM0;INF789FA1FN8;10.0108;0;0;28-Dec-2015
128886;UTI-FMP-Yearly Series March 2014 - Growth Option;INF789FB1QI4;;11.5141;0;0;28-Dec-2015
128887;UTI-FMP-Yearly Series March 2014 - Growth Option - Direct;INF789FB1QL8;;11.5755;0;0;28-Dec-2015

Close Ended Schemes ( Growth )


Aditya Birla Sun Life Mutual Fund
129404;Aditya Birla Sun Life Emerging Leaders Fund - Series 1 - Direct Plan - Dividend;INF209KA1IQ0;;14.97;14.97;14.97;28-Dec-2015
129402;Aditya Birla Sun Life Emerging Leaders Fund - Series 1 - Direct Plan - Growth;INF209KA1IP2;;16.18;16.18;16.18;28-Dec-2015
129401;Aditya Birla Sun Life Emerging Leaders Fund - Series 1 - Regular Plan - Dividend;INF209KA1IO5;;14.87;14.87;14.87;28-Dec-2015
129403;Aditya Birla Sun Life Emerging Leaders Fund - Series 1 - Regular Plan - Growth;INF209KA1IN7;;16.07;16.07;16.07;28-Dec-2015
129883;Aditya Birla Sun Life Emerging Leaders Fund - Series 2 - Direct Plan - Dividend Option;INF209KA1JY2;;13.02;13.02;13.02;28-Dec-2015
129885;Aditya Birla Sun Life Emerging Leaders Fund - Series 2 - Direct Plan - Growth Option;INF209KA1JX4;;13.02;13.02;13.02;28-Dec-2015
129882;Aditya Birla Sun Life Emerging Leaders Fund - Series 2 - Regular Plan - Dividend Option;INF209KA1JW6;;12.92;12.92;12.92;28-Dec-2015
129884;Aditya Birla Sun Life Emerging Leaders Fund - Series 2 - Regular Plan - Growth Option;INF209KA1JV8;;12.92;12.92;12.92;28-Dec-2015
130295;Aditya Birla Sun Life Emerging Leaders Fund - Series 3 - Direct Plan - Dividend;INF209KB1HW9;;11.32;11.32;11.32;28-Dec-2015
130296;Aditya Birla Sun Life Emerging Leaders Fund - Series 3 - Direct Plan - Growth;INF209KB1HV1;;11.32;11.32;11.32;28-Dec-2015
130297;Aditya Birla Sun Life Emerging Leaders Fund - Series 3 - Regular Plan - Dividend;INF209KB1HY5;;11.23;11.23;11.23;28-Dec-2015
130298;Aditya Birla Sun Life Emerging Leaders Fund - Series 3 - Regular Plan - Growth;INF209KB1HX7;;11.23;11.23;11.23;28-Dec-2015
130727;Aditya Birla Sun Life Emerging Leaders Fund - Series 4 - Direct Plan - Dividend;INF209KB1IU1;;11.74;11.74;11.74;28-Dec-2015
130728;Aditya Birla Sun Life Emerging Leaders Fund - Series 4 - Direct Plan - Growth;INF209KB1IT3;;11.74;11.74;11.74;28-Dec-2015
130729;Aditya Birla Sun Life Emerging Leaders Fund - Series 4 - Regular Plan - Dividend;INF209KB1IW7;;11.66;11.66;11.66;28-Dec-2015
130730;Aditya Birla Sun Life Emerging Leaders Fund - Series 4 - Regular Plan - Growth;INF209KB1IV9;;11.66;11.66;11.66;28-Dec-2015
133297;Aditya Birla Sun Life Emerging Leaders Fund - Series 5 - Direct Plan - Dividend;INF209KA1WI8;;10.45;10.45;10.45;28-Dec-2015
133298;Aditya Birla Sun Life Emerging Leaders Fund - Series 5 - Direct Plan - Growth;INF209KA1WH0;;10.45;10.45;10.45;28-Dec-2015
133299;Aditya Birla Sun Life Emerging Leaders Fund - Series 5 - Regular Plan - Dividend;INF209KA1WG2;;10.34;10.34;10.34;28-Dec-2015
133300;Aditya Birla Sun Life Emerging Leaders Fund - Series 5 - Regular Plan - Growth;INF209KA1WF4;;10.34;10.34;10.34;28-Dec-2015
134392;Aditya Birla Sun Life Emerging Leaders Fund - Series 6 - Direct Plan-Dividend;INF209KA1K21;;10.04;10.04;10.04;28-Dec-2015
134391;Aditya Birla Sun Life Emerging Leaders Fund - Series 6 - Direct Plan-Growth;INF209KA1K13;;10.04;10.04;10.04;28-Dec-2015
134389;Aditya Birla Sun Life Emerging Leaders Fund - Series 6 - Regular Plan-Dividend;INF209KA1K05;;9.95;9.95;9.95;28-Dec-2015
134390;Aditya Birla Sun Life Emerging Leaders Fund - Series 6 - Regular Plan-Growth;INF209KA1J99;;9.95;9.95;9.95;28-Dec-2015
126637;Aditya Birla Sun Life Focused Equity Fund - Series 1 - Direct Plan-Dividend;INF209KA1805;;13.84;13.84;13.84;28-Dec-2015
126639;Aditya Birla Sun Life Focused Equity Fund - Series 1 - Direct Plan-Growth;INF209KA1797;;14.49;14.49;14.49;28-Dec-2015
126640;Aditya Birla Sun Life Focused Equity Fund - Series 1 - Regular Plan-Dividend;INF209KA1789;;13.75;13.75;13.75;28-Dec-2015
126638;Aditya Birla Sun Life Focused Equity Fund - Series 1 - Regular Plan-Growth;INF209KA1771;;14.39;14.39;14.39;28-Dec-2015
127918;Aditya Birla Sun Life Focused Equity Fund - Series 2 - Direct Plan-Dividend;INF209KA1DI8;;13.29;13.29;13.29;28-Dec-2015
127919;Aditya Birla Sun Life Focused Equity Fund - Series 2 - Direct Plan-Growth;INF209KA1DH0;;13.98;13.98;13.98;28-Dec-2015
127920;Aditya Birla Sun Life Focused Equity Fund - Series 2 - Regular Plan-Dividend;INF209KA1DG2;;13.20;13.20;13.20;28-Dec-2015
127921;Aditya Birla Sun Life Focused Equity Fund - Series 2 - Regular Plan-Growth;INF209KA1DF4;;13.89;13.89;13.89;28-Dec-2015
131528;Aditya Birla Sun Life Focused Equity Fund - Series 3 - Direct Plan - Dividend;INF209KA1RU3;;10.56;10.56;10.56;28-Dec-2015
131526;Aditya Birla Sun Life Focused Equity Fund - Series 3 - Direct Plan - Growth;INF209KA1RT5;;10.55;10.55;10.55;28-Dec-2015
131525;Aditya Birla Sun Life Focused Equity Fund - Series 3 - Regular Plan - Dividend;INF209KA1RS7;;10.43;10.43;10.43;28-Dec-2015
131527;Aditya Birla Sun Life Focused Equity Fund - Series 3 - Regular Plan - Growth;INF209KA1RR9;;10.43;10.43;10.43;28-Dec-2015
133103;Aditya Birla Sun Life Focused Equity Fund - Series 4 - Direct Plan - Dividend;INF209KA1UO0;;10.15;10.15;10.15;28-Dec-2015
133105;Aditya Birla Sun Life Focused Equity Fund - Series 4 - Direct Plan - Growth;INF209KA1UN2;;10.15;10.15;10.15;28-Dec-2015
133104;Aditya Birla Sun Life Focused Equity Fund - Series 4 - Regular Plan - Dividend;INF209KA1UM4;;10.05;10.05;10.05;28-Dec-2015
133102;Aditya Birla Sun Life Focused Equity Fund - Series 4 - Regular Plan - Growth;INF209KA1UL6;;10.05;10.05;10.05;28-Dec-2015
133899;Aditya Birla Sun Life Focused Equity Fund - Series 5 - Direct Plan - Dividend;INF209KA1B89;;9.66;9.66;9.66;28-Dec-2015
133897;Aditya Birla Sun Life Focused Equity Fund - Series 5 - Direct Plan - Growth;INF209KA1B71;;9.66;9.66;9.66;28-Dec-2015
133898;Aditya Birla Sun Life Focused Equity Fund - Series 5 - Regular Plan - Dividend;INF209KA1B63;;9.55;9.55;9.55;28-Dec-2015
133896;Aditya Birla Sun Life Focused Equity Fund - Series 5 - Regular Plan - Growth;INF209KA1B55;;9.55;9.55;9.55;28-Dec-2015
135352;Aditya Birla Sun Life Focused Equity Fund - Series 6 - Direct Plan-Dividend;INF209KA11L3;;9.89;9.89;9.89;28-Dec-2015
135350;Aditya Birla Sun Life Focused Equity Fund - Series 6 - Regular Plan-Dividend;INF209KA19K8;;9.86;9.86;9.86;28-Dec-2015
135349;Aditya Birla Sun Life Focused Equity Fund - Series 6 - Regular Plan-Growth;INF209KA18K0;;9.86;9.86;9.86;28-Dec-2015
135351;Aditya Birla Sun Life Focused Equity Fund - Series 6-Direct Plan-Growth;INF209KA10L5;;9.89;9.89;9.89;28-Dec-2015
121352;Aditya Birla Sun Life Rajiv Gandhi Equity Savings Scheme - Series 1 - Direct Plan - Dividend;INF209K01F33;;14.41;14.34;14.41;28-Dec-2015
121354;Aditya Birla Sun Life Rajiv Gandhi Equity Savings Scheme - Series 1 - Direct Plan-Growth;INF209K01F25;;15.96;15.88;15.96;28-Dec-2015
121356;Aditya Birla Sun Life Rajiv Gandhi Equity Savings Scheme - Series 1 - Regular Plan - Dividend;INF209K01F17;;14.07;14.00;14.07;28-Dec-2015
121357;Aditya Birla Sun Life Rajiv Gandhi Equity Savings Scheme - Series 1 - Regular Plan-Growth;INF209K01F09;;15.72;15.64;15.72;28-Dec-2015

Bandhan Mutual Fund
122077;IDFC Equity Opportunity- S 1 (3 years)-  Regular Plan-Dividend;INF194K012N1;;10.8311;10.8311;10.8311;28-Dec-2015
122076;IDFC Equity Opportunity- S 1 (3 years)- Direct Plan-Dividend;INF194K01I45;;11.1157;11.1157;11.1157;28-Dec-2015
126472;IDFC EOS 2 ( 3 years) - Direct Plan_Dividend;INF194KA1FS9;;11.2949;11.2949;11.2949;28-Dec-2015
126471;IDFC EOS 2 ( 3 years) - Regular Plan_Dividend;INF194KA1FU5;;11.0417;11.0417;11.0417;28-Dec-2015

Baroda BNP Paribas Mutual Fund
133261;Baroda Pioneer Equity Trigger Fund-Series I-Plan A-Dividend Payout Option;INF955L01FI5;;10.14;10.14;10.14;28-Dec-2015
133260;Baroda Pioneer Equity Trigger Fund-Series I-Plan A-Growth Option;INF955L01FH7;;10.14;10.14;10.14;28-Dec-2015
133263;Baroda Pioneer Equity Trigger Fund-Series I-Plan B (Direct)-Dividend Payout;INF955L01FK1;;10.30;10.30;10.30;28-Dec-2015
133262;Baroda Pioneer Equity Trigger Fund-Series I-Plan B (Direct)-Growth;INF955L01FJ3;;10.30;10.30;10.30;28-Dec-2015

Canara Robeco Mutual Fund
132960;Canara Robeco India Opportunites - Regular Plan - Dividend Payout Option;INF760K01HJ5;;11.3600;11.3600;11.3600;28-Dec-2015
132962;Canara Robeco India Opportunities - Direct Plan - Dividend Payout Option;INF760K01HL1;;11.4100;11.4100;11.4100;28-Dec-2015
132961;Canara Robeco India opportunities - Direct Plan - Growth Option;INF760K01HK3;;11.4100;11.4100;11.4100;28-Dec-2015
132959;Canara Robeco India Opportunities - Regular Plan - Growth Option;INF760K01HI7;;11.3600;11.3600;11.3600;28-Dec-2015
134040;Canara Robeco India opportunities - Series 2 - Regular Plan - Dividend Option;INF760K01HT4;;10.7400;10.7400;10.7400;28-Dec-2015
134041;Canara Robeco India opportunities - Series 2 - Regular Plan - Growth Option;INF760K01HS6;;10.7400;10.7400;10.7400;28-Dec-2015
134039;Canara Robeco India Opportunities - Series 2- Direct Plan - Growth Option;INF760K01HQ0;;10.7600;10.7600;10.7600;28-Dec-2015
134038;Canara Robeco India Opportunities- Series 2 - Direct Plan - Dividend Option;INF760K01HR8;;10.7600;10.7600;10.7600;28-Dec-2015

Deutsche Mutual Fund
134000;DWS Large Cap Fund - Series 1 - Direct Plan - Dividend (Payout);INF223JA1AR0;;8.5519;8.5519;8.5519;28-Dec-2015
134001;DWS Large Cap Fund - Series 1 - Direct Plan - Growth;INF223JA1AS8;;8.5518;8.5518;8.5518;28-Dec-2015
134003;DWS Large Cap Fund - Series 1 - Regular Plan - Dividend (Payout);INF223JA1AP4;;8.4229;8.4229;8.4229;28-Dec-2015
134002;DWS Large Cap Fund - Series 1 - Regular Plan - Growth;INF223JA1AQ2;;8.4229;8.4229;8.4229;28-Dec-2015
134135;DWS Large Cap Fund - Series 2 - Direct Plan - Dividend (Payout);INF223JA1BI7;;9.1669;9.1669;9.1669;28-Dec-2015
134134;DWS Large Cap Fund - Series 2 - Direct Plan - Growth;INF223JA1BJ5;;9.1669;9.1669;9.1669;28-Dec-2015
134132;DWS Large Cap Fund - Series 2 - Regular Plan - Dividend (Payout);INF223JA1BG1;;9.0453;9.0453;9.0453;28-Dec-2015
134133;DWS Large Cap Fund - Series 2 - Regular Plan - Growth;INF223JA1BH9;;9.0453;9.0453;9.0453;28-Dec-2015
134416;DWS Large Cap Fund - Series 3 - Direct Plan - Dividend (Payout);INF223JA1FT5;;9.6686;9.6686;9.6686;28-Dec-2015
134413;DWS Large Cap Fund - Series 3 - Direct Plan - Growth;INF223JA1FU3;;9.6686;9.6686;9.6686;28-Dec-2015
134414;DWS Large Cap Fund - Series 3 - Regular Plan - Dividend (Payout);INF223JA1FS7;;9.5814;9.5814;9.5814;28-Dec-2015
134415;DWS Large Cap Fund - Series 3 - Regular Plan - Growth;INF223JA1FV1;;9.5814;9.5814;9.5814;28-Dec-2015
133143;DWS Mid Cap Fund - Series 1 - Direct Plan - Dividend (Payout);INF223JA1289;;11.7218;11.7218;11.7218;28-Dec-2015
133144;DWS Mid Cap Fund - Series 1 - Direct Plan - Growth;INF223JA1297;;11.7218;11.7218;11.7218;28-Dec-2015
133145;DWS Mid Cap Fund - Series 1 - Regular Plan - Dividend (Payout);INF223JA1263;;11.5059;11.5059;11.5059;28-Dec-2015
133146;DWS Mid Cap Fund - Series 1 - Regular Plan - Growth;INF223JA1271;;11.5088;11.5088;11.5088;28-Dec-2015

DSP Mutual Fund
121032;DSP BlackRock RGESS Fund - Series 1  - Direct Plan - Growth Option;INF740K01RU3;;14.2414;14.2414;14.2414;28-Dec-2015
121030;DSP BlackRock RGESS Fund - Series 1  - Regular Plan - Dividend Payout Option;INF740K01RT5;;14.0450;14.0450;14.0450;28-Dec-2015
121029;DSP BlackRock RGESS Fund - Series 1 - Direct Plan - Dividend Payout Option;INF740K01RV1;;14.2414;14.2414;14.2414;28-Dec-2015
121031;DSP BlackRock RGESS Fund - Series 1 - Regular Plan - Growth Option;INF740K01RS7;;14.0450;14.0450;14.0450;28-Dec-2015
131483;DSP 3 Years Close Ended Equity Fund - Direct Plan - Dividend (Maturity Date 4-Jan-2021);INF740KA1DB9;;10.821;10.821;10.821;28-Dec-2015
131484;DSP 3 Years Close Ended Equity Fund - Direct Plan - Growth (Maturity Date 4-Jan-2021);INF740KA1DA1;;10.821;10.821;10.821;28-Dec-2015
131485;DSP 3 Years Close Ended Equity Fund - Regular Plan - Dividend (Maturity Date 4-Jan-2021);INF740KA1CZ0;;10.774;10.774;10.774;28-Dec-2015
131482;DSP 3 Years Close Ended Equity Fund - Regular Plan - Growth (Maturity Date 4-Jan-2021);INF740KA1CY3;;10.774;10.774;10.774;28-Dec-2015

HDFC Mutual Fund
133528;HDFC FOCUSED EQUITY FUND - Direct Plan - Dividend Option;INF179KA1T76;;9.506;0.000;0.000;28-Dec-2015
133529;HDFC FOCUSED EQUITY FUND - Direct Plan - Growth Option;INF179KA1T68;;9.506;0.000;0.000;28-Dec-2015
133526;HDFC FOCUSED EQUITY FUND - Regular Plan - Dividend Option;INF179KA1T92;;9.463;0.000;0.000;28-Dec-2015
133527;HDFC FOCUSED EQUITY FUND - Regular Plan - Growth Option;INF179KA1T84;;9.463;0.000;0.000;28-Dec-2015
134334;HDFC Focused Equity Fund - Plan B - Direct Plan - Growth Option;INF179KA16O1;;9.952;0.000;0.000;28-Dec-2015
134333;HDFC Focused Equity Fund - Plan B - Direct Plan-  Dividend Option;INF179KA17O9;;9.952;0.000;0.000;28-Dec-2015
134335;HDFC Focused Equity Fund - Plan B - Regular Plan - Dividend Option;INF179KA19O5;;9.915;0.000;0.000;28-Dec-2015
134336;HDFC Focused Equity Fund - Plan B - Regular Plan - Growth Option;INF179KA18O7;;9.915;0.000;0.000;28-Dec-2015
121266;HDFC Rajiv Gandhi Equity Savings Scheme - Series 1 - February 2013-Direct Plan-Dividend Option;INF179K01E97;;14.079;0.000;0.000;28-Dec-2015
121265;HDFC Rajiv Gandhi Equity Savings Scheme - Series 1 - February 2013-Direct Plan-Growth Option;INF179K01E89;;15.288;0.000;0.000;28-Dec-2015
121264;HDFC Rajiv Gandhi Equity Savings Scheme - Series 1 - February 2013-Regular Plan-Dividend Option;INF179K01E71;;13.875;0.000;0.000;28-Dec-2015
121263;HDFC Rajiv Gandhi Equity Savings Scheme - Series 1 - February 2013-Regular Plan-Growth Option;INF179K01E63;;15.079;0.000;0.000;28-Dec-2015
126893;HDFC Rajiv Gandhi Equity Savings Scheme - Series 2 - Direct Plan - Dividend Option;INF179KA1BQ1;;13.336;0.000;0.000;28-Dec-2015
126895;HDFC Rajiv Gandhi Equity Savings Scheme - Series 2 - Direct Plan - Growth Option;INF179KA1BP3;;13.336;0.000;0.000;28-Dec-2015
126896;HDFC Rajiv Gandhi Equity Savings Scheme - Series 2 - Regular Plan - Dividend Option;INF179KA1BO6;;13.218;0.000;0.000;28-Dec-2015
126894;HDFC Rajiv Gandhi Equity Savings Scheme - Series 2 - Regular Plan - Growth Option;INF179KA1BN8;;13.218;0.000;0.000;28-Dec-2015

ICICI Prudential Mutual Fund
135406;ICICI Prudential Business Cycle Fund - Series 1  Cumulative Option;INF109KB1MX8;;10.01;N.A.;N.A.;28-Dec-2015
135404;ICICI Prudential Business Cycle Fund - Series 1 Direct Plan Cumulative Option;INF109KB1MV2;;10.04;N.A.;N.A.;28-Dec-2015
135405;ICICI Prudential Business Cycle Fund - Series 1 Direct Plan Dividend Option;INF109KB1MW0;;10.04;N.A.;N.A.;28-Dec-2015
135407;ICICI Prudential Business Cycle Fund - Series 1 Dividend Option;INF109KB1MY6;;10.01;N.A.;N.A.;28-Dec-2015
135550;ICICI Prudential Business Cycle Fund - Series 2  Cumulative Option;INF109KB1OH7;;9.94;N.A.;N.A.;28-Dec-2015
135549;ICICI Prudential Business Cycle Fund - Series 2  Dividend Option;INF109KB1OI5;;9.94;N.A.;N.A.;28-Dec-2015
135547;ICICI Prudential Business Cycle Fund - Series 2 Direct Plan Cumulative Option;INF109KB1OF1;;9.96;N.A.;N.A.;28-Dec-2015
135548;ICICI Prudential Business Cycle Fund - Series 2 Direct Plan Dividend Option;INF109KB1OG9;;9.96;N.A.;N.A.;28-Dec-2015
126677;ICICI Prudential Equity Savings Fund - Series 1  - Dividend;INF109KA1LK8;;11.67;N.A.;N.A.;28-Dec-2015
126675;ICICI Prudential Equity Savings Fund - Series 1 - Cumulative;INF109KA1LJ0;;17.37;N.A.;N.A.;28-Dec-2015
126676;ICICI Prudential Equity Savings Fund - Series 1 Direct Plan - Cumulative;INF109KA1LL6;;17.70;N.A.;N.A.;28-Dec-2015
126678;ICICI Prudential Equity Savings Fund - Series 1 Direct Plan - Dividend;INF109KA1LM4;;11.95;N.A.;N.A.;28-Dec-2015
130003;ICICI Prudential Growth Fund- Series 1 Direct Dividend;INF109KB12R8;;11.84;N.A.;N.A.;28-Dec-2015
130004;ICICI Prudential Growth Fund- Series 1 Dividend;INF109KB13R6;;11.57;N.A.;N.A.;28-Dec-2015
130593;ICICI Prudential Growth Fund - Series 2 Direct Dividend;INF109KC1796;;12.10;N.A.;N.A.;28-Dec-2015
130594;ICICI Prudential Growth Fund - Series 2 Dividend;INF109KC1804;;11.85;N.A.;N.A.;28-Dec-2015
131317;ICICI Prudential Growth Fund - Series 3 Direct IDCW;INF109KA1S17;;10.96;N.A.;N.A.;28-Dec-2015
131318;ICICI Prudential Growth Fund - Series 3 IDCW;INF109KA1S09;;10.76;N.A.;N.A.;28-Dec-2015
131545;ICICI Prudential Growth Fund - Series 4 Direct Dividend;INF109KA1Y76;;11.47;N.A.;N.A.;28-Dec-2015
131546;ICICI Prudential Growth Fund - Series 4 Dividend;INF109KA1Y68;;11.28;N.A.;N.A.;28-Dec-2015
133128;ICICI Prudential Growth Fund - Series 5 Direct Dividend;INF109KA13K3;;10.31;N.A.;N.A.;28-Dec-2015
133129;ICICI Prudential Growth Fund - Series 5 Dividend;INF109KA12K5;;10.15;N.A.;N.A.;28-Dec-2015
133274;ICICI Prudential Growth Fund - Series 6  Dividend;INF109KA14O3;;9.95;N.A.;N.A.;28-Dec-2015
133275;ICICI Prudential Growth Fund - Series 6 Direct Dividend;INF109KA15O0;;10.11;N.A.;N.A.;28-Dec-2015
133425;ICICI Prudential Growth Fund - Series 7  Dividend;INF109KA18P1;;10.06;N.A.;N.A.;28-Dec-2015
133426;ICICI Prudential Growth Fund - Series 7 Direct Dividend;INF109KA19P9;;10.19;N.A.;N.A.;28-Dec-2015
133468;ICICI Prudential Growth Fund - Series 8  Dividend;INF109KA19R5;;8.76;N.A.;N.A.;28-Dec-2015
133467;ICICI Prudential Growth Fund - Series 8 Direct Dividend;INF109KA10S2;;8.88;N.A.;N.A.;28-Dec-2015
133965;ICICI Prudential India Recovery Fund - Series 1 Direct Dividend;INF109KB1128;;9.96;N.A.;N.A.;28-Dec-2015
133966;ICICI Prudential India Recovery Fund - Series 1 Dividend;INF109KB1110;;9.85;N.A.;N.A.;28-Dec-2015
134043;ICICI Prudential India Recovery Fund - Series 2 Direct Dividend;INF109KB1300;;10.18;N.A.;N.A.;28-Dec-2015
134042;ICICI Prudential India Recovery Fund - Series 2 Dividend;INF109KB1292;;10.05;N.A.;N.A.;28-Dec-2015
135323;ICICI Prudential India Recovery Fund - Series 3 Cumulative Option;INF109KB1MD0;;10.05;N.A.;N.A.;28-Dec-2015
135322;ICICI Prudential India Recovery Fund - Series 3 Direct Plan Cumulative Option;INF109KB1ME8;;10.10;N.A.;N.A.;28-Dec-2015
135216;ICICI Prudential India Recovery Fund - Series 3 Direct Plan Dividend Option;INF109KB1LQ4;;10.10;N.A.;N.A.;28-Dec-2015
135217;ICICI Prudential India Recovery Fund - Series 3 Dividend Option;INF109KB1LP6;;10.05;N.A.;N.A.;28-Dec-2015
124842;ICICI Prudential Value Fund - Series 1 - Direct Dividend;INF109KB1J57;;14.54;N.A.;N.A.;28-Dec-2015
124843;ICICI Prudential Value Fund - Series 1 -Dividend;INF109KB1J40;;14.19;N.A.;N.A.;28-Dec-2015
125410;ICICI Prudential Value Fund - Series 2 - Direct Dividend;INF109KB1L38;;14.35;N.A.;N.A.;28-Dec-2015
125411;ICICI Prudential Value Fund - Series 2 - Dividend;INF109KB1L20;;13.98;N.A.;N.A.;28-Dec-2015
127628;ICICI Prudential Value Fund - Series 3 - Direct Dividend;INF109KA1OE5;;13.15;N.A.;N.A.;28-Dec-2015
127629;ICICI Prudential Value Fund - Series 3 - Dividend;INF109KA1OD7;;12.85;N.A.;N.A.;28-Dec-2015
129229;ICICI Prudential Value Fund - Series 4  Dividend;INF109KA1TQ8;;11.51;N.A.;N.A.;28-Dec-2015
129235;ICICI Prudential Value Fund - Series 4 Cumulative Option;INF109KA1TP0;;16.78;N.A.;N.A.;28-Dec-2015
129234;ICICI Prudential Value Fund - Series 4 Direct Plan Cumulative Option;INF109KA1TR6;;17.00;N.A.;N.A.;28-Dec-2015
129228;ICICI Prudential Value Fund - Series 4 Direct Plan Dividend;INF109KA1TS4;;11.69;N.A.;N.A.;28-Dec-2015
130987;ICICI Prudential Value Fund - Series 5  Cumulative Option;INF109KA1J00;;10.69;N.A.;N.A.;28-Dec-2015
130988;ICICI Prudential Value Fund - Series 5 Direct Plan Cumulative Option;INF109KA1J26;;10.84;N.A.;N.A.;28-Dec-2015
130986;ICICI Prudential Value Fund - Series 5 Direct Plan Dividend Option;INF109KA1J34;;10.13;N.A.;N.A.;28-Dec-2015
130985;ICICI Prudential Value Fund - Series 5 Dividend Option;INF109KA1J18;;9.98;N.A.;N.A.;28-Dec-2015
134192;ICICI Prudential Value Fund - Series 6  Cumulative Option;INF109KB1557;;9.30;N.A.;N.A.;28-Dec-2015
134191;ICICI Prudential Value Fund - Series 6  Dividend Option;INF109KB1565;;9.30;N.A.;N.A.;28-Dec-2015
134189;ICICI Prudential Value Fund - Series 6 Direct Plan Cumulative Option;INF109KB1573;;9.40;N.A.;N.A.;28-Dec-2015
134190;ICICI Prudential Value Fund - Series 6 Direct Plan Dividend Option;INF109KB1581;;9.40;N.A.;N.A.;28-Dec-2015
134657;ICICI Prudential Value Fund - Series 7 Direct Plan Dividend Option;INF109KB1EW7;;10.04;N.A.;N.A.;28-Dec-2015
134656;ICICI Prudential Value Fund - Series 7 Dividend Option;INF109KB1EU1;;9.97;N.A.;N.A.;28-Dec-2015
135035;ICICI Prudential Value Fund - Series 8 Direct Plan Dividend Option;INF109KC1JK0;;9.92;N.A.;N.A.;28-Dec-2015
135036;ICICI Prudential Value Fund - Series 8 Dividend Option;INF109KC1JJ2;;9.86;N.A.;N.A.;28-Dec-2015

IDBI Mutual Fund
121085;IDBI RGESS-Series-I(Plan A) Dividend-Direct;INF397L01CG1;;15.8600;15.8600;15.8600;28-Dec-2015
121083;IDBI RGESS-Series-I(Plan A) Dividend-Regular;INF397L01CH9;;15.6400;15.6400;15.6400;28-Dec-2015
121086;IDBI RGESS-Series-I(Plan A) Growth-Direct;INF397L01CK3;;15.8600;15.8600;15.8600;28-Dec-2015
121084;IDBI RGESS-Series-I(Plan A) Growth-Regular;INF397L01CL1;;15.6400;15.6400;15.6400;28-Dec-2015

Kotak Mahindra Mutual Fund
134568;Kotak India Gorwth Fund - Series I - Direct Plan - Dividend;INF174K01P57;;10.3566;10.3566;10.3566;28-Dec-2015
134567;Kotak India Gorwth Fund - Series I - Direct Plan - Growth;INF174K01P40;;10.3566;10.3566;10.3566;28-Dec-2015
134566;Kotak India Gorwth Fund - Series I - Regular Plan - Dividend;INF174K01P32;;10.3229;10.3229;10.3229;28-Dec-2015
134565;Kotak India Gorwth Fund - Series I - Regular Plan - Growth;INF174K01P24;;10.3229;10.3229;10.3229;28-Dec-2015

LIC Mutual Fund
131047;LIC MF Diversified Equity Fund-Series 1-Direct Plan-Dividend Payout;INF767K01LN4;;9.5905;9.5905;9.5905;28-Dec-2015
131048;LIC MF Diversified Equity Fund-Series 1-Direct Plan-Growth;INF767K01LO2;;9.5906;9.5906;9.5906;28-Dec-2015
131049;LIC MF Diversified Equity Fund-Series 1-Regular Plan-Dividend Payout;INF767K01LL8;;9.5213;9.5213;9.5213;28-Dec-2015
131050;LIC MF Diversified Equity Fund-Series 1-Regular Plan-Growth;INF767K01LM6;;9.5213;9.5213;9.5213;28-Dec-2015
132913;LIC MF Diversified Equity Fund-Series 2-Direct Plan-Dividend Payout;INF767K01ML6;;9.0973;9.0973;9.0973;28-Dec-2015
132916;LIC MF Diversified Equity Fund-Series 2-Direct Plan-Growth;INF767K01MM4;;9.0973;9.0973;9.0973;28-Dec-2015
132914;LIC MF Diversified Equity Fund-Series 2-Regular Plan-Dividend Payout;INF767K01MJ0;;9.0485;9.0485;9.0485;28-Dec-2015
132915;LIC MF Diversified Equity Fund-Series 2-Regular Plan-Growth;INF767K01MK8;;9.0485;9.0485;9.0485;28-Dec-2015
127898;LIC MF RAJIV GANDHI EQUITY SAVINGS SCHEME 2- DIRECT PLAN - DIVIDEND PAYOUT;INF767K01BS4;;11.2899;11.1770;11.2899;28-Dec-2015
127899;LIC MF RAJIV GANDHI EQUITY SAVINGS SCHEME 2- DIRECT PLAN - GROWTH;INF767K01BR6;;12.4688;12.3441;12.4688;28-Dec-2015
127901;LIC MF RAJIV GANDHI EQUITY SAVINGS SCHEME 2- REGULAR PLAN - DIVIDEND PAYOUT;INF767K01BQ8;;11.1776;11.0658;11.1776;28-Dec-2015
127900;LIC MF RAJIV GANDHI EQUITY SAVINGS SCHEME 2- REGULAR PLAN - GROWTH;INF767K01BP0;;12.3536;12.2301;12.3536;28-Dec-2015
133550;LIC MF Rajiv Gandhi Equity Savings Scheme-Series 3-Direct Plan-Dividend Payout;INF767K01MY9;;8.8967;8.8967;8.8967;28-Dec-2015
133581;LIC MF Rajiv Gandhi Equity Savings Scheme-Series 3-Direct Plan-Growth;INF767K01MZ6;;8.8969;8.8969;8.8969;28-Dec-2015
133582;LIC MF Rajiv Gandhi Equity Savings Scheme-Series 3-Regular Plan-Dividend Payout;INF767K01MW3;;8.8937;8.8937;8.8937;28-Dec-2015
133583;LIC MF Rajiv Gandhi Equity Savings Scheme-Series 3-Regular Plan-Growth;INF767K01MX1;;8.8937;8.8937;8.8937;28-Dec-2015
121251;LIC NOMURA MF RGESS FUND Series 1  Dividend Option;INF767K01BU0;;12.5824;12.4566;12.5824;28-Dec-2015
121253;LIC NOMURA MF RGESS FUND Series 1 Direct Dividend Option;INF767K01BW6;;12.7803;12.6525;12.7803;28-Dec-2015
121254;LIC NOMURA MF RGESS FUND Series 1 Direct Growth Option;INF767K01BV8;;14.9444;14.7950;14.9444;28-Dec-2015
121252;LIC NOMURA MF RGESS FUND Series 1 Growth Option;INF767K01BT2;;14.7379;14.5905;14.7379;28-Dec-2015

Nippon India Mutual Fund
133311;Reliance Capital Builder Fund II - Series B - Direct Plan - Dividend Payout Option;INF204KA1ZJ4;;8.8448;8.8448;8.8448;28-Dec-2015
133310;Reliance Capital Builder Fund II - Series B - Direct Plan - Growth Option;INF204KA1ZI6;;8.8448;8.8448;8.8448;28-Dec-2015
133309;Reliance Capital Builder Fund II - Series B - Dividend Payout Option;INF204KA1ZH8;;8.7154;8.7154;8.7154;28-Dec-2015
133308;Reliance Capital Builder Fund II - Series B - Growth Option;INF204KA1ZG0;;8.7154;8.7154;8.7154;28-Dec-2015
133883;Reliance Capital Builder Fund II - Series C - Direct Plan - Dividend Payout Option;INF204KA1F86;;9.4164;9.4164;9.4164;28-Dec-2015
133882;Reliance Capital Builder Fund II - Series C - Direct Plan - Growth Option;INF204KA1F78;;9.4164;9.4164;9.4164;28-Dec-2015
133885;Reliance Capital Builder Fund II - Series C - Dividend Payout Option;INF204KA1F60;;9.3074;9.3074;9.3074;28-Dec-2015
133884;Reliance Capital Builder Fund II - Series C - Growth Option;INF204KA1F52;;9.3074;9.3074;9.3074;28-Dec-2015
133131;Reliance Capital Builder Fund II- Series A- Direct Plan-Dividend Payout Option;INF204KA1YL3;;9.4777;9.4777;9.4777;28-Dec-2015
133132;Reliance Capital Builder Fund II- Series A- Direct Plan-Growth Option;INF204KA1YK5;;9.4777;9.4777;9.4777;28-Dec-2015
133133;Reliance Capital Builder Fund II- Series A- Dividend Payout Option;INF204KA1YJ7;;9.4231;9.4231;9.4231;28-Dec-2015
133134;Reliance Capital Builder Fund II- Series A- Growth Option;INF204KA1YI9;;9.4231;9.4231;9.4231;28-Dec-2015
134772;Reliance Capital Builder Fund III - Series A - Direct Plan - Dividend Payout Option;INF204KA16D0;;9.4816;9.4816;9.4816;28-Dec-2015
134773;Reliance Capital Builder Fund III - Series A - Direct Plan - Growth Option;INF204KA15D2;;9.4816;9.4816;9.4816;28-Dec-2015
134775;Reliance Capital Builder Fund III - Series A - Dividend Payout Option;INF204KA14D5;;9.4088;9.4088;9.4088;28-Dec-2015
134774;Reliance Capital Builder Fund III - Series A - Growth Option;INF204KA13D7;;9.4088;9.4088;9.4088;28-Dec-2015
130652;Reliance Capital Builder Fund- Series A- Direct Plan- Dividend Payout Opotion;INF204KA1RY0;;13.1847;13.1847;13.1847;28-Dec-2015
130651;Reliance Capital Builder Fund- Series A- Direct Plan- Growth Option;INF204KA1RX2;;13.1847;13.1847;13.1847;28-Dec-2015
130650;Reliance Capital Builder Fund- Series A- Dividend Payout Option;INF204KA1RW4;;13.0385;13.0385;13.0385;28-Dec-2015
130653;Reliance Capital Builder Fund- Series A- Growth Option;INF204KA1RV6;;13.0385;13.0385;13.0385;28-Dec-2015
130880;Reliance Capital Builder Fund- Series B- Direct Plan- Dividend Payout Option;INF204KA1SW2;;11.2981;11.2981;11.2981;28-Dec-2015
130879;Reliance Capital Builder Fund- Series B- Direct Plan- Growth Opiton;INF204KA1SV4;;11.2981;11.2981;11.2981;28-Dec-2015
130881;Reliance Capital Builder Fund- Series B- Dividend Payout Option;INF204KA1SU6;;11.0791;11.0791;11.0791;28-Dec-2015
130878;Reliance Capital Builder Fund- Series B- Growth Option;INF204KA1ST8;;11.0791;11.0791;11.0791;28-Dec-2015
131272;Reliance Capital Builder Fund- Series C- Direct Plan- Dividend Payout Option;INF204KA1UE6;;11.7456;11.7456;11.7456;28-Dec-2015
131271;Reliance Capital Builder Fund- Series C- Direct Plan- Growth Option;INF204KA1UD8;;11.7456;11.7456;11.7456;28-Dec-2015
131269;Reliance Capital Builder Fund- Series C- Dividend Payout Option;INF204KA1UC0;;11.5203;11.5203;11.5203;28-Dec-2015
131270;Reliance Capital Builder Fund- Series C- Growth Option;INF204KA1UB2;;11.5203;11.5203;11.5203;28-Dec-2015
125273;Reliance Close Ended Equity Fund - Series A - Direct Plan - Dividend Payout Option;INF204K018R7;;15.9222;15.9222;15.9222;28-Dec-2015
125271;Reliance Close Ended Equity Fund - Series A - Direct Plan - Growth Option;INF204K017R9;;18.6364;18.6364;18.6364;28-Dec-2015
125272;Reliance Close Ended Equity Fund - Series A - Dividend Payout Option;INF204K016R1;;15.4624;15.4624;15.4624;28-Dec-2015
125270;Reliance Close Ended Equity Fund - Series A - Growth Option;INF204K015R3;;18.1404;18.1404;18.1404;28-Dec-2015
125889;Reliance Close Ended Equity Fund - Series B - Direct Plan - Dividend Payout Option;INF204K012S8;;15.7894;15.7894;15.7894;28-Dec-2015
125888;Reliance Close Ended Equity Fund - Series B - Direct Plan - Growth Option;INF204K011S0;;18.5119;18.5119;18.5119;28-Dec-2015
125890;Reliance Close Ended Equity Fund - Series B - Dividend Payout Option;INF204K010S2;;15.3463;15.3463;15.3463;28-Dec-2015
125887;Reliance Close Ended Equity Fund - Series B - Growth Option;INF204K019R5;;18.0315;18.0315;18.0315;28-Dec-2015
129572;Reliance Close Ended Equity Fund II- Series A- Direct Plan- Dividend Payout Option;INF204KA1OW1;;14.2390;14.2390;14.2390;28-Dec-2015
129571;Reliance Close Ended Equity Fund II- Series A- Direct Plan- Growth Option;INF204KA1OV3;;14.2390;14.2390;14.2390;28-Dec-2015
129573;Reliance Close Ended Equity Fund II- Series A- Dividend Payout Option;INF204KA1OU5;;13.9442;13.9442;13.9442;28-Dec-2015
129574;Reliance Close Ended Equity Fund II- Series A- Growth Option;INF204KA1OT7;;13.9442;13.9442;13.9442;28-Dec-2015

SBI Mutual Fund
131339;SBI EQUITY OPPORTUNITIES FUND - SERIES I - DIRECT PLAN - DIVIDEND;INF200K017S1;;11.9946;N.A.;N.A.;28-Dec-2015
131338;SBI EQUITY OPPORTUNITIES FUND - SERIES I - DIRECT PLAN - GROWTH;INF200K016S3;;11.9883;N.A.;N.A.;28-Dec-2015
131337;SBI EQUITY OPPORTUNITIES FUND - SERIES I - REGULAR PLAN - DIVIDEND;INF200K015S5;;11.9491;N.A.;N.A.;28-Dec-2015
131336;SBI EQUITY OPPORTUNITIES FUND - SERIES I - REGULAR PLAN - GROWTH;INF200K014S8;;11.9491;N.A.;N.A.;28-Dec-2015
133109;SBI EQUITY OPPORTUNITIES FUND - SERIES II - DIRECT PLAN - DIVIDEND;INF200K011Z9;;10.4698;N.A.;N.A.;28-Dec-2015
133108;SBI EQUITY OPPORTUNITIES FUND - SERIES II - DIRECT PLAN - GROWTH;INF200K010Z1;;10.4707;N.A.;N.A.;28-Dec-2015
133107;SBI EQUITY OPPORTUNITIES FUND - SERIES II - REGULAR PLAN - DIVIDEND;INF200K019Y5;;10.4363;N.A.;N.A.;28-Dec-2015
133106;SBI EQUITY OPPORTUNITIES FUND - SERIES II - REGULAR PLAN - GROWTH;INF200K018Y7;;10.4366;N.A.;N.A.;28-Dec-2015
135507;SBI EQUITY OPPORTUNITIES FUND -  SERIES IV - REGULAR PLAN - GROWTH;INF200KA1GP5;;10.3881;N.A.;N.A.;28-Dec-2015
135506;SBI EQUITY OPPORTUNITIES FUND - SERIES IV - DIRECT PLAN - GROWTH;INF200KA1GN0;;10.416;N.A.;N.A.;28-Dec-2015
135509;SBI Equity Opportunities Fund-Series IV - Direct Plan - Income Distribution cum Capital Withdrawal Option (IDCW);INF200KA1GO8;;10.4135;N.A.;N.A.;28-Dec-2015
135508;SBI Equity Opportunities Fund-Series IV - Regular Plan - Income Distribution cum Capital Withdrawal Option (IDCW);INF200KA1GQ3;;10.3879;N.A.;N.A.;28-Dec-2015

Sundaram Mutual Fund
125777;Sundaram Select Micro Cap Series I - Direct Plan - Dividend Option;INF903J01YN0;;16.8605;16.8605;16.8605;28-Dec-2015
125778;Sundaram Select Micro Cap Series I - Direct Plan - Growth Option;INF903J01YM2;;26.5345;26.5345;26.5345;28-Dec-2015
125776;Sundaram Select Micro Cap Series I - Regular Plan - Dividend Option;INF903J01YL4;;16.2990;16.2990;16.2990;28-Dec-2015
125775;Sundaram Select Micro Cap Series I - Regular Plan - Growth Option;INF903J01YK6;;25.8164;25.8164;25.8164;28-Dec-2015
126407;Sundaram Select Micro Cap Series II - Direct Plan - Dividend Option;INF903J01ZB2;;16.7629;16.7629;16.7629;28-Dec-2015
126408;Sundaram Select Micro Cap Series II - Direct Plan - Growth Option;INF903J01ZA4;;26.4041;26.4041;26.4041;28-Dec-2015
126409;Sundaram Select Micro Cap Series II - Regular Plan - Dividend Option;INF903J01YZ4;;16.2355;16.2355;16.2355;28-Dec-2015
126410;Sundaram Select Micro Cap Series II - Regular Plan - Growth Option;INF903J01YY7;;25.7471;25.7471;25.7471;28-Dec-2015
126847;Sundaram Select Micro Cap Series III - Direct Plan - Dividend Option;INF903J01ZX6;;16.4115;16.4115;16.4115;28-Dec-2015
126848;Sundaram Select Micro Cap Series III - Direct Plan - Growth Option;INF903J01ZW8;;25.8651;25.8651;25.8651;28-Dec-2015
126845;Sundaram Select Micro Cap Series III - Regular Plan - Dividend Option;INF903J01ZV0;;15.9162;15.9162;15.9162;28-Dec-2015
126846;Sundaram Select Micro Cap Series III - Regular Plan - Growth Option;INF903J01ZU2;;25.2541;25.2541;25.2541;28-Dec-2015
127668;Sundaram Select Micro Cap Series IV - Direct Plan - Dividend Option;INF903J01A14;;15.0490;15.0490;15.0490;28-Dec-2015
127669;Sundaram Select Micro Cap Series IV - Direct Plan - Growth Option;INF903J01A06;;24.5475;24.5475;24.5475;28-Dec-2015
127670;Sundaram Select Micro Cap Series IV - Regular Plan - Dividend Option;INF903J01ZZ1;;14.6096;14.6096;14.6096;28-Dec-2015
127671;Sundaram Select Micro Cap Series IV - Regular Plan - Growth Option;INF903J01ZY4;;23.9933;23.9933;23.9933;28-Dec-2015
135568;Sundaram Select Micro Cap Series IX - Direct Plan - Dividend Payout;INF903J018V6;;10.3100;10.3100;10.3100;28-Dec-2015
135570;Sundaram Select Micro Cap Series IX - Regular Plan - Dividend Payout;INF903J016V0;;10.2833;10.2833;10.2833;28-Dec-2015
135569;Sundaram Select Micro Cap Series IX - Regular Plan - Growth;INF903J015V2;;10.2833;10.2833;10.2833;28-Dec-2015
135567;Sundaram Select Micro Cap Series IX-Direct Plan Growth;INF903J017V8;;10.3100;10.3100;10.3100;28-Dec-2015
131003;Sundaram Select Micro Cap Series V - Direct Plan Growth Option;INF903J01R23;;14.8786;14.8786;14.8786;28-Dec-2015
131004;Sundaram Select Micro Cap Series V - Regular Plan Dividend Option;INF903J01R15;;13.5526;13.5526;13.5526;28-Dec-2015
131002;Sundaram Select Micro Cap Series V- Direct Plan Dividend Option;INF903J01R31;;13.8102;13.8102;13.8102;28-Dec-2015
131005;Sundaram Select Micro Cap Series V- Regular Plan Growth Option;INF903J01R07;;14.6170;14.6170;14.6170;28-Dec-2015
131335;Sundaram Select Micro Cap Series VI Direct Dividend Payout;INF903J01U77;;12.6167;12.6167;12.6167;28-Dec-2015
131334;Sundaram Select Micro Cap Series VI Direct Growth;INF903J01U69;;13.1026;13.1026;13.1026;28-Dec-2015
131333;Sundaram Select Micro Cap Series VI Regular Dividend Payout;INF903J01U51;;12.4057;12.4057;12.4057;28-Dec-2015
131332;Sundaram Select Micro Cap Series VI Regular Growth;INF903J01U44;;12.8903;12.8903;12.8903;28-Dec-2015
131555;Sundaram Select Micro Cap Series VII - Direct Plan Growth Option;INF903J01W83;;12.9065;12.9065;12.9065;28-Dec-2015
131556;Sundaram Select Micro Cap Series VII - Regular Plan Dividend Option;INF903J01W75;;12.2448;12.2448;12.2448;28-Dec-2015
131557;Sundaram Select Micro Cap Series VII- Direct Plan Dividend Option;INF903J01W91;;12.4269;12.4269;12.4269;28-Dec-2015
131558;Sundaram Select Micro Cap Series VII- Regular Plan Growth Option;INF903J01W67;;12.7295;12.7295;12.7295;28-Dec-2015
135490;Sundaram Select Micro Cap Series VIII  Direct Plan Growth;INF903J013V7;;10.3545;10.3545;10.3545;28-Dec-2015
135492;Sundaram Select Micro Cap Series VIII  Regular Plan Growth;INF903J011V1;;10.3202;10.3202;10.3202;28-Dec-2015
135489;Sundaram Select Micro Cap Series VIII Direct Plan Dividend;INF903J014V5;;10.3545;10.3545;10.3545;28-Dec-2015
135491;Sundaram Select Micro Cap Series VIII Regular Plan Dividend;INF903J012V9;;10.3202;10.3202;10.3202;28-Dec-2015
135771;SUNDARAM SELECT MICRO CAP SERIES X - DIRECT PLAN - DIVIDEND PAYOUT;INF903J012X5;;10.1775;10.1775;10.1775;28-Dec-2015
135772;SUNDARAM SELECT MICRO CAP SERIES X - DIRECT PLAN - GROWTH;INF903J011X7;;10.1774;10.1774;10.1774;28-Dec-2015
135773;SUNDARAM SELECT MICRO CAP SERIES X - REGULAR PLAN - DIVIDEND PAYOUT;INF903J010X9;;10.1693;10.1693;10.1693;28-Dec-2015
135774;SUNDARAM SELECT MICRO CAP SERIES X - REGULAR PLAN - GROWTH;INF903J019W2;;10.1693;10.1693;10.1693;28-Dec-2015
132986;Sundaram Select Small Cap Series II Direct Dividend Payout;INF903J01X90;;10.4938;10.4938;10.4938;28-Dec-2015
132985;Sundaram Select Small Cap Series II Direct Growth;INF903J01X82;;10.4938;10.4938;10.4938;28-Dec-2015
132984;Sundaram Select Small Cap Series II Regular Dividend Payout;INF903J01X74;;10.3656;10.3656;10.3656;28-Dec-2015
132983;Sundaram Select Small Cap Series II Regular Growth;INF903J01X66;;10.3657;10.3657;10.3657;28-Dec-2015
134298;Sundaram Select Small Cap Series III Direct Dividend;INF903J019G5;;10.2708;10.2708;10.2708;28-Dec-2015
134297;Sundaram Select Small Cap Series III Direct Growth;INF903J018G7;;10.2551;10.2551;10.2551;28-Dec-2015
134296;Sundaram Select Small Cap Series III Regular Dividend;INF903J017G9;;10.2004;10.2004;10.2004;28-Dec-2015
134295;Sundaram Select Small Cap Series III Regular Growth;INF903J016G1;;10.2004;10.2004;10.2004;28-Dec-2015
134374;Sundaram Select Small Cap Series IV - Direct Dividend Payout;INF903J011K4;;10.2134;10.2134;10.2134;28-Dec-2015
134373;Sundaram Select Small Cap Series IV - Direct Growth;INF903J010K6;;10.2134;10.2134;10.2134;28-Dec-2015
134372;Sundaram Select Small Cap Series IV - Regular Dividend Payout;INF903J019J9;;10.1727;10.1727;10.1727;28-Dec-2015
134371;Sundaram Select Small Cap Series IV - Regular Growth;INF903J018J1;;10.1727;10.1727;10.1727;28-Dec-2015
129694;Sundaram Top 100 Series I Direct Plan Dividend Payout;INF903J01M51;;11.4773;11.4773;11.4773;28-Dec-2015
129693;Sundaram Top 100 Series I Direct Plan Growth;INF903J01M44;;11.9896;11.9896;11.9896;28-Dec-2015
129696;Sundaram Top 100 Series I Regular Plan Dividend Payout;INF903J01M36;;11.2157;11.2157;11.2157;28-Dec-2015
129695;Sundaram Top 100 Series I Regular Plan Growth;INF903J01M28;;11.7221;11.7221;11.7221;28-Dec-2015
129886;Sundaram Top 100 Series II Direct Plan Dividend Payout;INF903J01M93;;11.4821;11.4821;11.4821;28-Dec-2015
129887;Sundaram Top 100 Series II Direct Plan Growth;INF903J01M85;;11.4821;11.4821;11.4821;28-Dec-2015
129888;Sundaram Top 100 Series II Regular Plan Dividend Payout;INF903J01M77;;11.2398;11.2398;11.2398;28-Dec-2015
129889;Sundaram Top 100 Series II Regular Plan Growth;INF903J01M69;;11.2398;11.2398;11.2398;28-Dec-2015
130345;Sundaram Top 100 Series III Direct Plan Dividend Payout;INF903J01O59;;11.2415;11.2415;11.2415;28-Dec-2015
130346;Sundaram Top 100 Series III Direct Plan Growth;INF903J01O42;;11.2415;11.2415;11.2415;28-Dec-2015
130347;Sundaram Top 100 Series III Regular Plan Dividend Payout;INF903J01O34;;11.0261;11.0261;11.0261;28-Dec-2015
130348;Sundaram Top 100 Series III Regular Plan Growth;INF903J01O26;;11.0261;11.0261;11.0261;28-Dec-2015
133356;Sundaram Top 100 Series IV Direct Plan Dividend Payout;INF903J019A8;;9.9241;9.9241;9.9241;28-Dec-2015
133355;Sundaram Top 100 Series IV Direct Plan Growth;INF903J018A0;;9.9241;9.9241;9.9241;28-Dec-2015
133354;Sundaram Top 100 Series IV Regular Plan Dividend Payout;INF903J017A2;;9.8435;9.8435;9.8435;28-Dec-2015
133353;Sundaram Top 100 Series IV Regular Plan Growth;INF903J016A4;;9.8441;9.8441;9.8441;28-Dec-2015
133591;Sundaram Top 100 Series V Direct Plan Dividend Payout;INF903J011D9;;9.6593;9.6593;9.6593;28-Dec-2015
133590;Sundaram Top 100 Series V Direct Plan Growth;INF903J010D1;;9.6593;9.6593;9.6593;28-Dec-2015
133589;Sundaram Top 100 Series V Regular Plan Dividend Payout;INF903J019C4;;9.6067;9.6067;9.6067;28-Dec-2015
133588;Sundaram Top 100 Series V Regular Plan Growth;INF903J018C6;;9.6067;9.6067;9.6067;28-Dec-2015
133321;Sundaram Value Fund Series I Direct Dividend Payout;INF903J011A5;;10.8840;10.8840;10.8840;28-Dec-2015
133320;Sundaram Value Fund Series I Direct Growth;INF903J010A7;;10.8840;10.8840;10.8840;28-Dec-2015
133319;Sundaram Value Fund Series I Regular Dividend Payout;INF903J01Z98;;10.7914;10.7914;10.7914;28-Dec-2015
133318;Sundaram Value Fund Series I Regular Plan Growth;INF903J01Z80;;10.7914;10.7914;10.7914;28-Dec-2015
133560;Sundaram Value Fund Series II Direct Plan Dividend Payout;INF903J017C8;;11.2088;11.2088;11.2088;28-Dec-2015
133559;Sundaram Value Fund Series II Direct Plan Growth;INF903J016C0;;11.2088;11.2088;11.2088;28-Dec-2015
133558;Sundaram Value Fund Series II Regular Plan Dividend Payout;INF903J015C2;;11.1306;11.1306;11.1306;28-Dec-2015
133557;Sundaram Value Fund Series II Regular Plan Growth;INF903J014C5;;11.1306;11.1306;11.1306;28-Dec-2015
133117;Sundaram World brand Fund Series I Direct Plan Dividend Payout;INF903J01Y99;;11.0765;11.0765;11.0765;28-Dec-2015
133115;sundaram World Brand Fund Series I Direct Plan Growth;INF903J01Y81;;11.0765;11.0765;11.0765;28-Dec-2015
133116;Sundaram World Brand Fund Series I Regular Plan Dividend Payout;INF903J01Y73;;10.952;10.952;10.952;28-Dec-2015
133114;Sundaram World Brand Fund Series I Regular Plan Growth;INF903J01Y65;;10.952;10.952;10.952;28-Dec-2015
133121;Sundaram World Brand Fund Series II Direct Plan Dividend Payout;INF903J01Z31;;11.0862;11.0862;11.0862;28-Dec-2015
133120;Sundaram World Brand Fund Series II Direct Plan Growth;INF903J01Z23;;11.0862;11.0862;11.0862;28-Dec-2015
133119;Sundaram World Brand Fund Series II Regular Plan Dividend Payout;INF903J01Z15;;10.9664;10.9664;10.9664;28-Dec-2015
133118;Sundaram World Brand Fund Series II Regular Plan Growth;INF903J01Z07;;10.9664;10.9664;10.9664;28-Dec-2015
133242;Sundaram World Brand Fund Series III Direct Plan Dividend Payout;INF903J01Z72;;11.2167;11.2167;11.2167;28-Dec-2015
133241;Sundaram World Brand Fund Series III Direct Plan Growth;INF903J01Z64;;11.2167;11.2167;11.2167;28-Dec-2015
133243;Sundaram World Brand Fund Series III Regular Plan Dividend Payout;INF903J01Z56;;11.1026;11.1026;11.1026;28-Dec-2015
133240;Sundaram World Brand Fund Series III Regular Plan Growth;INF903J01Z49;;11.1026;11.1026;11.1026;28-Dec-2015

Union Mutual Fund
133834;Union Trigger Fund - Series 2 - Direct Plan - Growth Option;INF582M01CC5;;9.64;N.A.;N.A.;28-Dec-2015
133835;Union Trigger Fund - Series 2 - Regular Plan - Growth Option;INF582M01CD3;;9.58;N.A.;N.A.;28-Dec-2015

UTI Mutual Fund
131021;UTI Focussed Equity Fund Series - 1 (2195 Days) - Direct Plan - Dividend Option;INF789FC1Q55;;10.5561;0;0;28-Dec-2015
131019;UTI Focussed Equity Fund Series - 1 (2195 Days) - Direct Plan - Growth Option;INF789FC1Q63;;10.5561;0;0;28-Dec-2015
131020;UTI Focussed Equity Fund Series - 1 (2195 Days) - Regular Plan - Dividend Option;INF789FC1Q30;;10.3194;0;0;28-Dec-2015
131018;UTI Focussed Equity Fund Series - 1 (2195 Days) - Regular Plan - Growth Option;INF789FC1Q48;;10.3194;0;0;28-Dec-2015
133257;UTI Focussed Equity Fund - Series II (1102 Days) - Dividend Option;INF789FA14T1;;9.5128;0;0;28-Dec-2015
133259;UTI Focussed Equity Fund - Series II (1102 Days) - Dividend Option - Direct;INF789FA16T6;;9.6866;0;0;28-Dec-2015
133256;UTI Focussed Equity Fund - Series II (1102 Days) - Growth Option;INF789FA15T8;;9.5128;0;0;28-Dec-2015
133258;UTI Focussed Equity Fund - Series II (1102 Days) - Growth Option - Direct;INF789FA17T4;;9.6866;0;0;28-Dec-2015
121173;UTI- Rajiv Gandhi Equity Saving Scheme - Dividend Option;INF789F01YQ4;;13.8875;0;0;28-Dec-2015
121174;UTI- Rajiv Gandhi Equity Saving Scheme - Dividend Option -DIRECT;INF789F01YS0;;14.0035;0;0;28-Dec-2015
121175;UTI- Rajiv Gandhi Equity Saving Scheme - Growth Option;INF789F01YR2;;13.8875;0;0;28-Dec-2015
121176;UTI- Rajiv Gandhi Equity Saving Scheme - Growth Option - DIRECT;INF789F01YT8;;14.0034;0;0;28-Dec-2015

Close Ended Schemes ( ELSS )


Bandhan Mutual Fund
108864;IDFC Tax Saver (ELSS) Fund A DIVIDEND;INF194K01276;INF194K01284;22.5556;22.5556;22.5556;28-Dec-2015
108865;IDFC Tax Saver (ELSS) Fund A GROWTH;INF194K01268;;22.5596;22.5596;22.5596;28-Dec-2015

ICICI Prudential Mutual Fund
112101;ICICI Prudential R.I.G.H.T. Fund Dividend;INF109KA1XQ0;;22.62;N.A.;N.A.;28-Dec-2015
112100;ICICI Prudential R.I.G.H.T. Fund Growth;INF109KA1XP2;;29.53;N.A.;N.A.;28-Dec-2015

Invesco Mutual Fund
107714;Invesco India AGILE Tax Fund - Dividend Option;INF205K01FT4;;9.75;0.00;0.00;28-Dec-2015
107773;Invesco India AGILE Tax Fund - Growth Option;INF205K01FS6;;9.75;0.00;0.00;28-Dec-2015

L&T Mutual Fund
112625;L&T Long Term Advantage Fund I - Regular Plan - Dividend;INF917K01BQ9;;22.69;22.69;0.00;28-Dec-2015
112624;L&T Long Term Advantage Fund I - Regular Plan - Growth;INF917K01BR7;;35.72;35.72;0.00;28-Dec-2015

Nippon India Mutual Fund
107900;Reliance Equity Linked Saving Fund - Series I - Dividend Plan;INF204K01ON2;;25.7082;25.5732;25.7082;28-Dec-2015
107901;Reliance Equity Linked Saving Fund - Series I - Growth Plan;INF204K01OM4;;25.7082;25.5732;25.7082;28-Dec-2015

SBI Mutual Fund
132933;SBI LONG TERM ADVANTAGE FUND - SERIES I - DIRECT PLAN - GROWTH;INF200K018X9;;10.0447;N.A.;N.A.;28-Dec-2015
132934;SBI Long Term Advantage Fund - Series I - Direct Plan - Income Distribution cum Capital Withdrawal Option (IDCW);INF200K019X7;;10.0438;N.A.;N.A.;28-Dec-2015
132924;SBI LONG TERM ADVANTAGE FUND - SERIES I - REGULAR PLAN - GROWTH;INF200K016X3;;10.015;N.A.;N.A.;28-Dec-2015
132923;SBI Long Term Advantage Fund - Series I - Regular Plan - Income Distribution cum Capital Withdrawal Option (IDCW);INF200K017X1;;10.014;N.A.;N.A.;28-Dec-2015
133364;SBI LONG TERM ADVANTAGE FUND - SERIES II - DIRECT PLAN - GROWTH;INF200KA1333;;9.9108;N.A.;N.A.;28-Dec-2015
133363;SBI Long Term Advantage Fund - Series II - Direct Plan - Income Distribution cum Capital Withdrawal Option (IDCW);INF200KA1341;;9.9086;N.A.;N.A.;28-Dec-2015
133361;SBI LONG TERM ADVANTAGE FUND - SERIES II - REGULAR PLAN - GROWTH;INF200KA1317;;9.8828;N.A.;N.A.;28-Dec-2015
133362;SBI Long Term Advantage Fund - Series II - Regular Plan - Income Distribution cum Capital Withdrawal Option (IDCW);INF200KA1325;;9.8832;N.A.;N.A.;28-Dec-2015
108144;SBI TAX ADVANTAGE FUND - SERIES I - DIVIDEND;INF200K01IK8;;22.6683;N.A.;N.A.;28-Dec-2015
115084;SBI TAX ADVANTAGE FUND-SERIES - REPURCHASE NAV - DIVIDEND;;;22.5372;N.A.;N.A.;28-Dec-2015
115085;SBI TAX ADVANTAGE FUND - REPURCHASE - GROWTH;;;22.5422;N.A.;N.A.;28-Dec-2015
108145;SBI TAX ADVANTAGE FUND - SERIES I - GROWTH;INF200K01IJ0;;22.6733;N.A.;N.A.;28-Dec-2015
116352;SBI TAX ADVANTAGE FUND - SERIES II - GROWTH;INF200K01JF6;;22.8503;22.8503;N.A.;28-Dec-2015
116353;SBI Tax Advantage Fund-Series- II - Income Distribution cum Capital Withdrawal Option (IDCW);INF200K01JG4;;21.1417;21.1417;N.A.;28-Dec-2015
126279;SBI Tax Advantage Fund - Series III - Direct Plan - Growth Option;INF200K01X06;;16.4237;N.A.;N.A.;28-Dec-2015
126379;SBI Tax Advantage Fund - Series III - Regular Plan - Growth;INF200K01W80;;16.3572;N.A.;N.A.;28-Dec-2015
126278;SBI Tax Advantage Fund-Series- III - Direct Plan - Income Distribution cum Capital Withdrawal Option (IDCW);INF200K01X14;;16.4199;N.A.;N.A.;28-Dec-2015
126378;SBI Tax Advantage Fund-Series- III - Regular Plan - Income Distribution cum Capital Withdrawal Option (IDCW);INF200K01W98;;16.3572;N.A.;N.A.;28-Dec-2015

Sundaram Mutual Fund
133324;Sundaram Long Term Tax Advantage Fund Series I Direct Plan - Growth;INF903J014A9;;9.4970;9.4970;9.4970;28-Dec-2015
133325;Sundaram Long Term Tax Advantage Fund Series I Direct Plan - Payout of Income Distribution cum Capital Withdrawal (IDCW);INF903J015A6;;9.4970;9.4970;9.4970;28-Dec-2015
133322;Sundaram Long Term Tax Advantage Fund Series I Regular Plan - Growth;INF903J012A3;;9.4454;9.4454;9.4454;28-Dec-2015
133323;Sundaram Long Term Tax Advantage Fund Series I Regular Plan - Payout of Income Distribution cum Capital Withdrawal (IDCW);INF903J013A1;;9.4454;9.4454;9.4454;28-Dec-2015

Tata Mutual Fund
111779;Tata Infrastructure Tax Saving Fund - Dividend;INF277K01790;;18.6189;0.0000;0.0000;28-Dec-2015
111778;Tata Infrastructure Tax Saving Fund - Growth;INF277K01808;;19.6751;0.0000;0.0000;28-Dec-2015
103470;Tata Tax Advantage Fund -1;INF277K01HK8;;30.1289;0.0000;0.0000;28-Dec-2015

UTI Mutual Fund
101834;UTI - Master Equity Plan Unit Scheme;;;79.0901;0;0;28-Dec-2015
105497;UTI Long Term Advantage Fund  - Dividend Option;;;19.2528;0;0;28-Dec-2015
105498;UTI Long Term Advantage Fund  - Growth Option;;;19.2529;0;0;28-Dec-2015
108231;UTI-Long Term Advantage Fund Series -II - Growth Option;;;23.2061;0;0;28-Dec-2015
108232;UTI-Long Term Advantage Fund Series-II - Dividend Option;;;23.2062;0;0;28-Dec-2015

Interval Fund Schemes ( Income )


Bandhan Mutual Fund
120848;IDFC YS Interval Fund - Series I -Direct Plan-Dividend;INF194K019C9;;10.7083;10.7083;10.7083;28-Dec-2015
120849;IDFC YS Interval Fund - Series I -Direct Plan-Growth;INF194K018C1;;12.8527;12.8527;12.8527;28-Dec-2015
120850;IDFC YS Interval Fund - Series I -Regular Plan-Dividend;INF194K011D4;;10.6991;10.6991;10.6991;28-Dec-2015
120851;IDFC YS Interval Fund - Series I -Regular Plan-Growth;INF194K010D6;;12.7934;12.7934;12.7934;28-Dec-2015
120986;IDFC YS Interval Fund - Series II-Direct Plan-Growth;INF194K013E8;;12.8982;12.8982;12.8982;28-Dec-2015
120985;IDFC YS Interval Fund - Series II-Regular Plan-Dividend;INF194K012E0;;10.7310;10.7310;10.7310;28-Dec-2015
120984;IDFC YS Interval Fund - Series II-Regular Plan-Growth;INF194K011E2;;12.8292;12.8292;12.8292;28-Dec-2015
121065;IDFC YS Interval Fund - Series III -Direct Plan-Growth;INF194K015E3;;12.8947;12.8947;12.8947;28-Dec-2015
121064;IDFC YS Interval Fund - Series III -Regular Plan-Dividend;INF194K018E7;;10.7191;10.7191;10.7191;28-Dec-2015
121063;IDFC YS Interval Fund - Series III -Regular Plan-Growth;INF194K017E9;;12.8643;12.8643;12.8643;28-Dec-2015

Invesco Mutual Fund
134075;Invesco India Annual Interval Fund - Series 1 - Plan B - Direct Sub-Plan - Growth;INF205K01V29;;10.6750;10.6750;10.6750;28-Dec-2015
134074;Invesco India Annual Interval Fund - Series 1 - Plan B - Regular Sub-Plan - Growth;INF205K01V03;;10.6667;10.6667;10.6667;28-Dec-2015

LIC Mutual Fund
120367;LIC MF Interval Fund Annual Plan-Series 1-Direct Plan-Dividend;INF767K01HE1;INF767K01HG6;10.7198;0.0000;0.0000;28-Dec-2015
120366;LIC MF Interval Fund Annual Plan-Series 1-Direct Plan-Growth;INF767K01HF8;;18.2229;0.0000;0.0000;28-Dec-2015
108438;LIC MF Interval Fund Annual Plan-Series 1-Regular Plan-Dividend;INF767K01329;INF767K01337;11.3180;0.0000;0.0000;28-Dec-2015
108439;LIC MF Interval Fund Annual Plan-Series 1-Regular Plan-Growth;INF767K01345;;18.1260;0.0000;0.0000;28-Dec-2015
120358;LIC MF Interval Fund Monthly Plan-Series 1-Direct Plan-Dividend;INF767K01HB7;INF767K01HD3;10.0220;0.0000;0.0000;28-Dec-2015
120359;LIC MF Interval Fund Monthly Plan-Series 1-Direct Plan-Growth;INF767K01HC5;;18.3649;0.0000;0.0000;28-Dec-2015
108416;LIC MF Interval Fund Monthly Plan-Series 1-Regular Plan-Dividend;INF767K01295;INF767K01303;10.0214;0.0000;0.0000;28-Dec-2015
108417;LIC MF Interval Fund Monthly Plan-Series 1-Regular Plan-Growth;INF767K01311;;18.3277;0.0000;0.0000;28-Dec-2015
120362;LIC MF Interval Fund Quarterly Plan-Series 1-Direct Plan-Dividend;INF767K01GY1;INF767K01HA9;10.0787;0.0000;0.0000;28-Dec-2015
120363;LIC MF Interval Fund Quarterly Plan-Series 1-Direct Plan-Growth;INF767K01GZ8;;18.5571;0.0000;0.0000;28-Dec-2015
108408;LIC MF Interval Fund Quarterly Plan-Series 1-Regular Plan-Dividend;INF767K01238;INF767K01246;10.0776;0.0000;0.0000;28-Dec-2015
108411;LIC MF Interval Fund Quarterly Plan-Series 1-Regular Plan-Growth;INF767K01253;;18.5119;0.0000;0.0000;28-Dec-2015
120375;LIC MF Interval Fund Quarterly Plan-Series 2-Direct Plan-Dividend;INF767K01HH4;INF767K01HJ0;10.0770;0.0000;0.0000;28-Dec-2015
120372;LIC MF Interval Fund Quarterly Plan-Series 2-Direct Plan-Growth;INF767K01HI2;;18.2826;0.0000;0.0000;28-Dec-2015
109917;LIC MF Interval Fund Quarterly Plan-Series 2-Regular Plan-Dividend;INF767K01261;INF767K01279;10.0748;0.0000;0.0000;28-Dec-2015
109916;LIC MF Interval Fund Quarterly Plan-Series 2-Regular Plan-Growth;INF767K01287;;18.2279;0.0000;0.0000;28-Dec-2015

Nippon India Mutual Fund
118804;Nippon India Annual Interval Fund - Series I - Direct Plan Growth Plan - Growth;INF204K01B81;-;14.9697;14.9697;14.9697;28-Dec-2015
105660;NIPPON INDIA ANNUAL INTERVAL FUND - SERIES I - IDCW Option;INF204K01ED4;INF204K01EE2;10.4385;10.4385;10.4385;28-Dec-2015
105662;NIPPON INDIA ANNUAL INTERVAL FUND - SERIES I - RETAIL Plan - IDCW Option;INF204K01EA0;INF204K01EB8;10.4385;10.4385;10.4385;28-Dec-2015
105663;Nippon India Interval Fund Annual Interval Fund Series-I- Growth Option;INF204K01EC6;;14.9386;14.9386;14.9386;28-Dec-2015
105661;Nippon India Interval Fund Annual Interval Fund Series-I-Retail Plan Growth Option;INF204K01DZ9;;20.1453;20.1453;20.1453;28-Dec-2015
105229;Nippon India Interval Fund-Monthly Interval Fund-Series-I- Growth Option;INF204K01CV0;;19.7777;19.7777;19.7777;28-Dec-2015
105232;Nippon India Interval Fund-Monthly Interval Fund-Series-I-Institutional Plan-Dividend Option;INF204K01CZ1;INF204K01DA2;10.0278;10.0278;10.0278;28-Dec-2015
118596;NIPPON INDIA MONTHLY INTERVAL FUND - SERIES I - Direct Plan - IDCW Option;INF204K01ZB3;INF204K01ZC1;10.0280;10.0280;10.0280;28-Dec-2015
118598;Nippon India Monthly Interval Fund - Series I - Direct Plan Growth Plan - Growth;INF204K01ZA5;-;19.8062;19.8062;19.8062;28-Dec-2015
105230;NIPPON INDIA MONTHLY INTERVAL FUND - SERIES I - IDCW Option;INF204K01CW8;INF204K01CX6;10.0278;10.0278;10.0278;28-Dec-2015
105400;Nippon India Interval Fund-Monthly Interval Fund-Series-II -Growth Option;INF204K01DB0;;19.8299;19.8299;19.8299;28-Dec-2015
105402;Nippon India Interval Fund-Monthly Interval Fund-Series-II-Institutional Plan-Dividend Option;INF204K01DF1;INF204K01DG9;10.0539;10.0539;10.0539;28-Dec-2015
118594;NIPPON INDIA MONTHLY INTERVAL FUND - SERIES II - Direct Plan - IDCW Option;INF204K01ZE7;INF204K01ZF4;10.0542;10.0542;10.0542;28-Dec-2015
118595;Nippon India Monthly Interval Fund - Series II - Direct Plan Growth Plan - Growth;INF204K01ZD9;-;19.8564;19.8564;19.8564;28-Dec-2015
105401;NIPPON INDIA MONTHLY INTERVAL FUND - SERIES II - IDCW Option;INF204K01DC8;INF204K01DD6;10.0539;10.0539;10.0539;28-Dec-2015
105691;Nippon India Interval Fund-Quarterly Interval Fund Serie-II-Institutional Plan -Dividend Option;INF204K01DR6;INF204K01DS4;10.1249;10.1249;10.1249;28-Dec-2015
105689;Nippon India Interval Fund-Quarterly Interval Fund Series-II-Growth Option;INF204K01DN5;;20.2510;20.2510;20.2510;28-Dec-2015
118689;NIPPON INDIA QUARTERLY INTERVAL FUND - SERIES II - Direct Plan - IDCW Option;INF204K01F46;INF204K01F53;10.1088;10.1088;10.1088;28-Dec-2015
118691;Nippon India Quarterly Interval Fund - Series II - Direct Plan Growth Plan - Growth;INF204K01F61;-;20.3060;20.3060;20.3060;28-Dec-2015
105692;NIPPON INDIA QUARTERLY INTERVAL FUND - SERIES II - IDCW Option;INF204K01DO3;INF204K01DP0;10.1241;10.1241;10.1241;28-Dec-2015
118621;NIPPON INDIA INTERVAL FUND - QUARTERLY PLAN - SERIES I - Direct Plan - IDCW Option;INF204K01XU8;INF204K01XV6;10.1851;10.1851;10.1851;28-Dec-2015
118623;Nippon India Interval Fund - Quarterly Plan - Series I - Direct Plan Growth Plan - Growth;INF204K01XT0;-;20.2370;20.2370;20.2370;28-Dec-2015
105434;NIPPON INDIA INTERVAL FUND - QUARTERLY PLAN - SERIES I - IDCW Option;INF204K01DI5;INF204K01DJ3;10.1838;10.1838;10.1838;28-Dec-2015
105436;NIPPON INDIA INTERVAL FUND - QUARTERLY PLAN - SERIES I - INSTITUTIONAL IDCW Option;INF204K01DL9;INF204K01DM7;10.1840;10.1840;10.1840;28-Dec-2015
105433;Nippon India Interval Fund-Quarterly Interval Fund-Series-I - Growth Option;INF204K01DH7;;20.1804;20.1804;20.1804;28-Dec-2015
105884;Nippon India Interval Fund-Quarterly Interval Fund-Series-III- Growth Option;INF204K01DT2;;20.0748;20.0748;20.0748;28-Dec-2015
105882;Nippon India Interval Fund-Quarterly Interval Fund-Series-III-Institutional Plan-Growth Option;INF204K01DW6;;17.8771;17.8771;17.8771;28-Dec-2015
118584;NIPPON INDIA QUARTERLY INTERVAL FUND - SERIES III - Direct Plan - IDCW Option;INF204K01XX2;INF204K01XY0;10.0412;10.0412;10.0412;28-Dec-2015
118583;Nippon India Quarterly Interval Fund - Series III - Direct Plan Growth Plan - Growth;INF204K01XW4;-;12.2054;12.2054;12.2054;28-Dec-2015
105885;NIPPON INDIA QUARTERLY INTERVAL FUND - SERIES III - IDCW Option;INF204K01DU0;INF204K01DV8;10.0484;10.0484;10.0484;28-Dec-2015
105883;NIPPON INDIA QUARTERLY INTERVAL FUND - SERIES III - INSTITUTIONAL IDCW Option;INF204K01DX4;INF204K01DY2;10.0486;10.0486;10.0486;28-Dec-2015
120800;Nippon India Yearly Interval Fund - Series 1 - Direct Plan - Dividend Plan - Dividend Option;INF204K01M47;INF204K01M54;10.7778;10.7778;10.7778;28-Dec-2015
120799;Nippon India Yearly Interval Fund - Series 1 - Direct Plan - Growth Plan - Growth Option;INF204K01M39;-;12.8528;12.8528;12.8528;28-Dec-2015
120802;Nippon India Yearly Interval Fund - Series 1 - Dividend Plan - Dividend Option;INF204K01M13;INF204K01M21;10.7679;10.7679;10.7679;28-Dec-2015
120798;Nippon India Yearly Interval Fund - Series 1 - Growth Plan - Growth Option;INF204K01M05;-;12.8287;12.8287;12.8287;28-Dec-2015
134888;Reliance Interval Fund -IV -Series 2 - Direct Plan - Dividend Payout Option;INF204KA12F4;;10.4019;10.4019;10.4019;28-Dec-2015
134890;Reliance Interval Fund -IV -Series 2 - Direct Plan - Growth Option;INF204KA13F2;;10.4019;10.4019;10.4019;28-Dec-2015
134889;Reliance Interval Fund -IV -Series 2 - Dividend Payout Option;INF204KA10F8;;10.3540;10.3540;10.3540;28-Dec-2015
134891;Reliance Interval Fund -IV -Series 2 - Growth Option;INF204KA11F6;;10.3540;10.3540;10.3540;28-Dec-2015
135001;Reliance Interval Fund IV- Series 3- Direct Plan-Dividend Payout Option;INF204KA14I4;;10.3621;10.3621;10.3621;28-Dec-2015
134999;Reliance Interval Fund IV- Series 3- Direct Plan-Growth option;INF204KA15I1;;10.3621;10.3621;10.3621;28-Dec-2015
135000;Reliance Interval Fund IV- Series 3- Dividend Payout Option;INF204KA12I8;;10.3214;10.3214;10.3214;28-Dec-2015
135002;Reliance Interval Fund IV- Series 3- Growth option;INF204KA13I6;;10.3214;10.3214;10.3214;28-Dec-2015
