Scheme Code;Scheme Name;ISIN Div Payout/ISIN Growth;ISIN Div Reinvestment;Net Asset Value;Repurchase Price;Sale Price;Date

Open Ended Schemes ( Money Market )


Taurus Mutual Fund
139619;Taurus Investor Education Pool - Unclaimed Dividend - Growth;;;10.0000;;;24-Aug-2021
139618;Taurus Investor Education Pool - Unclaimed Redemption - Growth;;;10.0000;;;24-Aug-2021
139616;Taurus Unclaimed Dividend - Growth;;;14.0652;;;24-Aug-2021
139617;Taurus Unclaimed Redemption - Growth;;;14.0664;;;24-Aug-2021

Open Ended Schemes ( Equity Scheme - Multi Cap Fund )


Aditya Birla Sun Life Mutual Fund
148921;Aditya Birla Sun Life Multi-Cap Fund-Direct Growth;INF209KB1Y49;;11.64;;;24-Aug-2021
148920;Aditya Birla Sun Life Multi-Cap Fund-Direct IDCW Payout;INF209KB1Y56;;11.64;;;24-Aug-2021
148918;Aditya Birla Sun Life Multi-Cap Fund-Regular Growth;INF209KB1Y23;;11.57;;;24-Aug-2021
148919;Aditya Birla Sun Life Multi-Cap Fund-Regular-IDCW Payout;INF209KB1Y31;;11.57;;;24-Aug-2021

Baroda BNP Paribas Mutual Fund
119354;Baroda BNP Paribas MULTI CAP FUND - Direct Plan - Growth Option;INF955L01AG0;;166.51;;;24-Aug-2021
119353;Baroda BNP Paribas MULTI CAP FUND - Direct Plan - IDCW Option;INF955L01AE5;;40.73;;;24-Aug-2021
102020;Baroda BNP Paribas MULTI CAP FUND - Regular Plan - Growth Option;INF955L01674;;154.39;;;24-Aug-2021
102021;Baroda BNP Paribas MULTI CAP FUND - Regular Plan - IDCW Option;INF955L01658;INF955L01666;39.69;;;24-Aug-2021

BNP Paribas Mutual Fund
119988;BNP Paribas MULTI CAP Fund - Direct Plan - Growth Option;INF251K01HK3;;81.439;;;24-Aug-2021
119987;BNP Paribas MULTI CAP Fund - Direct Plan - Income Distribution cum Capital Withdrawal Option;INF251K01HI7;INF251K01HJ5;22.808;;;24-Aug-2021
113460;BNP PARIBAS MULTI CAP Fund-Growth Option;INF251K01951;;71.901;;;24-Aug-2021
113461;BNP PARIBAS MULTI CAP Fund-Income Distribution cum Capital Withdrawal Option;INF251K01977;INF251K01969;19.140;;;24-Aug-2021

ICICI Prudential Mutual Fund
120599;ICICI Prudential Multicap Fund - Direct Plan -  Growth;INF109K014O9;;450.01;;;24-Aug-2021
120598;ICICI Prudential Multicap Fund - Direct Plan -  IDCW;INF109K012O3;INF109K013O1;39.44;;;24-Aug-2021
101228;ICICI Prudential Multicap Fund - Growth;INF109K01613;;416.83;;;24-Aug-2021
101706;ICICI Prudential Multicap Fund - IDCW;INF109K01FK7;INF109K01621;26.30;;;24-Aug-2021

Invesco Mutual Fund
120413;Invesco India Multicap Fund - Direct Plan - Growth Option;INF205K01MS2;;84.52;;;24-Aug-2021
120412;Invesco India Multicap Fund - Direct Plan - IDCW (Payout / Reinvestment);INF205K01MQ6;INF205K01MR4;76.5;;;24-Aug-2021
107353;Invesco India Multicap Fund - Growth Option;INF205K01DN2;;74.73;;;24-Aug-2021
107352;Invesco India Multicap Fund - IDCW (Payout / Reinvestment);INF205K01DO0;INF205K01DP7;67.76;;;24-Aug-2021

ITI Mutual Fund
147183;ITI Multi Cap Fund - Direct Plan - Growth Option;INF00XX01168;;14.3776;;;24-Aug-2021
147186;ITI Multi Cap Fund - Direct Plan - IDCW Option;INF00XX01176;INF00XX01184;13.7555;;;24-Aug-2021
147184;ITI Multi Cap Fund - Regular Plan - Growth Option;INF00XX01135;;13.6930;;;24-Aug-2021
147185;ITI Multi Cap Fund - Regular Plan - IDCW Option;INF00XX01143;INF00XX01150;13.0798;;;24-Aug-2021

L&T Mutual Fund
119291;L&T Flexicap Fund-Direct Plan-Growth;INF917K01FC0;;120.344;;;24-Aug-2021
119290;L&T Flexicap Fund-Direct Plan-IDCW;INF917K01FB2;INF917K01FA4;41.019;;;24-Aug-2021
118043;L&T Flexicap Fund-Regular Plan-Growth;INF677K01031;;113.366;;;24-Aug-2021
118044;L&T Flexicap Fund-Regular Plan-IDCW;INF677K01049;INF677K01056;35.427;;;24-Aug-2021

Mahindra Manulife Mutual Fund
141223;Mahindra Manulife Multi Cap Fund - Direct Plan - IDCW;INF174V01366;INF174V01358;19.4349;;;24-Aug-2021
141226;Mahindra Manulife Multi Cap Fund - Direct Plan -Growth;INF174V01341;;20.5217;;;24-Aug-2021
141224;Mahindra Manulife Multi Cap Fund - Regular Plan - Growth;INF174V01317;;18.8361;;;24-Aug-2021
141225;Mahindra Manulife Multi Cap Fund - Regular Plan - IDCW;INF174V01333;INF174V01325;17.7581;;;24-Aug-2021

Nippon India Mutual Fund
118652;NIPPON INDIA MULTI CAP FUND - DIRECT Plan - IDCW Option;INF204K01XD4;INF204K01XE2;50.1970;;;24-Aug-2021
118651;Nippon India Multi Cap Fund - Direct Plan Growth Plan - Bonus Option;INF204K01D55;;141.6901;;;24-Aug-2021
118650;Nippon India Multi Cap Fund - Direct Plan Growth Plan - Growth Option;INF204K01XF9;;141.6901;;;24-Aug-2021
101163;NIPPON INDIA MULTI CAP FUND - IDCW Option;INF204K01455;INF204K01463;38.1397;;;24-Aug-2021
101162;Nippon India Multi Cap Fund-Growth Plan-Bonus Option;INF204K01471;;133.0159;;;24-Aug-2021
101161;Nippon India Multi Cap Fund-Growth Plan-Growth Option;INF204K01489;;133.0159;;;24-Aug-2021

Principal Mutual Fund
119451;Principal Multi Cap Growth Fund - Direct Plan -Half Yearly Income Distribution CUM Capital Withdrawal Option;INF173K01FN7;INF173K01FO5;63.32;;;24-Aug-2021
100966;Principal Multi Cap Growth Fund- Half Yearly Income Distribution CUM Capital Withdrawal Option;INF173K01957;INF173K01965;48.99;;;24-Aug-2021
119452;Principal Multi Cap Growth Fund-Direct Plan - Growth Option;INF173K01FQ0;;229.27;;;24-Aug-2021
100967;Principal Multi Cap Growth Fund-Growth Option;INF173K01940;;214.86;;;24-Aug-2021

quant Mutual Fund
100631;quant Active Fund-GROWTH OPTION - Regular Plan;INF966L01234;;373.771;;;24-Aug-2021
120823;quant Active Fund-GROWTH OPTION-Direct Plan;INF966L01614;;387.6981;;;24-Aug-2021
120822;quant Active Fund-IDCW Option - Direct Plan;INF966L01598;INF966L01606;44.8956;;;24-Aug-2021
100630;quant Active Fund-IDCW Option - Regular Plan;INF966L01218;INF966L01226;42.7988;;;24-Aug-2021

Sundaram Mutual Fund
147587;Sundaram Equity Fund Direct Plan - Growth;INF903JA1IK5;;15.8202;;;24-Aug-2021
147588;Sundaram Equity Fund Direct Plan - Payout of Income Distribution cum Capital Withdrawal (IDCW);INF903JA1IL3;;14.7216;;;24-Aug-2021
147589;Sundaram Equity Fund Direct Plan - Reinvestment of Income Distribution cum Capital Withdrawal (IDCW);INF903JA1IM1;;14.7216;;;24-Aug-2021
147584;Sundaram Equity Fund Regular Plan - Growth;INF903JA1IH1;;15.2449;;;24-Aug-2021
147586;Sundaram Equity Fund Regular Plan - Payout of Income Distribution cum Capital Withdrawal (IDCW);INF903JA1II9;;14.1993;;;24-Aug-2021
147585;Sundaram Equity Fund Regular Plan - Reinvestment of Income Distribution cum Capital Withdrawal (IDCW);INF903JA1IJ7;;14.1993;;;24-Aug-2021

Open Ended Schemes ( Equity Scheme - Large Cap Fund )


Aditya Birla Sun Life Mutual Fund
119528;Aditya Birla Sun Life Frontline Equity Fund - Growth - Direct Plan;INF209K01YY7;;349.02;;;24-Aug-2021
119527;Aditya Birla Sun Life Frontline Equity Fund-DIRECT - IDCW;INF209K01YX9;INF209K01YW1;77.86;;;24-Aug-2021
103174;Aditya Birla Sun Life Frontline Equity Fund-Growth;INF209K01BR9;;324.21;;;24-Aug-2021
103173;Aditya Birla Sun Life Frontline Equity Fund-Regular - IDCW;INF209K01BO6;INF209K01EC5;33.47;;;24-Aug-2021

Axis Mutual Fund
120465;Axis Bluechip Fund - Direct Plan - Growth;INF846K01DP8;;49.34;;;24-Aug-2021
120466;Axis Bluechip Fund - Direct Plan - IDCW;INF846K01DN3;INF846K01DO1;23.01;;;24-Aug-2021
112277;Axis Bluechip Fund - Regular Plan - Growth;INF846K01164;;44.56;;;24-Aug-2021
112278;Axis Bluechip Fund - Regular Plan - IDCW;INF846K01172;INF846K01180;19.58;;;24-Aug-2021

Bandhan Mutual Fund
108799;BANDHAN Large Cap Fund - Regular Plan - Growth;INF194K01516;;47.32;;;24-Aug-2021
108800;BANDHAN Large Cap Fund - Regular Plan - IDCW;INF194K01490;INF194K01508;17.91;;;24-Aug-2021
118479;BANDHAN Large Cap Fund-Direct Plan-Growth;INF194K01Z44;;51.84;;;24-Aug-2021
118478;BANDHAN Large Cap Fund-Direct Plan-IDCW;INF194K01Z51;INF194K01Z69;22.41;;;24-Aug-2021

Bank of India Mutual Fund
148980;BANK OF INDIA Bluechip Fund Direct Plan Growth;INF761K01FL3;;10.63;;;24-Aug-2021
148981;BANK OF INDIA Bluechip Fund Direct Plan IDCW;INF761K01FK5;INF761K01FM1;10.63;;;24-Aug-2021
148982;BANK OF INDIA Bluechip Fund Regular Plan Growth;INF761K01FO7;;10.60;;;24-Aug-2021
148983;BANK OF INDIA Bluechip Fund Regular Plan IDCW;INF761K01FN9;INF761K01FP4;10.60;;;24-Aug-2021

Baroda BNP Paribas Mutual Fund
112943;Baroda Large cap Fund - Plan A - Growth Option;INF955L01633;;21.11;;;24-Aug-2021
112944;Baroda Large cap Fund - Plan A - IDCW Option;INF955L01617;INF955L01625;15.53;;;24-Aug-2021
119367;Baroda Large cap Fund - Plan B (Direct) - Growth Option;INF955L01AJ4;;22.44;;;24-Aug-2021
119366;Baroda Large cap Fund - Plan B (Direct) - IDCW Option;INF955L01AH8;;16.75;;;24-Aug-2021

BNP Paribas Mutual Fund
119893;BNP Paribas LARGE CAP Fund - Direct Plan - Growth Option;INF251K01HN7;;146.19;;;24-Aug-2021
119894;BNP Paribas LARGE CAP Fund - Direct Plan - Income Distribution cum Capital Withdrawal Option;INF251K01HL1;INF251K01HM9;22.56;;;24-Aug-2021
113544;BNP PARIBAS LARGE CAP Fund-Growth Option;INF251K01894;;132.77;;;24-Aug-2021
113545;BNP PARIBAS LARGE CAP Fund-Income Distribution cum Capital Withdrawal Option;INF251K01910;INF251K01902;19.67;;;24-Aug-2021

Canara Robeco Mutual Fund
118269;CANARA ROBECO BLUE CHIP EQUITY FUND - DIRECT PLAN - GROWTH OPTION;INF760K01FR2;;43.9100;;;24-Aug-2021
118270;CANARA ROBECO BLUE CHIP EQUITY FUND - DIRECT PLAN - IDCW (Payout/Reinvestment);INF760K01FP6;INF760K01FQ4;37.1200;;;24-Aug-2021
113221;CANARA ROBECO BLUE CHIP EQUITY FUND - REGULAR PLAN - GROWTH OPTION;INF760K01AR3;;39.9900;;;24-Aug-2021
113222;CANARA ROBECO BLUE CHIP EQUITY FUND - REGULAR PLAN - IDCW (Payout/Reinvestment);INF760K01AS1;INF760K01AT9;22.6100;;;24-Aug-2021

DSP Mutual Fund
119250;DSP Top 100 Equity Fund - Direct Plan - Growth;INF740K01PR3;;306.003;;;24-Aug-2021
119249;DSP Top 100 Equity Fund - Direct Plan - IDCW;INF740K01PS1;INF740K01PT9;25.600;;;24-Aug-2021
101635;DSP Top 100 Equity Fund - Regular Plan - Growth;INF740K01243;;288.969;;;24-Aug-2021
101636;DSP Top 100 Equity Fund - Regular Plan - IDCW;INF740K01227;INF740K01235;22.909;;;24-Aug-2021

Edelweiss Mutual Fund
118616;Edelweiss Large Cap Fund - Direct Plan - IDCW Option;INF754K01BT0;INF754K01BU8;29.58;;;24-Aug-2021
118617;Edelweiss Large Cap Fund - Direct Plan-Growth option;INF754K01BW4;;56.73;;;24-Aug-2021
111938;Edelweiss Large Cap Fund - Plan B - IDCW Option;INF754K01053;INF754K01061;53.36;;;24-Aug-2021
111939;Edelweiss Large Cap Fund - Plan C - IDCW Option;INF754K01095;INF754K01103;42.53;;;24-Aug-2021
111940;Edelweiss Large Cap Fund - Regular Plan - Growth Option;INF754K01046;;52.46;;;24-Aug-2021
111936;Edelweiss Large Cap Fund - Regular Plan - IDCW Option;INF754K01012;INF754K01020;23.93;;;24-Aug-2021
111935;Edelweiss Large Cap Fund -Plan B - Growth option;INF754K01087;;52.73;;;24-Aug-2021
111937;Edelweiss Large Cap Fund -Plan C - Growth option;INF754K01129;;52.04;;;24-Aug-2021

Franklin Templeton Mutual Fund
118462;Franklin India BLUECHIP FUND - Direct - IDCW ;INF090I01FO5;INF090I01FP2;50.3295;;;24-Aug-2021
100470;Franklin India BLUECHIP FUND - IDCW ;INF090I01155;INF090I01163;45.2575;;;24-Aug-2021
118531;Franklin India Bluechip Fund- Direct - Growth;INF090I01FN7;;720.4809;;;24-Aug-2021
100471;Franklin India Bluechip Fund-Growth;INF090I01171;;671.5192;;;24-Aug-2021

Groww Mutual Fund
119133;Groww Largecap Fund (formerly known as Indiabulls Blue Chip Fund) - Direct Plan - Growth Option;INF666M01600;;31.36;;;24-Aug-2021
116547;Groww Largecap Fund (formerly known as Indiabulls Blue Chip Fund) - Regular Plan- Growth Option;INF666M01162;;27.56;;;24-Aug-2021
119134;Groww Largecap Fund (formerly known as Indiabulls Bluechip Fund)- Direct Plan- - Income Distribution cum capital withdrawal Option (Payout & Reinvestment);INF666M01626;INF666M01618;18.18;;;24-Aug-2021
140814;Groww Largecap Fund (formerly known as Indiabulls Bluechip Fund)- Direct Plan- Half Yearly -Income Distribution cum capital withdrawal Option (Payout & Reinvestment);INF666M01CQ6;INF666M01CR4;17.64;;;24-Aug-2021
140809;Groww Largecap Fund (formerly known as Indiabulls Bluechip Fund)- Direct Plan- Monthly - Income Distribution cum capital withdrawal Option (Payout & Reinvestment);INF666M01CM5;INF666M01CN3;14.02;;;24-Aug-2021
140811;Groww Largecap Fund (formerly known as Indiabulls Bluechip Fund)- Direct Plan- Quarterly - Income Distribution cum capital withdrawal Option (Payout & Reinvestment);INF666M01CO1;INF666M01CP8;17.62;;;24-Aug-2021
116548;Groww Largecap Fund (formerly known as Indiabulls Bluechip Fund)- Regular Plan- - Income Distribution cum capital withdrawal Option (Payout & Reinvestment);INF666M01188;INF666M01170;15.53;;;24-Aug-2021
140813;Groww Largecap Fund (formerly known as Indiabulls Bluechip Fund)- Regular Plan- Half Yearly - Income Distribution cum capital withdrawal Option (Payout & Reinvestment);INF666M01CW4;INF666M01CX2;16.54;;;24-Aug-2021
140810;Groww Largecap Fund (formerly known as Indiabulls Bluechip Fund)- Regular Plan- Monthly - Income Distribution cum capital withdrawal Option (Payout & Reinvestment);INF666M01CS2;INF666M01CT0;15.87;;;24-Aug-2021
140812;Groww Largecap Fund (formerly known as Indiabulls Bluechip Fund)- Regular Plan- Quarterly - Income Distribution cum capital withdrawal Option (Payout & Reinvestment);INF666M01CU8;INF666M01CV6;16.45;;;24-Aug-2021

HDFC Mutual Fund
119018;HDFC Large Cap Fund - Growth Option - Direct Plan;INF179K01YV8;;677.863;;;24-Aug-2021
102000;HDFC Large Cap Fund - Growth Option - Regular Plan;INF179K01BE2;;641.434;;;24-Aug-2021
119017;HDFC Large Cap Fund - IDCW Option - Direct Plan;INF179K01YT2;INF179K01YU0;53.48;;;24-Aug-2021
102001;HDFC Large Cap Fund - IDCW Option - Regular Plan;INF179K01BC6;INF179K01BD4;48.782;;;24-Aug-2021

HSBC Mutual Fund
120030;HSBC Large Cap Fund - Direct Growth;INF336L01CM7;;325.9821;;;24-Aug-2021
120029;HSBC Large Cap Fund - Direct IDCW;INF336L01CK1;INF336L01CL9;38.6923;;;24-Aug-2021
101594;HSBC Large Cap Fund - Regular Growth;INF336L01016;;304.4216;;;24-Aug-2021
101593;HSBC Large Cap Fund - Regular IDCW;INF336L01024;INF336L01032;38.6931;;;24-Aug-2021

ICICI Prudential Mutual Fund
120586;ICICI Prudential Bluechip Fund - Direct Plan - Growth;INF109K016L0;;65.58;;;24-Aug-2021
120585;ICICI Prudential Bluechip Fund - Direct Plan - IDCW;INF109K014L5;INF109K015L2;42.06;;;24-Aug-2021
108466;ICICI Prudential Bluechip Fund - Growth;INF109K01BL4;;61.12;;;24-Aug-2021
108465;ICICI Prudential Bluechip Fund - IDCW;INF109K01EP9;INF109K01BM2;25.47;;;24-Aug-2021

IDBI Mutual Fund
117311;IDBI India Top 100 Equity Fund Growth;INF397L01869;;37.05;;;24-Aug-2021
118344;IDBI India Top 100 Equity Fund Growth Direct;INF397L01BV2;;40.71;;;24-Aug-2021
117310;IDBI India Top 100 Equity Fund IDCW;INF397L01836;INF397L01844;21.98;;;24-Aug-2021
118448;IDBI India Top 100 Equity Fund IDCW Direct;INF397L01BW0;INF397L01BX8;24.84;;;24-Aug-2021

Invesco Mutual Fund
120392;Invesco India Largecap Fund - Direct Plan - Growth;INF205K01LB0;;47.89;;;24-Aug-2021
120393;Invesco India Largecap Fund - Direct Plan - IDCW (Payout / Reinvestment);INF205K01KZ1;INF205K01LA2;27.92;;;24-Aug-2021
112098;Invesco India Largecap Fund - Growth;INF205K01304;;42.19;;;24-Aug-2021
112099;Invesco India Largecap Fund - IDCW (Payout / Reinvestment);INF205K01320;INF205K01312;24.38;;;24-Aug-2021

ITI Mutual Fund
148353;ITI Large Cap Fund - Direct Plan - Growth Option;INF00XX01804;;11.8542;;;24-Aug-2021
148352;ITI Large Cap Fund - Direct Plan - IDCW Option;INF00XX01812;INF00XX01820;11.8542;;;24-Aug-2021
148351;ITI Large Cap Fund - Regular Plan - Growth Option;INF00XX01770;;11.6686;;;24-Aug-2021
148354;ITI Large Cap Fund - Regular Plan - IDCW Option;INF00XX01788;INF00XX01796;11.6686;;;24-Aug-2021

JM Financial Mutual Fund
134958;JM Large Cap Fund (Direct) - Annual IDCW;INF192K01JU4;INF192K01JV2;41.7481;;;24-Aug-2021
120490;JM Large Cap Fund (Direct) - Growth Option;INF192K01BZ0;;101.3490;;;24-Aug-2021
134957;JM Large Cap Fund (Direct) - Half Yearly IDCW ;INF192K01JR0;INF192K01JZ3;41.4568;;;24-Aug-2021
120489;JM Large Cap Fund (Direct) - IDCW;INF192K01BX5;INF192K01BY3;40.6911;;;24-Aug-2021
134956;JM Large Cap Fund (Direct) - Monthly IDCW ;INF192K01JJ7;INF192K01JK5;41.3701;;;24-Aug-2021
134960;JM Large Cap Fund (Direct) - Quarterly IDCW;INF192K01JN9;INF192K01JO7;41.7554;;;24-Aug-2021
134961;JM Large Cap Fund (Regular) - Annual IDCW;INF192K01JS8;INF192K01JT6;18.4412;;;24-Aug-2021
100219;JM Large Cap Fund (Regular) - Growth Option;INF192K01601;;92.3786;;;24-Aug-2021
134955;JM Large Cap Fund (Regular) - Half Yearly IDCW;INF192K01JP4;INF192K01JQ2;15.1441;;;24-Aug-2021
100218;JM Large Cap Fund (Regular) - IDCW ;INF192K01585;INF192K01593;17.9333;;;24-Aug-2021
134959;JM Large Cap Fund (Regular) - Monthly IDCW;INF192K01JH1;INF192K01JI9;14.3541;;;24-Aug-2021
134954;JM Large Cap Fund (Regular) - Quarterly IDCW;INF192K01JL3;INF192K01JM1;20.8480;;;24-Aug-2021

Kotak Mahindra Mutual Fund
114458;Kotak Bluechip Fund - Growth;INF174K01153;;358.082;;;24-Aug-2021
120152;Kotak Bluechip Fund - Growth - Direct;INF174K01KW6;;392.878;;;24-Aug-2021
120153;Kotak Bluechip Fund - Payout of Income Distribution cum capital withdrawal option - Direct;INF174K01KY2;INF174K01KX4;51.96;;;24-Aug-2021
114457;Kotak Bluechip Fund - Payout of Income Distribution cumcapital withdrawal option;INF174K01179;INF174K01161;46.223;;;24-Aug-2021

L&T Mutual Fund
119308;L&T India Large Cap Fund - Direct Plan - Growth;INF917K01FQ0;;41.483;;;24-Aug-2021
119314;L&T India Large Cap Fund - Direct Plan- IDCW;INF917K01FP2;INF917K01FO5;23.035;;;24-Aug-2021
118069;L&T India Large Cap Fund - Regular Plan - Growth;INF677K01155;;38.84;;;24-Aug-2021
118070;L&T India Large Cap Fund - Regular Plan - IDCW;INF677K01163;INF677K01171;20.944;;;24-Aug-2021

LIC Mutual Fund
120267;LIC MF Large Cap Fund-Direct Plan-Growth;INF767K01EJ7;;42.4083;;;24-Aug-2021
120268;LIC MF Large Cap Fund-Direct Plan-IDCW;INF767K01EI9;INF767K01EK5;27.6976;;;24-Aug-2021
106871;LIC MF Large Cap Fund-Regular Plan-Growth;INF767K01105;;39.0177;;;24-Aug-2021
100332;LIC MF Large Cap Fund-Regular Plan-IDCW;INF767K01097;INF767K01089;23.5643;;;24-Aug-2021

Mahindra Manulife Mutual Fund
146550;Mahindra Manulife Large Cap Fund - Direct Plan - IDCW;INF174V01747;INF174V01739;15.4978;;;24-Aug-2021
146549;Mahindra Manulife Large Cap Fund - Direct Plan -Growth;INF174V01721;;15.4979;;;24-Aug-2021
146551;Mahindra Manulife Large Cap Fund - Regular Plan - Growth;INF174V01697;;14.7973;;;24-Aug-2021
146548;Mahindra Manulife Large Cap Fund - Regular Plan - IDCW;INF174V01713;INF174V01705;14.7965;;;24-Aug-2021

Mirae Asset Mutual Fund
118825;Mirae Asset Large Cap Fund - Direct Plan - Growth;INF769K01AX2;;80.875;;;24-Aug-2021
107578;Mirae Asset Large Cap Fund - Growth Plan;INF769K01010;;74.620;;;24-Aug-2021
118826;Mirae Asset Large Cap Fund Direct IDCW;INF769K01AY0;INF769K01AZ7;49.812;;;24-Aug-2021
107579;Mirae Asset Large Cap Fund Regular IDCW;INF769K01036;INF769K01028;22.525;;;24-Aug-2021

Navi Mutual Fund
135660;Navi Large Cap Equity Fund - Annual IDCW Payout;INF959L01CB9;INF959L01CC7;22.5172;;;24-Aug-2021
135659;Navi Large Cap Equity Fund - Direct Plan Annual IDCW;INF959L01BV9;INF959L01BW7;25.8513;;;24-Aug-2021
135658;Navi Large Cap Equity Fund - Direct Plan Half Yearly IDCW;INF959L01BT3;INF959L01BU1;25.1319;;;24-Aug-2021
119149;Navi Large Cap Equity Fund - Direct Plan Normal IDCW Payout;INF959L01601;INF959L01619;22.7593;;;24-Aug-2021
135656;Navi Large Cap Equity Fund - Direct Plan Quarterly IDCW;INF959L01BK2;INF959L01BO4;23.7739;;;24-Aug-2021
115790;Navi Large Cap Equity Fund - Growth Option;INF959L01080;;32.6981;;;24-Aug-2021
135657;Navi Large Cap Equity Fund - Half Yearly IDCW Payout;INF959L01BZ0;INF959L01CA1;21.0425;;;24-Aug-2021
115788;Navi Large Cap Equity Fund - Normal IDCW Payout;INF959L01064;INF959L01072;20.5983;;;24-Aug-2021
135661;Navi Large Cap Equity Fund - Quarterly IDCW;INF959L01BX5;INF959L01BY3;22.8428;;;24-Aug-2021
119148;Navi Large Cap Equity Fund-Direct Plan-Growth Option;INF959L01593;;36.9908;;;24-Aug-2021

Nippon India Mutual Fund
106235;Nippon India Large Cap  Fund- Growth Plan -Growth Option;INF204K01562;;46.5990;;;24-Aug-2021
118634;NIPPON INDIA LARGE CAP FUND - DIRECT Plan - IDCW Option;INF204K01XG7;INF204K01XH5;26.8091;;;24-Aug-2021
118633;Nippon India Large Cap Fund - Direct Plan Growth Plan - Bonus Option;INF204K01D30;;50.2808;;;24-Aug-2021
118632;Nippon India Large Cap Fund - Direct Plan Growth Plan - Growth Option;INF204K01XI3;;50.2808;;;24-Aug-2021
106236;NIPPON INDIA LARGE CAP FUND - IDCW Option;INF204K01539;INF204K01547;19.7646;;;24-Aug-2021
106240;Nippon India Large Cap Fund- Growth Plan Bonus Option;INF204K01554;;46.5990;;;24-Aug-2021

PGIM India Mutual Fund
138313;PGIM India Large Cap Fund - Direct Plan - Dividend;INF663L01GS2;INF663L01GT0;26.86;;;24-Aug-2021
138312;PGIM India Large Cap Fund - Direct Plan - Growth;INF663L01GR4;;268.67;;;24-Aug-2021
138307;PGIM India Large Cap Fund - Dividend;INF663L01GU8;INF663L01GV6;19.84;;;24-Aug-2021
138308;PGIM India Large Cap Fund - Growth;INF663L01GW4;;240.18;;;24-Aug-2021

Principal Mutual Fund
148524;Principal Large Cap Fund - Direct Growth;INF173K01PA3;;14.19;;;24-Aug-2021
148525;Principal Large Cap Fund - Direct Income Distribution CUM Capital Withdrawal Option;INF173K01PB1;INF173K01PD7;14.19;;;24-Aug-2021
148491;Principal Large Cap Fund - Regular Growth;INF173K01OW0;;13.95;;;24-Aug-2021
148522;Principal Large Cap Fund - Regular Income Distribution CUM Capital Withdrawal Option;INF173K01OX8;INF173K01OY6;13.95;;;24-Aug-2021

SBI Mutual Fund
119585;SBI Blue Chip Fund - Direct Plan - Income Distribution cum Capital Withdrawal Option (IDCW);INF200K01QV8;INF200K01QW6;40.2296;;;24-Aug-2021
103616;SBI Blue Chip Fund - Regular Plan - Income Distribution cum Capital Withdrawal Option (IDCW);INF200K01164;INF200K01172;32.7283;;;24-Aug-2021
119598;SBI BLUE CHIP FUND-DIRECT PLAN -GROWTH;INF200K01QX4;;61.9880;;;24-Aug-2021
103504;SBI BLUE CHIP FUND-REGULAR PLAN GROWTH;INF200K01180;;57.5298;;;24-Aug-2021

Sundaram Mutual Fund
148509;Sundaram Large Cap Fund (Formerly Known as Sundaram Blue Chip  Fund)  Direct Plan - Reinvestment of Income Distribution cum Capital Withdrawal (IDCW);INF903JA1JE6;;14.5102;;;24-Aug-2021
148505;Sundaram Large Cap Fund (Formerly Known as Sundaram Blue Chip Fund)  Regular Plan - Payout of Income Distribution cum Capital Withdrawal (IDCW);INF903JA1JA4;;14.2626;;;24-Aug-2021
148508;Sundaram Large Cap Fund (Formerly Known as Sundaram Blue Chip Fund) Direct Plan - Payout of Income Distribution cum Capital Withdrawal (IDCW);INF903JA1JD8;;14.5102;;;24-Aug-2021
148506;Sundaram Large Cap Fund (Formerly Known as Sundaram Blue Chip Fund) Regular Plan - Reinvestment of Income Distribution cum Capital Withdrawal (IDCW);INF903JA1JB2;;14.2626;;;24-Aug-2021
148507;Sundaram Large Cap Fund (Formerly Known as Sundaram Blue Chip Fund)Direct Plan - Growth;INF903JA1JC0;;14.5118;;;24-Aug-2021
148504;Sundaram Large Cap Fund(Formerly Known as Sundaram Blue Chip Fund) Regular Plan - Growth;INF903JA1IZ3;;14.2629;;;24-Aug-2021

Tata Mutual Fund
119160;Tata Large Cap Fund -Direct Plan Growth Option;INF277K01QZ7;;348.0542;;;24-Aug-2021
100475;Tata Large Cap Fund -Regular Plan - Growth Option;INF277K01931;;315.4425;;;24-Aug-2021
119159;Tata Large Cap Fund- Direct Plan - Payout of IDCW Option;INF277K01QX2;INF277K01QY0;79.0694;;;24-Aug-2021
102036;Tata Large Cap Fund- Regular Plan - Payout of IDCW Option;INF277K01EG3;INF277K01923;68.7990;;;24-Aug-2021

Taurus Mutual Fund
118870;Taurus Large Cap Fund - Direct Plan - Growth;INF044D01BX3;;103.57;;;24-Aug-2021
118871;Taurus Large Cap Fund - Direct Plan - Payout of Income Distribution cum Capital Withdrawal option;INF044D01BY1;INF044D01BZ8;45.62;;;24-Aug-2021
101209;Taurus Large Cap Fund - Regular Plan - Growth;INF044D01773;;98.31;;;24-Aug-2021
108403;Taurus Large Cap Fund - Regular Plan - Payout of Income Distribution cum Capital Withdrawal option;INF044D01740;INF044D01757;43.07;;;24-Aug-2021

Union Mutual Fund
141248;Union Largecap Fund - Direct Plan - Growth Option;INF582M01CU7;;16.13;;;24-Aug-2021
141249;Union Largecap Fund - Direct Plan - IDCW Option;INF582M01CV5;INF582M01CW3;16.13;;;24-Aug-2021
141247;Union Largecap Fund - Regular Plan - Growth Option;INF582M01CQ5;;15.66;;;24-Aug-2021
141250;Union Largecap Fund - Regular Plan - IDCW Option;INF582M01CR3;INF582M01CS1;15.66;;;24-Aug-2021

UTI Mutual Fund
120656;UTI Large Cap Fund - Direct Plan - Growth Option;INF789F01US8;;195.4274;;;24-Aug-2021
120657;UTI Large Cap Fund - Direct Plan - IDCW;INF789F01UQ2;INF789F01UR0;48.0037;;;24-Aug-2021
100651;UTI Large Cap Fund - Regular Plan - Growth Option;INF789F01976;;184.4788;;;24-Aug-2021
100650;UTI Large Cap Fund - Regular Plan - IDCW;INF189A01038;INF789F01950;42.9204;;;24-Aug-2021

Open Ended Schemes ( Equity Scheme - Large & Mid Cap Fund )


Aditya Birla Sun Life Mutual Fund
119436;Aditya Birla Sun Life Equity Advantage Fund - Growth - Direct Plan;INF209K01VH8;;676.19;;;24-Aug-2021
100033;Aditya Birla Sun Life Equity Advantage Fund - Regular Growth;INF209K01165;;627.93;;;24-Aug-2021
119433;Aditya Birla Sun Life Equity Advantage Fund -Direct - IDCW;INF209K01VG0;INF209K01VI6;188.06;;;24-Aug-2021
100034;Aditya Birla Sun Life Equity Advantage Fund -Regular - IDCW;INF209K01157;INF209K01CE5;126.39;;;24-Aug-2021

Axis Mutual Fund
145110;Axis Growth Opportunities Fund - Direct Plan - Growth;INF846K01J46;;20.49;;;24-Aug-2021
145109;Axis Growth Opportunities Fund - Direct Plan - IDCW;INF846K01J53;INF846K01J61;18.72;;;24-Aug-2021
145112;Axis Growth Opportunities Fund - Regular Plan - Growth;INF846K01J79;;19.51;;;24-Aug-2021
145111;Axis Growth Opportunities Fund - Regular Plan - IDCW;INF846K01J87;INF846K01J95;17.84;;;24-Aug-2021

Bandhan Mutual Fund
108596;BANDHAN Core Equity Fund - Regular Plan - Growth;INF194K01524;;64.85;;;24-Aug-2021
108597;BANDHAN Core Equity Fund - Regular Plan - IDCW;INF194K01532;INF194K01540;18.19;;;24-Aug-2021
118419;BANDHAN Core Equity Fund-Direct Plan-Growth;INF194K01V89;;72.19;;;24-Aug-2021
118420;BANDHAN Core Equity Fund-Direct Plan-IDCW;INF194K01V97;INF194K01W05;22.80;;;24-Aug-2021

Bank of India Mutual Fund
110598;BANK OF INDIA Large & Mid Cap  Equity Fund Regular Plan- Quarterly IDCW;INF761K01116;INF761K01124;19.12;;;24-Aug-2021
119349;BANK OF INDIA Large & Mid Cap Equity Fund Direct  Plan- Quarterly IDCW;INF761K01678;INF761K01660;16.11;;;24-Aug-2021
119300;BANK OF INDIA Large & Mid Cap Equity Fund Direct Plan- Bonus;INF761K01629;;29.92;;;24-Aug-2021
119350;BANK OF INDIA Large & Mid Cap Equity Fund Direct Plan-Growth;INF761K01652;;57.87;;;24-Aug-2021
119346;BANK OF INDIA Large & Mid Cap Equity Fund Direct Plan-Regular IDCW;INF761K01645;INF761K01637;15.87;;;24-Aug-2021
110599;BANK OF INDIA Large & Mid Cap Equity Fund Eco Plan- Growth;INF761K01041;;56.45;;;24-Aug-2021
110601;BANK OF INDIA Large & Mid Cap Equity Fund Eco Plan-Bonus;INF761K01017;;56.44;;;24-Aug-2021
110604;BANK OF INDIA Large & Mid Cap Equity Fund Eco Plan-Quarterly IDCW;INF761K01058;INF761K01066;15.92;;;24-Aug-2021
110608;BANK OF INDIA Large & Mid Cap Equity Fund Eco Plan-Regular IDCW;INF761K01025;INF761K01033;15.80;;;24-Aug-2021
110603;BANK OF INDIA Large & Mid Cap Equity Fund Regular Plan- Growth;INF761K01108;;52.50;;;24-Aug-2021
110607;BANK OF INDIA Large & Mid Cap Equity Fund Regular Plan- Regular IDCW;INF761K01082;INF761K01090;15.67;;;24-Aug-2021
110606;BANK OF INDIA Large & Mid Cap Equity Fund Regular Plan-Bonus;INF761K01074;;52.49;;;24-Aug-2021

Baroda BNP Paribas Mutual Fund
148474;Baroda BNP Paribas Large and Mid Cap Fund- Direct Plan -Growth Option;INF955L01JU2;;15.21;;;24-Aug-2021
148475;Baroda BNP Paribas Large and Mid Cap Fund-Direct Plan-IDCW Option;INF955L01JV0;INF955L01JW8;15.21;;;24-Aug-2021
148471;Baroda BNP Paribas Large and Mid Cap Fund-Regular Plan-Growth Option;INF955L01JR8;;14.93;;;24-Aug-2021
148472;Baroda BNP Paribas Large and Mid Cap Fund-Regular plan-IDCW Option;INF955L01JS6;INF955L01JT4;14.93;;;24-Aug-2021

Canara Robeco Mutual Fund
118278;CANARA ROBECO EMERGING EQUITIES - DIRECT PLAN - GROWTH OPTION;INF760K01EI4;;166.6600;;;24-Aug-2021
118277;CANARA ROBECO EMERGING EQUITIES - DIRECT PLAN - IDCW (Payout/Reinvestment);INF760K01EG8;INF760K01EH6;92.3000;;;24-Aug-2021
102920;CANARA ROBECO EMERGING EQUITIES - REGULAR PLAN - GROWTH OPTION;INF760K01167;;151.9300;;;24-Aug-2021
102921;CANARA ROBECO EMERGING EQUITIES - REGULAR PLAN - IDCW (Payout/Reinvestment);INF760K01175;INF760K01183;63.3400;;;24-Aug-2021

DSP Mutual Fund
119218;DSP Equity Opportunities Fund - Direct Plan - Growth;INF740K01PL6;;373.622;;;24-Aug-2021
119219;DSP Equity Opportunities Fund - Direct Plan - IDCW;INF740K01PM4;INF740K01PN2;86.641;;;24-Aug-2021
103819;DSP Equity Opportunities Fund-Regular Plan - Growth;INF740K01094;;347.456;;;24-Aug-2021
103820;DSP Equity Opportunities Fund-Regular Plan - IDCW;INF740K01078;INF740K01086;31.653;;;24-Aug-2021

Edelweiss Mutual Fund
140175;Edelweiss Large & Mid Cap Fund - Direct Plan - Growth Option;INF843K01AL0;;54.522;;;24-Aug-2021
140172;Edelweiss Large & Mid Cap Fund - Regular Plan - Growth Option;INF843K01047;;49.213;;;24-Aug-2021
140174;Edelweiss Large and Mid Cap Fund - Direct Plan - IDCW Option;INF843K01AM8;INF843K01AN6;23.041;;;24-Aug-2021
140173;Edelweiss Large and Mid Cap Fund - Regular Plan - IDCW Option;INF843K01054;INF843K01062;20.673;;;24-Aug-2021

Franklin Templeton Mutual Fund
118510;Franklin India Equity Advantage Fund - Direct - Growth;INF090I01IN1;;123.2260;;;24-Aug-2021
118509;Franklin India Equity Advantage Fund - Direct - IDCW ;INF090I01IL5;INF090I01IM3;20.3814;;;24-Aug-2021
102883;Franklin India Equity Advantage Fund - Growth Plan;INF090I01205;;115.4368;;;24-Aug-2021
102884;Franklin India Equity Advantage Fund - IDCW ;INF090I01189;INF090I01197;18.4824;;;24-Aug-2021

HDFC Mutual Fund
130496;HDFC Large and Mid Cap Fund - Growth Option;INF179KA1RT1;;169.725;;;24-Aug-2021
130498;HDFC Large and Mid Cap Fund - Growth Option - Direct Plan;INF179KA1RQ7;;172.987;;;24-Aug-2021
130497;HDFC Large and Mid Cap Fund - IDCW Option;INF179KA1RU9;;22.622;;;24-Aug-2021
130499;HDFC Large and Mid Cap Fund - IDCW Option - Direct Plan;INF179KA1RR5;;27.524;;;24-Aug-2021

HSBC Mutual Fund
146772;HSBC Large & Mid Cap Fund - Direct Growth;INF336L01NV5;;15.5333;;;24-Aug-2021
146770;HSBC Large & Mid Cap Fund - Direct IDCW;INF336L01NW3;INF336L01NX1;15.5135;;;24-Aug-2021
146771;HSBC Large & Mid Cap Fund - Regular Growth;INF336L01NY9;;14.9281;;;24-Aug-2021
146769;HSBC Large & Mid Cap Fund - Regular IDCW;INF336L01NZ6;INF336L01OA7;14.9281;;;24-Aug-2021

ICICI Prudential Mutual Fund
120596;ICICI Prudential Large & Mid Cap Fund - Direct Plan - Growth;INF109K011O5;;510.56;;;24-Aug-2021
120597;ICICI Prudential Large & Mid Cap Fund - Direct Plan - IDCW;INF109K019N0;INF109K010O7;31.45;;;24-Aug-2021
100349;ICICI Prudential Large & Mid Cap Fund - Growth;INF109K01431;;472.56;;;24-Aug-2021
100348;ICICI Prudential Large & Mid Cap Fund - IDCW;INF109K01EQ7;INF109K01449;21.60;;;24-Aug-2021

Invesco Mutual Fund
120357;Invesco India Large & Mid Cap Fund - Direct Plan - Growth;INF205K01MA0;;55.87;;;24-Aug-2021
120356;Invesco India Large & Mid Cap Fund - Direct Plan - IDCW (Payout / Reinvestment);INF205K01LY2;INF205K01LZ9;28.08;;;24-Aug-2021
106144;Invesco India Large & Mid Cap Fund - Growth;INF205K01247;;49.49;;;24-Aug-2021
106143;Invesco India Large & Mid Cap Fund - IDCW (Payout / Reinvestment);INF205K01262;INF205K01254;24.51;;;24-Aug-2021

Kotak Mahindra Mutual Fund
103234;Kotak Equity Opportunities Fund - Growth;INF174K01187;;185.284;;;24-Aug-2021
120158;Kotak Equity Opportunities Fund - Growth - Direct;INF174K01LF9;;203.35;;;24-Aug-2021
103233;Kotak Equity Opportunities Fund - Payout of Income Distribution cum capital withdrawal option;INF174K01203;INF174K01195;32.325;;;24-Aug-2021
120157;Kotak Equity Opportunities Fund - Payout of Income Distribution cum capital withdrawal option - Direct;INF174K01LG7;;35.883;;;24-Aug-2021

L&T Mutual Fund
119398;L&T Large and Midcap Fund- Direct Plan -IDCW;INF917K01FS6;INF917K01FR8;33.729;;;24-Aug-2021
119397;L&T Large and Midcap Fund-Direct Plan-Growth;INF917K01FT4;;69.969;;;24-Aug-2021
118049;L&T Large and Midcap Fund-Regular Plan-Growth;INF677K01098;;65.473;;;24-Aug-2021
118050;L&T Large and Midcap Fund-Regular Plan-IDCW;INF677K01106;INF677K01114;29.485;;;24-Aug-2021

LIC Mutual Fund
133710;LIC MF Large & Mid Cap Fund-Direct Plan-Growth;INF767K01NE9;;24.6378;;;24-Aug-2021
133709;LIC MF Large & Mid Cap Fund-Direct Plan-IDCW;INF767K01ND1;INF767K01NF6;21.1207;;;24-Aug-2021
133711;LIC MF Large & Mid Cap Fund-Regular Plan-Growth;INF767K01NB5;;22.5864;;;24-Aug-2021
133712;LIC MF Large & Mid Cap Fund-Regular Plan-IDCW;INF767K01NA7;INF767K01NC3;19.8758;;;24-Aug-2021

Mahindra Manulife Mutual Fund
147841;Mahindra Manulife Large & Mid Cap Fund - Direct Plan - IDCW;INF174V01960;INF174V01952;15.7845;;;24-Aug-2021
147840;Mahindra Manulife Large & Mid Cap Fund - Direct Plan -Growth;INF174V01945;;15.7843;;;24-Aug-2021
147843;Mahindra Manulife Large & Mid Cap Fund - Regular Plan - Growth;INF174V01911;;15.3146;;;24-Aug-2021
147842;Mahindra Manulife Large & Mid Cap Fund - Regular Plan - IDCW;INF174V01937;INF174V01929;15.3143;;;24-Aug-2021

Mirae Asset Mutual Fund
118834;Mirae Asset Large & Midcap Fund - Direct Plan - Growth;INF769K01BI1;;99.565;;;24-Aug-2021
118835;Mirae Asset Large & Midcap Fund - Direct Plan - IDCW;INF769K01BJ9;INF769K01BK7;70.729;;;24-Aug-2021
112932;Mirae Asset Large & Midcap Fund - Regular Plan - Growth;INF769K01101;;91.848;;;24-Aug-2021
112931;Mirae Asset Large & Midcap Fund - Regular Plan - IDCW;INF769K01127;INF769K01119;42.786;;;24-Aug-2021

Motilal Oswal Mutual Fund
147704;Motilal Oswal Large and Midcap Fund - Direct Plan Growth;INF247L01999;;16.3316;;;24-Aug-2021
147701;Motilal Oswal Large and Midcap Fund - Regular Plan Growth;INF247L01965;;15.8088;;;24-Aug-2021
147706;Motilal Oswal Large and Midcap Fund Direct - IDCW Payout/Reinvestment;INF247L01AB3;INF247L01AA5;16.3178;;;24-Aug-2021
147703;Motilal Oswal Large and Midcap Fund Regular - IDCW Payout/Reinvestment;INF247L01981;INF247L01973;15.8087;;;24-Aug-2021

Navi Mutual Fund
141414;Navi Large & Midcap Fund - Direct Annual IDCW Payout;INF959L01CR5;INF959L01CS3;24.2471;;;24-Aug-2021
141415;Navi Large & Midcap Fund - Direct Half Yearly IDCW Payout;INF959L01CP9;INF959L01CQ7;24.2718;;;24-Aug-2021
135679;Navi Large & Midcap Fund - Direct Normal IDCW Payout;INF959L01CI4;INF959L01CJ2;24.3301;;;24-Aug-2021
141411;Navi Large & Midcap Fund - Regular Annual IDCW payout;INF959L01CV7;INF959L01CW5;22.8244;;;24-Aug-2021
135680;Navi Large & Midcap Fund - Regular Normal IDCW Payout;INF959L01CL8;INF959L01CM6;22.1899;;;24-Aug-2021
135677;Navi Large & Midcap Fund- Direct Plan- Growth Option;INF959L01CH6;;24.6239;;;24-Aug-2021
135678;Navi Large & Midcap Fund- Regular Plan- Growth Option;INF959L01CK0;;22.1937;;;24-Aug-2021

Nippon India Mutual Fund
118676;NIPPON INDIA VISION FUND - DIRECT Plan - IDCW Option;INF204K01F04;INF204K01F12;49.5146;;;24-Aug-2021
118675;Nippon India Vision Fund - Direct Plan Growth Plan - Bonus Option;INF204K01E96;;138.8163;;;24-Aug-2021
118678;Nippon India Vision Fund - Direct Plan Growth Plan - Growth Option;INF204K01F20;;818.7587;;;24-Aug-2021
100378;NIPPON INDIA VISION FUND - IDCW Option;INF204K01372;INF204K01380;45.5684;;;24-Aug-2021
100379;Nippon India Vision Fund-GROWTH PLAN-Bonus Option;INF204K01398;;130.8517;;;24-Aug-2021
100380;Nippon India Vision Fund-GROWTH PLAN-Growth Option;INF204K01406;;776.9106;;;24-Aug-2021

Principal Mutual Fund
119441;Principal Emerging Bluechip Fund - Direct Plan - Growth Option;INF173K01EG4;;182.49;;;24-Aug-2021
119440;Principal Emerging Bluechip Fund - Direct Plan - Half Yearly Income Distribution CUM Capital Withdrawal Option;INF173K01EI0;INF173K01EH2;130.93;;;24-Aug-2021
111381;Principal Emerging Bluechip Fund - Growth Option;INF173K01155;;167.77;;;24-Aug-2021
111382;Principal Emerging Bluechip Fund - Half Yearly Income Distribution CUM Capital Withdrawal Option;INF173K01163;INF173K01171;59.74;;;24-Aug-2021

quant Mutual Fund
104515;quant Large & Mid Cap Fund - Bonus Option - Regular Plan;INF966L01424;;59.1859;;;24-Aug-2021
120824;quant Large & Mid Cap Fund - Bonus Option-Direct Plan;INF966L01655;;59.1859;;;24-Aug-2021
104513;quant Large & Mid Cap Fund - Growth Option;INF966L01341;;59.1754;;;24-Aug-2021
120826;quant Large & Mid Cap Fund - Growth Option-Direct Plan;INF966L01648;;61.0189;;;24-Aug-2021
120825;quant Large & Mid Cap Fund - IDCW Option - Direct Plan;INF966L01622;INF966L01630;28.4445;;;24-Aug-2021
104514;quant Large & Mid Cap Fund - IDCW Option - Regular Plan;INF966L01325;INF966L01333;35.9328;;;24-Aug-2021

SBI Mutual Fund
119720;SBI Large & Midcap Fund - Direct Plan - Income Distribution cum Capital Withdrawal Option (IDCW);INF200K01UH9;INF200K01UI7;183.5282;;;24-Aug-2021
101530;SBI Large & Midcap Fund - Regular Plan - Income Distribution cum Capital Withdrawal Option (IDCW);INF200K01289;INF200K01297;151.5943;;;24-Aug-2021
119721;SBI LARGE & MIDCAP FUND -DIRECT PLAN -Growth;INF200K01UJ5;;352.1175;;;24-Aug-2021
103024;SBI LARGE & MIDCAP FUND- REGULAR PLAN -Growth;INF200K01305;;335.5507;;;24-Aug-2021

Sundaram Mutual Fund
119565;Sundaram Large and Midcap Direct Plan - Income Distribution cum Capital Withdrawal (IDCW);INF903J01PP3;INF903J01PQ1;25.8197;;;24-Aug-2021
119566;Sundaram Large and Midcap Fund Direct Plan - Growth;INF903J01PR9;;55.7825;;;24-Aug-2021
105001;Sundaram Large and Midcap Fund Regular Plan - Growth;INF903J01DT1;;51.8133;;;24-Aug-2021
105000;Sundaram Large and Midcap Regular Plan - Income Distribution cum Capital Withdrawal (IDCW);INF903J01DU9;INF903J01DV7;23.4780;;;24-Aug-2021

Tata Mutual Fund
119202;Tata Large & MId Cap Fund -Direct Plan- Growth Option;INF277K01MK8;;343.0151;;;24-Aug-2021
119201;Tata Large & Mid Cap Fund Direct Plan - Payout of IDCW Option;INF277K01MI2;INF277K01MJ0;67.1763;;;24-Aug-2021
101823;Tata Large & Mid Cap Fund Regular Plan - Payout of IDCW Option;INF277K01DH3;INF277K01410;50.6765;;;24-Aug-2021
101824;Tata Large & Mid Cap Fund- Regular Plan - Growth Option;INF277K01428;;314.0404;;;24-Aug-2021

Union Mutual Fund
147750;Union Large & Midcap Fund - Direct Plan - Growth Option;INF582M01GA0;;15.58;;;24-Aug-2021
147751;Union Large & Midcap Fund - Direct Plan - IDCW Option;INF582M01GC6;INF582M01GB8;15.58;;;24-Aug-2021
147748;Union Large & Midcap Fund - Regular Plan - Growth Option;INF582M01GD4;;15.31;;;24-Aug-2021
147749;Union Large & Midcap Fund - Regular Plan - IDCW Option;INF582M01GG7;INF582M01GF9;15.31;;;24-Aug-2021

UTI Mutual Fund
120665;UTI Large & Mid Cap Fund - Direct Plan - Growth Option;INF789F01UG3;;97.4043;;;24-Aug-2021
120664;UTI Large & Mid Cap Fund - Direct Plan - IDCW;INF789F01UE8;INF789F01UF5;47.8653;;;24-Aug-2021
100664;UTI Large & Mid Cap Fund - Regular Plan - Growth Option;INF789F01869;;93.6341;;;24-Aug-2021
100663;UTI Large & Mid Cap Fund - Regular Plan - IDCW;INF189A01046;INF789F01851;45.6141;;;24-Aug-2021

Open Ended Schemes ( Equity Scheme - Mid Cap Fund )


Aditya Birla Sun Life Mutual Fund
119620;Aditya Birla Sun Life Midcap Fund - Growth - Direct Plan;INF209K01Q30;;457.86;;;24-Aug-2021
119619;Aditya Birla Sun Life Midcap Fund -DIRECT - IDCW;INF209K01Q22;;67.58;;;24-Aug-2021
101591;Aditya Birla Sun Life Midcap Fund -REGULAR - IDCW;INF209K01355;INF209K01CN6;40.96;;;24-Aug-2021
101592;Aditya Birla Sun Life MIDCAP Fund-Growth;INF209K01363;;425.11;;;24-Aug-2021

Axis Mutual Fund
120505;Axis Midcap Fund - Direct Plan - Growth;INF846K01EH3;;72.13;;;24-Aug-2021
120504;Axis Midcap Fund - Direct Plan - IDCW;INF846K01EF7;INF846K01EG5;43.98;;;24-Aug-2021
114564;Axis Midcap Fund - Regular Plan - Growth;INF846K01859;;64.87;;;24-Aug-2021
114565;Axis Midcap Fund - Regular Plan - IDCW;INF846K01867;INF846K01875;34.77;;;24-Aug-2021

Baroda BNP Paribas Mutual Fund
113327;Baroda Mid-cap Fund- Plan A - Growth Option;INF955L01609;;14.99;;;24-Aug-2021
113328;Baroda Mid-cap Fund- Plan A - IDCW Option;INF955L01583;INF955L01591;14.99;;;24-Aug-2021
119392;Baroda Mid-cap Fund- Plan B (Direct) - Growth Option;INF955L01AV9;;16.09;;;24-Aug-2021
119313;Baroda Mid-cap Fund-Plan B (Direct)-IDCW Option;INF955L01AT3;;16.09;;;24-Aug-2021

BNP Paribas Mutual Fund
120002;BNP Paribas Mid Cap Fund - Direct Plan - Growth Option;INF251K01HQ0;;61.795;;;24-Aug-2021
120001;BNP Paribas Mid Cap Fund - Direct Plan - Income Distribution cum Capital Withdrawal Option;INF251K01HO5;INF251K01HP2;51.859;;;24-Aug-2021
113566;BNP Paribas Mid Cap Fund-Growth Option;INF251K01AW3;;55.038;;;24-Aug-2021
113567;BNP Paribas Mid Cap Fund-Income Distribution cum Capital Withdrawal Option;INF251K01AX1;INF251K01AY9;43.498;;;24-Aug-2021

DSP Mutual Fund
119071;DSP Midcap Fund - Direct Plan - Growth;INF740K01PX1;;93.363;;;24-Aug-2021
119070;DSP Midcap Fund - Direct Plan - IDCW;INF740K01PY9;INF740K01PZ6;57.980;;;24-Aug-2021
104481;DSP Midcap Fund - Regular Plan - Growth;INF740K01128;;87.169;;;24-Aug-2021
104482;DSP Midcap Fund - Regular Plan - IDCW;INF740K01102;INF740K01110;25.871;;;24-Aug-2021

Edelweiss Mutual Fund
140228;Edelweiss Mid Cap Fund - Direct Plan - Growth Option;INF843K01AO4;;51.044;;;24-Aug-2021
140227;Edelweiss Mid Cap Fund - Direct Plan - IDCW Option;INF843K01AP1;INF843K01AQ9;39.089;;;24-Aug-2021
140225;Edelweiss Mid Cap Fund - Regular Plan - Growth Option;INF843K01013;;46.255;;;24-Aug-2021
140226;Edelweiss Mid Cap Fund - Regular Plan - IDCW Option;INF843K01021;INF843K01039;28.557;;;24-Aug-2021

Franklin Templeton Mutual Fund
118533;Franklin India Prima Fund - Direct - Growth;INF090I01FH9;;1555.9302;;;24-Aug-2021
118532;Franklin India PRIMA FUND - Direct - IDCW ;INF090I01FI7;INF090I01FJ5;78.6734;;;24-Aug-2021
100472;Franklin India PRIMA FUND - IDCW ;INF090I01726;INF090I01734;68.8509;;;24-Aug-2021
100473;Franklin India Prima Fund-Growth;INF090I01809;;1428.9927;;;24-Aug-2021

HDFC Mutual Fund
118989;HDFC Mid-Cap Opportunities Fund - Growth Option - Direct Plan;INF179K01XQ0;;90.153;;;24-Aug-2021
105758;HDFC Mid-Cap Opportunities Fund - Growth Plan;INF179K01CR2;;84.043;;;24-Aug-2021
118988;HDFC Mid-Cap Opportunities Fund - IDCW Option - Direct Plan;INF179K01XO5;INF179K01XP2;45.384;;;24-Aug-2021
105757;HDFC Mid-Cap Opportunities Fund - IDCW Plan;INF179K01CS0;INF179K01CT8;34.653;;;24-Aug-2021

ICICI Prudential Mutual Fund
120381;ICICI Prudential MidCap Fund - Direct Plan -  Growth;INF109K011N7;;161.33;;;24-Aug-2021
120380;ICICI Prudential MidCap Fund - Direct Plan -  IDCW;INF109K019M2;INF109K010N9;40.01;;;24-Aug-2021
102528;ICICI Prudential MidCap Fund - Growth;INF109K01AN2;;149.01;;;24-Aug-2021
102529;ICICI Prudential MidCap Fund - IDCW;INF109K01EH6;INF109K01AL6;29.63;;;24-Aug-2021

IDBI Mutual Fund
140461;IDBI Midcap Fund Growth Direct;INF397L01JK8;;17.68;;;24-Aug-2021
140460;IDBI Midcap Fund Growth Regular;INF397L01JO0;;16.40;;;24-Aug-2021
140458;IDBI Midcap Fund IDCW Direct;INF397L01JH4;INF397L01JI2;16.63;;;24-Aug-2021
140459;IDBI Midcap Fund IDCW Regular;INF397L01JL6;INF397L01JM4;15.39;;;24-Aug-2021

Invesco Mutual Fund
120403;Invesco India Midcap Fund - Direct Plan - Growth Option;INF205K01MV6;;90.34;;;24-Aug-2021
120402;Invesco India Midcap Fund - Direct Plan - IDCW (Payout / Reinvestment);INF205K01MT0;INF205K01MU8;36.55;;;24-Aug-2021
105503;Invesco India Midcap Fund - Growth Option;INF205K01BC9;;79.12;;;24-Aug-2021
105504;Invesco India Midcap Fund - IDCW (Payout / Reinvestment);INF205K01BD7;INF205K01BE5;29.92;;;24-Aug-2021

ITI Mutual Fund
148733;ITI Mid Cap Fund - Direct Plan - Growth Option;INF00XX01929;;11.3447;;;24-Aug-2021
148731;ITI Mid Cap Fund - Direct Plan - IDCW Option;INF00XX01937;INF00XX01945;11.3447;;;24-Aug-2021
148732;ITI Mid Cap Fund - Regular Plan - Growth Option;INF00XX01895;;11.2200;;;24-Aug-2021
148734;ITI Mid Cap Fund - Regular Plan - IDCW Option;INF00XX01903;INF00XX01911;11.2200;;;24-Aug-2021

Kotak Mahindra Mutual Fund
104908;Kotak Emerging Equity Scheme - Growth;INF174K01DS9;;66.628;;;24-Aug-2021
119775;Kotak Emerging Equity Scheme - Growth - Direct;INF174K01LT0;;73.74;;;24-Aug-2021
104907;Kotak Emerging Equity Scheme - Payout of Income Distribution cum capital withdrawal option;INF174K01DU5;INF174K01DT7;36.594;;;24-Aug-2021
119774;Kotak Emerging Equity Scheme - Payout of Income Distribution cum capital withdrawal option - Direct;INF174K01LU8;INF174K01LV6;43.934;;;24-Aug-2021

L&T Mutual Fund
119806;L&T Mid Cap Fund-Direct Plan -IDCW;INF917K01FX6;;59.78;;;24-Aug-2021
119807;L&T Mid Cap Fund-Direct Plan-Growth;INF917K01FZ1;;213.29;;;24-Aug-2021
112496;L&T Mid Cap Fund-Regular Plan-Growth;INF917K01254;;196.89;;;24-Aug-2021
112495;L&T Mid Cap Fund-Regular Plan-IDCW;INF917K01239;INF917K01247;55.07;;;24-Aug-2021

Mahindra Manulife Mutual Fund
142108;Mahindra Manulife Mid Cap Fund - Direct Plan - IDCW;INF174V01523;INF174V01515;16.9131;;;24-Aug-2021
142110;Mahindra Manulife Mid Cap Fund - Direct Plan -Growth;INF174V01507;;16.9123;;;24-Aug-2021
142109;Mahindra Manulife Mid Cap Fund - Regular Plan - Growth;INF174V01473;;15.8867;;;24-Aug-2021
142107;Mahindra Manulife Mid Cap Fund- Regular Plan - IDCW;INF174V01499;INF174V01481;15.8865;;;24-Aug-2021

Mirae Asset Mutual Fund
147479;Mirae Asset Midcap Fund - Regular Plan-Growth Option;INF769K01EY2;;19.200;;;24-Aug-2021
147478;Mirae Asset Midcap Fund Direct IDCW;INF769K01EZ9;INF769K01FC5;19.850;;;24-Aug-2021
147480;Mirae Asset Midcap Fund Regular IDCW;INF769K01EX4;INF769K01FB7;19.194;;;24-Aug-2021
147445;Mirae Asset Midcap Fund- Direct Growth Option;INF769K01FA9;;19.848;;;24-Aug-2021

Motilal Oswal Mutual Fund
127044;Motilal Oswal Midcap Fund-Direct - IDCW Payout/Reinvestment;INF247L01460;INF247L01452;23.9932;;;24-Aug-2021
127042;Motilal Oswal Midcap Fund-Direct Plan-Growth Option;INF247L01445;;41.6581;;;24-Aug-2021
127040;Motilal Oswal Midcap Fund-Regular - IDCW Payout/Reinvestment;INF247L01437;INF247L01429;23.1865;;;24-Aug-2021
127039;Motilal Oswal Midcap Fund-Regular Plan-Growth Option;INF247L01411;;37.9549;;;24-Aug-2021

Nippon India Mutual Fund
118666;NIPPON INDIA GROWTH FUND - DIRECT Plan - IDCW Option;INF204K01E39;INF204K01E47;104.5430;;;24-Aug-2021
118665;Nippon India Growth Fund - Direct Plan Growth Plan - Bonus Option;INF204K01E21;;331.5665;;;24-Aug-2021
118668;Nippon India Growth Fund - Direct Plan Growth Plan - Growth Option;INF204K01E54;;1995.7460;;;24-Aug-2021
100375;NIPPON INDIA GROWTH FUND - IDCW Option;INF204K01299;INF204K01307;73.8611;;;24-Aug-2021
106260;NIPPON INDIA GROWTH FUND - INSTITUTIONAL Plan - IDCW Option;INF204K01257;INF204K01265;693.3626;;;24-Aug-2021
100376;Nippon India Growth Fund-Growth Plan-Bonus Option;INF204K01315;;312.8816;;;24-Aug-2021
100377;Nippon India Growth Fund-Growth Plan-Growth Option;INF204K01323;;1879.5229;;;24-Aug-2021

PGIM India Mutual Fund
125301;PGIM India Midcap Opportunities Fund - Direct Plan - Dividend Option - Payout;INF663L01DW1;INF663L01DX9;35.54;;;24-Aug-2021
125307;PGIM India Midcap Opportunities Fund - Direct Plan - Growth Option;INF663L01DV3;;42.88;;;24-Aug-2021
125306;PGIM India Midcap Opportunities Fund - Regular Plan - Dividend Option - Payout;INF663L01EA5;INF663L01EB3;21.6;;;24-Aug-2021
125305;PGIM India Midcap Opportunities Fund - Regular Plan - Growth Option;INF663L01DZ4;;39.13;;;24-Aug-2021

Principal Mutual Fund
147780;Principal Midcap Fund - Direct Plan - Income Distribution CUM Capital Withdrawal Option;INF173K01OT6;INF173K01OV2;16.53;;;24-Aug-2021
147778;Principal Midcap Fund - Direct Plan- Growth;INF173K01OS8;;16.53;;;24-Aug-2021
147781;Principal Midcap Fund - Regular Plan - Income Distribution CUM Capital Withdrawal option;INF173K01OP4;INF173K01OQ2;16.01;;;24-Aug-2021
147779;Principal Midcap Fund- Regular Plan - Growth Option;INF173K01OO7;;16.01;;;24-Aug-2021

quant Mutual Fund
120841;quant Mid Cap Fund - Growth Option - Direct Plan;INF966L01887;;110.7465;;;24-Aug-2021
101065;quant Mid Cap Fund - Growth Option - Regular Plan;INF966L01176;;105.0279;;;24-Aug-2021
120840;quant Mid Cap Fund - IDCW Option - Direct Plan;INF966L01861;INF966L01879;39.0996;;;24-Aug-2021
101066;quant Mid Cap Fund - IDCW Option - Regular Plan;INF966L01150;INF966L01168;37.1812;;;24-Aug-2021

SBI Mutual Fund
119716;SBI Magnum MIDCAP FUND - DIRECT PLAN - GROWTH;INF200K01TP4;;132.9481;;;24-Aug-2021
119715;SBI Magnum MidCap Fund - Direct Plan - Income Distribution cum Capital Withdrawal Option (IDCW);INF200K01TN9;INF200K01TO7;75.3728;;;24-Aug-2021
102941;SBI Magnum MIDCAP FUND - REGULAR PLAN - GROWTH;INF200K01560;;122.7353;;;24-Aug-2021
102942;SBI Magnum MidCap Fund - Regular Plan - Income Distribution cum Capital Withdrawal Option (IDCW);INF200K01578;INF200K01586;50.1502;;;24-Aug-2021

Sundaram Mutual Fund
119581;Sundaram Mid Cap Fund Direct Plan - Growth;INF903J01MJ3;;699.5372;;;24-Aug-2021
119582;Sundaram Mid Cap Fund Direct Plan - Income Distribution cum Capital Withdrawal (IDCW);INF903J01MH7;INF903J01MI5;43.8876;;;24-Aug-2021
111941;Sundaram Mid Cap Fund Institutional Plan - Growth;INF903J01207;;714.0120;;;24-Aug-2021
111942;Sundaram Mid Cap Fund Institutional Plan - Income Distribution cum Capital Withdrawal (IDCW);INF903J01215;INF903J01223;37.8251;;;24-Aug-2021
101539;Sundaram Mid Cap Fund Regular Plan - Growth;INF903J01173;;662.3630;;;24-Aug-2021
101538;Sundaram Mid Cap Fund Regular Plan - Income Distribution cum Capital Withdrawal (IDCW);INF903J01181;INF903J01199;40.9746;;;24-Aug-2021

Tata Mutual Fund
119178;Tata Mid Cap Growth Fund - Direct Plan- Growth Option;INF277K01PY2;;247.6323;;;24-Aug-2021
119177;Tata Mid Cap Growth Fund - Direct Plan- IDCW Option;INF277K01PW6;INF277K01PX4;81.7494;;;24-Aug-2021
102328;Tata Mid Cap Growth Fund Regular Plan- Growth Option;INF277K01626;;228.3983;;;24-Aug-2021
102326;Tata Mid Cap Growth Fund-Regular Plan - IDCW Option;INF277K01DS0;INF277K01642;63.1406;;;24-Aug-2021

Taurus Mutual Fund
118872;Taurus Mid Cap Fund - Direct Plan - Growth;INF044D01CA9;;71.08;;;24-Aug-2021
118873;Taurus Mid Cap Fund - Direct Plan - Payout of Income Distribution cum Capital Withdrawal option;INF044D01CB7;INF044D01CC5;63.14;;;24-Aug-2021
100477;Taurus Mid Cap Fund - Regular Plan - Growth;INF044D01815;;68.31;;;24-Aug-2021
111642;Taurus Mid Cap Fund - Regular Plan - Payout of Income Distribution cum Capital Withdrawal option;INF044D01781;INF044D01799;60.90;;;24-Aug-2021

Union Mutual Fund
148073;Union Midcap Fund - Direct Plan - Growth Option;INF582M01GI3;;25.68;;;24-Aug-2021
148074;Union Midcap Fund - Direct Plan - IDCW Option;INF582M01GK9;INF582M01GJ1;25.68;;;24-Aug-2021
148071;Union Midcap Fund - Regular Plan - Growth Option;INF582M01GM5;;25.25;;;24-Aug-2021
148072;Union Midcap Fund - Regular Plan - IDCW Option;INF582M01GO1;INF582M01GN3;25.25;;;24-Aug-2021

UTI Mutual Fund
120727;UTI Mid Cap Fund - Direct Plan - IDCW;INF789F01TY8;INF789F01TZ5;90.8333;;;24-Aug-2021
102393;UTI Mid Cap Fund - Regular Plan - IDCW;INF789F01794;INF789F01802;81.3249;;;24-Aug-2021
102394;UTI Mid Cap Fund-Growth Option;INF789F01810;;171.8584;;;24-Aug-2021
120726;UTI Mid Cap Fund-Growth Option- Direct;INF789F01UA6;;184.5823;;;24-Aug-2021

Open Ended Schemes ( Equity Scheme - Small Cap Fund )


Aditya Birla Sun Life Mutual Fund
105804;Aditya Birla Sun Life Small Cap Fund - GROWTH;INF209K01EN2;;50.5491;;;24-Aug-2021
119556;Aditya Birla Sun Life Small Cap Fund - Growth - Direct Plan;INF209K01WN4;;55.1371;;;24-Aug-2021
119557;Aditya Birla Sun Life Small Cap Fund -Direct - IDCW;INF209K01WM6;;53.4152;;;24-Aug-2021
105805;Aditya Birla Sun Life Small Cap Fund -Regular - IDCW;INF209K01EO0;INF209K01EP7;28.8732;;;24-Aug-2021

Axis Mutual Fund
125354;Axis Small Cap Fund - Direct Plan - Growth;INF846K01K35;;59.75;;;24-Aug-2021
125351;Axis Small Cap Fund - Direct Plan - IDCW;INF846K01K43;INF846K01K50;37.54;;;24-Aug-2021
125350;Axis Small Cap Fund - Regular Plan - Growth;INF846K01K01;;54.25;;;24-Aug-2021
125352;Axis Small Cap Fund - Regular Plan - IDCW;INF846K01K19;INF846K01K27;33.60;;;24-Aug-2021

Bandhan Mutual Fund
147946;BANDHAN SMALL CAP FUND - DIRECT PLAN GROWTH;INF194KB1AL4;;21.91;;;24-Aug-2021
147943;BANDHAN SMALL CAP FUND - DIRECT PLAN IDCW;INF194KB1AM2;;20.84;;;24-Aug-2021
147944;BANDHAN SMALL CAP FUND - REGULAR PLAN GROWTH;INF194KB1AJ8;;21.29;;;24-Aug-2021
147945;BANDHAN SMALL CAP FUND - REGULAR PLAN IDCW;INF194KB1AK6;;20.25;;;24-Aug-2021

Bank of India Mutual Fund
145678;BANK OF INDIA Small Cap Fund Direct Plan Growth;INF761K01EP7;;24.35;;;24-Aug-2021
145675;BANK OF INDIA Small Cap Fund Direct Plan IDCW;INF761K01EO0;INF761K01ES1;18.24;;;24-Aug-2021
145677;BANK OF INDIA Small Cap Fund Regular Plan Growth;INF761K01ER3;;23.18;;;24-Aug-2021
145676;BANK OF INDIA Small Cap Fund Regular Plan IDCW;INF761K01EQ5;INF761K01ET9;16.91;;;24-Aug-2021

Canara Robeco Mutual Fund
146130;CANARA ROBECO SMALL CAP FUND - DIRECT PLAN - GROWTH OPTION;INF760K01JC6;;20.4700;;;24-Aug-2021
146131;CANARA ROBECO SMALL CAP FUND - DIRECT PLAN - IDCW (Payout/Reinvestment);INF760K01JD4;INF760K01JE2;20.4700;;;24-Aug-2021
146127;CANARA ROBECO SMALL CAP FUND - REGULAR PLAN - GROWTH OPTION;INF760K01JF9;;19.5800;;;24-Aug-2021
146128;CANARA ROBECO SMALL CAP FUND - REGULAR PLAN - IDCW (Payout/Reinvestment);INF760K01JG7;INF760K01JH5;19.5900;;;24-Aug-2021

DSP Mutual Fund
119212;DSP Small Cap Fund - Direct Plan - Growth;INF740K01QD1;;103.981;;;24-Aug-2021
119213;DSP Small Cap Fund - Direct Plan - IDCW;INF740K01QE9;INF740K01QF6;44.691;;;24-Aug-2021
105989;DSP Small Cap Fund - Regular - Growth;INF740K01797;;97.962;;;24-Aug-2021
113153;DSP Small Cap Fund - Regular - IDCW;INF740K01805;INF740K01AM6;42.077;;;24-Aug-2021

Edelweiss Mutual Fund
146196;Edelweiss Small Cap Fund - Direct Plan - Growth;INF754K01JN6;;22.191;;;24-Aug-2021
146197;Edelweiss Small Cap Fund - Direct Plan - IDCW Option;INF754K01JO4;INF754K01JP1;20.955;;;24-Aug-2021
146193;Edelweiss Small Cap Fund - Regular Plan - Growth;INF754K01JJ4;;21.33;;;24-Aug-2021
146194;Edelweiss Small Cap Fund - Regular Plan - IDCW Option;INF754K01JK2;INF754K01JL0;20.1;;;24-Aug-2021

Franklin Templeton Mutual Fund
118525;Franklin India Smaller Companies Fund - Direct - Growth;INF090I01IQ4;;88.3227;;;24-Aug-2021
118524;Franklin India Smaller Companies Fund - Direct - IDCW ;INF090I01IO9;INF090I01IP6;36.7265;;;24-Aug-2021
103361;Franklin India Smaller Companies Fund - IDCW ;INF090I01544;INF090I01551;32.3661;;;24-Aug-2021
103360;Franklin India Smaller Companies Fund-Growth;INF090I01569;;80.6326;;;24-Aug-2021

HDFC Mutual Fund
130502;HDFC Small Cap Fund - Growth Option;INF179KA1RZ8;;67.581;;;24-Aug-2021
130503;HDFC Small Cap Fund - Growth Option - Direct Plan;INF179KA1RW5;;74.096;;;24-Aug-2021
130501;HDFC Small Cap Fund - IDCW Option;INF179KA1SA9;INF179KA1SB7;32.333;;;24-Aug-2021
130504;HDFC Small Cap Fund - IDCW Option - Direct Plan;INF179KA1RX3;INF179KA1RY1;42.438;;;24-Aug-2021

ICICI Prudential Mutual Fund
120591;ICICI Prudential Smallcap Fund - Direct Plan - Growth;INF109K015M0;;48.77;;;24-Aug-2021
120870;ICICI Prudential Smallcap Fund - Direct Plan - IDCW;INF109K013M5;INF109K014M3;42.99;;;24-Aug-2021
106823;ICICI Prudential Smallcap Fund - Growth;INF109K01BI0;;45.48;;;24-Aug-2021
106822;ICICI Prudential Smallcap Fund - IDCW;INF109K01FA8;INF109K01BJ8;26.37;;;24-Aug-2021

IDBI Mutual Fund
141475;IDBI Small Cap Fund - Growth Direct;INF397L01JS1;;16.04;;;24-Aug-2021
141477;IDBI Small Cap Fund - IDCW Regular;INF397L01JT9;INF397L01JU7;14.93;;;24-Aug-2021
141462;IDBI Small Cap Fund Growth Regular;INF397L01JW3;;14.93;;;24-Aug-2021
141476;IDBI Small Cap Fund IDCW Direct;INF397L01JP7;INF397L01JQ5;16.04;;;24-Aug-2021

Invesco Mutual Fund
145137;Invesco India Smallcap Fund - Direct Plan - Growth;INF205K013T3;;20.27;;;24-Aug-2021
145138;Invesco India Smallcap Fund - Direct Plan - IDCW (Payout / Reinvestment);INF205K012T5;INF205K015T8;20.31;;;24-Aug-2021
145139;Invesco India Smallcap Fund - Regular Plan - Growth;INF205K011T7;;19.36;;;24-Aug-2021
145140;Invesco India Smallcap Fund - Regular Plan - IDCW (Payout / Reinvestment);INF205K010T9;INF205K014T1;19.37;;;24-Aug-2021

ITI Mutual Fund
147919;ITI Small Cap Fund - Direct Plan - Growth Option;INF00XX01747;;15.1394;;;24-Aug-2021
147917;ITI Small Cap Fund - Direct Plan - IDCW Option;INF00XX01754;INF00XX01762;15.1394;;;24-Aug-2021
147920;ITI Small Cap Fund - Regular Plan - Growth Option;INF00XX01713;;14.6397;;;24-Aug-2021
147918;ITI Small Cap Fund - Regular Plan - IDCW Option;INF00XX01721;INF00XX01739;14.6397;;;24-Aug-2021

Kotak Mahindra Mutual Fund
102875;Kotak-Small Cap Fund - Growth;INF174K01211;;147.214;;;24-Aug-2021
120164;Kotak-Small Cap Fund - Growth - Direct;INF174K01KT2;;164.417;;;24-Aug-2021
102874;Kotak-Small Cap Fund - Payout of Income Distribution cum capital withdrawal option;INF174K01237;INF174K01229;64.224;;;24-Aug-2021
120163;Kotak-Small Cap Fund - Payout of Income Distribution cum capital withdrawal option - Direct;INF174K01KU0;INF174K01KV8;72.218;;;24-Aug-2021

L&T Mutual Fund
129220;L&T Emerging Businesses Fund - Direct Plan - Growth;INF917K01QA1;;41.547;;;24-Aug-2021
129222;L&T Emerging Businesses Fund - Direct Plan - IDCW;INF917K01PZ0;INF917K01XP5;30.671;;;24-Aug-2021
129223;L&T Emerging Businesses Fund - Regular Plan - Growth;INF917K01QC7;;38.941;;;24-Aug-2021
129221;L&T Emerging Businesses Fund - Regular Plan - IDCW;INF917K01QB9;INF917K01XQ3;28.277;;;24-Aug-2021

Nippon India Mutual Fund
118775;NIPPON INDIA SMALL CAP FUND - Direct Plan - IDCW Option;INF204K01J91;INF204K01K07;58.2992;;;24-Aug-2021
118777;Nippon India Small Cap Fund - Direct Plan Growth Plan - Bonus Option;INF204K01J83;;80.8800;;;24-Aug-2021
118778;Nippon India Small Cap Fund - Direct Plan Growth Plan - Growth Option;INF204K01K15;;80.8800;;;24-Aug-2021
113178;Nippon India Small Cap Fund - Growth Plan - Bonus Option;INF204K01HZ0;;74.5784;;;24-Aug-2021
113177;Nippon India Small Cap Fund - Growth Plan - Growth Option;INF204K01HY3;;74.5784;;;24-Aug-2021
113179;NIPPON INDIA SMALL CAP FUND - IDCW Option;INF204K01IA1;INF204K01IB9;53.2151;;;24-Aug-2021

PGIM India Mutual Fund
149031;PGIM India Small Cap Fund - Direct Plan - IDCW Option;INF663L01W14;INF663L01W22;9.81;;;24-Aug-2021
149019;PGIM India Small Cap Fund - Direct Plan- Growth Option;INF663L01W06;;9.81;;;24-Aug-2021
149020;PGIM India Small Cap Fund - Regular Plan - Growth Option;INF663L01W30;;9.79;;;24-Aug-2021
149032;PGIM India Small Cap Fund - Regular Plan - IDCW Option;INF663L01W48;INF663L01W55;9.79;;;24-Aug-2021

Principal Mutual Fund
147131;Principal Small Cap Fund - Direct Plan - Growth Option;INF173K01OK5;;21.22;;;24-Aug-2021
147132;Principal Small Cap Fund - Direct Plan- Income Distribution CUM Capital Withdrawal Option;INF173K01OL3;INF173K01ON9;21.22;;;24-Aug-2021
147129;Principal Small Cap Fund - Regular Plan - Growth Option;INF173K01OG3;;20.38;;;24-Aug-2021
147130;Principal Small Cap Fund - Regular Plan - Income Distribution CUM Capital Withdrawal Option;INF173K01OH1;INF173K01OI9;20.38;;;24-Aug-2021

quant Mutual Fund
100177;quant Small Cap Fund - Growth - Regular Plan;INF966L01AA0;;117.4146;;;24-Aug-2021
120828;quant Small Cap Fund - Growth Option - Direct Plan;INF966L01689;;121.6127;;;24-Aug-2021
120827;quant Small Cap Fund - IDCW Option - Direct Plan;INF966L01663;INF966L01671;95.0315;;;24-Aug-2021
100176;quant Small Cap Fund - IDCW Option - Regular Plan;INF206A01022;INF966L01044;93.2514;;;24-Aug-2021

SBI Mutual Fund
125497;SBI Small Cap Fund - Direct Plan - Growth;INF200K01T51;;101.0715;;;24-Aug-2021
125496;SBI Small Cap Fund - Direct Plan - Income Distribution cum Capital Withdrawal Option (IDCW);INF200K01T69;INF200K01T77;68.9847;;;24-Aug-2021
125494;SBI Small Cap Fund - Regular Plan - Growth;INF200K01T28;;91.7720;;;24-Aug-2021
125495;SBI Small Cap Fund - Regular Plan - Income Distribution cum Capital Withdrawal Option (IDCW);INF200K01T36;INF200K01T44;54.2160;;;24-Aug-2021

Sundaram Mutual Fund
119589;Sundaram Small Cap Fund Direct Plan - Growth;INF903J01NK9;;139.9970;;;24-Aug-2021
119588;Sundaram Small Cap Fund Direct Plan - Income Distribution cum Capital Withdrawal (IDCW);INF903J01NI3;INF903J01NJ1;24.5346;;;24-Aug-2021
112064;Sundaram Small Cap Fund Institutional Plan - Growth;INF903J01504;;142.9062;;;24-Aug-2021
112207;Sundaram Small Cap Fund Institutional Plan - Income Distribution cum Capital Withdrawal (IDCW);INF903J01488;INF903J01496;25.5011;;;24-Aug-2021
100795;Sundaram Small Cap Fund Regular Plan - Growth;INF903J01470;;132.1174;;;24-Aug-2021
100794;Sundaram Small Cap Fund Regular Plan - Income Distribution cum Capital Withdrawal (IDCW);INF903J01454;INF903J01462;22.5348;;;24-Aug-2021

Tata Mutual Fund
145209;TATA Small Cap Fund Direct Plan - Reinvestment of Income Distribution cum capital withdrawal option ;;INF277K012O9;20.8584;;;24-Aug-2021
145210;TATA Small Cap Fund Regular Plan - Reinvestment of Income Distribution cum capital withdrawal option ;;INF277K016O0;19.7823;;;24-Aug-2021
145206;Tata Small Cap Fund-Direct Plan-Growth;INF277K011O1;;20.8584;;;24-Aug-2021
145208;Tata Small Cap Fund-Regular Plan-Growth;INF277K015O2;;19.7823;;;24-Aug-2021
145207;TATA SmallCap Fund - Direct Plan - Payout of Income Distribution cum capital withdrawal option ;INF277K013O7;;20.8584;;;24-Aug-2021
145205;TATA SmallCap Fund Regular Plan - Payout of Income Distribution cum capital withdrawal option ;INF277K017O8;;19.7823;;;24-Aug-2021

Union Mutual Fund
129649;Union Small Cap Fund - Direct Plan - Growth Option;INF582M01BU9;;27.88;;;24-Aug-2021
129646;Union Small Cap Fund - Direct Plan - IDCW Option;INF582M01BW5;INF582M01BV7;20.87;;;24-Aug-2021
129647;Union Small Cap Fund - Regular Plan - Growth Option;INF582M01BY1;;26.34;;;24-Aug-2021
129648;Union Small Cap Fund - Regular Plan - IDCW Option;INF582M01CA9;INF582M01BZ8;22.87;;;24-Aug-2021

UTI Mutual Fund
148618;UTI Small Cap Fund - Direct Plan - Growth Option;INF789F1AUQ1;;13.4746;;;24-Aug-2021
148619;UTI Small Cap Fund - Direct Plan - IDCW (Payout);INF789F1AUR9;;13.4743;;;24-Aug-2021
148617;UTI Small Cap Fund - Regular Plan - Growth Option;INF789F1AUO6;;13.2953;;;24-Aug-2021
148616;UTI Small Cap Fund - Regular Plan - IDCW (Payout);INF789F1AUP3;;13.2952;;;24-Aug-2021

Open Ended Schemes ( Equity Scheme - Dividend Yield Fund )


Aditya Birla Sun Life Mutual Fund
119507;Aditya Birla Sun Life Dividend Yield Fund - Growth - Direct Plan;INF209K01WA1;;253.98;;;24-Aug-2021
101738;Aditya Birla Sun Life Dividend Yield Fund - Growth - Regular Plan;INF209K01405;;238.27;;;24-Aug-2021
119506;Aditya Birla Sun Life Dividend Yield Fund -DIRECT - IDCW;INF209K01Q55;INF209K01WB9;32.34;;;24-Aug-2021
101737;Aditya Birla Sun Life Dividend Yield Fund -REGULAR - IDCW;INF209K01397;INF209K01CP1;18.37;;;24-Aug-2021

Franklin Templeton Mutual Fund
118527;Templeton India Equity Income Fund - Direct - Growth;INF090I01IT8;;79.4462;;;24-Aug-2021
118526;Templeton India EQUITY INCOME FUND - Direct - IDCW ;INF090I01IR2;INF090I01IS0;21.3730;;;24-Aug-2021
103679;Templeton India EQUITY INCOME FUND - IDCW ;INF090I01932;INF090I01940;19.6772;;;24-Aug-2021
103678;Templeton India Equity Income Fund-Growth Plan;INF090I01957;;74.8689;;;24-Aug-2021

HDFC Mutual Fund
148609;HDFC Dividend Yield Fund - Growth Option Direct Plan;INF179KC1AO6;;13.151;;;24-Aug-2021
148610;HDFC Dividend Yield Fund - Growth Plan;INF179KC1AR9;;13.001;;;24-Aug-2021
148608;HDFC Dividend Yield Fund - IDCW Option Direct Plan;INF179KC1AP3;INF179KC1AQ1;13.151;;;24-Aug-2021
148611;HDFC Dividend Yield Fund - IDCW Plan;INF179KC1AS7;INF179KC1AT5;13.001;;;24-Aug-2021

ICICI Prudential Mutual Fund
129312;ICICI Prudential Dividend Yield Equity Fund Direct Plan Growth Option;INF109KA1UA0;;25.50;;;24-Aug-2021
129309;ICICI Prudential Dividend Yield Equity Fund Direct Plan IDCW Option;INF109KA1UB8;INF109KA1UC6;16.56;;;24-Aug-2021
129310;ICICI Prudential Dividend Yield Equity Fund Growth Option;INF109KA1TX4;;24.13;;;24-Aug-2021
129311;ICICI Prudential Dividend Yield Equity Fund IDCW Option;INF109KA1TY2;INF109KA1TZ9;14.60;;;24-Aug-2021

IDBI Mutual Fund
145750;IDBI Dividend Yield Fund - Direct Plan - Growth;INF397L01LC1;;16.59;;;24-Aug-2021
145749;IDBI Dividend Yield Fund - Direct Plan - IDCW;INF397L01KZ4;INF397L01LA5;16.59;;;24-Aug-2021
145747;IDBI Dividend Yield Fund - Regular Plan - Growth;INF397L01KY7;;15.99;;;24-Aug-2021
145748;IDBI Dividend Yield Fund - Regular Plan - IDCW;INF397L01KV3;INF397L01KW1;15.99;;;24-Aug-2021

Principal Mutual Fund
119438;Principal Dividend Yield Fund - Direct Plan - Growth Option;INF173K01EV3;;86.78;;;24-Aug-2021
119437;Principal Dividend Yield Fund- Direct Plan - Half Yearly Income Distribution CUM Capital Withdrawal Option;INF173K01ES9;INF173K01ET7;48.12;;;24-Aug-2021
102808;Principal Dividend Yield Fund- Half Yearly Income Distribution CUM Capital Withdrawal Plan;INF173K01AD9;INF173K01AE7;32.20;;;24-Aug-2021
102807;Principal Dividend Yield Fund-Growth Plan;INF173K01AC1;;82.98;;;24-Aug-2021

Tata Mutual Fund
148947;Tata Dividend Yield Fund-Direct Plan-Growth;INF277K015Z8;;10.6815;;;24-Aug-2021
148952;Tata Dividend Yield Fund-Direct Plan-IDCW Payout;INF277K017Z4;;10.6815;;;24-Aug-2021
148951;Tata Dividend Yield Fund-Direct Plan-IDCW Reinvestment;;INF277K016Z6;10.6815;;;24-Aug-2021
148948;Tata Dividend Yield Fund-Regular Plan-Growth;INF277K018Z2;;10.6308;;;24-Aug-2021
148950;Tata Dividend Yield Fund-Regular Plan-IDCW Payout;INF277KA1018;;10.6308;;;24-Aug-2021
148949;Tata Dividend Yield Fund-Regular Plan-IDCW Reinvestment;;INF277K019Z0;10.6308;;;24-Aug-2021

UTI Mutual Fund
120750;UTI Dividend Yield Fund - Direct Plan - IDCW;INF789F01SU8;INF789F01SV6;25.4101;;;24-Aug-2021
103025;UTI Dividend Yield Fund - Regular Plan - IDCW;INF789F01448;INF789F01455;22.0539;;;24-Aug-2021
103026;UTI-Dividend Yield Fund.-Growth;INF789F01463;;102.6212;;;24-Aug-2021
120749;UTI-Dividend Yield Fund.-Growth-Direct;INF789F01SW4;;108.1693;;;24-Aug-2021

Open Ended Schemes ( Equity Scheme - Value Fund )


Aditya Birla Sun Life Mutual Fund
119658;Aditya Birla Sun Life Pure Value Fund - Direct - IDCW;INF209K01WP9;;51.9527;;;24-Aug-2021
119659;Aditya Birla Sun Life Pure Value Fund - Growth - Direct Plan;INF209K01WQ7;;74.3729;;;24-Aug-2021
108167;Aditya Birla Sun Life Pure Value Fund - Growth Option;INF209K01LF3;;68.3647;;;24-Aug-2021
108166;Aditya Birla Sun Life Pure Value Fund - Regular - IDCW;INF209K01LE6;INF209K01LG1;29.4595;;;24-Aug-2021

Bandhan Mutual Fund
108909;BANDHAN Sterling Value Fund - Regular Plan - Growth;INF194K01342;;78.06;;;24-Aug-2021
108908;BANDHAN Sterling Value Fund - Regular Plan - IDCW;INF194K01359;INF194K01367;28.29;;;24-Aug-2021
118481;BANDHAN Sterling Value Fund-Direct Plan-Growth;INF194K01Z85;;84.86;;;24-Aug-2021
118480;BANDHAN Sterling Value Fund-Direct Plan-IDCW;INF194K01Z93;INF194K010A2;35.54;;;24-Aug-2021

DSP Mutual Fund
148595;DSP Value Fund - Direct Plan - Growth;INF740KA1PP3;;13.016;;;24-Aug-2021
148596;DSP Value Fund - Direct Plan - IDCW;INF740KA1PQ1;INF740KA1PR9;13.016;;;24-Aug-2021
148594;DSP Value Fund - Regular Plan - Growth;INF740KA1PM0;;12.947;;;24-Aug-2021
148597;DSP Value Fund - Regular Plan - IDCW;INF740KA1PN8;INF740KA1PO6;12.947;;;24-Aug-2021

Franklin Templeton Mutual Fund
118494;Templeton India Value Fund - Direct - Growth;INF090I01GY2;;387.7676;;;24-Aug-2021
118493;Templeton India Value Fund - Direct - IDCW ;INF090I01GW6;INF090I01GX4;79.7272;;;24-Aug-2021
100496;Templeton India Value Fund - Growth Plan;INF090I01296;;363.2855;;;24-Aug-2021
100497;Templeton India Value Fund - IDCW ;INF090I01270;INF090I01288;72.8701;;;24-Aug-2021

Groww Mutual Fund
135341;Groww Value Fund (formerly known as Indiabulls Value Fund) - Direct Plan - Growth Option;INF666M01BE4;;18.1698;;;24-Aug-2021
135343;Groww Value Fund (formerly known as Indiabulls Value Fund) - Regular Plan - Growth Option;INF666M01BH7;;16.1779;;;24-Aug-2021
135342;Groww Value Fund (formerly known as Indiabulls Value Fund)- Direct Plan- - Income Distribution cum capital withdrawal Option (Payout & Reinvestment);INF666M01BF1;INF666M01BG9;18.0977;;;24-Aug-2021
140819;Groww Value Fund (formerly known as Indiabulls Value Fund)- Direct Plan- Half Yearly - Income Distribution cum capital withdrawal Option (Payout & Reinvestment);INF666M01DC4;INF666M01DD2;14.5483;;;24-Aug-2021
140815;Groww Value Fund (formerly known as Indiabulls Value Fund)- Direct Plan- Monthly - Income Distribution cum capital withdrawal Option (Payout & Reinvestment);INF666M01CY0;INF666M01CZ7;13.3215;;;24-Aug-2021
140817;Groww Value Fund (formerly known as Indiabulls Value Fund)- Direct Plan- Quarterly - Income Distribution cum capital withdrawal Option (Payout & Reinvestment);INF666M01DA8;INF666M01DB6;14.5289;;;24-Aug-2021
135344;Groww Value Fund (formerly known as Indiabulls Value Fund)- Regular Plan - Income Distribution cum capital withdrawal Option (Payout & Reinvestment);INF666M01BI5;INF666M01BJ3;16.1721;;;24-Aug-2021
140820;Groww Value Fund (formerly known as Indiabulls Value Fund)- Regular Plan- Half Yearly -Income Distribution cum capital withdrawal Option (Payout & Reinvestment);INF666M01DI1;INF666M01DJ9;13.2509;;;24-Aug-2021
140816;Groww Value Fund (formerly known as Indiabulls Value Fund)- Regular Plan- Monthly - Income Distribution cum capital withdrawal Option (Payout & Reinvestment.;INF666M01DE0;INF666M01DF7;12.5541;;;24-Aug-2021
140818;Groww Value Fund (formerly known as Indiabulls Value Fund)- Regular Plan- Quarterly - Income Distribution cum capital withdrawal Option (Payout & Reinvestment);INF666M01DG5;INF666M01DH3;12.2324;;;24-Aug-2021

HDFC Mutual Fund
118935;HDFC Capital Builder Value Fund - Growth Option - Direct Plan;INF179K01VC4;;436.824;;;24-Aug-2021
101764;HDFC Capital Builder Value Fund - Growth Plan;INF179K01426;;404.763;;;24-Aug-2021
118934;HDFC Capital Builder Value Fund - IDCW Option - Direct Plan;INF179K01VA8;INF179K01VB6;30.857;;;24-Aug-2021
101765;HDFC Capital Builder Value Fund - IDCW Plan;INF179K01400;INF179K01418;27.237;;;24-Aug-2021

ICICI Prudential Mutual Fund
120323;ICICI Prudential Value Discovery Fund - Direct Plan - Growth;INF109K012K1;;239.90;;;24-Aug-2021
120322;ICICI Prudential Value Discovery Fund - Direct Plan - IDCW;INF109K011K3;INF109K010K5;66.70;;;24-Aug-2021
102594;ICICI Prudential Value Discovery Fund - Growth;INF109K01AF8;;222.98;;;24-Aug-2021
102595;ICICI Prudential Value Discovery Fund - IDCW;INF109K01EC7;INF109K01AD3;29.57;;;24-Aug-2021

IDBI Mutual Fund
144455;IDBI Long Term Value Fund-Direct Plan- Growth;INF397L01KU5;;15.40;;;24-Aug-2021
144452;IDBI Long Term Value Fund-Direct Plan-IDCW;INF397L01KR1;;15.40;;;24-Aug-2021
144453;IDBI Long Term Value Fund-Regular Plan-Growth;INF397L01KQ3;;14.85;;;24-Aug-2021
144454;IDBI Long Term Value Fund-Regular Plan-IDCW;INF397L01KN0;;14.85;;;24-Aug-2021

ITI Mutual Fund
148972;ITI Value Fund - Direct Plan - Growth Option;INF00XX01AQ6;;9.7637;;;24-Aug-2021
148970;ITI Value Fund - Direct Plan - IDCW Option;INF00XX01AR4;INF00XX01AS2;9.7637;;;24-Aug-2021
148973;ITI Value Fund - Regular Plan - Growth Option;INF00XX01AN3;;9.7196;;;24-Aug-2021
148971;ITI Value Fund - Regular Plan - IDCW Option;INF00XX01AO1;INF00XX01AP8;9.7196;;;24-Aug-2021

JM Financial Mutual Fund
120486;JM Value Fund (Direct) - Growth Option;INF192K01BT3;;51.5615;;;24-Aug-2021
120485;JM Value Fund (Direct) - IDCW;INF192K01BR7;INF192K01BS5;35.1316;;;24-Aug-2021
100254;JM Value Fund (Regular) - Growth Option;INF137A01037;;47.6064;;;24-Aug-2021
106168;JM Value Fund (Regular) - IDCW;INF137A01011;INF137A01029;33.2427;;;24-Aug-2021

L&T Mutual Fund
119404;L&T India Value Fund-Direct Plan-Growth;INF917K01HD4;;57.446;;;24-Aug-2021
119403;L&T India Value Fund-Direct Plan-IDCW;INF917K01HC6;INF917K01HB8;41.269;;;24-Aug-2021
118102;L&T India Value Fund-Regular Plan-Growth;INF677K01023;;53.427;;;24-Aug-2021
118103;L&T India Value Fund-Regular Plan-IDCW;INF677K01213;INF677K01015;35.688;;;24-Aug-2021

Nippon India Mutual Fund
118782;NIPPON INDIA VALUE FUND - DIRECT Plan - IDCW Option;INF204K01K23;INF204K01K31;42.1686;;;24-Aug-2021
118784;Nippon India Value Fund - Direct Plan Growth Plan;INF204K01K49;;120.6912;;;24-Aug-2021
103086;NIPPON INDIA VALUE FUND - IDCW Option;INF204K01GC1;INF204K01GD9;29.8236;;;24-Aug-2021
103085;Nippon India Value Fund- Growth Plan;INF204K01GB3;;113.3383;;;24-Aug-2021

Quantum Mutual Fund
103490;Quantum Long Term Equity Value Fund - Direct Plan Growth Option;INF082J01036;;75.37;;;24-Aug-2021
103491;Quantum Long Term Equity Value Fund - Direct Plan IDCW;INF082J01044;INF082J01051;76.01;;;24-Aug-2021
141068;Quantum Long Term Equity Value Fund - Regular Plan Growth Option;INF082J01242;;74.20;;;24-Aug-2021
141069;Quantum Long Term Equity Value Fund - Regular Plan IDCW;INF082J01259;INF082J01267;74.63;;;24-Aug-2021

Tata Mutual Fund
112218;Tata Equity P/E Fund - Regular Plan - Payout of IDCW-Option A(5%);INF277K01DI1;INF277K01436;77.9083;;;24-Aug-2021
101672;Tata Equity P/E Fund - Regular Plan -Growth Option;INF277K01451;;184.7024;;;24-Aug-2021
119231;Tata Equity P/E Fund -Direct Plan Growth Option;INF277K01ND1;;200.0592;;;24-Aug-2021
102428;Tata Equity P/E Fund Regular Plan - Payout of IDCW-Option B(10%);INF277K01DJ9;INF277K01444;72.0142;;;24-Aug-2021
119233;Tata Equity P/E Fund- Direct Plan - Payout of IDCW -Option B(10%);INF277K01NB5;INF277K01NC3;79.0418;;;24-Aug-2021
119232;Tata Equity P/E Fund- Direct Plan -Payout of IDCW-Option A(5%);INF277K01MZ6;INF277K01NA7;83.1046;;;24-Aug-2021

Union Mutual Fund
145473;Union Value Fund - Direct Plan - Growth Option;INF582M01EK4;;15.99;;;24-Aug-2021
145474;Union Value Fund - Direct Plan - IDCW Option;INF582M01EM0;INF582M01EL2;15.99;;;24-Aug-2021
145471;Union Value Fund - Regular Plan - Growth Option;INF582M01EO6;;15.65;;;24-Aug-2021
145472;Union Value Fund - Regular Plan - IDCW Option;INF582M01EQ1;INF582M01EP3;15.65;;;24-Aug-2021

UTI Mutual Fund
120751;UTI Value Fund - Direct Plan - Growth Option;INF789F01VB2;;101.6129;;;24-Aug-2021
120752;UTI Value Fund - Direct Plan - IDCW;INF789F01UZ3;INF789F01VA4;33.1396;;;24-Aug-2021
103098;UTI Value Fund - Regular Plan - Growth Option;INF789F01AG5;;95.4603;;;24-Aug-2021
103097;UTI Value Fund - Regular Plan - IDCW;INF789F01AE0;INF789F01AF7;27.8196;;;24-Aug-2021

Open Ended Schemes ( Equity Scheme - Contra Fund )


Invesco Mutual Fund
120348;Invesco India Contra Fund - Direct Plan - Growth;INF205K01LE4;;81.17;;;24-Aug-2021
120349;Invesco India Contra Fund - Direct Plan - IDCW (Payout / Reinvestment);INF205K01LC8;INF205K01LD6;40.76;;;24-Aug-2021
105460;Invesco India Contra Fund - Growth;INF205K01189;;72.49;;;24-Aug-2021
105459;Invesco India Contra Fund - IDCW (Payout / Reinvestment);INF205K01205;INF205K01197;32.53;;;24-Aug-2021

Kotak Mahindra Mutual Fund
103040;Kotak India EQ Contra Fund - Growth;INF174K01245;;78.859;;;24-Aug-2021
119769;Kotak India EQ Contra Fund - Growth - Direct;INF174K01KZ9;;88.232;;;24-Aug-2021
103039;Kotak India EQ Contra Fund - Payout of Income Distribution cum capital withdrawal option;INF174K01260;INF174K01252;27.182;;;24-Aug-2021
119768;Kotak India EQ Contra Fund - Payout of Income Distribution cum capital withdrawal option- Direct;INF174K01LA0;;31.397;;;24-Aug-2021

SBI Mutual Fund
119835;SBI CONTRA FUND - DIRECT PLAN - GROWTH;INF200K01RA0;;187.4222;;;24-Aug-2021
119724;SBI Contra Fund - Direct Plan - Income Distribution cum Capital Withdrawal Option (IDCW);INF200K01QY2;INF200K01QZ9;39.5555;;;24-Aug-2021
100915;SBI Contra Fund - Regular Plan - Income Distribution cum Capital Withdrawal Option (IDCW);INF200K01347;INF200K01354;30.7872;;;24-Aug-2021
102414;SBI CONTRA FUND - REGULAR PLAN -GROWTH;INF200K01362;;177.5481;;;24-Aug-2021

Open Ended Schemes ( Equity Scheme - Focused Fund )


360 ONE Mutual Fund (Formerly Known as IIFL Mutual Fund)
131581;360 ONE Focused Equity Fund - Direct Plan - Dividend;INF579M01910;INF579M01928;30.3367;;;24-Aug-2021
131579;360 ONE Focused Equity Fund - Regular Plan - Dividend;INF579M01886;INF579M01894;24.8816;;;24-Aug-2021
131578;360 ONE Focused Equity Fund -Regular Plan - Growth;INF579M01878;;28.1237;;;24-Aug-2021
131580;360 ONE Focused Equity Fund-Direct Plan-Growth;INF579M01902;;30.6496;;;24-Aug-2021

Aditya Birla Sun Life Mutual Fund
119564;Aditya Birla Sun Life Focused Fund - Growth - Direct Plan;INF209K01WE3;;94.8974;;;24-Aug-2021
119563;Aditya Birla Sun Life Focused Fund -Direct - IDCW;INF209K01Q71;INF209K01WF0;44.322;;;24-Aug-2021
103309;Aditya Birla Sun Life Focused Fund -Growth Option;INF209K01462;;87.4244;;;24-Aug-2021
103308;Aditya Birla Sun Life Focused Fund -Regular - IDCW;INF209K01454;INF209K01CS5;19.5274;;;24-Aug-2021

Axis Mutual Fund
120468;Axis Focused Fund - Direct Plan - Growth Option;INF846K01CQ8;;48.86;;;24-Aug-2021
120467;Axis Focused Fund - Direct Plan - IDCW;INF846K01CO3;INF846K01CP0;38.95;;;24-Aug-2021
117560;Axis Focused Fund - Regular Plan - Growth Option;INF846K01CH7;;44.01;;;24-Aug-2021
117559;Axis Focused Fund - Regular Plan - IDCW;INF846K01CI5;INF846K01CJ3;22.81;;;24-Aug-2021

Bandhan Mutual Fund
108592;BANDHAN Focused Equity Fund - Regular Plan - Growth;INF194K01466;;50.68;;;24-Aug-2021
108593;BANDHAN Focused Equity Fund - Regular Plan - IDCW;INF194K01474;INF194K01482;14.89;;;24-Aug-2021
118421;BANDHAN Focused Equity Fund-Direct Plan-Growth;INF194K01W21;;56.70;;;24-Aug-2021
118422;BANDHAN Focused Equity Fund-Direct Plan-IDCW;INF194K01W39;INF194K01W47;24.97;;;24-Aug-2021

BNP Paribas Mutual Fund
141813;BNP Paribas Focused 25 Equity Fund - Direct Plan - Growth Option;INF251K01PN0;;14.491;;;24-Aug-2021
141814;BNP Paribas Focused 25 Equity Fund - Direct Plan - Income Distribution cum Capital Withdrawal Option;INF251K01PO8;INF251K01PP5;14.455;;;24-Aug-2021
141811;BNP Paribas Focused 25 Equity Fund - Regular Plan - Income Distribution cum Capital Withdrawal Option;INF251K01PL4;INF251K01PM2;13.713;;;24-Aug-2021
141812;BNP Paribas Focused 25 Equity Fund - Regular Plan-Growth Option;INF251K01PK6;;13.712;;;24-Aug-2021

Canara Robeco Mutual Fund
148883;Canara Robeco Focused Equity Fund - Direct Plan - Growth Option;INF760K01JQ6;;11.4700;;;24-Aug-2021
148882;Canara Robeco Focused Equity Fund - Direct Plan - IDCW (Payout/Reinvestment);INF760K01JS2;INF760K01JR4;11.4800;;;24-Aug-2021
148884;Canara Robeco Focused Equity Fund - Regular Plan - Growth Option;INF760K01JT0;;11.4200;;;24-Aug-2021
148885;Canara Robeco Focused Equity Fund - Regular Plan - IDCW (Payout/Reinvestment);INF760K01JV6;INF760K01JU8;11.3800;;;24-Aug-2021

DSP Mutual Fund
119096;DSP Focus Fund - Direct Plan - Growth;INF740K01OB0;;36.379;;;24-Aug-2021
119095;DSP Focus Fund - Direct Plan - IDCW;INF740K01OC8;INF740K01OD6;36.379;;;24-Aug-2021
112901;DSP Focus Fund - Regular Plan - Growth;INF740K01532;;33.950;;;24-Aug-2021
113032;DSP Focus Fund - Regular Plan - IDCW;INF740K01540;INF740K01AC7;19.588;;;24-Aug-2021

Franklin Templeton Mutual Fund
118564;Franklin India Focused Equity Fund - Direct - Growth;INF090I01IW2;;66.0392;;;24-Aug-2021
118563;Franklin India Focused Equity Fund - Direct - IDCW ;INF090I01IU6;INF090I01IV4;34.2865;;;24-Aug-2021
105817;Franklin India Focused Equity Fund - Growth Plan;INF090I01981;;60.5047;;;24-Aug-2021
105816;Franklin India Focused Equity Fund - IDCW ;INF090I01965;INF090I01973;30.4048;;;24-Aug-2021

HDFC Mutual Fund
118950;HDFC Focused 30 Fund - Growth Option - Direct Plan;INF179K01VK7;;108.862;;;24-Aug-2021
102760;HDFC Focused 30 Fund - GROWTH PLAN;INF179K01574;;100.806;;;24-Aug-2021
118949;HDFC Focused 30 Fund - IDCW Option - Direct Plan;INF179K01VI1;INF179K01VJ9;19.337;;;24-Aug-2021
102761;HDFC Focused 30 Fund - IDCW PLAN;INF179K01558;INF179K01566;16.812;;;24-Aug-2021

HSBC Mutual Fund
148411;HSBC Focused Fund - Direct Growth;INF336L01PB2;;15.3384;;;24-Aug-2021
148412;HSBC Focused Fund - Direct IDCW;INF336L01PC0;INF336L01PD8;14.6517;;;24-Aug-2021
148409;HSBC Focused Fund - Regular Growth;INF336L01PE6;;15.0665;;;24-Aug-2021
148410;HSBC Focused Fund - Regular IDCW;INF336L01PF3;INF336L01PG1;14.3916;;;24-Aug-2021

ICICI Prudential Mutual Fund
120722;ICICI Prudential Focused Equity Fund - Direct Plan - Growth;INF109K018N2;;50.56;;;24-Aug-2021
120723;ICICI Prudential Focused Equity Fund - Direct Plan - IDCW;INF109K016N6;INF109K017N4;35.14;;;24-Aug-2021
111957;ICICI Prudential Focused Equity Fund - Growth;INF109K01BZ4;;46.29;;;24-Aug-2021
111958;ICICI Prudential Focused Equity Fund - IDCW;INF109K01FM3;INF109K01CA5;19.51;;;24-Aug-2021

IDBI Mutual Fund
141920;IDBI FOCUSED 30 EQUITY FUND - Growth Direct;INF397L01KA7;;15.11;;;24-Aug-2021
141919;IDBI FOCUSED 30 EQUITY FUND - Growth Regular;INF397L01KE9;;14.25;;;24-Aug-2021
141917;IDBI FOCUSED 30 EQUITY FUND - IDCW Regular;INF397L01KB5;INF397L01KC3;14.25;;;24-Aug-2021
141918;IDBI FOCUSED 30 EQUITY FUND -IDCW Direct;INF397L01JX1;INF397L01JY9;15.11;;;24-Aug-2021

Invesco Mutual Fund
148481;Invesco India Focused Fund - Direct Plan - Growth;INF205KA1213;;14.71;;;24-Aug-2021
148482;Invesco India Focused Fund - Direct Plan - IDCW (Payout / Reinvestment);INF205KA1205;INF205KA1221;14.7;;;24-Aug-2021
148483;Invesco India Focused Fund - Growth;INF205KA1189;;14.47;;;24-Aug-2021
148484;Invesco India Focused Fund - IDCW (Payout / Reinvestment);INF205KA1171;INF205KA1197;14.47;;;24-Aug-2021

JM Financial Mutual Fund
120488;JM Focused Fund (Direct)  - Growth Option;INF192K01BW7;;12.1722;;;24-Aug-2021
120487;JM Focused Fund (Direct) -  IDCW;INF192K01BU1;INF192K01BV9;11.9291;;;24-Aug-2021
107410;JM Focused Fund (Regular) - Growth Option;INF192K01577;;10.9041;;;24-Aug-2021
107409;JM Focused Fund (Regular) - IDCW;INF192K01551;INF192K01569;10.9036;;;24-Aug-2021

Kotak Mahindra Mutual Fund
147473;Kotak Focused equity Fund- Direct Plan- Growth option;INF174KA1EN7;;15.973;;;24-Aug-2021
147477;Kotak Focused Equity Fund- Regular plan _ Growth Option;INF174KA1EK3;;15.396;;;24-Aug-2021
147472;Kotak Focused Equity Fund- Regular Plan-Income Distribution cum capital withdrawal option;INF174KA1EM9;INF174KA1EL1;15.396;;;24-Aug-2021
147475;Kotak Focused Equity Fund-Direct Plan- Income Distribution cum capital withdrawal option;INF174KA1EP2;INF174KA1EO5;15.974;;;24-Aug-2021

L&T Mutual Fund
145376;L&T Focused Equity Fund - Direct Plan - Growth Option;INF917K01A98;;16.139;;;24-Aug-2021
145375;L&T Focused Equity Fund - Direct Plan - IDCW ;INF917K01A72;INF917K01A80;16.139;;;24-Aug-2021
145378;L&T Focused Equity Fund - Regular Plan - Growth Option;INF917K01B14;;15.636;;;24-Aug-2021
145377;L&T Focused Equity Fund - Regular Plan - IDCW ;INF917K01B06;INF917K01B22;15.636;;;24-Aug-2021

Mahindra Manulife Mutual Fund
148569;Mahindra Manulife Focused Fund - Direct Plan - IDCW;INF174V01AI3;INF174V01AH5;13.8802;;;24-Aug-2021
148567;Mahindra Manulife Focused Fund - Direct Plan -Growth;INF174V01AG7;;14.4951;;;24-Aug-2021
148571;Mahindra Manulife Focused Fund - Regular Plan - Growth;INF174V01AD4;;14.2614;;;24-Aug-2021
148566;Mahindra Manulife Focused Fund - Regular Plan - IDCW;INF174V01AF9;INF174V01AE2;13.6572;;;24-Aug-2021

Mirae Asset Mutual Fund
147205;Mirae Asset Focused Fund Direct IDCW;INF769K01ET2;INF769K01EW6;18.908;;;24-Aug-2021
147206;Mirae Asset Focused Fund Direct Plan Growth;INF769K01EU0;;18.911;;;24-Aug-2021
147204;Mirae Asset Focused Fund Regular IDCW;INF769K01ER6;INF769K01EV8;18.233;;;24-Aug-2021
147203;Mirae Asset Focused Fund Regular Plan Growth;INF769K01ES4;;18.231;;;24-Aug-2021

Motilal Oswal Mutual Fund
122389;Motilal Oswal Focused 25 Fund (MOF25)- Direct Plan Growth Option;INF247L01189;;36.1975;;;24-Aug-2021
122387;Motilal Oswal Focused 25 Fund (MOF25)- Regular Plan Growth Option;INF247L01155;;32.3976;;;24-Aug-2021
122390;Motilal Oswal Focused 25 Fund Direct - IDCW Payout/Reinvestment;INF247L01205;INF247L01197;21.1903;;;24-Aug-2021
122388;Motilal Oswal Focused 25 Fund Regular - IDCW Payout/Reinvestment;INF247L01171;INF247L01163;19.0145;;;24-Aug-2021

Nippon India Mutual Fund
118693;NIPPON INDIA FOCUSED EQUITY FUND - DIRECT Plan - IDCW Option;INF204K01F79;INF204K01F87;35.3211;;;24-Aug-2021
118692;Nippon India Focused Equity Fund - Direct Plan Growth Plan - Growth Option;INF204K01F95;;76.5416;;;24-Aug-2021
104638;NIPPON INDIA FOCUSED EQUITY FUND - IDCW OPTION;INF204K01GF4;INF204K01GG2;27.8684;;;24-Aug-2021
104637;Nippon India Focused Equity Fund -Growth Plan -Growth Option;INF204K01GE7;;71.4746;;;24-Aug-2021

Principal Mutual Fund
119464;Principal Focused Multicap Fund- Direct Plan - Growth Option;INF173K01EK6;;110.31;;;24-Aug-2021
119465;Principal Focused Multicap Fund- Direct Plan - Half Yearly Income Distribution CUM Capital Withdrawal Option;INF173K01EM2;INF173K01EL4;37.58;;;24-Aug-2021
103335;Principal Focused Multicap Fund-Growth Option;INF173K01189;;103.71;;;24-Aug-2021
103334;Principal Focused Multicap Fund-Half Yearly Income Distribution CUM Capital Withdrawal Option;INF173K01197;INF173K01205;35.97;;;24-Aug-2021

quant Mutual Fund
109275;quant Focused Fund - Growth Option - Regular Plan;INF966L01374;;50.7195;;;24-Aug-2021
120834;quant Focused Fund - Growth Option-Direct Plan;INF966L01853;;52.617;;;24-Aug-2021
120835;quant Focused Fund - IDCW Option - Direct Plan;INF966L01838;INF966L01846;30.8361;;;24-Aug-2021
109274;quant Focused Fund - IDCW Option - Regular Plan;INF966L01358;INF966L01366;37.528;;;24-Aug-2021

SBI Mutual Fund
119834;SBI Focused Equity Fund - Direct Plan - Income Distribution cum Capital Withdrawal Option (IDCW);INF200K01RH5;INF200K01RI3;58.6680;;;24-Aug-2021
119727;SBI FOCUSED EQUITY FUND - DIRECT PLAN -GROWTH;INF200K01RJ1;;240.7507;;;24-Aug-2021
102765;SBI Focused Equity Fund - Regular Plan - Income Distribution cum Capital Withdrawal Option (IDCW);INF200K01388;INF200K01396;40.6462;;;24-Aug-2021
102756;SBI FOCUSED EQUITY FUND - REGULAR PLAN -GROWTH;INF200K01370;;222.2229;;;24-Aug-2021

Sundaram Mutual Fund
119578;Sundaram Select Focus Direct Plan - Growth;INF903J01MV8;;279.2901;;;24-Aug-2021
119577;Sundaram Select Focus Direct Plan - Income Distribution cum Capital Withdrawal (IDCW);INF903J01MT2;INF903J01MU0;18.4534;;;24-Aug-2021
108305;Sundaram Select Focus Institutional Plan - Growth;INF903J01140;;285.4586;;;24-Aug-2021
101537;Sundaram Select Focus Regular Plan - Growth;INF903J01116;;261.8759;;;24-Aug-2021
101536;Sundaram Select Focus Regular Plan - Income Distribution cum Capital Withdrawal (IDCW);INF903J01124;INF903J01132;17.1001;;;24-Aug-2021

Tata Mutual Fund
147759;TATA Focused Equity Fund Direct Plan - Payout of Income Distribution cum capital withdrawal option ;INF277K019X5;;14.8285;;;24-Aug-2021
147758;TATA Focused Equity Fund Direct Plan - Reinvestment of Income Distribution cum capital withdrawal option ;;INF277K018X7;14.8285;;;24-Aug-2021
147761;TATA Focused Equity Fund Regular Plan - Payout of Income Distribution cum capital withdrawal option ;INF277K012Y8;;14.3497;;;24-Aug-2021
147756;TATA Focused Equity Fund Regular Plan - Reinvestment of Income Distribution cum capital withdrawal option ;;INF277K011Y0;14.3497;;;24-Aug-2021
147757;Tata Focused Equity Fund-Direct Plan-Growth;INF277K017X9;;14.8285;;;24-Aug-2021
147760;Tata Focused Equity Fund-Regular Plan-Growth;INF277K010Y2;;14.3497;;;24-Aug-2021

Union Mutual Fund
147492;Union Focused Fund - Direct Plan - Growth Option;INF582M01FS4;;17.35;;;24-Aug-2021
147491;Union Focused Fund - Direct Plan - IDCW Option;INF582M01FU0;INF582M01FT2;17.35;;;24-Aug-2021
147490;Union Focused Fund - Regular Plan - Growth Option;INF582M01FW6;;17.03;;;24-Aug-2021
147493;Union Focused Fund - Regular Plan - IDCW Option;INF582M01FY2;INF582M01FX4;17.03;;;24-Aug-2021

Open Ended Schemes ( Equity Scheme - Sectoral/ Thematic )


Aditya Birla Sun Life Mutual Fund
125598;Aditya Birla Sun Life Banking and Financial Services Fund - DIRECT - IDCW;INF209K013W3;INF209K015W8;24.89;;;24-Aug-2021
125597;Aditya Birla Sun Life Banking and Financial Services Fund - Direct Plan - Growth;INF209K014W1;;40.54;;;24-Aug-2021
125596;Aditya Birla Sun Life Banking and Financial Services Fund - REGULAR - IDCW;INF209K010W9;INF209K012W5;19.11;;;24-Aug-2021
125595;Aditya Birla Sun Life Banking and Financial Services Fund - Regular Plan - Growth;INF209K011W7;;37.53;;;24-Aug-2021
119576;Aditya Birla Sun Life Commodity Equities Fund - Global Agri Plan - Growth - Direct Plan;INF209K01VL0;;31.3045;;;24-Aug-2021
111349;Aditya Birla Sun Life Commodity Equities Fund - Global Agri Plan - Growth - Regular Plan;INF209K01207;;30.2768;;;24-Aug-2021
119575;Aditya Birla Sun Life Commodity Equities Fund - Global Agri Plan -Direct - IDCW;INF209K01P64;INF209K01VM8;18.0714;;;24-Aug-2021
111348;Aditya Birla Sun Life Commodity Equities Fund - Global Agri Plan -Regular - IDCW;INF209K01199;INF209K01CG0;17.4457;;;24-Aug-2021
120539;Aditya Birla Sun Life Digital India Fund - Growth - Direct Plan;INF209K01VF2;;137.87;;;24-Aug-2021
103168;Aditya Birla Sun Life Digital India Fund - Growth - Regular Plan;INF209K01140;;128.22;;;24-Aug-2021
120538;Aditya Birla Sun Life Digital India Fund -DIRECT - IDCW;INF209K01P49;INF209K01VE5;54.2;;;24-Aug-2021
103167;Aditya Birla Sun Life Digital India Fund -Regular - IDCW;INF209K01132;INF209K01CD7;41.71;;;24-Aug-2021
148640;Aditya Birla Sun Life ESG Integration Strategy Fund-Direct - Payout of IDCW;INF209KB1U84;INF209KB1U92;12.41;;;24-Aug-2021
148637;Aditya Birla Sun Life ESG Integration Strategy Fund-Direct Plan-Growth;INF209KB1U76;;12.41;;;24-Aug-2021
148636;Aditya Birla Sun Life ESG Integration Strategy Fund-Regular - Payout of IDCW;INF209KB1U50;INF209KB1U68;12.25;;;24-Aug-2021
148635;Aditya Birla Sun Life ESG Integration Strategy Fund-Regular Plan-Growth;INF209KB1U43;;12.25;;;24-Aug-2021
119591;Aditya Birla Sun Life India Gennext Fund - Growth - Direct Plan;INF209K01WC7;;140.66;;;24-Aug-2021
119590;Aditya Birla Sun Life India Gennext Fund -DIRECT - IDCW;INF209K01Q63;;37.81;;;24-Aug-2021
103110;Aditya Birla Sun Life India Gennext Fund -Regular - IDCW;INF209K01439;INF209K01CR7;31.15;;;24-Aug-2021
103111;Aditya Birla Sun Life India Gennext Fund-Growth Option;INF209K01447;;128.51;;;24-Aug-2021
119515;Aditya Birla Sun Life Infrastructure Fund -  Direct - IDCW;INF209K01WG8;;26.1;;;24-Aug-2021
103475;Aditya Birla Sun Life Infrastructure Fund -  Regular - IDCW;INF209K01470;INF209K01CT3;17.23;;;24-Aug-2021
119514;Aditya Birla Sun Life Infrastructure Fund - Growth - Direct Plan;INF209K01WH6;;48.03;;;24-Aug-2021
103476;Aditya Birla Sun Life Infrastructure Fund-Growth;INF209K01504;;45.03;;;24-Aug-2021
119516;Aditya Birla Sun Life International Equity Fund - Direct - IDCW;INF209K01Q89;INF209K01WT1;32.4835;;;24-Aug-2021
119517;Aditya Birla Sun Life International Equity Fund - Growth - Direct Plan;INF209K01WS3;;32.4643;;;24-Aug-2021
106873;Aditya Birla Sun Life International Equity Fund - Growth - Regular Plan;INF209K01520;;30.9142;;;24-Aug-2021
106872;Aditya Birla Sun Life International Equity Fund - Regular - IDCW;INF209K01512;INF209K01CV9;18.6106;;;24-Aug-2021
119519;Aditya Birla Sun Life International Equity Fund - Plan B - Direct - IDCW;INF209K01Q97;INF209K01WV7;21.029;;;24-Aug-2021
119518;Aditya Birla Sun Life International Equity Fund - Plan B - Growth - Direct Plan;INF209K01WU9;;27.5254;;;24-Aug-2021
106876;Aditya Birla Sun Life International Equity Fund - Plan B - Growth - Regular Plan;INF209K01546;;26.386;;;24-Aug-2021
106875;Aditya Birla Sun Life International Equity Fund - Plan B - Regular - IDCW;INF209K01538;INF209K01CW7;18.1728;;;24-Aug-2021
133514;Aditya Birla Sun Life Manufacturing Equity Fund - Direct - IDCW;INF209KA1YL8;INF209KA1YM6;14.88;;;24-Aug-2021
133516;Aditya Birla Sun Life Manufacturing Equity Fund - Direct Plan - Growth;INF209KA1YK0;;20.46;;;24-Aug-2021
133515;Aditya Birla Sun Life Manufacturing Equity Fund - Regular - IDCW;INF209KA1YI4;INF209KA1YJ2;14.12;;;24-Aug-2021
133513;Aditya Birla Sun Life Manufacturing Equity Fund - Regular Plan - Growth;INF209KA1YH6;;19.3;;;24-Aug-2021
119647;Aditya Birla Sun Life MNC Fund - DIRECT - IDCW;INF209K01Q06;INF209K01VU1;353.63;;;24-Aug-2021
119646;Aditya Birla Sun Life MNC Fund - Growth - Direct Plan;INF209K01VT3;;1042.76;;;24-Aug-2021
100064;Aditya Birla Sun Life MNC Fund - Growth - Regular Plan;INF209K01322;;963.97;;;24-Aug-2021
100063;Aditya Birla Sun Life MNC Fund - Regular - IDCW;INF209K01314;INF209K01CL0;176.48;;;24-Aug-2021
147410;Aditya Birla Sun Life Pharma and Healthcare Fund-Direct - Payout of IDCW;INF209KB1O33;INF209KB1O41;18.48;;;24-Aug-2021
147409;Aditya Birla Sun Life Pharma and Healthcare Fund-Direct-Growth;INF209KB1O25;;20.16;;;24-Aug-2021
147408;Aditya Birla Sun Life Pharma and Healthcare Fund-Regular - Payout of IDCW;INF209KB1O09;INF209KB1O17;17.77;;;24-Aug-2021
147407;Aditya Birla Sun Life Pharma and Healthcare Fund-Regular-Growth;INF209KB1N91;;19.4;;;24-Aug-2021
147845;Aditya Birla Sun Life PSU Equity Fund-Direct - Payout of IDCW;INF209KB1O90;;13.;;;24-Aug-2021
147844;Aditya Birla Sun Life PSU Equity Fund-Direct Plan-Growth;INF209KB1O82;;12.99;;;24-Aug-2021
147847;Aditya Birla Sun Life PSU Equity Fund-Regular - Payout of IDCW;INF209KB1O74;;12.57;;;24-Aug-2021
147846;Aditya Birla Sun Life PSU Equity Fund-Regular Plan-Growth;INF209KB1O66;;12.57;;;24-Aug-2021
148540;Aditya Birla Sun Life Special Opportunities Fund-Direct - IDCW;INF209KB1T87;INF209KB1T95;14.97;;;24-Aug-2021
148539;Aditya Birla Sun Life Special Opportunities Fund-Direct-Growth;INF209KB1T79;;14.97;;;24-Aug-2021
148538;Aditya Birla Sun Life Special Opportunities Fund-Regular - IDCW;INF209KB1T53;INF209KB1T61;14.73;;;24-Aug-2021
148537;Aditya Birla Sun Life Special Opportunities Fund-Regular Plan-Growth;INF209KB1T46;;14.73;;;24-Aug-2021

Axis Mutual Fund
147928;Axis ESG Integration Strategy Fund - Direct Plan - Growth Option;INF846K01W23;;16.29;;;24-Aug-2021
147931;Axis ESG Integration Strategy Fund - Direct Plan - IDCW;INF846K01W31;INF846K01W49;16.29;;;24-Aug-2021
147929;Axis ESG Integration Strategy Fund - Regular Plan - Growth Option;INF846K01W56;;15.89;;;24-Aug-2021
147930;Axis ESG Integration Strategy Fund - Regular Plan - IDCW;INF846K01W64;INF846K01W72;15.89;;;24-Aug-2021
148634;Axis Innovation Fund - Direct Plan - Growth Option;INF846K01X71;;12.41;;;24-Aug-2021
148632;Axis Innovation Fund - Direct Plan - IDCW;INF846K01X89;INF846K01X97;12.41;;;24-Aug-2021
148631;Axis Innovation Fund - Regular Plan - Growth Option;INF846K01Y05;;12.28;;;24-Aug-2021
148633;Axis Innovation Fund - Regular Plan - IDCW;INF846K01Y13;INF846K01Y21;12.28;;;24-Aug-2021
148993;Axis Quant Fund - Direct Plan - Growth;INF846K01Z87;;10.49;;;24-Aug-2021
148994;Axis Quant Fund - Direct Plan - IDCW;INF846K01Z95;INF846K010A4;10.49;;;24-Aug-2021
148992;Axis Quant Fund - Regular Plan - Growth;INF846K011A2;;10.46;;;24-Aug-2021
148995;Axis Quant Fund - Regular Plan - IDCW;INF846K012A0;INF846K013A8;10.46;;;24-Aug-2021

Bandhan Mutual Fund
114476;BANDHAN Infrastructure Fund - Regular Plan - Growth;INF194K01BY9;;22.52;;;24-Aug-2021
114477;BANDHAN Infrastructure Fund - Regular Plan - IDCW;INF194K01BZ6;INF194K01CA7;21.16;;;24-Aug-2021
118469;BANDHAN Infrastructure Fund-Direct Plan-Growth;INF194K01X46;;25.07;;;24-Aug-2021
118468;BANDHAN Infrastructure Fund-Direct Plan-IDCW;INF194K01X53;INF194K01X61;24.58;;;24-Aug-2021

Bank of India Mutual Fund
119364;BANK OF INDIA Manufacturing & Infrastructure Fund-Direct Plan-Growth;INF761K01702;;28.70;;;24-Aug-2021
119365;BANK OF INDIA Manufacturing & Infrastructure Fund-Direct Plan-Quarterly IDCW;INF761K01728;INF761K01710;28.22;;;24-Aug-2021
119363;BANK OF INDIA Manufacturing & Infrastructure Fund-Direct Plan-Regular IDCW;INF761K01694;INF761K01686;27.09;;;24-Aug-2021
112359;BANK OF INDIA Manufacturing & Infrastructure Fund-Growth;INF761K01199;;25.87;;;24-Aug-2021
112360;BANK OF INDIA Manufacturing & Infrastructure Fund-Quarterly IDCW;INF761K01231;INF761K01223;16.80;;;24-Aug-2021
112361;BANK OF INDIA Manufacturing & Infrastructure Fund-Regular IDCW;INF761K01215;INF761K01207;16.49;;;24-Aug-2021

Baroda BNP Paribas Mutual Fund
119333;Baroda BNP Paribas Banking and Financial Services Fund - Direct - Growth Option;INF955L01971;;30.02;;;24-Aug-2021
119334;Baroda BNP Paribas Banking and Financial Services Fund - Direct - IDCW Option;INF955L01955;;19.16;;;24-Aug-2021
117549;Baroda BNP Paribas Banking and Financial Services Fund - Regular - Growth Option;INF955L01856;;28.07;;;24-Aug-2021
117547;Baroda BNP Paribas Banking and Financial Services Fund - Regular - IDCW Option;INF955L01831;;17.53;;;24-Aug-2021

BNP Paribas Mutual Fund
144634;BNP Paribas India Consumption Fund - Direct Plan - Growth Option;INF251K01PT7;;19.183;;;24-Aug-2021
144637;BNP Paribas India Consumption Fund - Direct Plan - Income Distribution cum Capital Withdrawal Option;INF251K01PV3;INF251K01PU5;18.573;;;24-Aug-2021
144636;BNP Paribas India Consumption Fund - Regular Plan - Growth Option;INF251K01PQ3;;18.335;;;24-Aug-2021
144635;BNP Paribas India Consumption Fund - Regular Plan - Income Distribution cum Capital Withdrawal Option;INF251K01PS9;INF251K01PR1;17.208;;;24-Aug-2021

Canara Robeco Mutual Fund
118273;CANARA ROBECO CONSUMER TRENDS FUND - DIRECT PLAN - GROWTH OPTION;INF760K01DU1;;68.0100;;;24-Aug-2021
118274;CANARA ROBECO CONSUMER TRENDS FUND - DIRECT PLAN - IDCW (Payout/Reinvestment);INF760K01DS5;INF760K01DT3;52.3100;;;24-Aug-2021
112152;CANARA ROBECO CONSUMER TRENDS FUND - REGULAR PLAN - GROWTH OPTION;INF760K01241;;62.2200;;;24-Aug-2021
112153;CANARA ROBECO CONSUMER TRENDS FUND - REGULAR PLAN - IDCW (Payout/Reinvestment);INF760K01225;INF760K01233;30.1700;;;24-Aug-2021
118267;CANARA ROBECO INFRASTRUCTURE FUND - DIRECT PLAN - GROWTH OPTION;INF760K01FO9;;72.4100;;;24-Aug-2021
118268;CANARA ROBECO INFRASTRUCTURE FUND - DIRECT PLAN - IDCW (Payout/Reinvestment);INF760K01FM3;INF760K01FN1;43.2900;;;24-Aug-2021
103390;CANARA ROBECO INFRASTRUCTURE FUND - REGULAR PLAN - GROWTH OPTION;INF760K01274;;67.5900;;;24-Aug-2021
103389;CANARA ROBECO INFRASTRUCTURE FUND - REGULAR PLAN - IDCW (Payout/Reinvestment);INF760K01258;INF760K01266;32.4800;;;24-Aug-2021

DSP Mutual Fund
145454;DSP Healthcare Fund - Direct Plan - Growth;INF740KA1LG1;;23.945;;;24-Aug-2021
145455;DSP Healthcare Fund - Direct Plan - IDCW;INF740KA1LH9;INF740KA1LI7;21.578;;;24-Aug-2021
145456;DSP Healthcare Fund - Regular Plan - Growth;INF740KA1LD8;;22.872;;;24-Aug-2021
145453;DSP Healthcare Fund - Regular Plan - IDCW;INF740KA1LE6;INF740KA1LF3;20.618;;;24-Aug-2021
119247;DSP India T.I.G.E.R. Fund - Direct Plan - Growth;INF740K01PU7;;139.872;;;24-Aug-2021
119248;DSP India T.I.G.E.R. Fund - Direct Plan - IDCW;INF740K01PV5;INF740K01PW3;31.978;;;24-Aug-2021
102434;DSP India T.I.G.E.R. Fund - Regular Plan - Growth;INF740K01151;;133.252;;;24-Aug-2021
102435;DSP India T.I.G.E.R. Fund - Regular Plan - IDCW;INF740K01136;INF740K01144;18.018;;;24-Aug-2021
119028;DSP Natural Resources and New Energy Fund - Direct Plan - Growth;INF740K01QA7;;54.660;;;24-Aug-2021
119029;DSP Natural Resources and New Energy Fund - Direct Plan - IDCW;INF740K01QB5;INF740K01QC3;26.739;;;24-Aug-2021
108202;DSP Natural Resources And New Energy Fund - Regular - Growth;INF740K01060;;51.334;;;24-Aug-2021
108203;DSP Natural Resources And New Energy Fund - Regular Plan - IDCW;INF740K01045;INF740K01052;23.269;;;24-Aug-2021
147306;DSP Quant Fund - Direct Plan - Growth;INF740KA1NQ6;;16.480;;;24-Aug-2021
147304;DSP Quant Fund - Direct Plan - IDCW;INF740KA1NR4;INF740KA1NS2;16.480;;;24-Aug-2021
147303;DSP Quant Fund - Regular Plan - Growth;INF740KA1NN3;;16.207;;;24-Aug-2021
147305;DSP Quant Fund - Regular Plan - IDCW;INF740KA1NO1;INF740KA1NP8;16.207;;;24-Aug-2021

Edelweiss Mutual Fund
142386;Edelweiss Recently Listed IPO Fund - DIRECT PLAN - IDCW Option;INF754K01MM2;INF754K01MN0;18.2307;;;24-Aug-2021
142388;Edelweiss Recently Listed IPO Fund Direct Plan Growth;INF754K01ML4;;18.2306;;;24-Aug-2021
142384;Edelweiss Recently Listed IPO Fund REGULAR PLAN - IDCW Option;INF754K01MI0;INF754K01MJ8;17.9344;;;24-Aug-2021
142383;Edelweiss Recently Listed IPO Fund Regular Plan Growth;INF754K01MH2;;17.9349;;;24-Aug-2021

Franklin Templeton Mutual Fund
118559;Franklin Asian Equity Fund - Direct - Growth;INF090I01IZ5;;31.5660;;;24-Aug-2021
118558;Franklin Asian Equity Fund - Direct - IDCW ;INF090I01IX0;INF090I01IY8;16.7698;;;24-Aug-2021
106979;Franklin Asian Equity Fund - Growth Plan;INF090I01AB3;;29.8832;;;24-Aug-2021
106978;Franklin Asian Equity Fund - IDCW ;INF090I01999;INF090I01AA5;15.7216;;;24-Aug-2021
118557;Franklin Build India Fund - Direct - Growth;INF090I01JF5;;64.4790;;;24-Aug-2021
118556;Franklin Build India Fund - Direct - IDCW ;INF090I01JD0;INF090I01JE8;29.5211;;;24-Aug-2021
112093;Franklin Build India Fund - IDCW ;INF090I01AC1;INF090I01AD9;25.6169;;;24-Aug-2021
112092;Franklin Build India Fund Growth Plan;INF090I01AE7;;58.3840;;;24-Aug-2021
118539;Franklin India Opportunities Fund - Direct - Growth;INF090I01GC8;;119.9106;;;24-Aug-2021
118538;Franklin INDIA OPPORTUNITIES FUND - Direct - IDCW ;INF090I01GD6;INF090I01GE4;26.9373;;;24-Aug-2021
103151;Franklin India Opportunities Fund - Growth;INF090I01841;;112.9071;;;24-Aug-2021
100524;Franklin INDIA OPPORTUNITIES FUND - IDCW ;INF090I01858;INF090I01866;24.8995;;;24-Aug-2021
118537;Franklin India Technology Fund - Direct - Growth;INF090I01FE6;;354.3844;;;24-Aug-2021
118536;Franklin India Technology Fund - Direct - IDCW ;INF090I01FF3;INF090I01FG1;48.3431;;;24-Aug-2021
100521;Franklin India Technology Fund - IDCW ;INF090I01759;INF090I01767;45.1511;;;24-Aug-2021
100522;Franklin India Technology Fund-Growth;INF090I01742;;335.0925;;;24-Aug-2021

HDFC Mutual Fund
148987;HDFC Banking & Financial Services Fund - Growth Option;INF179KC1BJ4;;10.237;;;24-Aug-2021
148986;HDFC Banking & Financial Services Fund - Growth Option - Direct Plan;INF179KC1BG0;;10.264;;;24-Aug-2021
148984;HDFC Banking & Financial Services Fund - IDCW Option;INF179KC1BK2;INF179KC1BL0;10.237;;;24-Aug-2021
148985;HDFC Banking & Financial Services Fund - IDCW Option - Direct Plan;INF179KC1BH8;INF179KC1BI6;10.264;;;24-Aug-2021
141923;HDFC Housing Opportunities Fund  - Growth Option;INF179KC1AX7;;12.171;;;24-Aug-2021
141924;HDFC Housing Opportunities Fund  - Growth Option - Direct Plan;INF179KC1AU3;;12.653;;;24-Aug-2021
141922;HDFC Housing Opportunities Fund  - IDCW Option;INF179KC1AY5;INF179KC1AZ2;12.171;;;24-Aug-2021
141921;HDFC Housing Opportunities Fund  - IDCW Option - Direct Plan;INF179KC1AV1;INF179KC1AW9;12.653;;;24-Aug-2021
118979;HDFC Infrastructure Fund - Growth Option - Direct Plan;INF179K01WQ2;;19.88;;;24-Aug-2021
107524;HDFC Infrastructure Fund - Growth Plan;INF179K01GF8;;18.57;;;24-Aug-2021
118978;HDFC Infrastructure Fund - IDCW Option - Direct Plan;INF179K01WP4;INF179K01WR0;15.249;;;24-Aug-2021
107525;HDFC Infrastructure Fund - IDCW Plan;INF179K01GE1;INF179K01GG6;11.085;;;24-Aug-2021

ICICI Prudential Mutual Fund
109445;ICICI Prudential Banking and Financial Services Fund -  Growth;INF109K01BU5;;82.03;;;24-Aug-2021
109446;ICICI Prudential Banking and Financial Services Fund -  IDCW;INF109K01DY3;INF109K01BV3;35.53;;;24-Aug-2021
120244;ICICI Prudential Banking and Financial Services Fund - Direct Plan -  Growth;INF109K013J1;;89.43;;;24-Aug-2021
120245;ICICI Prudential Banking and Financial Services Fund - Direct Plan -  IDCW;INF109K011J5;INF109K012J3;60.56;;;24-Aug-2021
146951;ICICI Prudential Bharat Consumption Fund - Direct Plan - Growth Option;INF109KC1YD4;;13.54;;;24-Aug-2021
146949;ICICI Prudential Bharat Consumption Fund - Direct Plan - IDCW Option;INF109KC1YF9;;13.54;;;24-Aug-2021
146950;ICICI Prudential Bharat Consumption Fund - Growth Option;INF109KC1YA0;;13.06;;;24-Aug-2021
146952;ICICI Prudential Bharat Consumption Fund - IDCW Option;INF109KC1YC6;;13.06;;;24-Aug-2021
148651;ICICI Prudential Business Cycle Fund Direct Plan Growth;INF109KC1P24;;11.83;;;24-Aug-2021
148652;ICICI Prudential Business Cycle Fund Direct Plan IDCW;INF109KC1P40;INF109KC1P32;11.83;;;24-Aug-2021
148653;ICICI Prudential Business Cycle Fund Growth;INF109KC1O90;;11.72;;;24-Aug-2021
148654;ICICI Prudential Business Cycle Fund IDCW;INF109KC1P16;INF109KC1P08;11.72;;;24-Aug-2021
147662;ICICI Prudential Commodities Fund - Direct Plan - Growth Option;INF109KC1F91;;24.19;;;24-Aug-2021
147664;ICICI Prudential Commodities Fund - Direct Plan - IDCW Option;INF109KC1G09;;24.19;;;24-Aug-2021
147661;ICICI Prudential Commodities Fund - Growth Option;INF109KC1F67;;23.51;;;24-Aug-2021
147663;ICICI Prudential Commodities Fund - IDCW Option;INF109KC1F75;;23.51;;;24-Aug-2021
148516;ICICI Prudential ESG Exclusionary Strategy Fund - Direct Plan - Growth;INF109KC1O09;;13.56;;;24-Aug-2021
148515;ICICI Prudential ESG Exclusionary Strategy Fund - Direct Plan - IDCW;INF109KC1O25;INF109KC1O17;13.56;;;24-Aug-2021
148517;ICICI Prudential ESG Exclusionary Strategy Fund - Growth;INF109KC1N75;;13.37;;;24-Aug-2021
148514;ICICI Prudential ESG Exclusionary Strategy Fund - IDCW;INF109KC1N91;INF109KC1N83;13.37;;;24-Aug-2021
120688;ICICI Prudential Exports & Services Fund - Direct Plan - Growth;INF109K01W25;;91.95;;;24-Aug-2021
120687;ICICI Prudential Exports & Services Fund - Direct Plan - IDCW;INF109K01W09;INF109K01W17;47.30;;;24-Aug-2021
103312;ICICI Prudential Exports & Services Fund - Growth;INF109K01BB5;;86.34;;;24-Aug-2021
103313;ICICI Prudential Exports & Services Fund - IDCW;INF109K01FL5;INF109K01BA7;27.75;;;24-Aug-2021
120587;ICICI Prudential FMCG Fund - Direct Plan -  Growth;INF109K01Z14;;325.12;;;24-Aug-2021
120588;ICICI Prudential FMCG Fund - Direct Plan -  IDCW;INF109K01Y98;INF109K01Z06;129.56;;;24-Aug-2021
100352;ICICI Prudential FMCG Fund - Growth;INF109K01415;;305.02;;;24-Aug-2021
100351;ICICI Prudential FMCG Fund - IDCW;INF109K01EO2;INF109K01423;79.47;;;24-Aug-2021
145896;ICICI Prudential India Opportunities Fund - Cumulative Option;INF109KC1RE6;;15.37;;;24-Aug-2021
145897;ICICI Prudential India Opportunities Fund - Direct Plan - Cumulative Option;INF109KC1RH9;;16.01;;;24-Aug-2021
145898;ICICI Prudential India Opportunities Fund - Direct Plan - IDCW Option;INF109KC1RI7;;15.24;;;24-Aug-2021
145899;ICICI Prudential India Opportunities Fund - IDCW Option;INF109KC1RF3;;14.60;;;24-Aug-2021
120621;ICICI Prudential Infrastructure Fund - Direct Plan -  Growth;INF109K018M4;;75.84;;;24-Aug-2021
120622;ICICI Prudential Infrastructure Fund - Direct Plan -  IDCW;INF109K016M8;INF109K017M6;22.09;;;24-Aug-2021
103149;ICICI Prudential Infrastructure Fund - Growth;INF109K01AV5;;71.68;;;24-Aug-2021
103150;ICICI Prudential Infrastructure Fund - IDCW;INF109K01FB6;INF109K01AT9;15.68;;;24-Aug-2021
145077;ICICI Prudential Manufacturing Fund - Cumulative Option;INF109KC1LG4;;15.87;;;24-Aug-2021
145075;ICICI Prudential Manufacturing Fund - Direct Plan - Cumulative Option;INF109KC1LJ8;;16.48;;;24-Aug-2021
145076;ICICI Prudential Manufacturing Fund - Direct Plan - IDCW Option;INF109KC1LK6;;15.36;;;24-Aug-2021
145078;ICICI Prudential Manufacturing Fund - IDCW Option;INF109KC1LH2;;14.75;;;24-Aug-2021
147346;ICICI Prudential MNC Fund - Direct Plan - Growth Option;INF109KC1D93;;18.17;;;24-Aug-2021
147347;ICICI Prudential MNC Fund - Direct Plan - IDCW Option;INF109KC1E01;;16.94;;;24-Aug-2021
147345;ICICI Prudential MNC Fund - Growth Option;INF109KC1D69;;17.60;;;24-Aug-2021
147348;ICICI Prudential MNC Fund - IDCW Option;INF109KC1D77;;16.39;;;24-Aug-2021
143873;ICICI Prudential Pharma Healthcare and Diagnostics (P.H.D) Fund - Cumulative Option;INF109KC1GE9;;20.82;;;24-Aug-2021
143874;ICICI Prudential Pharma Healthcare and Diagnostics (P.H.D) Fund - Direct Plan - Cumulative Option;INF109KC1GH2;;21.67;;;24-Aug-2021
143876;ICICI Prudential Pharma Healthcare and Diagnostics (P.H.D) Fund - Direct Plan - IDCW Option;INF109KC1GJ8;;18.11;;;24-Aug-2021
143875;ICICI Prudential Pharma Healthcare and Diagnostics (P.H.D) Fund - IDCW Option;INF109KC1GG4;;17.27;;;24-Aug-2021
148600;ICICI Prudential Quant Fund Direct Plan Growth;INF109KC1O66;;13.51;;;24-Aug-2021
148601;ICICI Prudential Quant Fund Direct Plan IDCW;INF109KC1O82;INF109KC1O74;13.51;;;24-Aug-2021
148598;ICICI Prudential Quant Fund Growth;INF109KC1O33;;13.44;;;24-Aug-2021
148599;ICICI Prudential Quant Fund IDCW;INF109KC1O58;INF109KC1O41;13.44;;;24-Aug-2021
120594;ICICI Prudential Technology Fund - Direct Plan -  Growth;INF109K01Z48;;159.99;;;24-Aug-2021
120595;ICICI Prudential Technology Fund - Direct Plan -  IDCW;INF109K01Z22;INF109K01Z30;117.71;;;24-Aug-2021
100363;ICICI Prudential Technology Fund - Growth;INF109K01506;;149.32;;;24-Aug-2021
115294;ICICI Prudential Technology Fund - IDCW;INF109K01FO9;INF109K01514;67.16;;;24-Aug-2021
120186;ICICI Prudential US Bluechip Equity Fund - Direct Plan -  Growth;INF109K01Z71;;49.27;;;24-Aug-2021
120185;ICICI Prudential US Bluechip Equity Fund - Direct Plan -  IDCW;INF109K01Z55;INF109K01Z63;49.27;;;24-Aug-2021
117620;ICICI Prudential US Bluechip Equity Fund - Growth;INF109K01E35;;45.75;;;24-Aug-2021
117619;ICICI Prudential US Bluechip Equity Fund - IDCW;INF109K01E43;INF109K01E50;45.75;;;24-Aug-2021

IDBI Mutual Fund
143353;IDBI Banking & Financial Services Fund - Direct Plan (Growth);INF397L01KM2;;13.68;;;24-Aug-2021
143352;IDBI Banking & Financial Services Fund - Direct Plan (IDCW);INF397L01KJ8;INF397L01KK6;13.68;;;24-Aug-2021
143351;IDBI Banking & Financial Services Fund - Regular Plan (Growth);INF397L01KI0;;13.05;;;24-Aug-2021
143350;IDBI Banking & Financial Services Fund - Regular Plan (IDCW);INF397L01KF6;INF397L01KG4;13.05;;;24-Aug-2021
146517;IDBI Healthcare Fund - Direct Plan - Growth;INF397L01LK4;;20.06;;;24-Aug-2021
146516;IDBI Healthcare Fund - Direct Plan - IDCW;INF397L01LH0;INF397L01LI8;20.06;;;24-Aug-2021
146518;IDBI Healthcare Fund - Regular Plan - Growth;INF397L01LG2;;19.27;;;24-Aug-2021
146519;IDBI Healthcare Fund - Regular Plan - IDCW;INF397L01LD9;INF397L01LE7;19.27;;;24-Aug-2021

Invesco Mutual Fund
148751;Invesco India ESG Integration Strategy Fund - Direct Plan - Growth;INF205KA1338;;11.98;;;24-Aug-2021
148752;Invesco India ESG Integration Strategy Fund - Direct Plan - IDCW (Payout / Reinvestment);INF205KA1320;INF205KA1346;11.97;;;24-Aug-2021
148753;Invesco India ESG Integration Strategy Fund - Growth;INF205KA1304;;11.88;;;24-Aug-2021
148754;Invesco India ESG Integration Strategy Fund - IDCW (Payout / Reinvestment);INF205KA1296;INF205KA1312;11.88;;;24-Aug-2021
120385;Invesco India Financial Services Fund - Direct Plan - Growth;INF205K01KY4;;86.53;;;24-Aug-2021
120384;Invesco India Financial Services Fund - Direct Plan - IDCW (Payout / Reinvestment);INF205K01KW8;INF205K01KX6;44.6;;;24-Aug-2021
108377;Invesco India Financial Services Fund - Regular Plan -  IDCW (Payout / Reinvestment);INF205K01171;INF205K01163;38.91;;;24-Aug-2021
108378;Invesco India Financial Services Fund - Retail Growth;INF205K01155;;76.29;;;24-Aug-2021
120405;Invesco India Infrastructure Fund - Direct Plan - Growth Option;INF205K01MD4;;31.62;;;24-Aug-2021
120404;Invesco India Infrastructure Fund - Direct Plan - IDCW (Payout / Reinvestment);INF205K01MB8;INF205K01MC6;25.5;;;24-Aug-2021
106654;Invesco India Infrastructure Fund - Growth Option;INF205K01CD5;;27.79;;;24-Aug-2021
106653;Invesco India Infrastructure Fund - IDCW (Payout / Reinvestment);INF205K01CE3;INF205K01CF0;22.35;;;24-Aug-2021
120395;Invesco India PSU Equity Fund - Direct Plan - Growth;INF205K01NG5;;27.77;;;24-Aug-2021
120394;Invesco India PSU Equity Fund - Direct Plan - IDCW (Payout / Reinvestment);INF205K01NE0;INF205K01NF7;20.33;;;24-Aug-2021
112171;Invesco India PSU Equity Fund - Growth;INF205K01338;;24.68;;;24-Aug-2021
112173;Invesco India PSU Equity Fund - IDCW (Payout / Reinvestment);INF205K01353;INF205K01346;17.98;;;24-Aug-2021

Kotak Mahindra Mutual Fund
148606;Kotak ESG Exclusionary Strategy Fund - Direct Plan - Growth Option;INF174KA1FI4;;12.038;;;24-Aug-2021
148605;Kotak ESG Exclusionary Strategy Fund - Direct Plan - Payout of Income Distribution cum capital withdrawal option;INF174KA1FH6;INF174KA1FJ2;12.038;;;24-Aug-2021
148602;Kotak ESG Exclusionary Strategy Fund - Regular Plan - Growth Option;INF174KA1FF0;;11.888;;;24-Aug-2021
148603;Kotak ESG Exclusionary Strategy Fund - Regular Plan - Payout of Income Distribution cum capital withdrawal option;INF174KA1FE3;INF174KA1FG8;11.888;;;24-Aug-2021
133796;Kotak Infrastructure & Economic Reform Fund - Standard Plan-Growth;INF178L01095;;29.214;;;24-Aug-2021
133799;Kotak Infrastructure & Economic Reform Fund - Standard Plan-Payout of Income Distribution cum capital withdrawal option;INF178L01079;INF178L01087;23.365;;;24-Aug-2021
133801;Kotak Infrastructure & Economic Reform Fund- Direct Plan- Growth Option;INF178L01AL9;;32.642;;;24-Aug-2021
133800;Kotak Infrastructure & Economic Reform Fund- Direct Plan- Payout of Income Distribution cum capital withdrawal option;INF178L01AK1;INF178L01AJ3;32.271;;;24-Aug-2021
147727;Kotak Pioneer Fund- Direct Plan- Growth Option;INF174KA1EZ1;;17.739;;;24-Aug-2021
147724;Kotak Pioneer Fund- Regular Plan- Growth Option;INF174KA1EW8;;17.178;;;24-Aug-2021
147728;Kotak Pioneer Fund- Regular Plan- Reinvestment of Income Distribution cum capital withdrawal option;INF174KA1EU2;INF174KA1EV0;17.178;;;24-Aug-2021
147725;Kotak Pioneer Fund-Direct Plan-Reinvestment of Income Distribution cum capital withdrawal option;INF174KA1EX6;INF174KA1EY4;17.739;;;24-Aug-2021

L&T Mutual Fund
130825;L&T Business Cycles Fund - Direct Plan - Growth;INF917K01RI2;;22.176;;;24-Aug-2021
130828;L&T Business Cycles Fund - Direct Plan - IDCW;INF917K01RK8;INF917K01RJ0;17.081;;;24-Aug-2021
130827;L&T Business Cycles Fund - Regular Plan - Growth;INF917K01RF8;;21.017;;;24-Aug-2021
130826;L&T Business Cycles Fund - Regular Plan - IDCW;INF917K01RH4;INF917K01RG6;16.418;;;24-Aug-2021
112600;L&T Infrastructure Fund - Regular Plan - Growth;INF917K01536;;20.88;;;24-Aug-2021
112601;L&T Infrastructure Fund - Regular Plan - IDCW;INF917K01544;INF917K01551;20.88;;;24-Aug-2021
119413;L&T Infrastructure Fund -Direct Plan-Growth;INF917K01FW8;;22.52;;;24-Aug-2021
119412;L&T Infrastructure Fund-Direct Plan-IDCW;INF917K01E52;INF917K01FU2;22.52;;;24-Aug-2021

LIC Mutual Fund
134017;LIC MF Banking and Financial Services Fund-Direct Plan-Growth;INF767K01NK6;;14.3197;;;24-Aug-2021
133908;LIC MF Banking and Financial Services Fund-Direct Plan-IDCW;INF767K01NJ8;INF767K01NL4;14.2581;;;24-Aug-2021
134016;LIC MF Banking and Financial Services Fund-Regular Plan-Growth;INF767K01NH2;;13.379;;;24-Aug-2021
134015;LIC MF Banking and Financial Services Fund-Regular Plan-IDCW;INF767K01NG4;INF767K01NI0;13.3767;;;24-Aug-2021
120351;LIC MF Infrastructure Fund-Direct Plan-Growth;INF767K01GW5;;21.8974;;;24-Aug-2021
120350;LIC MF Infrastructure Fund-Direct Plan-IDCW;INF767K01GV7;INF767K01GX3;21.5949;;;24-Aug-2021
107763;LIC MF Infrastructure Fund-Regular Plan-Growth;INF767K01501;;20.0813;;;24-Aug-2021
107764;LIC MF Infrastructure Fund-Regular Plan-IDCW;INF767K01485;INF767K01493;20.0825;;;24-Aug-2021

Mahindra Manulife Mutual Fund
145357;Mahindra Manulife Consumption Fund - Direct Plan - IDCW;INF174V01689;INF174V01671;13.8061;;;24-Aug-2021
145356;Mahindra Manulife Consumption Fund - Direct Plan -Growth;INF174V01663;;13.8066;;;24-Aug-2021
145358;Mahindra Manulife Consumption Fund - Regular Plan - IDCW;INF174V01655;INF174V01648;13.1407;;;24-Aug-2021
145355;Mahindra Manulife Consumption Fund- Regular Plan - Growth;INF174V01630;;13.1408;;;24-Aug-2021

Mirae Asset Mutual Fund
148624;Mirae Asset Banking and Financial Services Fund Direct  IDCW;INF769K01GW1;INF769K01GY7;12.223;;;24-Aug-2021
148623;Mirae Asset Banking and Financial Services Fund Direct Growth;INF769K01GX9;;12.249;;;24-Aug-2021
148621;Mirae Asset Banking and Financial Services Fund Regular Growth;INF769K01GU5;;12.093;;;24-Aug-2021
148622;Mirae Asset Banking and Financial Services Fund Regular IDCW;INF769K01GT7;INF769K01GV3;12.090;;;24-Aug-2021
118837;Mirae Asset Great Consumer Fund - Direct Plan - Growth;INF769K01BL5;;57.459;;;24-Aug-2021
114931;Mirae Asset Great Consumer Fund - Regular Plan - Growth option;INF769K01135;;51.094;;;24-Aug-2021
118838;Mirae Asset Great Consumer Fund Direct IDCW;INF769K01BM3;INF769K01BN1;47.860;;;24-Aug-2021
114930;Mirae Asset Great Consumer Fund Regular IDCW;INF769K01150;INF769K01143;19.908;;;24-Aug-2021
143785;Mirae Asset Healthcare Fund -Regular Growth;INF769K01EA2;;23.074;;;24-Aug-2021
143783;Mirae Asset Healthcare Fund Direct Growth;INF769K01ED6;;24.272;;;24-Aug-2021
143784;Mirae Asset Healthcare Fund Direct IDCW;INF769K01EE4;INF769K01EF1;24.268;;;24-Aug-2021
143786;Mirae Asset Healthcare Fund Regular IDCW;INF769K01EB0;INF769K01EC8;23.069;;;24-Aug-2021

Nippon India Mutual Fund
118588;Nippon India Banking & Financial Services Fund - Direct Plan Growth Plan - Bonus Option;INF204K01D22;;361.2995;;;24-Aug-2021
118589;Nippon India Banking & Financial Services Fund - Direct Plan Growth Plan - Growth Option;INF204K01XO1;;361.2995;;;24-Aug-2021
101864;Nippon India Banking & Financial Services Fund - IDCW Option;INF204K01893;INF204K01901;52.4292;;;24-Aug-2021
118591;Nippon India Banking & Financial Services Fund- DIRECT Plan - IDCW Option;INF204K01XM5;INF204K01XN3;70.5633;;;24-Aug-2021
101863;Nippon India Banking & Financial Services Fund-Growth Plan-Bonus Option;INF204K01919;;341.2249;;;24-Aug-2021
101862;Nippon India Banking & Financial Services Fund-Growth Plan-Growth Option;INF204K01927;;341.2249;;;24-Aug-2021
118725;NIPPON INDIA CONSUMPTION FUND - DIRECT Plan - IDCW Option;INF204K01G37;INF204K01G45;37.0223;;;24-Aug-2021
118722;Nippon India Consumption Fund - Direct Plan Growth Plan - Bonus;INF204K01G29;;112.5657;;;24-Aug-2021
118724;Nippon India Consumption Fund - Direct Plan Growth Plan - Growth Option;INF204K01G52;;112.5657;;;24-Aug-2021
102753;NIPPON INDIA CONSUMPTION FUND - IDCW Option;INF204K01AN1;INF204K01AO9;27.4388;;;24-Aug-2021
102752;Nippon India Consumption Fund-Growth Plan-Bonus Option;INF204K01AP6;;105.3668;;;24-Aug-2021
102751;Nippon India Consumption Fund-Growth Plan-Growth Option;INF204K01AQ4;;105.3668;;;24-Aug-2021
130864;NIPPON INDIA - JAPAN EQUITY FUND - DIRECT Plan - IDCW Option;INF204KA1SM3;;18.3033;;;24-Aug-2021
130859;NIPPON INDIA - JAPAN EQUITY FUND - IDCW Option;INF204KA1SL5;;17.2206;;;24-Aug-2021
130861;Nippon India Japan Equity Fund- Direct Plan- Growth Plan- Bonus Option;INF204KA1SK7;;18.3033;;;24-Aug-2021
130860;Nippon India Japan Equity Fund- Direct Plan- Growth Plan- Growth Option;INF204KA1SI1;;18.3033;;;24-Aug-2021
130858;Nippon India Japan Equity Fund- Growth Plan- Bonus Option;INF204KA1SJ9;;17.2206;;;24-Aug-2021
130863;Nippon India Japan Equity Fund- Growth Plan- Growth Option;INF204KA1SH3;;17.2206;;;24-Aug-2021
118756;NIPPON INDIA PHARMA FUND - DIRECT Plan - IDCW Option;INF204K01I35;INF204K01I43;115.6428;;;24-Aug-2021
118758;Nippon India Pharma Fund - Direct Plan Growth Plan - Bonus Option;INF204K01I27;;327.5205;;;24-Aug-2021
118759;Nippon India Pharma Fund - Direct Plan Growth Plan - Growth Option;INF204K01I50;;327.5205;;;24-Aug-2021
102433;NIPPON INDIA PHARMA FUND - IDCW Option;INF204K01935;INF204K01943;88.3998;;;24-Aug-2021
102432;Nippon India Pharma Fund-Growth Plan-Bonus Option;INF204K01950;;304.6062;;;24-Aug-2021
102431;Nippon India Pharma Fund-Growth Plan-Growth Option;INF204K01968;;304.6062;;;24-Aug-2021
118760;NIPPON INDIA POWER & INFRA FUND - DIRECT Plan - IDCW Option;INF204K01I76;INF204K01I84;38.8473;;;24-Aug-2021
118762;Nippon India Power & Infra Fund - Direct Plan Growth Plan - Bonus Option;INF204K01I68;;148.3152;;;24-Aug-2021
118763;Nippon India Power & Infra Fund - Direct Plan Growth Plan - Growth Option;INF204K01I92;;148.3152;;;24-Aug-2021
101264;NIPPON INDIA POWER & INFRA FUND - IDCW Option;INF204K01AB6;INF204K01AC4;35.9134;;;24-Aug-2021
101262;Nippon India Power & Infra Fund-Growth Plan -Growth Option;INF204K01AE0;;140.8869;;;24-Aug-2021
101263;Nippon India Power & Infra Fund-Growth Plan-Bonus Option;INF204K01AD2;;140.8869;;;24-Aug-2021
118767;NIPPON INDIA QUANT FUND - DIRECT Plan - IDCW Option;INF204K01J18;INF204K01J26;23.1106;;;24-Aug-2021
118770;Nippon India Quant Fund - Direct Plan Growth Plan - Bonus Option;INF204K01J00;;40.2868;;;24-Aug-2021
118769;Nippon India Quant Fund - Direct Plan Growth Plan - Growth Option;INF204K01J34;;40.2868;;;24-Aug-2021
108252;NIPPON INDIA QUANT FUND - IDCW Option;INF204K01745;INF204K01752;20.2870;;;24-Aug-2021
108249;Nippon India Quant Fund -Growth Plan - Growth Option;INF204K01760;;38.0558;;;24-Aug-2021
108258;Nippon India Quant Fund -Growth Plan -Bonus Option;INF204K01737;;38.0558;;;24-Aug-2021
134925;NIPPON INDIA - US EQUITY OPPORTUNITIES FUND - Direct Plan - IDCW Option;INF204KA16G3;INF204KA17G1;27.0396;;;24-Aug-2021
134924;NIPPON INDIA - US EQUITY OPPORTUNITIES FUND - IDCW Option;INF204KA13G0;INF204KA14G8;25.3684;;;24-Aug-2021
134923;Nippon India US Equity Opportunities Fund- Direct Plan- Growth Plan- Growth Option;INF204KA15G5;;27.0396;;;24-Aug-2021
134922;Nippon India US Equity Opportunities Fund- Growth Plan- Growth Option;INF204KA12G2;;25.3684;;;24-Aug-2021

quant Mutual Fund
148564;quant ESG Equity Fund - Growth Option - Direct Plan;INF966L01AD4;;16.931;;;24-Aug-2021
148560;quant ESG Equity Fund - Growth Option - Regular Plan;INF966L01AB8;;16.7605;;;24-Aug-2021
148563;quant ESG Equity Fund - IDCW Option - Direct Plan;INF966L01AE2;INF966L01AG7;16.9231;;;24-Aug-2021
148561;quant ESG Equity Fund - IDCW Option - Regular Plan;INF966L01AC6;INF966L01AF9;16.7392;;;24-Aug-2021
106170;quant Infrastructure Fund - Growth Option;INF966L01523;;17.342;;;24-Aug-2021
120833;quant Infrastructure Fund - Growth Option-Direct Plan;INF966L01721;;17.9522;;;24-Aug-2021
120832;quant Infrastructure Fund - IDCW Option - Direct Plan;INF966L01705;INF966L01713;17.9439;;;24-Aug-2021
106169;quant Infrastructure Fund - IDCW Option - Regular Plan;INF966L01507;INF966L01515;17.302;;;24-Aug-2021
148925;quant Quantamental Fund - Growth Option - Direct Plan;INF966L01AK9;;10.5078;;;24-Aug-2021
148923;quant Quantamental Fund - Growth Option - Regular Plan;INF966L01AH5;;10.4429;;;24-Aug-2021
148924;quant Quantamental Fund - IDCW Option - Direct Plan;INF966L01AL7;INF966L01AM5;10.5147;;;24-Aug-2021
148922;quant Quantamental Fund - IDCW Option - Regular Plan;INF966L01AI3;INF966L01AJ1;10.4499;;;24-Aug-2021

Quantum Mutual Fund
147372;QUANTUM ESG BEST IN CLASS STRATEGY FUND - DIRECT PLAN - GROWTH OPTION;INF082J01382;;16.61;;;24-Aug-2021
147371;QUANTUM ESG BEST IN CLASS STRATEGY FUND - REGULAR PLAN - GROWTH OPTION;INF082J01390;;16.38;;;24-Aug-2021

SBI Mutual Fund
133859;SBI BANKING & FINANCIAL SERVICES FUND - DIRECT PLAN - GROWTH;INF200KA1507;;25.7804;;;24-Aug-2021
133857;SBI Banking & Financial Services Fund - Direct Plan - Income Distribution cum Capital Withdrawal Option (IDCW);INF200KA1515;INF200KA1523;23.0445;;;24-Aug-2021
133858;SBI BANKING & FINANCIAL SERVICES FUND - REGULAR PLAN - GROWTH;INF200KA1473;;24.1303;;;24-Aug-2021
133860;SBI Banking & Financial Services Fund - Regular Plan - Income Distribution cum Capital Withdrawal Option (IDCW);INF200KA1481;INF200KA1499;21.6694;;;24-Aug-2021
120575;SBI CONSUMPTION OPPORTUNITIES FUND - DIRECT PLAN - GROWTH;INF200K01RM5;;171.3527;;;24-Aug-2021
119730;SBI Consumption Opportunities Fund - Direct Plan - Income Distribution cum Capital Withdrawal Option (IDCW);INF200K01RK9;INF200K01RL7;120.6293;;;24-Aug-2021
120576;SBI CONSUMPTION OPPORTUNITIES FUND - REGULAR - GROWTH;INF200K01VR6;;156.5915;;;24-Aug-2021
100645;SBI Consumption Opportunities Fund - Regular Plan - Income Distribution cum Capital Withdrawal Option (IDCW);INF200K01404;INF200K01412;94.3078;;;24-Aug-2021
146643;SBI Equity Minimum Variance Fund - Direct Plan - Growth;INF200KA1A71;;15.3373;;;24-Aug-2021
146642;SBI Equity Minimum Variance Fund - Direct Plan - Income Distribution cum Capital Withdrawal Option (IDCW);INF200KA1A89;INF200KA1A97;15.3364;;;24-Aug-2021
146644;SBI Equity Minimum Variance Fund - Regular Plan - Growth;INF200KA1A48;;15.1849;;;24-Aug-2021
146641;SBI Equity Minimum Variance Fund - Regular Plan - Income Distribution cum Capital Withdrawal Option (IDCW);INF200KA1A55;INF200KA1A63;15.1880;;;24-Aug-2021
119708;SBI ESG Exclusionary Strategy Fund - Direct Plan - Income Distribution cum Capital Withdrawal Option (IDCW);INF200K01SC4;INF200K01SD2;59.7279;;;24-Aug-2021
119709;SBI ESG Exclusionary Strategy Fund - Direct Plan -Growth;INF200K01SE0;;166.3727;;;24-Aug-2021
104523;SBI ESG Exclusionary Strategy Fund - Regular Plan - Growth;INF200K01214;;155.7113;;;24-Aug-2021
101295;SBI ESG Exclusionary Strategy Fund - Regular Plan - Income Distribution cum Capital Withdrawal Option (IDCW);INF200K01198;INF200K01206;48.6973;;;24-Aug-2021
119782;SBI Healthcare Opportunities Fund - Direct Plan - Income Distribution cum Capital Withdrawal Option (IDCW);INF200K01UN7;INF200K01UO5;172.0879;;;24-Aug-2021
119783;SBI HEALTHCARE OPPORTUNITIES FUND - DIRECT PLAN -GROWTH;INF200K01UP2;;247.6883;;;24-Aug-2021
100644;SBI Healthcare Opportunities Fund - Regular Plan - Income Distribution cum Capital Withdrawal Option (IDCW);INF200K01453;INF200K01461;142.0098;;;24-Aug-2021
102823;SBI HEALTHCARE OPPORTUNITIES FUND - REGULAR PLAN -GROWTH;INF200K01446;;225.4308;;;24-Aug-2021
119700;SBI INFRASTRUCTURE FUND -  DIRECT PLAN - GROWTH;INF200K01RS2;;23.7704;;;24-Aug-2021
106096;SBI INFRASTRUCTURE FUND -  REGULAR PLAN - GROWTH;INF200K01CT2;;22.5546;;;24-Aug-2021
119695;SBI Infrastructure Fund - Direct Plan - Income Distribution cum Capital Withdrawal Option (IDCW);INF200K01RQ6;INF200K01RR4;21.0363;;;24-Aug-2021
106095;SBI Infrastructure Fund - Regular Plan - Income Distribution cum Capital Withdrawal Option (IDCW);INF200K01CU0;INF200K01CV8;20.0637;;;24-Aug-2021
119705;SBI Magnum COMMA Fund - DIRECT PLAN - Growth;INF200K01SB6;;70.8246;;;24-Aug-2021
119613;SBI Magnum Comma Fund - Direct Plan - Income Distribution cum Capital Withdrawal Option (IDCW);INF200K01RZ7;INF200K01SA8;40.3039;;;24-Aug-2021
103145;SBI Magnum COMMA Fund - REGULAR PLAN - Growth;INF200K01339;;66.9572;;;24-Aug-2021
103146;SBI Magnum Comma Fund - Regular Plan - Income Distribution cum Capital Withdrawal Option (IDCW);INF200K01313;INF200K01321;38.0038;;;24-Aug-2021
119710;SBI Magnum Global Fund - Direct Plan - Income Distribution cum Capital Withdrawal Option (IDCW);INF200K01SL5;INF200K01SM3;103.1399;;;24-Aug-2021
119711;SBI MAGNUM GLOBAL FUND - DIRECT PLAN -GROWTH;INF200K01SN1;;288.9377;;;24-Aug-2021
103114;SBI Magnum Global Fund - Regular Plan - Income Distribution cum Capital Withdrawal Option (IDCW);INF200K01255;INF200K01263;82.3267;;;24-Aug-2021
103034;SBI MAGNUM GLOBAL FUND - REGULAR PLAN -GROWTH;INF200K01271;;269.4895;;;24-Aug-2021
119732;SBI PSU Fund - DIRECT PLAN - GROWTH;INF200K01UY4;;12.3571;;;24-Aug-2021
119733;SBI PSU Fund - Direct Plan - Income Distribution cum Capital Withdrawal Option (IDCW);INF200K01UW8;INF200K01UX6;12.3402;;;24-Aug-2021
112923;SBI PSU Fund - Regular Plan - Income Distribution cum Capital Withdrawal Option (IDCW);INF200K01BD8;INF200K01BE6;11.7138;;;24-Aug-2021
113099;SBI PSU Fund - REGULAR PLAN -Growth;INF200K01BC0;;11.7155;;;24-Aug-2021
120578;SBI TECHNOLOGY OPPORTUNITIES FUND - DIRECT PLAN - GROWTH;INF200K01RV6;;158.5867;;;24-Aug-2021
119731;SBI Technology Opportunities Fund - Direct Plan - Income Distribution cum Capital Withdrawal Option (IDCW);INF200K01RT0;INF200K01RU8;112.6394;;;24-Aug-2021
120577;SBI TECHNOLOGY OPPORTUNITIES FUND - REGULAR PLAN - GROWTH;INF200K01VS4;;145.5236;;;24-Aug-2021
100643;SBI Technology Opportunities Fund - Regular Plan - Income Distribution cum Capital Withdrawal Option (IDCW);INF200K01420;INF200K01438;87.6292;;;24-Aug-2021

Sundaram Mutual Fund
119595;Sundaram Consumption Fund (Formerly Known as Sundaram Rural and Consumption Fund Direct Plan - Growth);INF903J01NH5;;57.9684;;;24-Aug-2021
103743;Sundaram Consumption Fund (Formerly Known as Sundaram Rural and Consumption Fund Regular Plan - Income Distribution cum Capital Withdrawal (IDCW);INF903J01546;INF903J01553;20.7437;;;24-Aug-2021
119594;Sundaram Consumption Fund (Formerly Known asSundaram Rural and Consumption Fund Direct Plan - Income Distribution cum Capital Withdrawal (IDCW);INF903J01NF9;INF903J01NG7;22.3271;;;24-Aug-2021
102142;Sundaram Consumption Fund(Formerly Known as Sundaram Rural and Consumption Fund Regular Plan - Growth);INF903J01561;;54.7594;;;24-Aug-2021
119597;Sundaram Financial Services Opportunities Fund Direct Plan - Growth;INF903J01NB8;;62.1332;;;24-Aug-2021
119596;Sundaram Financial Services Opportunities Fund Direct Plan - Income Distribution cum Capital Withdrawal (IDCW);INF903J01MZ9;INF903J01NA0;24.4020;;;24-Aug-2021
109061;Sundaram Financial Services Opportunities Fund Institutional Plan - Growth;INF903J01652;;63.8844;;;24-Aug-2021
109060;Sundaram Financial Services Opportunities Fund Institutional Plan - Income Distribution cum Capital Withdrawal (IDCW);INF903J01637;INF903J01645;24.8337;;;24-Aug-2021
109059;Sundaram Financial Services Opportunities Fund Regular Plan - Growth;INF903J01629;;58.2151;;;24-Aug-2021
109058;Sundaram Financial Services Opportunities Fund Regular Plan - Income Distribution cum Capital Withdrawal (IDCW);INF903J01603;INF903J01611;22.4915;;;24-Aug-2021
129212;Sundaram Infrastructure Advantage Fund Direct Plan - Growth;INF903J01F92;;47.5283;;;24-Aug-2021
129211;Sundaram Infrastructure Advantage Fund Direct Plan - Income Distribution cum Capital Withdrawal (IDCW);INF903J01G00;INF903J01G18;36.6696;;;24-Aug-2021
129213;Sundaram Infrastructure Advantage Fund Regular Plan - Growth;INF903J01F68;;45.4457;;;24-Aug-2021
129210;Sundaram Infrastructure Advantage Fund Regular Plan - Income Distribution cum Capital Withdrawal (IDCW);INF903J01F76;INF903J01F84;34.8855;;;24-Aug-2021
144835;Sundaram Services Fund Direct Plan - Growth;INF903JA1FA2;;19.7803;;;24-Aug-2021
144836;Sundaram Services Fund Direct Plan - Payout of Income Distribution cum Capital Withdrawal (IDCW) ;INF903JA1FB0;;16.8576;;;24-Aug-2021
144837;Sundaram Services Fund Direct Plan - Reinvestment of Income Distribution cum Capital Withdrawal (IDCW) ;INF903JA1FC8;;16.8576;;;24-Aug-2021
144838;Sundaram Services Fund Regular Plan - Growth;INF903JA1EX7;;19.1911;;;24-Aug-2021
144839;Sundaram Services Fund Regular Plan - Payout of Income Distribution cum Capital Withdrawal (IDCW) ;INF903JA1EY5;;16.3404;;;24-Aug-2021
144834;Sundaram Services Fund Regular Plan - Reinvestment of Income Distribution cum Capital Withdrawal (IDCW) ;INF903JA1EZ2;;16.3404;;;24-Aug-2021

Tata Mutual Fund
135789;TATA Banking & Financial Services Fund Direct Plan - Payout of Income Distribution cum capital withdrawal option ;INF277K01Z28;;27.7858;;;24-Aug-2021
135792;TATA Banking & Financial Services Fund Direct Plan - Reinvestment of Income Distribution cum capital withdrawal option ;;INF277K01Z36;27.7858;;;24-Aug-2021
135790;TATA Banking & Financial Services Fund Regular Plan - Payout of Income Distribution cum capital withdrawal option ;INF277K01Y94;;23.3207;;;24-Aug-2021
135791;TATA Banking & Financial Services Fund Regular Plan - Reinvestment of Income Distribution cum capital withdrawal option ;;INF277K01Z02;23.3207;;;24-Aug-2021
135793;Tata Banking And Financial Services Fund-Direct Plan-Growth;INF277K01Z10;;27.7858;;;24-Aug-2021
135794;Tata Banking And Financial Services Fund-Regular Plan-Growth;INF277K01Y86;;25.3390;;;24-Aug-2021
149071;Tata Business Cycle Fund-Direct Plan-Growth;INF277KA1166;;9.9693;;;24-Aug-2021
149066;Tata Business Cycle Fund-Direct Plan-IDCW Payout;INF277KA1174;;9.9693;;;24-Aug-2021
149067;Tata Business Cycle Fund-Direct Plan-IDCW Reinvestment;;INF277KA1182;9.9693;;;24-Aug-2021
149068;Tata Business Cycle Fund-Regular Plan-Growth;INF277KA1190;;9.9612;;;24-Aug-2021
149070;Tata Business Cycle Fund-Regular Plan-IDCW Payout;INF277KA1208;;9.9612;;;24-Aug-2021
149069;Tata Business Cycle Fund-Regular Plan-IDCW Reinvestment;;INF277KA1216;9.9612;;;24-Aug-2021
135795;TATA Digital India Fund Direct Plan - Payout of Income Distribution cum capital withdrawal option ;INF277K01Z85;;38.2226;;;24-Aug-2021
135798;TATA Digital India Fund Direct Plan - Reinvestment of Income Distribution cum capital withdrawal option ;;INF277K01Z93;38.2226;;;24-Aug-2021
135796;TATA Digital India Fund Regular Plan - Payout of Income Distribution cum capital withdrawal option ;INF277K01Z51;;34.7312;;;24-Aug-2021
135799;TATA Digital India Fund Regular Plan - Reinvestment of Income Distribution cum capital withdrawal option ;;INF277K01Z69;34.7312;;;24-Aug-2021
135800;Tata Digital India Fund-Direct Plan-Growth;INF277K01Z77;;38.2226;;;24-Aug-2021
135797;Tata Digital India Fund-Regular Plan-Growth;INF277K01Z44;;34.7312;;;24-Aug-2021
119172;Tata Ethical Fund -Direct Plan- Growth Option;INF277K01NG4;;288.2071;;;24-Aug-2021
119171;Tata Ethical Fund- Direct Plan - Payout of IDCW Option;INF277K01NE9;INF277K01NF6;158.2581;;;24-Aug-2021
101833;Tata Ethical Fund- Regular Plan - Payout of IDCW Option;INF277K01EH1;INF277K01949;108.0370;;;24-Aug-2021
100415;Tata Ethical Fund-Regular Plan - Growth Option;INF277K01956;;264.8067;;;24-Aug-2021
135806;TATA India Consumer Fund Direct Plan - Payout of Income Distribution cum capital withdrawal option ;INF277K014A4;;26.8378;;;24-Aug-2021
135801;TATA India Consumer Fund Direct Plan - Reinvestment of Income Distribution cum capital withdrawal option ;;INF277K015A1;26.8378;;;24-Aug-2021
135802;TATA India Consumer Fund Regular Plan - Payout of Income Distribution cum capital withdrawal option;INF277K011A0;;22.6150;;;24-Aug-2021
135803;TATA India Consumer Fund Regular Plan - Reinvestment of Income Distribution cum capital withdrawal option ;;INF277K012A8;22.6150;;;24-Aug-2021
135805;Tata India Consumer Fund-Direct Plan-Growth;INF277K013A6;;26.8378;;;24-Aug-2021
135804;Tata India Consumer Fund-Regular Plan-Growth;INF277K010A2;;24.5228;;;24-Aug-2021
135807;TATA India Pharma & Health Care Fund Direct Plan - Payout of Income Distribution cum capital withdrawal option ;INF277K010B0;;19.3442;;;24-Aug-2021
135809;TATA India Pharma & Health Care Fund Regular Plan - Payout of Income Distribution cum capital withdrawal option ;INF277K017A7;;17.6288;;;24-Aug-2021
135808;TATA India Pharma & Healthcare Fund Direct Plan - Reinvestment of Income Distribution cum capital withdrawal option;;INF277K011B8;19.3442;;;24-Aug-2021
135811;TATA India Pharma & Healthcare Fund Regular Plan - Reinvestment of Income Distribution cum capital withdrawal option ;;INF277K018A5;17.6288;;;24-Aug-2021
135810;Tata India Pharma & Healthcare Fund-Direct Plan-Growth;INF277K019A3;;19.3442;;;24-Aug-2021
135812;Tata India Pharma & Healthcare Fund-Regular Plan-Growth;INF277K016A9;;17.6288;;;24-Aug-2021
119243;Tata Infrastructure Fund -Direct Plan -Growth Option;INF277K01PQ8;;85.6593;;;24-Aug-2021
101852;TATA Infrastructure Fund Regular Plan - Payout of IDCW Option;INF277K01DY8;INF277K01774;38.7360;;;24-Aug-2021
119244;Tata Infrastructure Fund- Direct Plan - Payout of IDCW Option;INF277K01PO3;INF277K01PP0;44.8854;;;24-Aug-2021
101766;Tata Infrastructure Fund-Regular Plan- Growth Option;INF277K01782;;81.6457;;;24-Aug-2021
147869;TATA Quant Equity Fund Direct Plan - Payout of Income Distribution cum capital withdrawal option ;INF277K015Y1;;10.6154;;;24-Aug-2021
147868;TATA Quant Equity Fund Regular Plan - Payout of Income Distribution cum capital withdrawal option ;INF277K018Y5;;10.3367;;;24-Aug-2021
147865;TATA Quant Fund Direct Plan - Reinvestment of Income Distribution cum capital withdrawal option ;;INF277K014Y4;10.6154;;;24-Aug-2021
147866;TATA Quant Fund Regular Plan - Reinvestment of Income Distribution cum capital withdrawal option ;;INF277K017Y7;10.3367;;;24-Aug-2021
147864;Tata Quant Fund-Direct Plan-Growth;INF277K013Y6;;10.6154;;;24-Aug-2021
147867;Tata Quant Fund-Regular Plan-Growth;INF277K016Y9;;10.3367;;;24-Aug-2021
135817;TATA Resources & Energy Fund Direct Plan - Payout of Income Distribution cum capital withdrawal option ;INF277K016B7;;29.8903;;;24-Aug-2021
135816;TATA Resources & Energy Fund Direct Plan - Reinvestment of Income Distribution cum capital withdrawal option ;;INF277K017B5;29.8903;;;24-Aug-2021
135814;TATA Resources & Energy Fund Regular Plan - Payout of Income Distribution cum capital withdrawal option ;INF277K013B4;;24.8481;;;24-Aug-2021
135818;TATA Resources & Energy Fund Regular Plan - Reinvestment of Income Distribution cum capital withdrawal option ;;INF277K014B2;24.8481;;;24-Aug-2021
135813;Tata Resources & Energy Fund-Direct Plan-Growth;INF277K015B9;;29.8903;;;24-Aug-2021
135815;Tata Resources & Energy Fund-Regular Plan-Growth;INF277K012B6;;27.1427;;;24-Aug-2021

Taurus Mutual Fund
118868;Taurus Banking & Financial Services Fund - Direct Plan - Growth;INF044D01CN2;;36.08;;;24-Aug-2021
118869;Taurus Banking & Financial Services Fund - Direct Plan - Payout of Income Distribution cum Capital Withdrawal option;INF044D01CO0;INF044D01CP7;35.67;;;24-Aug-2021
117312;Taurus Banking & Financial Services Fund - Regular Plan - Growth;INF044D01BI4;;33.27;;;24-Aug-2021
117313;Taurus Banking & Financial Services Fund - Regular Plan - Payout of Income Distribution cum Capital Withdrawal option;INF044D01BJ2;INF044D01BK0;29.78;;;24-Aug-2021
111903;Taurus Ethical Fund -  Regular Plan - Bonus Option;INF044D01823;;81.44;;;24-Aug-2021
118876;Taurus Ethical Fund - Direct Plan - Growth;INF044D01CJ0;;87.60;;;24-Aug-2021
118877;Taurus Ethical Fund - Direct Plan - Payout of Income Distribution cum Capital Withdrawal option;INF044D01CK8;INF044D01CL6;58.80;;;24-Aug-2021
111787;Taurus Ethical Fund - Regular Plan - Growth;INF044D01864;;81.46;;;24-Aug-2021
111788;Taurus Ethical Fund - Regular Plan - Payout of Income Distribution cum Capital Withdrawal option;INF044D01831;INF044D01849;55.06;;;24-Aug-2021
118878;Taurus Ethical Fund-Direct Plan-Bonus Option #;INF044D01CM4;;28.70;;;24-Aug-2021
118879;Taurus Infrastructure Fund - Direct Plan - Growth ;INF044D01CD3;;38.09;;;24-Aug-2021
118880;Taurus Infrastructure Fund - Direct Plan - Payout of Income Distribution cum Capital Withdrawal option;INF044D01CE1;INF044D01CF8;35.47;;;24-Aug-2021
105417;Taurus Infrastructure Fund - Regular Plan - Growth;INF044D01906;;36.11;;;24-Aug-2021
105418;Taurus Infrastructure Fund - Regular Plan - Payout of Income Distribution cum Capital Withdrawal option;INF044D01872;INF044D01880;33.92;;;24-Aug-2021

UTI Mutual Fund
120733;UTI Banking and Financial Services Fund - Direct Plan - Growth Option;INF789F01SN3;;123.8571;;;24-Aug-2021
120732;UTI Banking and Financial Services Fund - Direct Plan - IDCW;INF789F01SL7;INF789F01SM5;48.4754;;;24-Aug-2021
102401;UTI Banking and Financial Services Fund - Regular Plan - Growth Option;INF789F01372;;113.4315;;;24-Aug-2021
102402;UTI Banking and Financial Services Fund - Regular Plan - IDCW;INF789F01356;INF789F01364;44.1469;;;24-Aug-2021
120782;UTI Healthcare Fund - Direct Plan - Growth Option;INF789F01TO9;;178.3019;;;24-Aug-2021
120783;UTI Healthcare Fund - Direct Plan - IDCW;INF789F01TM3;INF789F01TN1;137.8155;;;24-Aug-2021
100807;UTI Healthcare Fund - Regular Plan - Growth Option;INF789F01695;;164.7129;;;24-Aug-2021
100806;UTI Healthcare Fund - Regular Plan - IDCW;INF789F01679;INF789F01687;127.3001;;;24-Aug-2021
120780;UTI India Consumer Fund - Direct Plan - Growth Option;INF789F01VF3;;38.1861;;;24-Aug-2021
120781;UTI India Consumer Fund - Direct Plan - IDCW;INF789F01VG1;INF789F01VH9;33.523;;;24-Aug-2021
106425;UTI India Consumer Fund - Regular Plan - Growth Option;INF789F01CE6;;36.4187;;;24-Aug-2021
106426;UTI India Consumer Fund - Regular Plan - IDCW;INF789F01CF3;INF789F01CG1;31.8349;;;24-Aug-2021
120729;UTI Infrastructure Fund - Direct Plan - IDCW;INF789F01TS0;INF789F01TT8;39.5812;;;24-Aug-2021
102396;UTI Infrastructure Fund - Regular Plan - IDCW;INF789F01737;INF789F01745;38.1477;;;24-Aug-2021
102395;UTI Infrastructure Fund-Growth Option;INF789F01752;;72.9899;;;24-Aug-2021
120728;UTI Infrastructure Fund-Growth Option- Direct;INF789F01TU6;;75.6375;;;24-Aug-2021
120682;UTI - MNC Fund - Growth Option - Direct;INF789F01UD0;;284.2772;;;24-Aug-2021
100740;UTI - MNC Fund - Regular Plan - Growth Option;INF789F01844;;264.0262;;;24-Aug-2021
120681;UTI MNC Fund - Direct Plan - IDCW;INF789F01UB4;INF789F01UC2;147.4641;;;24-Aug-2021
100739;UTI MNC Fund - Regular Plan - IDCW;INF789F01828;INF789F01836;136.128;;;24-Aug-2021
120730;UTI Transportation and Logistics Fund - Direct Plan - IDCW;INF789F01SF9;INF789F01SG7;59.0394;;;24-Aug-2021
102397;UTI Transportation and Logistics Fund - Regular Plan - IDCW;INF789F01273;INF789F01281;53.7427;;;24-Aug-2021
102398;UTI-Transpotation and Logistics  Fund-Growth Option;INF789F01299;;116.5507;;;24-Aug-2021
120731;UTI-Transpotation and Logistics  Fund-Growth Option- Direct;INF789F01SH5;;127.654;;;24-Aug-2021

Open Ended Schemes ( Equity Scheme - ELSS )


Aditya Birla Sun Life Mutual Fund
119544;Aditya Birla Sun Life ELSS Tax Saver Fund - Growth - Direct Plan;INF209K01UN8;;43.98;;;24-Aug-2021
107745;Aditya Birla Sun Life ELSS Tax Saver Fund - Growth Option;INF209K01108;;40.62;;;24-Aug-2021
119543;Aditya Birla Sun Life ELSS Tax Saver Fund-DIRECT - IDCW;INF209K01P23;INF209K01UM0;303.28;;;24-Aug-2021
103164;Aditya Birla Sun Life ELSS Tax Saver Fund-Regular - IDCW;INF209K01090;INF209K01CB1;169.54;;;24-Aug-2021
119661;Aditya Birla Sun Life Tax Plan - Direct Plan - Growth Option;INF209K01VV9;;53.57;;;24-Aug-2021
104331;Aditya Birla Sun Life Tax Plan - Regular Plan - Growth Option;INF209K01348;;49.53;;;24-Aug-2021
119660;Aditya Birla Sun Life Tax Plan -DIRECT - IDCW;INF209K01Q14;INF209K01VW7;176.32;;;24-Aug-2021
100067;Aditya Birla Sun Life Tax Plan -Regular - IDCW;INF209K01330;INF209K01CM8;98.81;;;24-Aug-2021

Axis Mutual Fund
120503;Axis ELSS Tax Saver Fund - Direct Plan - Growth Option;INF846K01EW2;;77.6842;;;24-Aug-2021
120502;Axis ELSS Tax Saver Fund - Direct Plan - IDCW;INF846K01EX0;INF846K01EY8;52.3689;;;24-Aug-2021
112323;Axis ELSS Tax Saver Fund - Regular Plan - Growth;INF846K01131;;70.8992;;;24-Aug-2021
112322;Axis ELSS Tax Saver Fund - Regular Plan - IDCW;INF846K01149;INF846K01156;27.3777;;;24-Aug-2021

Bandhan Mutual Fund
118473;BANDHAN ELSS Tax Saver Fund - Direct Plan - Growth;INF194K01Y29;;96.02;;;24-Aug-2021
118472;BANDHAN ELSS Tax Saver Fund - Direct Plan - IDCW;INF194K01Y37;INF194K01Y45;30.53;;;24-Aug-2021
111569;BANDHAN ELSS Tax Saver Fund - Regular Plan - Growth;INF194K01292;;87.43;;;24-Aug-2021
111570;BANDHAN ELSS Tax Saver Fund - Regular Plan - IDCW;INF194K01300;INF194K01318;24.25;;;24-Aug-2021

Bank of India Mutual Fund
119351;BANK OF INDIA ELSS Tax Saver -Direct Plan- Growth;INF761K01884;;106.28;;;24-Aug-2021
119352;BANK OF INDIA ELSS Tax Saver -Direct Plan-IDCW;INF761K01876;INF761K01868;42.45;;;24-Aug-2021
111709;BANK OF INDIA ELSS Tax Saver -ECO Plan-Growth;INF761K01157;;102.01;;;24-Aug-2021
111711;BANK OF INDIA ELSS Tax Saver -ECO Plan-IDCW;INF761K01132;INF761K01140;16.93;;;24-Aug-2021
111710;BANK OF INDIA ELSS Tax Saver -Regular Plan- Growth;INF761K01181;;95.28;;;24-Aug-2021
111708;BANK OF INDIA ELSS Tax Saver -Regular Plan-IDCW;INF761K01165;INF761K01173;18.36;;;24-Aug-2021

Baroda BNP Paribas Mutual Fund
100068;BARODA ELSS 96 - Plan A - IDCW;INF955L01641;;37.32;;;24-Aug-2021
119339;BARODA ELSS 96 - Plan B (Direct) - IDCW;INF955L01914;;46.90;;;24-Aug-2021
125111;Baroda ELSS 96 - Plan B (Direct)- Bonus Option;INF955L01DA7;;71.85;;;24-Aug-2021
125110;Baroda ELSS 96 Fund - Plan A- Bonus Option;INF955L01CZ6;;65.80;;;24-Aug-2021
134044;Baroda ELSS 96 Plan A -Growth Option;INF955L01GD4;;65.80;;;24-Aug-2021
134045;Baroda ELSS 96 Plan B(Direct) -Growth Option;INF955L01GE2;;71.85;;;24-Aug-2021

BNP Paribas Mutual Fund
120147;BNP Paribas Long Term Equity Fund - Direct Plan - Growth Option;INF251K01HF3;;61.134;;;24-Aug-2021
120146;BNP Paribas Long Term Equity Fund - Direct Plan - Income Distribution cum Capital Withdrawal Option;INF251K01HH9;INF251K01HG1;22.972;;;24-Aug-2021
113463;BNP Paribas Long Term Equity Fund - Growth Option;INF251K01985;;56.875;;;24-Aug-2021
113464;BNP Paribas Long Term Equity Fund-Income Distribution cum Capital Withdrawal Option;INF251K01AA9;INF251K01993;18.979;;;24-Aug-2021

Canara Robeco Mutual Fund
118285;CANARA ROBECO ELSS TAX SAVER - DIRECT PLAN - GROWTH OPTION;INF760K01EL8;;116.9300;;;24-Aug-2021
118286;CANARA ROBECO ELSS TAX SAVER - DIRECT PLAN - IDCW (Payout);INF760K01EJ2;INF760K01EK0;56.2600;;;24-Aug-2021
111722;CANARA ROBECO ELSS TAX SAVER - REGULAR PLAN - GROWTH OPTION;INF760K01100;;109.8000;;;24-Aug-2021
100593;CANARA ROBECO ELSS TAX SAVER - REGULAR PLAN -IDCW (Payout);INF760K01084;INF760K01092;36.4500;;;24-Aug-2021

DSP Mutual Fund
119242;DSP ELSS Tax Saver Fund - Direct Plan - Growth;INF740K01OK1;;83.402;;;24-Aug-2021
119241;DSP ELSS Tax Saver Fund - Direct Plan - IDCW;INF740K01OL9;INF740K01OM7;56.615;;;24-Aug-2021
104772;DSP ELSS Tax Saver Fund - Regular Plan - Growth;INF740K01185;;77.898;;;24-Aug-2021
104773;DSP ELSS Tax Saver Fund - Regular Plan - IDCW;INF740K01169;INF740K01177;19.713;;;24-Aug-2021

Edelweiss Mutual Fund
118619;Edelweiss ELSS Tax Saver Fund - Direct Plan - IDCW Option;INF754K01BX2;INF754K01BY0;27.42;;;24-Aug-2021
118620;Edelweiss ELSS Tax Saver Fund - Direct Plan-Growth Option;INF754K01CA8;;74.18;;;24-Aug-2021
111638;Edelweiss ELSS Tax Saver Fund - Regular Plan - Growth Option;INF754K01517;;66.95;;;24-Aug-2021
111639;Edelweiss ELSS Tax Saver Fund - Regular Plan - IDCW Option;INF754K01525;INF754K01541;20.3;;;24-Aug-2021

Franklin Templeton Mutual Fund
118540;Franklin India ELSS Tax Saver Fund - Direct - Growth;INF090I01JS8;;862.7713;;;24-Aug-2021
118541;Franklin India ELSS Tax Saver Fund - Direct - IDCW;INF090I01JT6;INF090I01JU4;54.5719;;;24-Aug-2021
100525;Franklin India ELSS Tax Saver Fund - IDCW;INF090I01783;INF090I01791;48.9217;;;24-Aug-2021
100526;Franklin India ELSS Tax Saver Fund-Growth;INF090I01775;;798.9177;;;24-Aug-2021

Groww Mutual Fund
141807;Groww ELSS Tax Saver Fund (formerly known as Indiabulls Tax Savings Fund)- Direct Plan- Dividend Option;INF666M01DL5;;13.53;;;24-Aug-2021
141808;Groww ELSS Tax Saver Fund (formerly known as Indiabulls Tax Savings Fund)- Direct Plan- Growth Option;INF666M01DK7;;13.56;;;24-Aug-2021
141810;Groww ELSS Tax Saver Fund (formerly known as Indiabulls Tax Savings Fund)- Regular Plan- - Income Distribution cum capital withdrawal Option (Payout);INF666M01DO9;;12.75;;;24-Aug-2021
141862;Groww ELSS Tax Saver Fund (formerly known as Indiabulls Tax Savings Fund)-Regular Plan-Growth Option;INF666M01DN1;;12.75;;;24-Aug-2021

HDFC Mutual Fund
119060;HDFC ELSS Tax saver - Growth Option - Direct Plan;INF179K01YS4;;716.395;;;24-Aug-2021
101979;HDFC ELSS Tax saver - Growth Plan;INF179K01BB8;;679.499;;;24-Aug-2021
119059;HDFC ELSS Tax saver - IDCW Option - Direct Plan;INF179K01YQ8;INF179K01YR6;66.127;;;24-Aug-2021
101980;HDFC ELSS Tax saver - IDCW Plan;INF179K01AZ9;INF179K01BA0;54.618;;;24-Aug-2021
118929;HDFC Long Term Advantage Plan - Growth Option - Direct Plan;INF179K01WX8;;554.77;;;24-Aug-2021
100998;HDFC Long Term Advantage Plan - Growth Plan;INF179K01996;;528.801;;;24-Aug-2021
118928;HDFC Long Term Advantage Plan - IDCW Option - Direct Plan;INF179K01WV2;INF179K01WW0;51.021;;;24-Aug-2021
100997;HDFC Long Term Advantage Plan - IDCW Plan;INF179K01970;INF179K01988;45.954;;;24-Aug-2021

HSBC Mutual Fund
104707;HSBC Tax Saver Equity Fund - Growth;INF336L01BA4;;52.8037;;;24-Aug-2021
120079;HSBC Tax Saver Equity Fund - Growth Direct;INF336L01EE0;;56.9196;;;24-Aug-2021
104706;HSBC Tax Saver Equity Fund - IDCW;INF336L01AZ3;;26.0621;;;24-Aug-2021
120078;HSBC Tax Saver Equity Fund - IDCW Direct Plan;INF336L01ER2;;27.6314;;;24-Aug-2021

ICICI Prudential Mutual Fund
120592;ICICI Prudential ELSS Tax Saver Fund - Direct Plan - Growth;INF109K01Y31;;605.15;;;24-Aug-2021
120593;ICICI Prudential ELSS Tax Saver Fund - Direct Plan - IDCW;INF109K01Y15;INF109K01Y23;36.49;;;24-Aug-2021
100354;ICICI Prudential ELSS Tax Saver Fund - Growth;INF109K01464;;559.33;;;24-Aug-2021
100353;ICICI Prudential ELSS Tax Saver Fund - IDCW;INF109K01FN1;INF109K01472;23.40;;;24-Aug-2021

IDBI Mutual Fund
123637;IDBI Equity Advantage Fund - Growth Direct;INF397L01EC6;;39.39;;;24-Aug-2021
123638;IDBI Equity Advantage Fund - Growth Regular;INF397L01DY2;;35.86;;;24-Aug-2021
123635;IDBI Equity Advantage Fund - IDCW Direct;INF397L01ED4;INF397L01EE2;24.31;;;24-Aug-2021
123636;IDBI Equity Advantage Fund - IDCW Regular;INF397L01DZ9;INF397L01EA0;21.55;;;24-Aug-2021

Invesco Mutual Fund
120416;Invesco India ELSS Tax Saver Fund - Direct Plan - Growth;INF205K01NT8;;87.81;;;24-Aug-2021
120417;Invesco India ELSS Tax Saver Fund - Direct Plan - IDCW (Payout / Reinvestment);INF205K01NR2;INF205K01NS0;26.9;;;24-Aug-2021
104636;Invesco India ELSS Tax Saver Fund - Growth;INF205K01270;;77.8;;;24-Aug-2021
104635;Invesco India ELSS Tax Saver Fund - IDCW (Payout / Reinvestment);INF205K01296;INF205K01288;23.23;;;24-Aug-2021

ITI Mutual Fund
147541;ITI ELSS Tax Saver Fund - Direct Plan - Growth Option;INF00XX01390;;14.4875;;;24-Aug-2021
147542;ITI ELSS Tax Saver Fund - Direct Plan - IDCW Option;INF00XX01408;;13.8701;;;24-Aug-2021
147544;ITI ELSS Tax Saver Fund - Regular Plan - Growth Option;INF00XX01374;;13.9111;;;24-Aug-2021
147543;ITI ELSS Tax Saver Fund - Regular Plan - IDCW Option;INF00XX01382;;13.3027;;;24-Aug-2021

JM Financial Mutual Fund
120494;JM ELSS Tax Saver Fund (Direct) - Growth Option;INF192K01CE3;;29.0625;;;24-Aug-2021
120493;JM ELSS Tax Saver Fund (Direct) - IDCW;INF192K01CD5;;28.3459;;;24-Aug-2021
107288;JM ELSS Tax Saver Fund (Regular) - Growth option;INF192K01650;;26.5117;;;24-Aug-2021
107287;JM ELSS Tax Saver Fund (Regular) - IDCW;INF192K01643;;26.5114;;;24-Aug-2021

Kotak Mahindra Mutual Fund
103339;Kotak ELSS Tax Saver Fund-Growth;INF174K01369;;67.288;;;24-Aug-2021
119773;Kotak ELSS Tax Saver Fund-Growth - Direct;INF174K01LI3;;75.042;;;24-Aug-2021
103338;Kotak ELSS Tax Saver Fund-Payout of Income Distribution cum capital withdrawal option;INF174K01385;INF174K01377;25.182;;;24-Aug-2021
119772;Kotak ELSS Tax Saver Fund-Payout of Income Distribution cum capital withdrawal option - Direct;INF174K01LJ1;;31.434;;;24-Aug-2021

L&T Mutual Fund
119417;L&T  Tax Advantage Fund-Direct Plan-Growth;INF917K01GP0;;79.613;;;24-Aug-2021
118047;L&T  Tax Advantage Fund-Regular Plan-Growth;INF677K01064;;75.311;;;24-Aug-2021
119418;L&T Tax Advantage Fund-Direct Plan-IDCW;INF917K01GO3;INF917K01GN5;33.186;;;24-Aug-2021
118048;L&T Tax Advantage Fund-Regular Plan-IDCW;INF677K01072;INF677K01080;25.139;;;24-Aug-2021

LIC Mutual Fund
120270;LIC MF ELSS Tax Saver-Direct Plan-Growth;INF767K01EM1;;103.7092;;;24-Aug-2021
120269;LIC MF ELSS Tax Saver-Direct Plan-IDCW;INF767K01EL3;INF767K01EN9;25.2125;;;24-Aug-2021
100865;LIC MF ELSS Tax Saver-Regular Plan-Growth;INF767K01956;;95.0159;;;24-Aug-2021
100864;LIC MF ELSS Tax Saver-Regular Plan-IDCW;INF767K01931;INF767K01949;22.0745;;;24-Aug-2021
134878;LIC MF ULIS (10 Yrs. Regular Premium Reducing Cover Half-Yearly)-Direct Plan-IDCW Reinvestment;;INF767K01DR2;27.5163;;;24-Aug-2021
134865;LIC MF ULIS (10 Yrs. Regular Premium Reducing Cover Half-Yearly)-Regular Plan-IDCW Reinvestment;;INF767K01998;25.6987;;;24-Aug-2021
134876;LIC MF ULIS (10 Yrs. Regular Premium Reducing Cover Monthly)-Direct Plan-IDCW Reinvestment;;INF767K01DQ4;27.5163;;;24-Aug-2021
134847;LIC MF ULIS (10 Yrs. Regular Premium Reducing Cover Monthly)-Regular Plan-IDCW Reinvestment;;INF767K01980;25.6987;;;24-Aug-2021
135976;LIC MF ULIS (10 Yrs. Regular Premium Reducing Cover Quarterly)-Direct Plan-IDCW Reinvestment;;INF767K01OY5;27.5163;;;24-Aug-2021
135979;LIC MF ULIS (10 Yrs. Regular Premium Reducing Cover Quarterly)-Regular Plan-IDCW Reinvestment;;INF767K01OV1;25.6987;;;24-Aug-2021
134877;LIC MF ULIS (10 Yrs. Regular Premium Reducing Cover Yearly)-Direct Plan-IDCW Reinvestment;;INF767K01DS0;27.5163;;;24-Aug-2021
134864;LIC MF ULIS (10 Yrs. Regular Premium Reducing Cover Yearly)-Regular Plan-IDCW Reinvestment;;INF767K01AA4;25.6987;;;24-Aug-2021
134879;LIC MF ULIS (10 Yrs. Regular Premium Uniform Cover Half-Yearly)-Direct Plan-IDCW Reinvestment;;INF767K01DU6;27.5163;;;24-Aug-2021
134867;LIC MF ULIS (10 Yrs. Regular Premium Uniform Cover Half-Yearly)-Regular Plan-IDCW Reinvestment;;INF767K01AC0;25.6987;;;24-Aug-2021
134881;LIC MF ULIS (10 Yrs. Regular Premium Uniform Cover Monthly)-Direct Plan-IDCW Reinvestment;;INF767K01DT8;27.5163;;;24-Aug-2021
134863;LIC MF ULIS (10 Yrs. Regular Premium Uniform Cover Monthly)-Regular Plan-IDCW Reinvestment;;INF767K01AB2;25.6987;;;24-Aug-2021
135977;LIC MF ULIS (10 Yrs. Regular Premium Uniform Cover Quarterly)-Direct Plan-IDCW Reinvestment;;INF767K01PB0;27.5163;;;24-Aug-2021
135983;LIC MF ULIS (10 Yrs. Regular Premium Uniform Cover Quarterly)-Regular Plan-IDCW Reinvestment;;INF767K01PA2;25.6987;;;24-Aug-2021
134880;LIC MF ULIS (10 Yrs. Regular Premium Uniform Cover Yearly)-Direct Plan-IDCW Reinvestment;;INF767K01DV4;27.5163;;;24-Aug-2021
134868;LIC MF ULIS (10 Yrs. Regular Premium Uniform Cover Yearly)-Regular Plan-IDCW Reinvestment;;INF767K01AD8;25.6987;;;24-Aug-2021
134875;LIC MF ULIS (10 Yrs. Single Premium)-Direct Plan-IDCW Reinvestment;;INF767K01DP6;27.5163;;;24-Aug-2021
134846;LIC MF ULIS (10 Yrs. Single Premium)-Regular Plan-IDCW Reinvestment;;INF767K01972;25.6987;;;24-Aug-2021
134882;LIC MF ULIS (15 Yrs. Regular Premium Reducing Cover Half-Yearly)-Direct Plan-IDCW Reinvestment;;INF767K01DX0;27.5163;;;24-Aug-2021
134870;LIC MF ULIS (15 Yrs. Regular Premium Reducing Cover Half-Yearly)-Regular Plan-IDCW Reinvestment;;INF767K01AF3;25.6987;;;24-Aug-2021
134884;LIC MF ULIS (15 Yrs. Regular Premium Reducing Cover Monthly)-Direct Plan-IDCW Reinvestment;;INF767K01DW2;27.5163;;;24-Aug-2021
134869;LIC MF ULIS (15 Yrs. Regular Premium Reducing Cover Monthly)-Regular Plan-IDCW Reinvestment;;INF767K01AE6;25.6987;;;24-Aug-2021
135978;LIC MF ULIS (15 Yrs. Regular Premium Reducing Cover Quarterly)-Direct Plan-IDCW Reinvestment;;INF767K01OX7;27.5163;;;24-Aug-2021
135981;LIC MF ULIS (15 Yrs. Regular Premium Reducing Cover Quarterly)-Regular Plan-IDCW Reinvestment;;INF767K01OU3;25.6987;;;24-Aug-2021
134883;LIC MF ULIS (15 Yrs. Regular Premium Reducing Cover Yearly)-Direct Plan-IDCW Reinvestment;;INF767K01DY8;27.5163;;;24-Aug-2021
134871;LIC MF ULIS (15 Yrs. Regular Premium Reducing Cover Yearly)-Regular Plan-IDCW Reinvestment;;INF767K01AG1;25.6987;;;24-Aug-2021
134885;LIC MF ULIS (15 Yrs. Regular Premium Uniform Cover Half-Yearly)-Direct Plan-IDCW Reinvestment;;INF767K01EA6;27.5163;;;24-Aug-2021
134873;LIC MF ULIS (15 Yrs. Regular Premium Uniform Cover Half-Yearly)-Regular Plan-IDCW Reinvestment;;INF767K01AI7;25.6987;;;24-Aug-2021
134887;LIC MF ULIS (15 Yrs. Regular Premium Uniform Cover Monthly)-Direct Plan-IDCW Reinvestment;;INF767K01DZ5;27.5163;;;24-Aug-2021
134872;LIC MF ULIS (15 Yrs. Regular Premium Uniform Cover Monthly)-Regular Plan-IDCW Reinvestment;;INF767K01AH9;25.6987;;;24-Aug-2021
135980;LIC MF ULIS (15 Yrs. Regular Premium Uniform Cover Quarterly)-Direct Plan-IDCW Reinvestment;;INF767K01OZ2;27.5163;;;24-Aug-2021
135982;LIC MF ULIS (15 Yrs. Regular Premium Uniform Cover Quarterly)-Regular Plan-IDCW Reinvestment;;INF767K01OW9;25.6987;;;24-Aug-2021
134886;LIC MF ULIS (15 Yrs. Regular Premium Uniform Cover Yearly)-Direct Plan-IDCW Reinvestment;;INF767K01EB4;27.5163;;;24-Aug-2021
134874;LIC MF ULIS (15Yrs. Regular Premium Uniform Cover Yearly)-Regular Plan-IDCW Reinvestment;;INF767K01AJ5;25.6987;;;24-Aug-2021
120259;LIC MF ULIS (5 Yrs. Single Premium)-Direct Plan-IDCW Reinvestment;;INF767K01DO9;27.5163;;;24-Aug-2021
100325;LIC MF ULIS (5 Yrs. Single Premium)-Regular Plan-IDCW Reinvestment;;INF767K01964;25.6987;;;24-Aug-2021

Mahindra Manulife Mutual Fund
139781;Mahindra Manulife ELSS Tax Saver Fund - Direct Plan -Growth;INF174V01093;;19.4429;;;24-Aug-2021
139780;Mahindra Manulife ELSS Tax Saver Fund - Regular Plan - IDCW;INF174V01085;;15.2542;;;24-Aug-2021
139782;Mahindra Manulife ELSS Tax Saver Fund- Direct Plan - IDCW;INF174V01101;;16.8644;;;24-Aug-2021
139783;Mahindra Manulife ELSS Tax Saver Fund- Regular Plan - Growth;INF174V01077;;17.6709;;;24-Aug-2021

Mirae Asset Mutual Fund
135781;Mirae Asset ELSS Tax Saver Fund - Direct Plan - Growth;INF769K01DM9;;31.828;;;24-Aug-2021
135782;Mirae Asset ELSS Tax Saver Fund - Direct Plan - IDCW;INF769K01DN7;;24.510;;;24-Aug-2021
135784;Mirae Asset ELSS Tax Saver Fund - Regular Plan - Growth;INF769K01DK3;;29.333;;;24-Aug-2021
135783;Mirae Asset ELSS Tax Saver Fund - Regular Plan - IDCW;INF769K01DL1;;21.693;;;24-Aug-2021

Motilal Oswal Mutual Fund
133386;Motilal Oswal ELSS Tax Saver Fund - Direct Plan - Growth Option;INF247L01569;;28.3784;;;24-Aug-2021
133383;Motilal Oswal ELSS Tax Saver Fund - IDCW Payout;INF247L01551;;20.3985;;;24-Aug-2021
133385;Motilal Oswal ELSS Tax Saver Fund - Regular Plan - Growth Option;INF247L01544;;25.9667;;;24-Aug-2021
133384;Motilal Oswal ELSS Tax Saver Fund Direct - IDCW Payout;INF247L01577;;24.3227;;;24-Aug-2021

Navi Mutual Fund
135653;Navi ELSS Tax Saver Fund - Direct Plan IDCW Payout;INF959L01CE3;;20.9515;;;24-Aug-2021
135652;Navi ELSS Tax Saver Fund - Regular Plan IDCW Payout;INF959L01CG8;;19.2503;;;24-Aug-2021
135654;Navi ELSS Tax Saver Fund- Direct Plan- Growth Option;INF959L01CD5;;21.1846;;;24-Aug-2021
135655;Navi ELSS Tax Saver Fund- Regular Plan- Growth Option;INF959L01CF0;;19.2486;;;24-Aug-2021

Nippon India Mutual Fund
133866;NIPPON INDIA TAX SAVER (ELSS) FUND - ANNUAL IDCW Option;INF204KA1E04;;14.1750;;;24-Aug-2021
133865;NIPPON INDIA TAX SAVER (ELSS) FUND - DIRECT Plan - ANNUAL IDCW Option;INF204KA1E12;;14.8337;;;24-Aug-2021
118801;NIPPON INDIA TAX SAVER (ELSS) FUND - DIRECT Plan - IDCW Option;INF204K01L30;INF204K01L48;30.3577;;;24-Aug-2021
103197;NIPPON INDIA TAX SAVER (ELSS) FUND - IDCW Option;INF204K01GL2;INF204K01GM0;24.0691;;;24-Aug-2021
103196;Nippon India Tax Saver (ELSS) Fund-Growth Plan-Growth Option;INF204K01GK4;;72.5425;;;24-Aug-2021
118803;Nippon India Tax Saver Fund - Direct Plan Growth Plan - Growth Option;INF204K01L55;;77.4896;;;24-Aug-2021

PGIM India Mutual Fund
135600;PGIM India ELSS Tax Saver Fund - Direct Plan - Dividend Option;INF663L01FO3;;16.1;;;24-Aug-2021
135601;PGIM India ELSS Tax Saver Fund - Direct Plan - Growth Option;INF663L01FN5;;23.55;;;24-Aug-2021
135599;PGIM India ELSS Tax Saver Fund - Regular Plan - Dividend Option;INF663L01FR6;;16.04;;;24-Aug-2021
135598;PGIM India ELSS Tax Saver Fund - Regular Plan - Growth Option;INF663L01FQ8;;21.78;;;24-Aug-2021

PPFAS Mutual Fund
147481;Parag Parikh ELSS Tax Saver Fund- Direct Growth;INF879O01100;;17.4510;;;24-Aug-2021
147482;Parag Parikh ELSS Tax Saver Fund- Regular Growth;INF879O01092;;17.0113;;;24-Aug-2021

Principal Mutual Fund
101815;Principal Personal Tax Saver Fund;INF173K01353;;281.76;;;24-Aug-2021
119486;Principal Personal Tax Saver Fund - Direct Plan;INF173K01FA4;;294.70;;;24-Aug-2021
100156;Principal Tax Savings Fund;INF173K01361;;301.57;;;24-Aug-2021
119489;Principal Tax Savings Fund - Direct Plan;INF173K01HZ7;;315.41;;;24-Aug-2021
141829;Principal Tax Savings Fund Direct Plan - Half Yearly Income Distribution CUM Capital Withdrawal Option;INF173K01NN1;;315.41;;;24-Aug-2021
141830;Principal Tax Savings Fund Regular Plan - Half Yearly Income Distribution CUM Capital Withdrawal Option;INF173K01NM3;;301.57;;;24-Aug-2021

quant Mutual Fund
120847;quant ELSS Tax Saver Fund - Growth Option - Direct Plan;INF966L01986;;209.6322;;;24-Aug-2021
100175;quant ELSS Tax Saver Fund - Growth Option - Regular Plan;INF966L01135;;197.5776;;;24-Aug-2021
120846;quant ELSS Tax Saver Fund - IDCW Option - Direct Plan;INF966L01960;INF966L01127;27.9415;;;24-Aug-2021
100174;quant ELSS Tax Saver Fund - IDCW Option - Regular Plan;INF966L01119;;27.3886;;;24-Aug-2021

Quantum Mutual Fund
111549;Quantum ELSS Tax Saver Fund - Direct Plan Growth Option;INF082J01069;;74.95;;;24-Aug-2021
111550;Quantum ELSS Tax Saver Fund - Direct Plan IDCW;INF082J01077;INF082J01085;74.95;;;24-Aug-2021
141070;Quantum ELSS Tax Saver Fund - Regular Plan Growth Option;INF082J01366;;73.77;;;24-Aug-2021
141071;Quantum ELSS Tax Saver Fund - Regular Plan IDCW;INF082J01374;;73.77;;;24-Aug-2021

SBI Mutual Fund
119722;SBI Long Term Equity Fund - Direct Plan - Income Distribution cum Capital Withdrawal Option (IDCW);INF200K01UK3;;66.6592;;;24-Aug-2021
119723;SBI LONG TERM EQUITY FUND - DIRECT PLAN -GROWTH;INF200K01UM9;;219.2884;;;24-Aug-2021
103883;SBI Long Term Equity Fund - Regular Plan - Income Distribution cum Capital Withdrawal Option (IDCW);INF200K01479;;51.7831;;;24-Aug-2021
105628;SBI LONG TERM EQUITY FUND - REGULAR PLAN- GROWTH;INF200K01495;;208.1821;;;24-Aug-2021

Shriram Mutual Fund
145819;Shriram ELSS Tax Saver Fund - Direct Growth;INF680P01158;;15.4387;;;24-Aug-2021
145822;Shriram ELSS Tax Saver Fund - Direct- IDCW;INF680P01166;;15.3919;;;24-Aug-2021
145820;Shriram ELSS Tax Saver Fund - Regular Growth;INF680P01133;;14.6944;;;24-Aug-2021
145821;Shriram ELSS Tax Saver Fund - Regular-IDCW;INF680P01141;;14.6857;;;24-Aug-2021

Sundaram Mutual Fund
119549;Sundaram Diversified Equity (ELSS) Direct Plan - Growth;INF903J01NN3;;144.5834;;;24-Aug-2021
119548;Sundaram Diversified Equity (ELSS) Direct Plan - Income Distribution cum Capital Withdrawal (IDCW);INF903J01NL7;INF903J01NM5;16.5252;;;24-Aug-2021
101853;Sundaram Diversified Equity (ELSS) Regular Plan - Growth;INF903J01538;;139.5016;;;24-Aug-2021
100614;Sundaram Diversified Equity (ELSS) Regular Plan - Income Distribution cum Capital Withdrawal (IDCW);INF903J01512;INF903J01520;13.9022;;;24-Aug-2021

Tata Mutual Fund
119281;Tata ELSS Tax Saver Fund- Direct Plan - Payout of IDCW Option;INF277K01I94;;140.1234;;;24-Aug-2021
100474;Tata ELSS Tax Saver Fund- Regular Plan - Payout of IDCW Option;INF277K01I60;;70.9860;;;24-Aug-2021
132756;Tata ELSS Tax Saver Fund-Growth-Direct Plan;INF277K01I86;;28.3737;;;24-Aug-2021
132757;Tata ELSS Tax Saver Fund-Growth-Regular Plan;INF277K01I52;;25.9390;;;24-Aug-2021

Taurus Mutual Fund
118866;Taurus ELSS Tax Saver Fund - Direct Plan - Growth;INF044D01CG6;INF044D01AA3;113.69;;;24-Aug-2021
118867;Taurus ELSS Tax Saver Fund - Direct Plan - Payout of Income Distribution cum Capital Withdrawal option;INF044D01CH4;INF044D01CI2;52.40;;;24-Aug-2021
100480;Taurus ELSS Tax Saver Fund - Regular Plan - Growth;INF044D01AC9;;107.00;;;24-Aug-2021
108402;Taurus ELSS Tax Saver Fund - Regular Plan - Payout of Income Distribution cum Capital Withdrawal option;INF044D01997;;50.12;;;24-Aug-2021

Union Mutual Fund
119307;Union ELSS Tax Saver Fund - Direct Plan - Growth Option;INF582M01765;;41.10;;;24-Aug-2021
119306;Union ELSS Tax Saver Fund - Direct Plan - IDCW Option;INF582M01781;INF582M01773;41.10;;;24-Aug-2021
116051;Union ELSS Tax Saver Fund - Growth Option;INF582M01302;;39.15;;;24-Aug-2021
116052;Union ELSS Tax Saver Fund - IDCW Option;INF582M01328;INF582M01310;21.89;;;24-Aug-2021

UTI Mutual Fund
120715;UTI ELSS Tax Saver Fund - Direct Plan - Growth Option;INF789F01TF7;;147.5418;;;24-Aug-2021
120714;UTI ELSS Tax Saver Fund - Direct Plan - IDCW;INF789F01TD2;INF789F01TE0;37.2078;;;24-Aug-2021
100821;UTI ELSS Tax Saver Fund - Regular Plan - Growth Option;INF789F01547;;137.1025;;;24-Aug-2021
100820;UTI ELSS Tax Saver Fund - Regular Plan - IDCW;INF789F01521;INF789F01539;28.6425;;;24-Aug-2021

Open Ended Schemes ( Debt Scheme - Overnight Fund )


Aditya Birla Sun Life Mutual Fund
145488;ADITYA BIRLA SUN LIFE OVERNIGHT FUND-  Direct - Monthly Payout of IDCW;INF209KB1ZL4;;1002.1102;;;24-Aug-2021
145489;ADITYA BIRLA SUN LIFE OVERNIGHT FUND-  Direct - Weekly Reinvestment of IDCW;;INF209KB1ZJ8;1000.3544;;;24-Aug-2021
145482;ADITYA BIRLA SUN LIFE OVERNIGHT FUND-  Regular - Weekly Reinvestment of IDCW option;;INF209KB1ZE9;1000.3413;;;24-Aug-2021
145487;ADITYA BIRLA SUN LIFE OVERNIGHT FUND- Direct - Daily Reinvestment of IDCW;;INF209KB1ZI0;1000.02;;;24-Aug-2021
145483;ADITYA BIRLA SUN LIFE OVERNIGHT FUND- Regular - Daily Reinvestment of IDCW;;INF209KB1ZD1;1000.02;;;24-Aug-2021
145485;ADITYA BIRLA SUN LIFE OVERNIGHT FUND- Regular- Monthly Payout of IDCW option;INF209KB1ZG4;;1002.0293;;;24-Aug-2021
145486;ADITYA BIRLA SUN LIFE OVERNIGHT FUND-DIRECT PLAN-GROWTH;INF209KB1ZH2;;1127.1351;;;24-Aug-2021
145481;ADITYA BIRLA SUNLIFE OVERNIGHT FUND-REGULAR PLAN-GROWTH;INF209KB1ZC3;;1123.2311;;;24-Aug-2021

Axis Mutual Fund
146679;Axis Overnight Fund - Direct Plan - Daily IDCW;;INF846K01N99;1000.5073;;;24-Aug-2021
146675;Axis Overnight Fund - Direct Plan - Growth Option;INF846K01N65;;1101.7135;;;24-Aug-2021
146677;Axis Overnight Fund - Direct Plan - Monthly IDCW;INF846K01N73;INF846K01N81;1003.2725;;;24-Aug-2021
146676;Axis Overnight Fund - Direct Plan - Weekly IDCW;INF846K01N40;INF846K01N57;1000.7845;;;24-Aug-2021
146682;Axis Overnight Fund - Regular Plan - Daily IDCW;;INF846K01O56;1000.5032;;;24-Aug-2021
146678;Axis Overnight Fund - Regular Plan - Growth Option;INF846K01O23;;1100.1218;;;24-Aug-2021
146681;Axis Overnight Fund - Regular Plan - Monthly IDCW;INF846K01O31;INF846K01O49;1003.2072;;;24-Aug-2021
146680;Axis Overnight Fund - Regular Plan - Weekly IDCW;INF846K01O07;INF846K01O15;1000.7524;;;24-Aug-2021

Bandhan Mutual Fund
146190;BANDHAN Overnight Fund - Direct Plan - Daily IDCW;INF194KB1462;INF194KB1470;1000.0001;;;24-Aug-2021
146191;BANDHAN Overnight Fund - Direct Plan - Growth;INF194KB1447;;1111.6638;;;24-Aug-2021
146183;BANDHAN Overnight Fund - Direct Plan - Monthly IDCW;INF194KB1496;INF194KB1504;1002.1552;;;24-Aug-2021
146184;BANDHAN Overnight Fund - Direct Plan - Periodic IDCW;INF194KB1520;INF194KB1538;1013.8798;;;24-Aug-2021
146192;BANDHAN Overnight Fund - Direct Plan - Weekly IDCW;INF194KB1553;INF194KB1561;1000.3299;;;24-Aug-2021
146188;BANDHAN Overnight Fund - Regular Plan - Daily IDCW;INF194KB1330;INF194KB1348;1000.0001;;;24-Aug-2021
146187;BANDHAN Overnight Fund - Regular Plan - Growth;INF194KB1314;;1108.1983;;;24-Aug-2021
146185;BANDHAN Overnight Fund - Regular Plan - Monthly IDCW;INF194KB1363;INF194KB1371;1002.0846;;;24-Aug-2021
146189;BANDHAN Overnight Fund - Regular Plan - Weekly IDCW;INF194KB1421;INF194KB1439;1001.2547;;;24-Aug-2021

Bank of India Mutual Fund
147951;BANK OF INDIA Overnight Fund Direct Plan Growth;INF761K01EU7;;1054.2109;;;24-Aug-2021
147948;BANK OF INDIA Overnight Fund Direct Plan- Monthly IDCW;INF761K01EY9;INF761K01EX1;1002.4076;;;24-Aug-2021
147950;BANK OF INDIA Overnight Fund Direct Plan- Weekly IDCW;;INF761K01EW3;1000.0828;;;24-Aug-2021
147936;BANK OF INDIA Overnight Fund Regular Plan Growth;INF761K01EZ6;;1052.6971;;;24-Aug-2021

Baroda BNP Paribas Mutual Fund
147197;Baroda BNP Paribas Overnight Fund - Direct Plan - Daily IDCW;;INF955L01HW2;1000.0000;;;24-Aug-2021
147196;Baroda BNP Paribas Overnight Fund - Direct Plan - Growth;INF955L01HV4;;1094.6540;;;24-Aug-2021
147195;Baroda BNP Paribas Overnight Fund - Direct Plan - Weekly IDCW;;INF955L01HX0;1000.1272;;;24-Aug-2021
147194;Baroda BNP Paribas Overnight Fund - Regular Plan - Daily IDCW;;INF955L01HT8;1000.0000;;;24-Aug-2021
147193;Baroda BNP Paribas Overnight Fund - Regular Plan - Growth;INF955L01HS0;;1093.2639;;;24-Aug-2021
147198;Baroda BNP Paribas Overnight Fund - Regular Plan - Weekly IDCW;;INF955L01HU6;1000.0818;;;24-Aug-2021

BNP Paribas Mutual Fund
147127;BNP Paribas Overnight Fund - Direct Plan-Daily Income Distribution cum Capital Withdrawal Option;;INF251K01QO6;1000.0000;;;24-Aug-2021
147125;BNP Paribas Overnight Fund - Direct Plan-Growth Option;INF251K01QN8;;1096.8963;;;24-Aug-2021
147126;BNP Paribas Overnight Fund - Direct Plan-Weekly Income Distribution cum Capital Withdrawal Option;;INF251K01QP3;1000.0000;;;24-Aug-2021
147123;BNP Paribas Overnight Fund - Regular Plan-Daily Income Distribution cum Capital Withdrawal Option;;INF251K01QL2;1000.0000;;;24-Aug-2021
147124;BNP Paribas Overnight Fund - Regular Plan-Growth Option;INF251K01QK4;;1094.0940;;;24-Aug-2021
147122;BNP Paribas Overnight Fund - Regular Plan-Weekly Income Distribution cum Capital Withdrawal Option;;INF251K01QM0;1000.4028;;;24-Aug-2021

Canara Robeco Mutual Fund
147532;CANARA ROBECO OVERNIGHT FUND - DIRECT PLAN - DAILY IDCW (Reinvestment);;INF760K01JN3;1001.0006;;;24-Aug-2021
147531;CANARA ROBECO OVERNIGHT FUND - DIRECT PLAN - GROWTH OPTION;INF760K01JM5;;1079.0926;;;24-Aug-2021
147533;CANARA ROBECO OVERNIGHT FUND - REGULAR PLAN - DAILY IDCW (Reinvestment);;INF760K01JP8;1001.0000;;;24-Aug-2021
147534;CANARA ROBECO OVERNIGHT FUND - REGULAR PLAN - GROWTH OPTION;INF760K01JO1;;1078.4888;;;24-Aug-2021

DSP Mutual Fund
146062;DSP Overnight Fund - Direct Plan - Growth;INF740KA1MC8;;1116.0809;;;24-Aug-2021
146065;DSP Overnight Fund - Direct Plan - IDCW - Daily;;INF740KA1OR2;1000.0000;;;24-Aug-2021
146064;DSP Overnight Fund - Direct Plan - IDCW - Weekly;INF740KA1OS0;INF740KA1OT8;1000.4164;;;24-Aug-2021
146061;DSP Overnight Fund - Regular Plan - Growth;INF740KA1MB0;;1113.5662;;;24-Aug-2021
146066;DSP Overnight Fund - Regular Plan - IDCW - Daily;;INF740KA1OU6;1000.0000;;;24-Aug-2021
146063;DSP Overnight Fund - Regular Plan - IDCW - Weekly;INF740KA1OV4;INF740KA1OW2;1000.4069;;;24-Aug-2021

Edelweiss Mutual Fund
147551;Edelweiss Overnight Fund - Direct Plan - Annual - IDCW Option;INF754K01KD5;INF754K01KC7;1081.158;;;24-Aug-2021
147557;Edelweiss Overnight Fund - Direct Plan - Daily - IDCW Option;;INF754K01JW7;1000;;;24-Aug-2021
147550;Edelweiss Overnight Fund - Direct Plan - Fortnightly - IDCW Option;INF754K01JZ0;INF754K01JY3;1050.1215;;;24-Aug-2021
147570;Edelweiss Overnight Fund - Direct Plan - Growth;INF754K01JV9;;1080.9331;;;24-Aug-2021
147554;Edelweiss Overnight Fund - Direct Plan - Monthly - IDCW Option;INF754K01KB9;INF754K01KA1;1060.0927;;;24-Aug-2021
147558;Edelweiss Overnight Fund - Direct Plan - Weekly - IDCW Option;;INF754K01JX5;1064.8728;;;24-Aug-2021
147552;Edelweiss Overnight Fund - Regular Plan - Daily - IDCW Option;;INF754K01KF0;1008.1128;;;24-Aug-2021
147569;Edelweiss Overnight Fund - Regular Plan - Growth;INF754K01KE3;;1079.4925;;;24-Aug-2021
147555;Edelweiss Overnight Fund - Regular Plan - Monthly - IDCW Option;INF754K01KK0;INF754K01KJ2;1005.8561;;;24-Aug-2021
147553;Edelweiss Overnight Fund - Regular Plan - Weekly - IDCW Option;;INF754K01KG8;1015.1565;;;24-Aug-2021

Franklin Templeton Mutual Fund
147215;Franklin India Overnight Fund - Daily Dividend Plan - Daily - IDCW;;INF090I01SM2;1000.0000;;;24-Aug-2021
147212;Franklin India Overnight Fund - Direct Daily Dividend Plan - Daily - IDCW;;INF090I01ST7;1000.0000;;;24-Aug-2021
147211;Franklin India Overnight Fund - Direct Weekly Dividend Plan - Weekly - IDCW;INF090I01SR1;INF090I01SQ3;1000.1647;;;24-Aug-2021
147216;Franklin India Overnight Fund - Weekly Dividend Plan - Weekly - IDCW;INF090I01SN0;INF090I01SP5;1000.1612;;;24-Aug-2021
147213;Franklin India Overnight fund- Growth;INF090I01SO8;;1087.4754;;;24-Aug-2021
147214;Franklin India Overnight Fund- Growth - Direct;INF090I01SS9;;1088.8953;;;24-Aug-2021

Groww Mutual Fund
147458;Groww Overnight Fund (formerly known as Indiabulls Overnight Fund)- Direct Plan- - Income Distribution cum capital withdrawal Option ( Reinvestment);;INF666M01GM6;1000.9932;;;24-Aug-2021
147452;Groww Overnight Fund (formerly known as Indiabulls Overnight Fund)- Direct Plan- Fortnightly - Income Distribution cum capital withdrawal Option (Payout & Reinvestment);INF666M01GP9;INF666M01GQ7;1002.661;;;24-Aug-2021
147450;Groww Overnight Fund (formerly known as Indiabulls Overnight Fund)- Direct Plan- Growth Option;INF666M01GL8;;1080.3934;;;24-Aug-2021
147453;Groww Overnight Fund (formerly known as Indiabulls Overnight Fund)- Direct Plan- Monthly - Income Distribution cum capital withdrawal Option (Payout & Reinvestment);INF666M01GR5;INF666M01GS3;1002.7088;;;24-Aug-2021
147451;Groww Overnight Fund (formerly known as Indiabulls Overnight Fund)- Direct Plan- Weekly - Income Distribution cum capital withdrawal Option (Payout & Reinvestment);INF666M01GN4;INF666M01GO2;1001.3913;;;24-Aug-2021
147455;Groww Overnight Fund (formerly known as Indiabulls Overnight Fund)- Regular Plan- - Income Distribution cum capital withdrawal Option ( Reinvestment);;INF666M01GU9;1000.9631;;;24-Aug-2021
147457;Groww Overnight Fund (formerly known as Indiabulls Overnight Fund)- Regular Plan- Fortnightly - Income Distribution cum capital withdrawal Option (Payout & Reinvestment);INF666M01GX3;INF666M01GY1;1001.9716;;;24-Aug-2021
147454;Groww Overnight Fund (formerly known as Indiabulls Overnight Fund)- Regular Plan- Growth Option;INF666M01GT1;;1078.0769;;;24-Aug-2021
147459;Groww Overnight Fund (formerly known as Indiabulls Overnight Fund)- Regular Plan- Monthly - Income Distribution cum capital withdrawal Option (Payout & Reinvestment);INF666M01GZ8;INF666M01HA9;1002.5746;;;24-Aug-2021
147456;Groww Overnight Fund (formerly known as Indiabulls Overnight Fund)- Regular Plan- Weekly - Income Distribution cum capital withdrawal Option (Payout & Reinvestment);INF666M01GV7;INF666M01GW5;1000.9941;;;24-Aug-2021

HDFC Mutual Fund
119109;HDFC Overnight Fund - Daily IDCW Option - Direct Plan;;INF179KB1HY1;1042.66;;;24-Aug-2021
101996;HDFC Overnight Fund - Growth Option;INF179KB1HS3;;3077.1801;;;24-Aug-2021
119110;HDFC Overnight Fund - Growth Option - Direct Plan;INF179KB1HT1;;3096.386;;;24-Aug-2021
101997;HDFC Overnight Fund - IDCW Option (Daily);;INF179KB1IF8;1042.66;;;24-Aug-2021

HSBC Mutual Fund
147291;HSBC Overnight Fund - Direct Daily IDCW;;INF336L01OG4;1000;;;24-Aug-2021
147287;HSBC Overnight Fund - Direct Growth;INF336L01OF6;;1089.9474;;;24-Aug-2021
147296;HSBC Overnight Fund - Direct Weekly IDCW;INF336L01OJ8;INF336L01OH2;1000.5866;;;24-Aug-2021
147289;HSBC Overnight Fund - Regular Daily IDCW;;INF336L01OM2;1000;;;24-Aug-2021
147290;HSBC Overnight Fund - Regular Growth;INF336L01OL4;;1086.245;;;24-Aug-2021
147301;HSBC Overnight Fund - Regular Monthly IDCW;INF336L01OQ3;INF336L01OO8;1002.3547;;;24-Aug-2021
147288;HSBC Overnight Fund - Regular Weekly IDCW;INF336L01OP5;INF336L01ON0;1000.5587;;;24-Aug-2021

ICICI Prudential Mutual Fund
145546;ICICI Prudential Overnight Fund - Annual IDCW;INF109KC19F6;INF109KC10G3;102.3336;;;24-Aug-2021
145547;ICICI Prudential Overnight Fund - Daily IDCW;;INF109KC18E1;100.0005;;;24-Aug-2021
145550;ICICI Prudential Overnight Fund - Direct Plan - Annual IDCW;INF109KC13H5;INF109KC14H3;102.4132;;;24-Aug-2021
145537;ICICI Prudential Overnight Fund - Direct Plan - Daily IDCW;;INF109KC12G9;100.0005;;;24-Aug-2021
145541;ICICI Prudential Overnight Fund - Direct Plan - Fortnightly IDCW;INF109KC18G6;INF109KC17G8;100.0912;;;24-Aug-2021
145536;ICICI Prudential Overnight Fund - Direct Plan - Growth;INF109KC11G1;;112.3781;;;24-Aug-2021
145545;ICICI Prudential Overnight Fund - Direct Plan - Half Yearly IDCW;INF109KC11H9;INF109KC12H7;100.8488;;;24-Aug-2021
145542;ICICI Prudential Overnight Fund - Direct Plan - Monthly IDCW;INF109KC13G7;INF109KC14G5;100.2065;;;24-Aug-2021
145544;ICICI Prudential Overnight Fund - Direct Plan - Quarterly IDCW;INF109KC19G4;INF109KC10H1;100.2943;;;24-Aug-2021
145539;ICICI Prudential Overnight Fund - Direct Plan - Weekly IDCW;INF109KC16G0;INF109KC15G2;100.0084;;;24-Aug-2021
145540;ICICI Prudential Overnight Fund - Fortnightly IDCW;INF109KC14F7;INF109KC13F9;100.0881;;;24-Aug-2021
145535;ICICI Prudential Overnight Fund - Growth;INF109KC17E3;;112.0664;;;24-Aug-2021
145549;ICICI Prudential Overnight Fund - Half Yearly IDCW;INF109KC17F0;INF109KC18F8;100.8214;;;24-Aug-2021
145548;ICICI Prudential Overnight Fund - Monthly IDCW;INF109KC19E9;INF109KC10F5;100.1997;;;24-Aug-2021
145543;ICICI Prudential Overnight Fund - Quarterly IDCW;INF109KC15F4;INF109KC16F2;100.1040;;;24-Aug-2021
145538;ICICI Prudential Overnight Fund - Weekly IDCW;INF109KC12F1;INF109KC11F3;100.0082;;;24-Aug-2021

Invesco Mutual Fund
147884;Invesco India Overnight Fund - Direct Plan - Daily IDCW (Reinvestment);;INF205KA1122;1000;;;24-Aug-2021
147883;Invesco India Overnight Fund - Direct Plan - Growth;INF205KA1163;;1053.4772;;;24-Aug-2021
147886;Invesco India Overnight Fund - Direct Plan - Monthly IDCW (Payout / Reinvestment);INF205KA1155;INF205KA1148;1002.1549;;;24-Aug-2021
147885;Invesco India Overnight Fund - Direct Plan - Weekly IDCW (Reinvestment);;INF205KA1130;1000.082;;;24-Aug-2021
147880;Invesco India Overnight Fund - Regular Plan - Daily IDCW (Reinvestment);;INF205KA1072;1000.0002;;;24-Aug-2021
147878;Invesco India Overnight Fund - Regular Plan - Growth;INF205KA1114;;1052.445;;;24-Aug-2021
147879;Invesco India Overnight Fund - Regular Plan - Monthly IDCW (Payout / Reinvestment);INF205KA1106;INF205KA1098;1002.1086;;;24-Aug-2021
147881;Invesco India Overnight Fund - Regular Plan - Weekly IDCW (Reinvestment);;INF205KA1080;1000.0817;;;24-Aug-2021

ITI Mutual Fund
147707;ITI Overnight Fund - Direct Plan - Annual IDCW Option;INF00XX01648;INF00XX01614;1056.2358;;;24-Aug-2021
147708;ITI Overnight Fund - Direct Plan - Daily IDCW Option;;INF00XX01572;1001.0038;;;24-Aug-2021
147710;ITI Overnight Fund - Direct Plan - Fortnightly IDCW Option;INF00XX01622;INF00XX01598;1002.0685;;;24-Aug-2021
147713;ITI Overnight Fund - Direct Plan - Growth Option;INF00XX01564;;1063.5783;;;24-Aug-2021
147717;ITI Overnight Fund - Direct Plan - Monthly IDCW Option;INF00XX01630;INF00XX01606;1003.3085;;;24-Aug-2021
147711;ITI Overnight Fund - Direct Plan - Weekly IDCW option;;INF00XX01580;1001.0000;;;24-Aug-2021
147709;ITI Overnight Fund - Regular Plan - Daily IDCW Option;;INF00XX01481;1001.0000;;;24-Aug-2021
147716;ITI Overnight Fund - Regular Plan - Fortnightly IDCW Option;INF00XX01531;INF00XX01507;1002.0232;;;24-Aug-2021
147714;ITI Overnight Fund - Regular Plan - Growth Option;INF00XX01473;;1061.6293;;;24-Aug-2021
147718;ITI Overnight Fund - Regular Plan - Monthly IDCW Option;INF00XX01549;INF00XX01515;1003.2310;;;24-Aug-2021
147712;ITI Overnight Fund - Regular Plan - Weekly IDCW Option;;INF00XX01499;1001.0068;;;24-Aug-2021

JM Financial Mutual Fund
147838;JM Overnight Fund (Direct) - Daily IDCW;;INF192K01LY2;1000.0000;;;24-Aug-2021
147835;JM Overnight Fund (Direct) - Weekly IDCW;INF192K01LZ9;INF192K01MA0;1000.0000;;;24-Aug-2021
147839;JM Overnight Fund (Regular) - Daily IDCW;;INF192K01LU0;1000.0000;;;24-Aug-2021
147836;JM Overnight Fund (Regular) - Growth;INF192K01LX4;;1058.0263;;;24-Aug-2021
147834;JM Overnight Fund (Regular) - Weekly IDCW;INF192K01LV8;INF192K01LW6;1000.0000;;;24-Aug-2021
147837;JM Overnight Fund - (Direct) - Growth;INF192K01MB8;;1059.2947;;;24-Aug-2021

Kotak Mahindra Mutual Fund
146141;Kotak Overnight Fund -Direct Plan-Growth Option;INF174KA1BF9;;1111.682;;;24-Aug-2021
146142;Kotak Overnight Fund -Regular plan-Growth Option;INF174KA1BC6;;1109.4625;;;24-Aug-2021
146140;Kotak Overnight Fund-Direct Plan- Daily Reinvestment of Income Distribution cum capital withdrawal option;;INF174KA1BE2;1003.6055;;;24-Aug-2021
146138;Kotak Overnight Fund-Regular Plan- Daily Reinvestment of Income Distribution cum capital withdrawal option;;INF174KA1BB8;1004.7568;;;24-Aug-2021
146137;Kotak Overnight Fund-Regular Plan- Weekly  Payout of Income Distribution cum capital withdrawal option;INF174KA1BA0;;1066.8439;;;24-Aug-2021

L&T Mutual Fund
118066;L&T Overnight Fund  - Regular Plan - Monthly IDCW;INF917K01EL4;INF917K01EM2;1009.0551;;;24-Aug-2021
119283;L&T Overnight Fund - Direct Plan - Growth;INF917K01EN0;;1626.011;;;24-Aug-2021
119284;L&T Overnight Fund - Direct Plan- Daily IDCW;;INF917K01EO8;1023.3;;;24-Aug-2021
119282;L&T Overnight Fund - Direct Plan- Monthly IDCW;INF917K01ER1;;1064.4549;;;24-Aug-2021
119285;L&T Overnight Fund - Direct Plan- Weekly IDCW;;INF917K01EP5;1001.5084;;;24-Aug-2021
118056;L&T Overnight Fund - Regular Plan - Daily IDCW;;INF917K01EJ8;1023.3;;;24-Aug-2021
118058;L&T Overnight Fund - Regular Plan - Growth;INF917K01EI0;;1547.916;;;24-Aug-2021
118065;L&T Overnight Fund - Regular Plan - Weekly IDCW;;INF917K01EK6;1000.1123;;;24-Aug-2021

LIC Mutual Fund
147516;LIC MF Overnight Fund-Direct Plan-Daily IDCW;;INF767K01QG7;1001.9731;;;24-Aug-2021
147515;LIC MF Overnight Fund-Direct Plan-Growth;INF767K01QI3;;1080.146;;;24-Aug-2021
147513;LIC MF Overnight Fund-Direct Plan-IDCW;INF767K01QE2;INF767K01QF9;1079.8934;;;24-Aug-2021
147514;LIC MF Overnight Fund-Direct Plan-Weekly IDCW;;INF767K01QH5;1000.0024;;;24-Aug-2021
147517;LIC MF Overnight Fund-Regular Plan-Daily IDCW;;INF767K01QB8;1001.9503;;;24-Aug-2021
147519;LIC MF Overnight Fund-Regular Plan-Growth;INF767K01QD4;;1077.1905;;;24-Aug-2021
147512;LIC MF Overnight Fund-Regular Plan-IDCW;INF767K01PZ9;INF767K01QA0;1077.57;;;24-Aug-2021

Mahindra Manulife Mutual Fund
147563;Mahindra Manulife Overnight Fund - Direct Plan - Daily IDCW;;INF174V01846;1007.1752;;;24-Aug-2021
147564;Mahindra Manulife Overnight Fund - Direct Plan -Growth;INF174V01838;;1078.5316;;;24-Aug-2021
147566;Mahindra Manulife Overnight Fund - Regular Plan - Daily IDCW;;INF174V01820;1007.2754;;;24-Aug-2021
147565;Mahindra Manulife Overnight Fund - Regular Plan - Growth;INF174V01812;;1076.2435;;;24-Aug-2021

Mirae Asset Mutual Fund
147737;Mirae Asset Overnight Fund Direct Daily IDCW;;INF769K01FJ0;1000.0005;;;24-Aug-2021
147738;Mirae Asset Overnight Fund Direct Monthly IDCW;INF769K01FF8;INF769K01FI2;1000.0000;;;24-Aug-2021
147736;Mirae Asset Overnight Fund Direct Plan Growth;INF769K01FG6;;1067.8452;;;24-Aug-2021
147740;Mirae Asset Overnight Fund Direct Weekly IDCW;;INF769K01FK8;1000.5040;;;24-Aug-2021
147743;Mirae Asset Overnight Fund Regular Daily  IDCW ;;INF769K01FL6;1000.0000;;;24-Aug-2021
147742;Mirae Asset Overnight Fund Regular Monthly IDCW;INF769K01FD3;INF769K01FH4;1000.0000;;;24-Aug-2021
147739;Mirae Asset Overnight Fund Regular Plan Growth;INF769K01FE1;;1065.8773;;;24-Aug-2021
147741;Mirae Asset Overnight Fund Regular Weekly IDCW;;INF769K01FM4;1000.4878;;;24-Aug-2021

Nippon India Mutual Fund
145830;NIPPON INDIA OVERNIGHT FUND - DAILY IDCW Option;;INF204KB1Q73;100.0050;;;24-Aug-2021
145812;NIPPON INDIA OVERNIGHT FUND - DIRECT Plan - DAILY IDCW Option;;INF204KB1R49;100.0050;;;24-Aug-2021
145810;Nippon India Overnight Fund - Direct Plan - Growth Option;INF204KB1R31;;111.8632;;;24-Aug-2021
145824;NIPPON INDIA OVERNIGHT FUND - DIRECT Plan - MONTHLY IDCW Option;INF204KB1R64;INF204KB1R72;100.3633;;;24-Aug-2021
145825;NIPPON INDIA OVERNIGHT FUND - DIRECT Plan - QUARTERLY IDCW Option;INF204KB1R80;INF204KB1R98;100.7618;;;24-Aug-2021
145823;NIPPON INDIA OVERNIGHT FUND - DIRECT Plan - WEEKLY IDCW Option;;INF204KB1R56;100.0381;;;24-Aug-2021
145827;NIPPON INDIA OVERNIGHT FUND - MONTHLY IDCW Option;INF204KB1Q99;INF204KB1R07;100.3473;;;24-Aug-2021
145833;NIPPON INDIA OVERNIGHT FUND - QUARTERLY IDCW Option;INF204KB1R15;INF204KB1R23;100.7425;;;24-Aug-2021
145811;Nippon India Overnight Fund - Regular Plan - Growth Option;INF204KB1Q65;;111.5749;;;24-Aug-2021
145826;NIPPON INDIA OVERNIGHT FUND - WEEKLY IDCW Option;;INF204KB1Q81;100.0371;;;24-Aug-2021

PGIM India Mutual Fund
147605;PGIM India Overnight Fund - Direct Plan - Daily Dividend Option;;INF663L01T35;1000;;;24-Aug-2021
147606;PGIM India Overnight Fund - Direct Plan - Growth Option;INF663L01T01;;1075.698;;;24-Aug-2021
147608;PGIM India Overnight Fund - Direct Plan - Weekly Dividend Option;INF663L01T19;INF663L01T27;1000.3981;;;24-Aug-2021
147609;PGIM India Overnight Fund - Regular Plan - Daily Dividend Option;;INF663L01T76;1000;;;24-Aug-2021
147607;PGIM India Overnight Fund - Regular Plan - Weekly Dividend Option;INF663L01T50;INF663L01T68;1000.5676;;;24-Aug-2021
147600;PGIM India Overnight Fund - Regular Plan- Growth Option;INF663L01T43;;1073.6556;;;24-Aug-2021

SBI Mutual Fund
119831;SBI Overnight Fund - Direct Plan - Daily Income Distribution cum Capital Withdrawal Option (IDCW);;INF200K01TJ7;1053.4628;;;24-Aug-2021
119833;SBI OVERNIGHT FUND - DIRECT PLAN - GROWTH;INF200K01TK5;;3394.0331;;;24-Aug-2021
119832;SBI Overnight Fund - Direct Plan - Weekly Income Distribution cum Capital Withdrawal Option (IDCW);INF200K01TL3;INF200K01TM1;1075.7416;;;24-Aug-2021
114297;SBI Overnight Fund - Regular Plan - Daily Income Distribution cum Capital Withdrawal Option (IDCW);;INF200K01LN6;1052.4311;;;24-Aug-2021
101206;SBI OVERNIGHT FUND - REGULAR PLAN - GROWTH;INF200K01LQ9;;3360.2757;;;24-Aug-2021
103140;SBI Overnight Fund - Regular Plan - Weekly Income Distribution cum Capital Withdrawal Option (IDCW);INF200K01LO4;INF200K01LP1;1074.6762;;;24-Aug-2021

Sundaram Mutual Fund
146964;Sundaram Overnight Fund Direct Plan - Daily Reinvestment of Income Distribution cum Capital Withdrawal (IDCW);INF903JA1HJ9;;1000.0300;;;24-Aug-2021
146956;Sundaram Overnight Fund Direct Plan - Fortnightly Reinvestment of Income Distribution cum Capital Withdrawal (IDCW);INF903JA1HL5;;1064.5076;;;24-Aug-2021
146963;Sundaram Overnight Fund Direct Plan - Growth;INF903JA1HG5;;1108.0529;;;24-Aug-2021
146962;Sundaram Overnight Fund Direct Plan - Monthly Payout of Income Distribution cum Capital Withdrawal (IDCW);INF903JA1HH3;;1042.9060;;;24-Aug-2021
146957;Sundaram Overnight Fund Direct Plan - Monthly Reinvestment of Income Distribution cum Capital Withdrawal (IDCW);INF903JA1HM3;;1042.9060;;;24-Aug-2021
146955;Sundaram Overnight Fund Direct Plan - Weekly Reinvestment of Income Distribution cum Capital Withdrawal (IDCW);INF903JA1HK7;;1048.6499;;;24-Aug-2021
146953;Sundaram Overnight Fund Regular Plan - Daily Reinvestment of Income Distribution cum Capital Withdrawal (IDCW);INF903JA1HC4;;1000.0300;;;24-Aug-2021
146958;Sundaram Overnight Fund Regular Plan - Fortnightly Reinvestment of Income Distribution cum Capital Withdrawal (IDCW);INF903JA1HE0;;1065.9091;;;24-Aug-2021
146959;Sundaram Overnight Fund Regular Plan - Growth;INF903JA1GZ7;;1105.2123;;;24-Aug-2021
146960;Sundaram Overnight Fund Regular Plan - Monthly Payout of Income Distribution cum Capital Withdrawal (IDCW);INF903JA1HA8;;1039.2064;;;24-Aug-2021
146961;Sundaram Overnight Fund Regular Plan - Monthly Reinvestment of Income Distribution cum Capital Withdrawal (IDCW);INF903JA1HF7;;1039.2064;;;24-Aug-2021
146954;Sundaram Overnight Fund Regular Plan - Weekly Payout of Income Distribution cum Capital Withdrawal (IDCW);INF903JA1HD2;;1047.5462;;;24-Aug-2021

Tata Mutual Fund
146978;TATA Overnight Fund Direct Plan - Daily Reinvestment of Income Distribution cum capital withdrawal option   ;;INF277K019T3;1000.0000;;;24-Aug-2021
146979;TATA Overnight Fund Regular Plan - Daily Reinvestment of Income Distribution cum capital withdrawal option   ;;INF277K017T7;1000.0000;;;24-Aug-2021
146980;Tata Overnight Fund-Direct Plan-Growth;INF277K018T5;;1099.6141;;;24-Aug-2021
146977;Tata Overnight Fund-Regular Plan-Growth;INF277K016T9;;1096.8095;;;24-Aug-2021

Union Mutual Fund
147002;Union Overnight Fund - Direct Plan - Daily IDCW Option;;INF582M01FB0;1000.7630;;;24-Aug-2021
147003;Union Overnight Fund - Direct Plan - Growth Option;INF582M01FA2;;1097.3845;;;24-Aug-2021
147006;Union Overnight Fund - Direct Plan - Monthly IDCW Option;INF582M01FG9;INF582M01FE4;1003.1184;;;24-Aug-2021
146998;Union Overnight Fund - Regular Plan - Daily IDCW Option;;INF582M01FK1;1000.7574;;;24-Aug-2021
146997;Union Overnight Fund - Regular Plan - Growth Option;INF582M01FJ3;;1094.7869;;;24-Aug-2021
147000;Union Overnight Fund - Regular Plan - Monthly IDCW Option;INF582M01FP0;INF582M01FN5;1003.0368;;;24-Aug-2021

UTI Mutual Fund
100814;UTI - Overnight  Fund - Regular Plan - Growth Option;INF789F01604;;2828.186;;;24-Aug-2021
120785;UTI - Overnight Fund - Direct Plan - Growth Option;INF789FB1S71;;2853.1335;;;24-Aug-2021
124266;UTI Overnight Fund - Direct Plan - Daily IDCW;;INF789FB1S89;1371.6621;;;24-Aug-2021
120786;UTI Overnight Fund - Direct Plan - Periodic IDCW;INF789FB1T05;INF789FB1S97;1526.8007;;;24-Aug-2021
124265;UTI Overnight Fund - Regular Plan - Daily IDCW;;INF789FB1T13;1370.8617;;;24-Aug-2021
100813;UTI Overnight Fund - Regular Plan - Periodic IDCW;INF789F01588;INF789F01596;1486.4277;;;24-Aug-2021

WhiteOak Capital Mutual Fund
147591;WhiteOak Capital Overnight Fund- Direct plan-Daily Reinvestment of Income Distribution cum capital withdrawal option (IDCW);;INF03VN01332;1000.3824;;;24-Aug-2021
147595;WhiteOak Capital Overnight Fund- Direct plan-Fortnightly  Payout/ Reinvestment of Income Distribution cum capital withdrawal option (IDCW);INF03VN01340;INF03VN01357;1003.0806;;;24-Aug-2021
147593;WhiteOak Capital Overnight Fund- Direct plan-Growth Option;INF03VN01365;;1072.3515;;;24-Aug-2021
147597;WhiteOak Capital Overnight Fund- Direct plan-Monthly  Payout/ Reinvestment of Income Distribution cum capital withdrawal option (IDCW);INF03VN01373;INF03VN01381;1001.9849;;;24-Aug-2021
147599;WhiteOak Capital Overnight Fund- Direct plan-Weekly Payout/ Reinvestment of Income Distribution cum capital withdrawal option (IDCW);INF03VN01407;INF03VN01415;1000.3763;;;24-Aug-2021
147590;WhiteOak Capital Overnight Fund- Regular plan-Growth Option;INF03VN01456;;1070.9997;;;24-Aug-2021
147598;WhiteOak Capital Overnight Fund- Regular plan-Weekly  Payout/ Reinvestment of Income Distribution cum capital withdrawal option (IDCW);INF03VN01480;INF03VN01498;1001.1156;;;24-Aug-2021

Open Ended Schemes ( Debt Scheme - Liquid Fund )


360 ONE Mutual Fund (Formerly Known as IIFL Mutual Fund)
125349;360 ONE LIQUID FUND DIRECT PLAN  DAILY DIVIDEND REINVESTMENT;;INF579M01688;1000.0427;;;24-Aug-2021
125345;360 ONE LIQUID FUND DIRECT PLAN  GROWTH;INF579M01621;;1608.9568;;;24-Aug-2021
125343;360 ONE LIQUID FUND DIRECT PLAN  WEEKLY DIVIDEND;INF579M01639;INF579M01696;1005.0000;;;24-Aug-2021
125342;360 ONE LIQUID FUND REGULAR PLAN  DAILY DIVIDEND REINVESTMENT;;INF579M01563;1000.0701;;;24-Aug-2021
125259;360 ONE LIQUID FUND REGULAR PLAN  GROWTH;INF579M01506;;1602.7017;;;24-Aug-2021
125337;360 ONE LIQUID FUND REGULAR PLAN  WEEKLY DIVIDEND;INF579M01514;INF579M01571;1005.0000;;;24-Aug-2021

Aditya Birla Sun Life Mutual Fund
100047;Aditya Birla Sun Life Liquid Fund - Growth;INF209K01RU9;;333.5939;;;24-Aug-2021
119568;Aditya Birla Sun Life Liquid Fund - Growth - Direct Plan;INF209K01VA3;;336.0032;;;24-Aug-2021
100046;Aditya Birla Sun Life Liquid Fund -Daily IDCW;INF209K01KQ2;INF209K01SQ5;100.195;;;24-Aug-2021
119569;Aditya Birla Sun Life Liquid Fund -Direct - daily IDCW;INF209K01UZ2;;100.195;;;24-Aug-2021
119571;Aditya Birla Sun Life Liquid Fund -DIRECT - IDCW;INF209K01VD7;;182.4228;;;24-Aug-2021
119570;Aditya Birla Sun Life Liquid Fund -Direct - weekly IDCW;INF209K01VC9;;100.262;;;24-Aug-2021
100041;Aditya Birla Sun Life Liquid Fund -Institutional - IDCW;;INF209K01KN9;108.023;;;24-Aug-2021
100048;Aditya Birla Sun Life Liquid Fund -Institutional - weekly  IDCW;INF209KA1LK7;INF209K01KY6;108.1066;;;24-Aug-2021
103885;Aditya Birla Sun Life Liquid Fund -Regular - IDCW;INF209KA1LI1;;139.5844;;;24-Aug-2021
100044;Aditya Birla Sun Life Liquid Fund -Retail - IDCW;;INF209K01KP4;163.694;;;24-Aug-2021
100051;Aditya Birla Sun Life Liquid Fund -weekly IDCW;INF209K01KU4;INF209KA1LJ9;100.2608;;;24-Aug-2021
112014;Aditya Birla Sun Life Liquid Fund- Discipline Advantage Plan;INF209K01KZ3;;224.6266;;;24-Aug-2021
100043;Aditya Birla Sun Life Liquid Fund-Institutional (Growth);INF209K01RT1;;555.5385;;;24-Aug-2021
100042;Aditya Birla Sun Life Liquid Fund-Retail (Growth);INF209K01ME4;;541.3514;;;24-Aug-2021

Axis Mutual Fund
120388;Axis Liquid Fund - Direct Plan - Daily IDCW;;INF846K01DA0;1000.9560;;;24-Aug-2021
120389;Axis Liquid Fund - Direct Plan - Growth Option;INF846K01CX4;;2315.3856;;;24-Aug-2021
120391;Axis Liquid Fund - Direct Plan - Monthly IDCW;INF846K01CY2;INF846K01CZ9;1003.4517;;;24-Aug-2021
120390;Axis Liquid Fund - Direct Plan - Weekly IDCW;INF846K01DB8;INF846K01DC6;1002.1849;;;24-Aug-2021
112211;Axis Liquid Fund - Regular Plan - Daily IDCW;;INF846K01420;1001.3998;;;24-Aug-2021
112210;Axis Liquid Fund - Regular Plan - Growth Option;INF846K01412;;2302.5070;;;24-Aug-2021
112213;Axis Liquid Fund - Regular Plan - Monthly IDCW;INF846K01453;INF846K01461;1003.9876;;;24-Aug-2021
112212;Axis Liquid Fund - Regular Plan - Weekly IDCW;INF846K01438;INF846K01446;1002.1826;;;24-Aug-2021
112712;Axis Liquid Fund - Retail Plan - Daily IDCW;;INF846K01362;1000.9559;;;24-Aug-2021
112713;Axis Liquid Fund - Retail Plan - Growth Option;INF846K01354;;2149.3434;;;24-Aug-2021
112714;Axis Liquid Fund - Retail Plan - Monthly IDCW;INF846K01396;INF846K01404;1003.0426;;;24-Aug-2021
112715;Axis Liquid Fund - Retail Plan - Weekly IDCW;INF846K01370;INF846K01388;1000.7603;;;24-Aug-2021

Bandhan Mutual Fund
108692;BANDHAN LIQUID Fund - Regular Plan - Daily IDCW;INF194K01VZ4;INF194K01VY7;1001.0846;;;24-Aug-2021
108690;BANDHAN LIQUID Fund - Regular Plan - Growth;INF194K01VX9;;2505.6141;;;24-Aug-2021
108693;BANDHAN LIQUID Fund - Regular Plan - Monthly IDCW;INF194K01WF4;INF194K01WE7;1002.6980;;;24-Aug-2021
115489;BANDHAN LIQUID Fund - Regular Plan - Periodic IDCW;INF194K01WC1;INF194K01WB3;1081.7718;;;24-Aug-2021
108691;BANDHAN LIQUID Fund - Regular Plan - Weekly IDCW;INF194K01WI8;INF194K01WH0;1001.4326;;;24-Aug-2021
139582;BANDHAN LIQUID Fund - Unclaimed IDCW Less than 3 years;INF194KA14C0;;1.3416;;;24-Aug-2021
139583;BANDHAN LIQUID Fund - Unclaimed IDCW More than 3 years;INF194KA15C7;;1.0000;;;24-Aug-2021
139584;BANDHAN LIQUID Fund - Unclaimed Redemption Less than 3 years;INF194KA12C4;;1.3416;;;24-Aug-2021
139585;BANDHAN LIQUID Fund - Unclaimed Redemption More than 3 years;INF194KA13C2;;1.0000;;;24-Aug-2021
118365;BANDHAN LIQUID Fund -Direct Plan -Monthly IDCW;INF194K01J36;INF194K01J28;1009.4645;;;24-Aug-2021
118367;BANDHAN LIQUID Fund -Direct Plan -Weekly IDCW;;INF194K01J51;1007.3123;;;24-Aug-2021
118366;BANDHAN LIQUID Fund -Direct Plan-Daily IDCW;;INF194K01I78;1001.6663;;;24-Aug-2021
118364;BANDHAN LIQUID Fund -Direct Plan-Growth;INF194K01I60;;2518.7906;;;24-Aug-2021
118363;BANDHAN LIQUID Fund -Direct Plan-Periodic IDCW;INF194K01J02;INF194K01I94;1014.7735;;;24-Aug-2021

Bank of India Mutual Fund
141887;BANK OF INDIA Liquid Fund  Unclaimed Dividend greater than  3 years;;;1000.0000;;;24-Aug-2021
141889;BANK OF INDIA Liquid Fund  Unclaimed Dividend Upto 3 years;;;1217.2481;;;24-Aug-2021
141888;BANK OF INDIA Liquid Fund  Unclaimed Redemption greater than  3 years;;;1000.0000;;;24-Aug-2021
141890;BANK OF INDIA Liquid Fund  Unclaimed Redemption Upto 3 years;;;1217.1204;;;24-Aug-2021
119368;BANK OF INDIA Liquid Fund- Direct Plan- Daily IDCW;;INF761K01CL0;1002.6483;;;24-Aug-2021
119369;BANK OF INDIA Liquid Fund- Direct Plan- Growth;INF761K01785;;2398.0008;;;24-Aug-2021
119370;BANK OF INDIA Liquid Fund- Direct Plan- Weekly IDCW;;INF761K01CM8;1061.6366;;;24-Aug-2021
111971;BANK OF INDIA Liquid Fund- Regular Plan- Daily IDCW;;INF761K01CO4;1002.1069;;;24-Aug-2021
109254;BANK OF INDIA Liquid Fund- Regular Plan- Growth;INF761K01306;;2378.8389;;;24-Aug-2021
109255;BANK OF INDIA Liquid Fund- Regular Plan- Weekly IDCW;;INF761K01CP1;1001.3906;;;24-Aug-2021

Baroda BNP Paribas Mutual Fund
119414;Baroda BNP Paribas LIQUID FUND - DIRECT PLAN - DAILY IDCW OPTION;INF955L01AK2;;1002.0849;;;24-Aug-2021
119415;Baroda BNP Paribas LIQUID FUND - DIRECT PLAN - GROWTH OPTION;INF955L01AL0;;2401.7517;;;24-Aug-2021
119416;Baroda BNP Paribas LIQUID FUND - DIRECT PLAN - WEEKLY IDCW OPTION;INF251K01SL8;;1218.5441;;;24-Aug-2021
111707;Baroda BNP Paribas LIQUID FUND - Regular Plan - DAILY IDCW OPTION;INF955L01468;INF955L01476;1001.1996;;;24-Aug-2021
111704;Baroda BNP Paribas LIQUID FUND - Regular Plan - GROWTH OPTION;INF955L01484;;2381.9000;;;24-Aug-2021
111705;Baroda BNP Paribas LIQUID FUND - Regular Plan - WEEKLY IDCW OPTION;INF251K01SK0;INF955L01500;1000.1395;;;24-Aug-2021
101408;Baroda BNP Paribas LIQUID FUND- Defunct Plan -Growth Option;INF955L01575;;3504.9568;;;24-Aug-2021
101407;Baroda BNP Paribas LIQUID FUND-Defunct Plan- IDCW Option;INF955L01559;INF955L01567;3002.9492;;;24-Aug-2021
101409;Baroda BNP Paribas LIQUID FUND-Defunct Plan-Daily IDCW Option;INF955L01518;INF955L01526;1006.0602;;;24-Aug-2021

BNP Paribas Mutual Fund
130473;BNP PARIBAS LIQUID FUND - DAILY Income Distribution cum Capital Withdrawal OPTION;;INF251K01NK1;1000.4900;;;24-Aug-2021
130489;BNP PARIBAS LIQUID Fund - DIRECT PLAN - MONTHLY Income Distribution cum Capital Withdrawal OPTION;INF251K01NR6;INF251K01NS4;1002.4960;;;24-Aug-2021
130486;BNP PARIBAS LIQUID FUND - DIRECT PLAN -- DAILY Income Distribution cum Capital Withdrawal OPTION;;INF251K01NP0;1001.3201;;;24-Aug-2021
130472;BNP PARIBAS LIQUID FUND - GROWTH OPTION;INF251K01NJ3;;3182.8138;;;24-Aug-2021
130476;BNP PARIBAS LIQUID FUND - MONTHLY Income Distribution cum Capital Withdrawal OPTION;INF251K01NM7;INF251K01NN5;1002.4245;;;24-Aug-2021
130459;BNP PARIBAS LIQUID FUND - REGULAR PLAN - GROWTH OPTION;INF251K01NF1;;3007.9823;;;24-Aug-2021
130465;BNP PARIBAS LIQUID FUND - REGULAR PLAN - WEEKLY Income Distribution cum Capital Withdrawal OPTION;;INF251K01NG9;1000.6714;;;24-Aug-2021
130474;BNP PARIBAS LIQUID FUND - WEEKLY Income Distribution cum Capital Withdrawal OPTION;;INF251K01NL9;1000.6762;;;24-Aug-2021
130479;BNP PARIBAS LIQUID FUND -- DIRECT PLAN - GROWTH OPTION;INF251K01NO3;;3210.0022;;;24-Aug-2021
130487;BNP PARIBAS LIQUID FUND -- DIRECT PLAN - WEEKLY Income Distribution cum Capital Withdrawal OPTION;;INF251K01NQ8;1000.6894;;;24-Aug-2021
139562;BNP PARIBAS LIQUID FUND SPECIAL UNCLAIMED DIV 36A -- GROWTH OPTION;INF251K01OL7;;1267.4947;;;24-Aug-2021
139561;BNP PARIBAS LIQUID FUND SPECIAL UNCLAIMED DIV 36B -- GROWTH OPTION;INF251K01OM5;;1356.4971;;;24-Aug-2021
139560;BNP PARIBAS LIQUID FUND SPECIAL UNCLAIMED RED 36A-- GROWTH OPTION;INF251K01OJ1;;1266.0297;;;24-Aug-2021
139563;BNP PARIBAS LIQUID FUND SPECIAL UNCLAIMED RED 36B -- GROWTH OPTION;INF251K01OK9;;1354.9633;;;24-Aug-2021

Canara Robeco Mutual Fund
118307;CANARA ROBECO LIQUID FUND - DIRECT PLAN - DAILY IDCW (Reinvestment);;INF760K01FS0;1005.5000;;;24-Aug-2021
118305;CANARA ROBECO LIQUID FUND - DIRECT PLAN - GROWTH OPTION;INF760K01FU6;;2498.8491;;;24-Aug-2021
118304;CANARA ROBECO LIQUID FUND - DIRECT PLAN - IDCW (Payout/Reinvestment);INF760K01FT8;;1788.8460;;;24-Aug-2021
118306;CANARA ROBECO LIQUID FUND - DIRECT PLAN - MONTHLY IDCW (Payout/Reinvestment);INF760K01FV4;INF760K01FW2;1002.4339;;;24-Aug-2021
118308;CANARA ROBECO LIQUID FUND - DIRECT PLAN - WEEKLY IDCW (Payout/Reinvestment);INF760K01FY8;INF760K01FX0;1000.5117;;;24-Aug-2021
109349;CANARA ROBECO LIQUID FUND - REGULAR PLAN - DAILY IDCW (Reinvestment);;INF760K01CU3;1005.5000;;;24-Aug-2021
109353;CANARA ROBECO LIQUID FUND - REGULAR PLAN - GROWTH OPTION;INF760K01CW9;;2490.8233;;;24-Aug-2021
109351;CANARA ROBECO LIQUID FUND - REGULAR PLAN - MONTHLY IDCW (Payout/Reinvestment);INF760K01CX7;INF760K01CY5;1002.4152;;;24-Aug-2021
109350;CANARA ROBECO LIQUID FUND - REGULAR PLAN - WEEKLY IDCW (Payout/Reinvestment);INF760K01BZ4;INF760K01CZ2;1000.5086;;;24-Aug-2021
139235;Canara Robeco Liquid Fund -Unclaimed Redemption and Dividend Plan -Direct Growth Option;INF760K01IC8;;1360.1033;;;24-Aug-2021

DSP Mutual Fund
119125;DSP Liquidity Fund - Direct Plan - Growth;INF740K01QL4;;2980.3667;;;24-Aug-2021
119124;DSP Liquidity Fund - Direct Plan - IDCW - Daily;;INF740KA1OB6;1000.9329;;;24-Aug-2021
119123;DSP Liquidity Fund - Direct Plan - IDCW - Weekly;INF740KA1OC4;INF740KA1OD2;1001.3356;;;24-Aug-2021
103347;DSP Liquidity Fund - Regular Plan - Growth;INF740K01FK9;;2957.4047;;;24-Aug-2021
103348;DSP Liquidity Fund - Regular Plan - IDCW - Weekly;INF740K01FM5;INF740K01FL7;1001.3205;;;24-Aug-2021
103349;DSP Liquidity Fund- Regular Plan - IDCW - Daily;;INF740KA1OE0;1000.9329;;;24-Aug-2021

Edelweiss Mutual Fund
140194;Edelweiss Liquid Fund - Direct Plan - Bonus Option;INF754K01GY9;;1565.5888;;;24-Aug-2021
140196;Edelweiss Liquid Fund - Direct Plan - Growth Option;INF754K01GM4;;2691.0148;;;24-Aug-2021
140198;Edelweiss Liquid Fund - Direct Plan - IDCW Option;INF754K01GO0;INF754K01GN2;2691.0285;;;24-Aug-2021
140192;Edelweiss Liquid Fund - Direct Plan Annual - IDCW Option;INF754K01GX1;INF754K01GT9;2691.0067;;;24-Aug-2021
140193;Edelweiss Liquid Fund - Direct Plan daily - IDCW Option;;INF754K01GP7;1002.9603;;;24-Aug-2021
140199;Edelweiss Liquid Fund - Direct Plan Fortnightly - IDCW Option;INF754K01GV5;INF754K01GR3;2172.7767;;;24-Aug-2021
140197;Edelweiss Liquid Fund - Direct Plan Monthly - IDCW Option;INF754K01GW3;INF754K01GS1;1007.224;;;24-Aug-2021
140195;Edelweiss Liquid Fund - Direct Plan weekly - IDCW Option;INF754K01GU7;INF754K01GQ5;2171.519;;;24-Aug-2021
140189;Edelweiss Liquid Fund - Regular Plan - Bonus Option;INF754K01HR1;;1548.1551;;;24-Aug-2021
140182;Edelweiss Liquid Fund - Regular Plan - Growth Option;INF754K01GZ6;;2657.7281;;;24-Aug-2021
140190;Edelweiss Liquid Fund - Regular Plan - IDCW Option;INF754K01GK8;INF754K01GL6;2657.7314;;;24-Aug-2021
140188;Edelweiss Liquid Fund - Regular Plan Annual - IDCW Option;INF754K01HQ3;INF754K01HP5;1838.9259;;;24-Aug-2021
140181;Edelweiss Liquid Fund - Regular Plan Daily - IDCW Option;;INF754K01HA7;1003.3974;;;24-Aug-2021
140184;Edelweiss Liquid Fund - Regular Plan Fortnightly - IDCW Option;INF754K01HK6;INF754K01HC3;2154.6017;;;24-Aug-2021
140183;Edelweiss Liquid Fund - Regular Plan Monthly - IDCW Option;INF754K01HL4;INF754K01HD1;1006.786;;;24-Aug-2021
140185;Edelweiss Liquid Fund - Regular Plan Weekly - IDCW Option;INF754K01HJ8;INF754K01HB5;1018;;;24-Aug-2021
140176;Edelweiss Liquid Fund - Retail Plan - Growth Option;INF754K01HE9;;2417.0166;;;24-Aug-2021
140178;Edelweiss Liquid Fund - Retail Plan - Weekly Dividend Option;;INF754K01HG4;1230.3267;;;24-Aug-2021
140177;Edelweiss Liquid Fund - Retail Plan Daily - IDCW Option;;INF754K01HF6;1003.1709;;;24-Aug-2021
140180;Edelweiss Liquid Fund - Retail Plan Monthly - IDCW Option;;INF754K01HI0;1246.7953;;;24-Aug-2021
141159;Edelweiss Liquid Fund - Unclaimed Dividend Plan- Above 3 years;;;1000;;;24-Aug-2021
141161;Edelweiss Liquid Fund - Unclaimed Dividend Plan- Upto 3 years;;;1286.8295;;;24-Aug-2021
141162;Edelweiss Liquid Fund - Unclaimed Redemption Plan- Above 3 years;;;1000;;;24-Aug-2021
141160;Edelweiss Liquid Fund - Unclaimed Redemption Plan- Upto 3 years;;;1286.8394;;;24-Aug-2021

Franklin Templeton Mutual Fund
100541;Franklin India Liquid Fund - Regular Plan - Daily - IDCW;;INF090I01BA3;1510.4899;;;24-Aug-2021
100538;Franklin India Liquid Fund - Regular Plan - Growth;INF090I01BB1;;4807.6582;;;24-Aug-2021
100537;Franklin India Liquid Fund - Regular Plan - Weekly - IDCW;INF090I01BL0;INF090I01BI6;1244.4763;;;24-Aug-2021
118577;Franklin India Liquid Fund - Super Institutional - Direct - Growth;INF090I01JV2;;3133.0001;;;24-Aug-2021
100547;Franklin India Liquid Fund - Super Institutional Plan - Daily - IDCW;;INF090I01BF2;1000.0000;;;24-Aug-2021
118578;Franklin India Liquid Fund - Super Institutional Plan - Direct - Daily - IDCW;INF090I01JW0;;1002.2204;;;24-Aug-2021
118579;Franklin India Liquid Fund - Super Institutional Plan - Direct - Weekly - IDCW;INF090I01JX8;INF090I01JY6;1021.5774;;;24-Aug-2021
100546;Franklin India Liquid Fund - Super Institutional Plan - Growth;INF090I01BG0;;3115.9418;;;24-Aug-2021
100548;Franklin India Liquid Fund - Super Institutional Plan - Weekly - IDCW;INF090I01BM8;INF090I01BH8;1022.1085;;;24-Aug-2021
139892;Franklin India Liquid Fund - Unclaimed IDCW Investor Education Plan - Growth;INF090I01LR6;;10.0000;;;24-Aug-2021
139890;Franklin India Liquid Fund - Unclaimed IDCW Plan - Growth;INF090I01LP0;;13.2253;;;24-Aug-2021
139891;Franklin India Liquid Fund - Unclaimed Redemption Investor Education Plan - Growth;INF090I01LQ8;;10.0000;;;24-Aug-2021
139889;Franklin India Liquid Fund - Unclaimed Redemption Plan - Growth;INF090I01LO3;;13.2253;;;24-Aug-2021
102443;Franklin India Liquid Fund - Institutional Plan - Daily - IDCW;;INF090I01BC9;1000.0000;;;24-Aug-2021
102442;Franklin India Liquid Fund - Institutional Plan - Weekly - IDCW;INF090I01BJ4;INF090I01BE5;1054.8856;;;24-Aug-2021

Groww Mutual Fund
119135;Groww Liquid Fund ( formerly known as Indiabulls Liquid )Fund - Direct Plan - Growth Option;INF666M01451;;2030.3727;;;24-Aug-2021
119136;Groww Liquid Fund (formerly known as Indiabulls Liquid Fund) - Direct Plan- - Income Distribution cum capital withdrawal Option ( Reinvestment);;INF666M01469;1001.06;;;24-Aug-2021
115991;Groww Liquid Fund (formerly known as Indiabulls Liquid Fund) - Regular Plan - Growth Option;INF666M01014;;2013.2354;;;24-Aug-2021
119138;Groww Liquid Fund (formerly known as Indiabulls Liquid Fund)- Direct Plan- Fortnightly - Income Distribution cum capital withdrawal Option (Payout & Reinvestment);INF666M01501;INF666M01485;1001.7888;;;24-Aug-2021
119139;Groww Liquid Fund (formerly known as Indiabulls Liquid Fund)- Direct Plan- Monthly - Income Distribution cum capital withdrawal Option (Payout & Reinvestment);INF666M01519;INF666M01493;1031.3102;;;24-Aug-2021
119137;Groww Liquid Fund (formerly known as Indiabulls Liquid Fund)- Direct Plan- Weekly - Income Distribution cum capital withdrawal Option (Payout & Reinvestment);INF666M01527;INF666M01477;1000.6303;;;24-Aug-2021
115992;Groww Liquid Fund (formerly known as Indiabulls Liquid Fund)- Regular Plan- - Income Distribution cum capital withdrawal Option (Reinvestment);;INF666M01022;1001.1451;;;24-Aug-2021
115995;Groww Liquid Fund (formerly known as Indiabulls Liquid Fund)- Regular Plan- Monthly - Income Distribution cum capital withdrawal Option (Payout & Reinvestment);INF666M01071;INF666M01055;1002.7001;;;24-Aug-2021
115993;Groww Liquid Fund (formerly known as Indiabulls Liquid Fund)- Regular Plan- Weekly - Income Distribution cum capital withdrawal Option (Payout & Reinvestment);INF666M01089;INF666M01030;1001.6978;;;24-Aug-2021
115994;Groww Liquid Fund (formerly known as Indiabulls Liquid) Fund- Regular Plan- Fortnightly - Income Distribution cum capital withdrawal Option (Payout & Reinvestment);INF666M01063;INF666M01048;1001.6776;;;24-Aug-2021
147937;Indiabulls Liquid Fund - Direct Plan- Growth -Unclaimed Redemption < 3 Yrs;;;2030.7911;;;24-Aug-2021
147939;Indiabulls Liquid Fund - Direct Plan- Growth- Unclaimed Redemption> 3Yrs;;;2030.574;;;24-Aug-2021
147938;Indiabulls Liquid Fund- Direct Plan-Growth- Unclaimed Dividend < 3 Yrs;;;2019.0977;;;24-Aug-2021
147940;Indiabulls Liquid Fund-Direct Plan- Growth- Unclaimed Dividend > 3 Yrs;;;2030.6124;;;24-Aug-2021

HDFC Mutual Fund
119091;HDFC Liquid Fund - Growth Option - Direct Plan;INF179KB1HP9;;4099.1403;;;24-Aug-2021
100868;HDFC Liquid Fund - Growth Plan;INF179KB1HK0;;4069.3107;;;24-Aug-2021
100875;HDFC Liquid Fund - IDCW Daily;;INF179KB1IC5;1019.82;;;24-Aug-2021
119089;HDFC Liquid Fund - IDCW Daily - Direct Plan;;INF179KB1HV7;1019.82;;;24-Aug-2021
100876;HDFC Liquid Fund - IDCW Monthly;INF179KB1HM6;INF179KB1HL8;1029.053;;;24-Aug-2021
119090;HDFC Liquid Fund - IDCW Monthly - Direct Plan;INF179KB1HO2;INF179KB1HQ7;1029.1347;;;24-Aug-2021
100874;HDFC Liquid Fund - IDCW Plan Weekly;INF179KB1ID3;;1031.1232;;;24-Aug-2021
119088;HDFC Liquid Fund - IDCW Weekly - Direct Plan;;;1031.1259;;;24-Aug-2021

HSBC Mutual Fund
139238;HSBC Cash Fund - Unclaimed Dividend Above 3 years;;;1000;;;24-Aug-2021
139237;HSBC Cash Fund - Unclaimed Dividend Below 3 years;;;1343.5166;;;24-Aug-2021
139239;HSBC Cash Fund - Unclaimed Redemption Above 3 years;;;1000;;;24-Aug-2021
139240;HSBC Cash Fund - Unclaimed Redemption Below 3 years;;;1343.5166;;;24-Aug-2021
120038;HSBC Liquid Fund -  Growth Direct;INF336L01CC8;;2076.1716;;;24-Aug-2021
120037;HSBC Liquid Fund - Direct Daily IDCW;;INF336L01CB0;1000.9401;;;24-Aug-2021
120039;HSBC Liquid Fund - Direct Monthly IDCW;INF336L01BZ1;INF336L01CA2;1040.716;;;24-Aug-2021
120040;HSBC Liquid Fund - Direct Weekly IDCW;INF336L01LK2;INF336L01CD6;1154.9933;;;24-Aug-2021
118907;HSBC Liquid Fund - Growth;INF336L01BL1;;3008.2828;;;24-Aug-2021
118906;HSBC Liquid Fund - IDCW;;INF336L01BK3;1019.3;;;24-Aug-2021
118909;HSBC Liquid Fund - Institutional Daily IDCW;;INF336L01BS6;1523.9999;;;24-Aug-2021
118901;HSBC Liquid Fund - Regular Daily IDCW;;INF336L01BM9;1001.0316;;;24-Aug-2021
118902;HSBC Liquid Fund - Regular Growth;INF336L01BN7;;2064.849;;;24-Aug-2021
118903;HSBC Liquid Fund - Regular Monthly IDCW;INF336L01BP2;INF336L01BO5;1004.2244;;;24-Aug-2021
118904;HSBC Liquid Fund - Regular Weekly IDCW;INF336L01LJ4;INF336L01BQ0;1108.1718;;;24-Aug-2021
118908;HSBC Liquid Fund - Weekly IDCW;;INF336L01BR8;1000.7236;;;24-Aug-2021

ICICI Prudential Mutual Fund
100357;ICICI Prudential Liquid Fund -Quarterly IDCW;INF109K01UU5;INF109K01UT7;100.8669;;;24-Aug-2021
103343;ICICI Prudential Liquid Fund - Daily IDCW;INF109K01VP3;;100.1482;;;24-Aug-2021
120198;ICICI Prudential Liquid Fund - Direct Plan -  Annual IDCW;INF109K01P99;INF109K01Q07;103.0968;;;24-Aug-2021
120187;ICICI Prudential Liquid Fund - Direct Plan -  Half Yearly IDCW;INF109K01Q56;INF109K01Q64;105.9351;;;24-Aug-2021
120191;ICICI Prudential Liquid Fund - Direct Plan -  IDCW Others;INF109K01Q31;INF109K01Q23;149.1098;;;24-Aug-2021
120188;ICICI Prudential Liquid Fund - Direct Plan - Daily IDCW;;INF109K01Q15;100.1082;;;24-Aug-2021
120197;ICICI Prudential Liquid Fund - Direct Plan - Growth;INF109K01Q49;;308.8054;;;24-Aug-2021
120189;ICICI Prudential Liquid Fund - Direct Plan - Monthly IDCW;INF109K01R06;;100.4292;;;24-Aug-2021
120196;ICICI Prudential Liquid Fund - Direct Plan - Quarterly IDCW;INF109K01Q72;INF109K01Q80;101.6370;;;24-Aug-2021
120190;ICICI Prudential Liquid Fund - Direct Plan - Weekly IDCW;INF109K01Q98;;100.1925;;;24-Aug-2021
103340;ICICI Prudential Liquid Fund - Growth;INF109K01VQ1;;306.9421;;;24-Aug-2021
104308;ICICI Prudential Liquid Fund - Half Yearly IDCW;INF109K01UX9;INF109K01UW1;104.8515;;;24-Aug-2021
115505;ICICI Prudential Liquid Fund - IDCW Others;INF109K01VU3;INF109K01VT5;148.5403;;;24-Aug-2021
139434;ICICI Prudential Liquid Fund - Unclaimed IDCW;INF109KB1WR9;;136.0658;;;24-Aug-2021
139432;ICICI Prudential Liquid Fund - Unclaimed IDCW Investor Education;INF109KB1WS7;;100.0000;;;24-Aug-2021
139433;ICICI Prudential Liquid Fund - Unclaimed Redemption;INF109KB1WQ1;;136.0658;;;24-Aug-2021
139431;ICICI Prudential Liquid Fund - Unclaimed Redemption Investor Education;INF109KB1WT5;;100.0000;;;24-Aug-2021
103342;ICICI Prudential Liquid Fund - Weekly IDCW;INF109K01VS7;;100.1671;;;24-Aug-2021
103341;ICICI Prudential Liquid Fund -Monthly IDCW;INF109K01VR9;;100.3167;;;24-Aug-2021
112119;ICICI Prudential Liquid Fund-Annual IDCW;INF109K01VD9;INF109K01VC1;102.9515;;;24-Aug-2021

IDBI Mutual Fund
126163;IDBI Liquid Fund Bonus Direct;INF397L01FP5;;1680.9441;;;24-Aug-2021
118345;IDBI Liquid Fund Growth Direct;INF397L01AH3;;2243.7048;;;24-Aug-2021
113104;IDBI Liquid Fund- Monthly IDCW;INF397L01976;INF397L01968;1006.3403;;;24-Aug-2021
118449;IDBI Liquid Fund- Monthly IDCW Direct;INF397L01AK7;INF397L01AJ9;1004.8134;;;24-Aug-2021
113102;IDBI Liquid Fund-Daily IDCW;;INF397L01935;1005.2683;;;24-Aug-2021
118450;IDBI Liquid Fund-Daily IDCW Direct;;INF397L01AI1;1002.3548;;;24-Aug-2021
113096;IDBI Liquid Fund-Growth;INF397L01984;;2226.1009;;;24-Aug-2021
113103;IDBI Liquid Fund-Weekly IDCW;INF397L01950;INF397L01943;1023.1889;;;24-Aug-2021
118451;IDBI Liquid Fund-Weekly IDCW Direct;INF397L01AM3;INF397L01AL5;1003.9166;;;24-Aug-2021

Invesco Mutual Fund
122786;Invesco India Liquid Fund - Bonus Option;INF205K01UX5;;2848.6219;;;24-Aug-2021
104484;Invesco India Liquid Fund - Daily IDCW (Reinvestment);;INF205K01HN3;1002.7594;;;24-Aug-2021
120537;Invesco India Liquid Fund - Direct Plan - Growth;INF205K01MF9;;2863.5635;;;24-Aug-2021
120536;Invesco India Liquid Fund - Direct Plan - Monthly IDCW (Payout / Reinvestment);INF205K01MG7;INF205K01MH5;1051.5246;;;24-Aug-2021
120535;Invesco India Liquid Fund - Direct Plan - Weekly IDCW (Reinvestment);;INF205K01MI3;1000.6062;;;24-Aug-2021
120534;Invesco India Liquid Fund - Direct Plan- Daily IDCW (Reinvestment);;INF205K01ME2;1000.9596;;;24-Aug-2021
104486;Invesco India Liquid Fund - Growth;INF205K01HM5;;2846.7284;;;24-Aug-2021
104492;Invesco India Liquid Fund - Monthly IDCW (Payout / Reinvestment);INF205K01HQ6;INF205K01HP8;1005.3737;;;24-Aug-2021
104488;Invesco India Liquid Fund - Regular - Growth;INF205K01HG7;;2572.7914;;;24-Aug-2021
104489;Invesco India Liquid Fund - Regular - Weekly IDCW (Reinvestment);;INF205K01HH5;1001.9779;;;24-Aug-2021
139390;Invesco India Liquid Fund - Unclaimed Dividend Plan - Above 3 Years;;;1000;;;24-Aug-2021
139389;Invesco India Liquid Fund - Unclaimed Dividend Plan - Below 3 Years;;;1357.119;;;24-Aug-2021
139388;Invesco India Liquid Fund - Unclaimed Redemption Plan - Above 3 Years;;;1000;;;24-Aug-2021
139387;Invesco India Liquid Fund - Unclaimed Redemption Plan - Below 3 years;;;1357.0183;;;24-Aug-2021
104485;Invesco India Liquid Fund - Weekly IDCW (Reinvestment);;INF205K01HO1;1003.2687;;;24-Aug-2021

ITI Mutual Fund
147161;ITI Liquid Fund - Direct Plan - Annually IDCW Option;INF00XX01366;INF00XX01333;1093.7547;;;24-Aug-2021
147158;ITI Liquid Fund - Direct Plan - Daily IDCW Option;;INF00XX01291;1001.3233;;;24-Aug-2021
147157;ITI Liquid Fund - Direct Plan - Growth Option;INF00XX01283;;1093.4251;;;24-Aug-2021
147163;ITI Liquid Fund - Direct Plan - Monthly IDCW Option;INF00XX01358;INF00XX01325;1003.3084;;;24-Aug-2021
147159;ITI Liquid Fund - Direct Plan - Weekly IDCW Option;;INF00XX01309;1001.0000;;;24-Aug-2021
147162;ITI Liquid Fund - Regular Plan - Annually IDCW Option;INF00XX01275;INF00XX01242;1092.6834;;;24-Aug-2021
147154;ITI Liquid Fund - Regular Plan - Daily IDCW Option;;INF00XX01200;1001.0000;;;24-Aug-2021
147155;ITI Liquid Fund - Regular Plan - Fortnightly Income Distribution cum capital withdrawal option Option;INF00XX01259;INF00XX01226;1022.6712;;;24-Aug-2021
147153;ITI Liquid Fund - Regular Plan - Growth Option;INF00XX01192;;1090.6160;;;24-Aug-2021
147156;ITI Liquid Fund - Regular Plan - Monthly IDCW Option;INF00XX01267;INF00XX01234;1003.2351;;;24-Aug-2021
147164;ITI Liquid Fund - Regular Plan - Weekly IDCW Option;;INF00XX01218;1001.0000;;;24-Aug-2021

JM Financial Mutual Fund
120410;JM Liquid Fund (Direct) - Bonus Option - Bonus Option - Principal units;INF192K01CN4;;18.3421;;;24-Aug-2021
120411;JM Liquid Fund (Direct) - Daily IDCW;;INF192K01CH6;10.4302;;;24-Aug-2021
120406;JM Liquid Fund (Direct) - Growth Option;INF192K01CM6;;57.0034;;;24-Aug-2021
120408;JM Liquid Fund (Direct) - Quarterly IDCW;INF192K01CK0;INF192K01CL8;32.3631;;;24-Aug-2021
120407;JM Liquid Fund (Direct) - Weekly IDCW;INF192K01CI4;INF192K01CJ2;11.0060;;;24-Aug-2021
100244;JM Liquid Fund (Regular) - Quarterly IDCW;INF192K01866;INF192K01874;32.0437;;;24-Aug-2021
100247;JM Liquid Fund (Regular) - Super Institutional Plan - Growth Option;INF192K01981;;32.5550;;;24-Aug-2021
100233;JM Liquid Fund (Regular) - Weekly IDCW;INF192K01841;INF192K01858;11.0035;;;24-Aug-2021
100234;JM Liquid Fund - Growth Option;INF192K01882;;56.6136;;;24-Aug-2021
148414;JM Liquid Fund - Unclaimed Application Refund Amount I.E.F. (Direct) - Growth Plan;;;41.4437;;;24-Aug-2021
148413;JM Liquid Fund - Unclaimed Brokerage I.E.F. (Direct) - Growth Plan;;;41.4437;;;24-Aug-2021
148415;JM Liquid Fund - Withheld Brokerage I.E.F. (Direct) - Growth Plan;;;41.4437;;;24-Aug-2021
139258;JM Liquid Fund Unclaimed Dividend (Direct) Growth Plan;INF192K01LB0;;57.0056;;;24-Aug-2021
139260;JM Liquid Fund Unclaimed Dividend IEF (Direct) Growth Plan;INF192K01LD6;;41.4437;;;24-Aug-2021
139257;JM Liquid Fund Unclaimed Redemption (Direct) Growth Plan;INF192K01LA2;;57.0056;;;24-Aug-2021
139259;JM Liquid Fund Unclaimed Redemption IEF (Direct) Growth Plan;INF192K01LC8;;41.4437;;;24-Aug-2021
101549;JM Liquid Fund (Regular) - Bonus Option - Principal Units;INF192K01890;;18.1278;;;24-Aug-2021
101078;JM Liquid Fund (Regular) - Daily IDCW;;INF192K01833;10.4302;;;24-Aug-2021

Kotak Mahindra Mutual Fund
119764;Kotak Liquid Fund - Daily Reinvestment of Income Distribution cum capital withdrawal option - Direct;INF174K01NH1;;1222.81;;;24-Aug-2021
119766;Kotak Liquid Fund - Growth - Direct;INF174K01NE8;;4214.8389;;;24-Aug-2021
119765;Kotak Liquid Fund - Weekly  Payout of Income Distribution cum capital withdrawal option - Direct;INF174K01NF5;INF174K01NG3;1005.2141;;;24-Aug-2021
100833;Kotak Liquid Fund Regular Plan Daily Reinvestment of Income Distribution cum capital withdrawal option;INF174K01NL3;;1222.81;;;24-Aug-2021
100835;Kotak Liquid Fund Regular Plan Growth;INF174K01NI9;;4194.304;;;24-Aug-2021
100834;Kotak Liquid Fund Regular Plan Weekly Reinvestment of Income Distribution cum capital withdrawal option Dividend;INF174K01NK5;;1000.2501;;;24-Aug-2021

L&T Mutual Fund
122235;L&T Liquid Fund - Direct Plan - Weekly IDCW;;INF917K01HE2;1001.0187;;;24-Aug-2021
119791;L&T Liquid Fund - Direct Plan -Daily IDCW;INF917K01HG7;;1014.3496;;;24-Aug-2021
119790;L&T Liquid Fund - Direct Plan -Growth;INF917K01HF9;;2855.7767;;;24-Aug-2021
112458;L&T Liquid Fund - Regular Plan - Weekly IDCW;INF917K01BK2;INF917K01JG3;1002.7868;;;24-Aug-2021
112445;L&T Liquid Fund -Regular Plan - Daily IDCW;INF917K01JB4;;1011.7794;;;24-Aug-2021
112457;L&T Liquid Fund -Regular Plan - Growth;INF917K01JH1;;2842.3143;;;24-Aug-2021

LIC Mutual Fund
120248;LIC MF Liquid Fund-Direct Plan-Daily IDCW;INF767K01DL5;INF767K01DM3;1013.2611;;;24-Aug-2021
120249;LIC MF Liquid Fund-Direct Plan-Growth;INF767K01DN1;;3787.3745;;;24-Aug-2021
101184;LIC MF Liquid Fund-Regular Plan-Daily IDCW;INF767K01IQ3;INF767K01IR1;1000.0004;;;24-Aug-2021
101185;LIC MF Liquid Fund-Regular Plan-Growth;INF767K01IS9;;3750.8035;;;24-Aug-2021

Mahindra Manulife Mutual Fund
139535;Mahindra Manulife Liquid Fund - Direct Plan - Daily IDCW;;INF174V01051;1000.8430;;;24-Aug-2021
139536;Mahindra Manulife Liquid Fund - Direct Plan - Weekly IDCW;;INF174V01069;1003.5159;;;24-Aug-2021
139538;Mahindra Manulife Liquid Fund - Direct Plan -Growth;INF174V01044;;1355.5259;;;24-Aug-2021
139534;Mahindra Manulife Liquid Fund - Regular Plan - Daily IDCW;;INF174V01028;1000.8404;;;24-Aug-2021
139537;Mahindra Manulife Liquid Fund - Regular Plan - Growth;INF174V01010;;1346.8764;;;24-Aug-2021
139541;Mahindra Manulife Liquid Fund - Regular Plan - Weekly IDCW;;INF174V01036;1009.9174;;;24-Aug-2021
139540;Mahindra Manulife Liquid Fund - Unclaimed Redemption / IDCW Beyond 3 years;;;1000.0000;;;24-Aug-2021
139539;Mahindra Manulife Liquid Fund - Unclaimed Redemption / IDCW Upto three years;;;1207.8690;;;24-Aug-2021

Mirae Asset Mutual Fund
118859;Mirae Asset Liquid Fund - Direct Plan - Growth;INF769K01CM1;;2200.9832;;;24-Aug-2021
118862;Mirae Asset Liquid Fund - Direct Plan - Weekly IDCW;;INF769K01CP4;1216.8713;;;24-Aug-2021
118861;Mirae Asset Liquid Fund - Direct Plan -Daily IDCW;;INF769K01CO7;1075.8332;;;24-Aug-2021
118860;Mirae Asset Liquid Fund - Direct Plan -Monthly IDCW;INF769K01CN9;INF769K01CQ2;1134.6543;;;24-Aug-2021
111647;Mirae Asset Liquid Fund - Regular - Daily IDCW;;INF769K01804;1066.4347;;;24-Aug-2021
111646;Mirae Asset Liquid Fund - Regular Plan - Growth;INF769K01788;;2172.1885;;;24-Aug-2021
111645;Mirae Asset Liquid Fund - Regular Plan - Monthly IDCW;INF769K01838;INF769K01820;1152.3028;;;24-Aug-2021
111644;Mirae Asset Liquid Fund - Regular Plan - Weekly IDCW;;INF769K01812;1153.1615;;;24-Aug-2021

Motilal Oswal Mutual Fund
145834;Motilal Oswal Liquid Fund - Direct Growth;INF247L01734;;11.1728;;;24-Aug-2021
145946;Motilal Oswal Liquid Fund - Regular Growth;INF247L01726;;11.1278;;;24-Aug-2021
147441;Motilal Oswal Liquid Fund - Unclaimed Dividend- Upto 3 years;;;10.8537;;;24-Aug-2021
147444;Motilal Oswal Liquid Fund - Unclaimed Redemption - Upto 3 years;;;10.6540;;;24-Aug-2021
146218;Motilal Oswal Liquid Fund Direct - IDCW  Quarterly Payout/Reinvestment;INF247L01791;INF247L01783;10.0558;;;24-Aug-2021
146226;Motilal Oswal Liquid Fund Direct - IDCW Fortnightly Reinvestment;;INF247L01759;10.0140;;;24-Aug-2021
146223;Motilal Oswal Liquid Fund Direct - IDCW Monthly Payout/Reinvestment;INF247L01775;INF247L01767;10.0520;;;24-Aug-2021
146228;Motilal Oswal Liquid Fund Direct - IDCW Reinvestment;;INF247L01742;10.0077;;;24-Aug-2021
146229;Motilal Oswal Liquid Fund Direct - IDCW Weekly Reinvestment;;INF247L01809;10.0093;;;24-Aug-2021
146227;Motilal Oswal Liquid Fund Regular - IDCW Daily Reinvestment;;INF247L01817;10.0055;;;24-Aug-2021
146230;Motilal Oswal Liquid Fund Regular - IDCW Fortnightly Reinvestment;;INF247L01825;10.0134;;;24-Aug-2021
146220;Motilal Oswal Liquid Fund Regular - IDCW Monthly Payout/Reinvestment;INF247L01841;INF247L01833;10.0509;;;24-Aug-2021
146222;Motilal Oswal Liquid Fund Regular - IDCW Quarterly Payout/Reinvestment;INF247L01866;INF247L01858;10.0536;;;24-Aug-2021
146224;Motilal Oswal Liquid Fund Regular - IDCW Weekly Reinvestment;;INF247L01874;10.0163;;;24-Aug-2021

Navi Mutual Fund
119163;Navi Liquid Fund - Direct Plan Daily IDCW - ReInvestment;;INF959L01GK1;1001.29;;;24-Aug-2021
119161;Navi Liquid Fund - Direct Plan Monthly IDCW - Payout;INF959L01GG9;INF959L01GH7;1003.6863;;;24-Aug-2021
119162;Navi Liquid Fund - Direct Plan Weekly IDCW - Payout;INF959L01GI5;INF959L01GJ3;1000.517;;;24-Aug-2021
112645;Navi Liquid Fund - Regular Plan Daily IDCW;;INF959L01GM7;1001.2902;;;24-Aug-2021
112647;Navi Liquid Fund - Regular Plan Monthly IDCW;INF959L01GN5;INF959L01GO3;1003.6481;;;24-Aug-2021
112646;Navi Liquid Fund - Regular Plan Weekly IDCW;INF959L01GP0;INF959L01GQ8;1000.554;;;24-Aug-2021
119164;Navi Liquid Fund-Direct Plan-Growth Option;INF959L01GF1;;2277.7335;;;24-Aug-2021
112636;Navi Liquid Fund-Regular Plan-Growth Option;INF959L01GL9;;2261.582;;;24-Aug-2021
140437;Navi Liquid Fund-Unclaimed Redemption and Dividend Plan greater than 3 years;INF959L01CO2;;1000;;;24-Aug-2021
139386;Navi Liquid Fund-Unclaimed Redemption and Dividend Plan less than 3 years;INF959L01CN4;;2266.0035;;;24-Aug-2021

Nippon India Mutual Fund
100852;NIPPON INDIA LIQUID FUND - DAILY IDCW OPTION;;INF204K01UM1;1528.7400;;;24-Aug-2021
118695;NIPPON INDIA LIQUID FUND - DIRECT Plan - DAILY IDCW OPTION;;INF204K01ZG2;1528.7400;;;24-Aug-2021
118696;NIPPON INDIA LIQUID FUND - DIRECT Plan - MONTHLY IDCW OPTION;INF204K01ZI8;INF204K01ZJ6;1591.5302;;;24-Aug-2021
118698;NIPPON INDIA LIQUID FUND - DIRECT Plan - QUARTERLY IDCW OPTION;INF204K01ZK4;INF204K01ZL2;1009.9819;;;24-Aug-2021
118700;NIPPON INDIA LIQUID FUND - DIRECT Plan - WEEKLY IDCW OPTION;;INF204K01ZM0;1530.8508;;;24-Aug-2021
118701;Nippon India Liquid Fund - Direct Plan Growth Plan - Growth Option;INF204K01ZH0;;5100.0561;;;24-Aug-2021
100855;NIPPON INDIA LIQUID FUND - MONTHLY IDCW OPTION;INF204K01UO7;INF204K01UP4;1588.0407;;;24-Aug-2021
112340;NIPPON INDIA LIQUID FUND - QUARTERLY IDCW OPTION;INF204K01UQ2;INF204K01UR0;1007.9991;;;24-Aug-2021
100837;Nippon India Liquid Fund - Retail Option - Growth Plan;INF204K01UL3;;4585.8055;;;24-Aug-2021
100842;NIPPON INDIA LIQUID FUND - RETAIL Plan - DAILY IDCW OPTION;;INF204K01UJ7;1524.2800;;;24-Aug-2021
100843;NIPPON INDIA LIQUID FUND - RETAIL plan - MONTHLY IDCW OPTION;INF204K01UT6;INF204K01UU4;1329.3333;;;24-Aug-2021
100844;NIPPON INDIA LIQUID FUND - RETAIL Plan - QUARTERLY IDCW OPTION;INF204K01UV2;INF204K01UW0;1219.3351;;;24-Aug-2021
100838;NIPPON INDIA LIQUID FUND - RETAIL Plan - WEEKLY IDCW OPTION;;INF204K01UK5;1034.4541;;;24-Aug-2021
100853;NIPPON INDIA LIQUID FUND - WEEKLY IDCW OPTION;;INF204K01US8;1530.8289;;;24-Aug-2021
100851;Nippon India Liquid Fund -Growth Plan;INF204K01UN9;;5061.6012;;;24-Aug-2021

PGIM India Mutual Fund
139603;PGIM India Insta Cash Fund - Unclaimed Dividend Plan - Below 3 years;;;132.2582;;;24-Aug-2021
139604;PGIM India Insta Cash Fund - Unclaimed Redemption Plan - Above 3 years;;;100;;;24-Aug-2021
139605;PGIM India Insta Cash Fund - Unclamied Dividend Plan - Above 3 years;;;100;;;24-Aug-2021
139602;PGIM India Insta Cash Fund - Unlcaimed Redemption Plan - Below 3 years;;;132.1641;;;24-Aug-2021
138286;PGIM India Liquid Fund - Bonus Option;INF223J01BQ4;;184.4136;;;24-Aug-2021
138285;PGIM India Liquid Fund - Daily Dividend;;INF223J01BO9;100.304;;;24-Aug-2021
138297;PGIM India Liquid Fund - Direct Plan - Daily Dividend;INF223J01NR7;;105.5066;;;24-Aug-2021
138299;PGIM India Liquid Fund - Direct Plan - Growth;INF223J01NS5;;271.6944;;;24-Aug-2021
138298;PGIM India Liquid Fund - Direct Plan - Monthly Dividend;INF223J01NT3;INF223J01NU1;107.9326;;;24-Aug-2021
138301;PGIM India Liquid Fund - Direct Plan - Weekly Dividend;INF223J01NV9;INF223J01NW7;100.5414;;;24-Aug-2021
138288;PGIM India Liquid Fund - Growth;INF223J01BP6;;269.7515;;;24-Aug-2021
138287;PGIM India Liquid Fund - Monthly Dividend;INF223J01BL5;;108.6937;;;24-Aug-2021
138289;PGIM India Liquid Fund - Weekly Dividend;INF223J01BU6;;100.5403;;;24-Aug-2021

PPFAS Mutual Fund
143263;Parag Parikh Liquid Fund- Direct Plan- Daily Reinvestment of IDCW;;INF879O01118;1000.5404;;;24-Aug-2021
143269;Parag Parikh Liquid Fund- Direct Plan- Growth;INF879O01068;;1167.9268;;;24-Aug-2021
143262;Parag Parikh Liquid Fund- Direct Plan- Monthly IDCW;INF879O01076;INF879O01084;1005.6521;;;24-Aug-2021
143265;Parag Parikh Liquid Fund- Direct Plan- Weekly Reinvestment of IDCW;;INF879O01134;1001.1085;;;24-Aug-2021
143264;Parag Parikh Liquid Fund- Regular Plan- Daily Reinvestment of IDCW;;INF879O01126;1000.5404;;;24-Aug-2021
143260;Parag Parikh Liquid Fund- Regular Plan- Growth;INF879O01035;;1163.9615;;;24-Aug-2021
143261;Parag Parikh Liquid Fund- Regular Plan- Monthly IDCW;INF879O01043;INF879O01050;1005.5720;;;24-Aug-2021
143266;Parag Parikh Liquid Fund- Regular Plan- Weekly Reinvestment of IDCW;;INF879O01142;1001.1058;;;24-Aug-2021

Principal Mutual Fund
100895;Principal Cash Management Fund - Daily Income Distribution CUM Capital Withdrawal;;INF173K01DB7;1000.8893;;;24-Aug-2021
119468;Principal Cash Management Fund - Direct Plan - Growth Option;INF173K01GU0;;1841.0311;;;24-Aug-2021
119467;Principal Cash Management Fund - Direct Plan - Income Distribution CUM Capital Withdrawal Option - Daily;;INF173K01GT2;1000.6367;;;24-Aug-2021
119469;Principal Cash Management Fund - Direct Plan - Income Distribution CUM Capital Withdrawal Option - Weekly;;INF173K01GY2;1007.2828;;;24-Aug-2021
100897;Principal Cash Management Fund - Monthly Income Distribution CUM Capital Withdrawal Option;INF173K01BV9;INF173K01BW7;1023.3576;;;24-Aug-2021
100896;Principal Cash Management Fund - Weekly Income Distribution CUM Capital Withdrawal Option;;INF173K01DC5;1006.8180;;;24-Aug-2021
119466;Principal Cash Management Fund -Direct Plan - Income Distribution CUM Capital Withdrawal Option - Monthly;INF173K01GV8;INF173K01GW6;1023.3897;;;24-Aug-2021
100898;Principal Cash Management Fund -Growth Option;INF173K01DA9;;1829.4339;;;24-Aug-2021

quant Mutual Fund
120837;quant Liquid Fund - Growth Option - Direct Plan;INF966L01820;;33.4679;;;24-Aug-2021
103225;quant Liquid Fund - Growth Option - Regular Plan;INF966L01317;;32.9388;;;24-Aug-2021
120838;quant Liquid Fund - Monthly IDCW Option - Direct Plan;INF966L01796;INF966L01812;15.5529;;;24-Aug-2021
103228;quant Liquid Fund - Monthly IDCW Option - Regular Plan;INF966L01291;INF966L01309;15.2267;;;24-Aug-2021
120839;quant Liquid Fund - Weekly IDCW Option - Direct Plan;INF966L01788;INF966L01804;14.2121;;;24-Aug-2021
103227;quant Liquid Fund - Weekly IDCW Option - Regular Plan;INF966L01499;INF966L01283;13.6109;;;24-Aug-2021
120836;quant Liquid Fund-Daily IDCW Option - Direct Plan;;INF966L01770;13.6001;;;24-Aug-2021
103226;quant Liquid Fund-Daily IDCW Option - Regular Plan;;INF966L01275;13.3118;;;24-Aug-2021
148513;quant Liquid Fund-Unclaimed Dividend Investor Education Plan-Growth Option;;;10.435;;;24-Aug-2021
148510;quant Liquid Fund-Unclaimed Dividend-Growth Option;;;10.4356;;;24-Aug-2021
148511;quant Liquid Fund-Unclaimed Redemption Investor Education Plan-Growth Option;;;10.435;;;24-Aug-2021
148512;quant Liquid Fund-Unclaimed Redemption Plan-Growth Option;;;10.4369;;;24-Aug-2021

Quantum Mutual Fund
103736;Quantum Liquid Fund - Direct Plan Daily IDCW;;INF082J01135;10.0072;;;24-Aug-2021
103734;Quantum Liquid Fund - Direct Plan Growth Option;INF082J01127;;28.1422;;;24-Aug-2021
103735;Quantum Liquid Fund - Direct Plan Monthly IDCW;INF082J01143;INF082J01200;10.0348;;;24-Aug-2021
141065;Quantum Liquid Fund - Regular Plan Daily IDCW;;INF082J01317;10.0010;;;24-Aug-2021
141066;Quantum Liquid Fund - Regular Plan Growth Option;INF082J01309;;28.0535;;;24-Aug-2021
141067;Quantum Liquid Fund - Regular Plan Monthly IDCW;INF082J01325;INF082J01333;10.0310;;;24-Aug-2021

SBI Mutual Fund
119804;SBI Liquid Fund - Direct Paln - Fortnightly Income Distribution cum Capital Withdrawal Option (IDCW);INF200K01UR8;INF200K01US6;1066.0853;;;24-Aug-2021
119805;SBI Liquid Fund - Direct Plan - Daily Income Distribution cum Capital Withdrawal Option (IDCW);;INF200K01UQ0;1053.4819;;;24-Aug-2021
119799;SBI Liquid Fund - Direct Plan - Weekly Income Distribution cum Capital Withdrawal Option (IDCW);INF200K01UU2;INF200K01UV0;1115.0179;;;24-Aug-2021
119800;SBI Liquid Fund - DIRECT PLAN -Growth;INF200K01UT4;;3264.6881;;;24-Aug-2021
105274;SBI Liquid Fund - Institutional - Growth;INF200K01LU1;;3275.4039;;;24-Aug-2021
105275;SBI Liquid Fund - Institutional Daily Income Distribution cum Capital Withdrawal Option (IDCW);;INF200K01LR7;1052.2633;;;24-Aug-2021
105279;SBI Liquid Fund - Institutional Fortnightly Income Distribution cum Capital Withdrawal Option (IDCW);INF200K01LS5;INF200K01LT3;1076.7326;;;24-Aug-2021
105281;SBI Liquid Fund - Regular Plan - Daily Income Distribution cum Capital Withdrawal Option (IDCW);;INF200K01LX5;1052.2571;;;24-Aug-2021
105283;SBI Liquid Fund - Regular Plan - Fortnightly Income Distribution cum Capital Withdrawal Option (IDCW);INF200K01LY3;INF200K01LZ0;1064.8620;;;24-Aug-2021
105282;SBI Liquid Fund - Regular Plan - Weekly Income Distribution cum Capital Withdrawal Option (IDCW);INF200K01MB9;INF200K01MC7;1113.7218;;;24-Aug-2021
105280;SBI Liquid Fund - REGULAR PLAN -Growth;INF200K01MA1;;3244.7422;;;24-Aug-2021

Sundaram Mutual Fund
119690;Sundaram Money Fund Direct Plan - Bonus;INF903J01RL8;;15.7406;;;24-Aug-2021
119688;Sundaram Money Fund Direct Plan - Daily Reinvestment of Income Distribution cum Capital Withdrawal (IDCW);;INF903J01QA3;10.1025;;;24-Aug-2021
119692;Sundaram Money Fund Direct Plan - Fortnightly Reinvestment of Income Distribution cum Capital Withdrawal (IDCW);;INF903J01QB1;26.3841;;;24-Aug-2021
119686;Sundaram Money Fund Direct Plan - Growth;INF903J01QF2;;43.9842;;;24-Aug-2021
119687;Sundaram Money Fund Direct Plan - Monthly Income Distribution cum Capital Withdrawal (IDCW);INF903J01QC9;INF903J01QD7;10.7822;;;24-Aug-2021
119689;Sundaram Money Fund Direct Plan - Quarterly Reinvestment of Income Distribution cum Capital Withdrawal (IDCW);;INF903J01QE5;40.0937;;;24-Aug-2021
119691;Sundaram Money Fund Direct Plan - Weekly Reinvestment of Income Distribution cum Capital Withdrawal (IDCW);;INF903J01QG0;12.0690;;;24-Aug-2021
102701;Sundaram Money Fund Institutional Plan - Daily Reinvestment of Income Distribution cum Capital Withdrawal (IDCW);;INF903J01GP2;10.0953;;;24-Aug-2021
118328;Sundaram Money Fund Regular Plan - Bonus;INF903J01MB0;;15.6165;;;24-Aug-2021
103392;Sundaram Money Fund Regular Plan - Daily Reinvestment of Income Distribution cum Capital Withdrawal (IDCW);;INF903J01GW8;10.0953;;;24-Aug-2021
103395;Sundaram Money Fund Regular Plan - Fortnightly Reinvestment of Income Distribution cum Capital Withdrawal (IDCW);;INF903J01GY4;11.1606;;;24-Aug-2021
103397;Sundaram Money Fund Regular Plan - Growth;INF903J01GU2;;43.6876;;;24-Aug-2021
103396;Sundaram Money Fund Regular Plan - Monthly Income Distribution cum Capital Withdrawal (IDCW);INF903J01GV0;INF903J01GZ1;10.6389;;;24-Aug-2021
103393;Sundaram Money Fund Regular Plan - Quarterly Reinvestment of Income Distribution cum Capital Withdrawal (IDCW);;INF903J01HA2;39.8684;;;24-Aug-2021
100620;Sundaram Money Fund Retail Plan - Daily Reinvestment of Income Distribution cum Capital Withdrawal (IDCW);;INF903J01GI7;10.0953;;;24-Aug-2021
100622;Sundaram Money Fund Retail Plan - Fortnightly Reinvestment of Income Distribution cum Capital Withdrawal (IDCW);;INF903J01GK3;11.1458;;;24-Aug-2021
100618;Sundaram Money Fund Retail Plan - Growth;INF903J01GG1;;40.8284;;;24-Aug-2021
100623;Sundaram Money Fund Retail Plan - Monthly Income Distribution cum Capital Withdrawal (IDCW);INF903J01GH9;INF903J01GL1;10.2831;;;24-Aug-2021
100619;Sundaram Money Fund Retail Plan - Quarterly Reinvestment of Income Distribution cum Capital Withdrawal (IDCW);;INF903J01GM9;12.4780;;;24-Aug-2021
100621;Sundaram Money Fund Retail Plan - Weekly Reinvestment of Income Distribution cum Capital Withdrawal (IDCW);;INF903J01GJ5;11.9996;;;24-Aug-2021
140006;Sundaram Money Fund Unclaimed Amount Plan - Unclaimed Dividend Less Than Three Years;INF903JA1567;;13.0550;;;24-Aug-2021
140005;Sundaram Money Fund Unclaimed Amount Plan - Unclaimed Dividend More Than Three Years;INF903JA1575;;10.0000;;;24-Aug-2021
140003;Sundaram Money Fund Unclaimed Amount Plan - Unclaimed Redemption Less Than Three Years;INF903JA1542;;13.0651;;;24-Aug-2021
140004;Sundaram Money Fund Unclaimed Amount Plan - Unclaimed Redemption More Than Three Years;INF903JA1559;;10.0000;;;24-Aug-2021
103394;Sundaram Money Fund Regular Plan - Weekly Reinvestment of Income Distribution cum Capital Withdrawal (IDCW);;INF903J01GX6;12.0446;;;24-Aug-2021

Tata Mutual Fund
102672;Tata Liquid Fund -Regular Plan - Growth Option;INF277K01YD8;;3266.4331;;;24-Aug-2021
119862;Tata Liquid Fund- Direct Plan - Daily Reinvestment of IDCW Option;;INF277K012D2;1001.5187;;;24-Aug-2021
119861;Tata Liquid Fund- Direct Plan-Growth Option;INF277K01YE6;;3291.0438;;;24-Aug-2021
101714;Tata Liquid Fund- Regular Plan - Daily Reinvestment of IDCW Option;;INF277K011D4;1001.5157;;;24-Aug-2021

Trust Mutual Fund
148842;TRUSTMF Liquid Fund-Direct Plan-Daily Income Distribution cum Capital Withdrawal;;INF0GCD01263;1009.947;;;24-Aug-2021
148841;TRUSTMF Liquid Fund-Direct Plan-Growth;INF0GCD01255;;1011.1965;;;24-Aug-2021
148839;TRUSTMF Liquid Fund-Direct Plan-Monthly Income Distribution cum Capital Withdrawal;INF0GCD01305;INF0GCD01297;1007.1647;;;24-Aug-2021
148837;TRUSTMF Liquid Fund-Direct Plan-Weekly Income Distribution cum Capital Withdrawal;INF0GCD01271;INF0GCD01289;1007.2567;;;24-Aug-2021
148834;TRUSTMF Liquid Fund-Regular Plan-Daily Income Distribution cum Capital Withdrawal;;INF0GCD01206;1009.3929;;;24-Aug-2021
148833;TRUSTMF Liquid Fund-Regular Plan-Growth;INF0GCD01198;;1010.6771;;;24-Aug-2021
148843;TRUSTMF Liquid Fund-Regular Plan-Monthly Income Distribution cum Capital Withdrawal;INF0GCD01248;INF0GCD01230;1006.65;;;24-Aug-2021
148836;TRUSTMF Liquid Fund-Regular Plan-Weekly Income Distribution cum Capital Withdrawal;INF0GCD01214;INF0GCD01222;1005.5084;;;24-Aug-2021

Union Mutual Fund
115401;Union Liquid Fund - Daily IDCW Option;;INF582M01021;1000.7927;;;24-Aug-2021
119301;Union Liquid Fund - Direct Plan - Daily IDCW Option;;INF582M01682;1000.7927;;;24-Aug-2021
119305;Union Liquid Fund - Direct Plan - Fortnightly IDCW Option;INF582M01724;INF582M01708;1001.9209;;;24-Aug-2021
119303;Union Liquid Fund - Direct Plan - Growth Option;INF582M01674;;2008.7279;;;24-Aug-2021
119302;Union Liquid Fund - Direct Plan - Monthly IDCW Option;INF582M01732;INF582M01716;1003.3004;;;24-Aug-2021
119304;Union Liquid Fund - Direct Plan - Weekly IDCW Option;;INF582M01690;1000.7537;;;24-Aug-2021
115399;Union Liquid Fund - Fortnightly IDCW Option;INF582M01062;INF582M01047;1001.9011;;;24-Aug-2021
115398;Union Liquid Fund - Growth Option;INF582M01013;;1991.9119;;;24-Aug-2021
115400;Union Liquid Fund - Monthly IDCW Option;INF582M01070;INF582M01054;1003.2408;;;24-Aug-2021
142345;Union Liquid Fund - Unclaimed Amounts Plan - IDCW Beyond 3 years;;;1000.0000;;;24-Aug-2021
142344;Union Liquid Fund - Unclaimed Amounts Plan - IDCW Upto 3 years;;;1158.4882;;;24-Aug-2021
142343;Union Liquid Fund - Unclaimed Amounts Plan - Redemption Beyond 3 years;;;1000.0000;;;24-Aug-2021
142342;Union Liquid Fund - Unclaimed Amounts Plan - Redemption Upto 3 years;;;1158.2042;;;24-Aug-2021
115402;Union Liquid Fund - Weekly IDCW Option;;INF582M01039;1000.9656;;;24-Aug-2021

UTI Mutual Fund
134427;UTI Liquid Fund - Direct Plan - Annual IDCW;INF789FA1K63;INF789FA1K71;1502.2381;;;24-Aug-2021
120558;UTI Liquid Fund - Direct Plan - Daily IDCW (Reinvestment);;INF789F01XP8;1021.401;;;24-Aug-2021
141768;UTI Liquid Fund - Direct Plan - Flexi IDCW;INF789FA1K89;INF789FA1K97;1237.3108;;;24-Aug-2021
140913;UTI Liquid Fund - Direct Plan - Fortnightly IDCW;INF789FA1K06;INF789FA1K14;1156.4054;;;24-Aug-2021
140504;UTI Liquid Fund - Direct Plan - Half-Yearly IDCW;INF789FA1K48;INF789FA1K55;1173.4462;;;24-Aug-2021
120794;UTI Liquid Fund - Direct Plan - Monthly IDCW;INF789F01XR4;INF789F01XS2;1030.9967;;;24-Aug-2021
140024;UTI Liquid Fund - Direct Plan - Quarterly IDCW;INF789FA1K22;INF789FA1K30;1418.7603;;;24-Aug-2021
120777;UTI Liquid Fund - Direct Plan - Weekly IDCW;;INF789F01XT0;1060.7226;;;24-Aug-2021
133973;UTI Liquid Fund - Regular Plan - Annual IDCW;INF789FA1J66;INF789FA1J74;1497.88;;;24-Aug-2021
102010;UTI Liquid Fund - Regular Plan - Daily IDCW (Reinvestment);;INF789F01PG3;1059.4617;;;24-Aug-2021
140517;UTI Liquid Fund - Regular Plan - Flexi IDCW;INF789FA1J82;INF789FA1J90;1234.5208;;;24-Aug-2021
139838;UTI Liquid Fund - Regular Plan - Fortnightly IDCW;INF789FA1J09;INF789FA1J17;1155.5436;;;24-Aug-2021
144475;UTI Liquid Fund - Regular Plan - Half-Yearly IDCW;INF789FA1J41;INF789FA1J58;1042.8404;;;24-Aug-2021
102011;UTI Liquid Fund - Regular Plan - Monthly IDCW;INF789F01PI9;INF789F01PJ7;1031.4389;;;24-Aug-2021
135721;UTI Liquid Fund - Regular Plan - Quarterly IDCW;INF789FA1J25;INF789FA1J33;1414.3415;;;24-Aug-2021
102013;UTI Liquid Fund - Regular Plan - Weekly IDCW;;INF789F01PK5;1053.4174;;;24-Aug-2021
120304;UTI-  Liquid Cash Plan - Direct Plan - Growth Option;INF789F01XQ6;;3415.8276;;;24-Aug-2021
102012;UTI-  Liquid Cash Plan - Regular Plan - Growth Option;INF789F01PH1;;3397.0085;;;24-Aug-2021
102008;UTI-  Liquid Cash Plan- Discontinued - Regular Plan - Monthly Dividend Option;INF789F01BC2;INF789F01BA6;1120.2934;;;24-Aug-2021
102009;UTI-  Liquid Cash Plan- Discontinued - Regular Plan -Growth;INF789F01BB4;;3134.5842;;;24-Aug-2021
102007;UTI-  Liquid Cash Plan- Discontinued -Regular Plan Periodic Dividend Option;;INF789F01AZ5;1133.5914;;;24-Aug-2021

WhiteOak Capital Mutual Fund
145969;WhiteOak Capital Liquid Fund- Direct plan-Daily Reinvestment of Income Distribution cum capital withdrawal option (IDCW);;INF03VN01019;1000.9485;;;24-Aug-2021
145966;WhiteOak Capital Liquid Fund- Direct plan-Fortnightly Payout/ Reinvestment of Income Distribution cum capital withdrawal option (IDCW);INF03VN01027;INF03VN01035;1001.2072;;;24-Aug-2021
145971;WhiteOak Capital Liquid Fund- Direct plan-Growth Option;INF03VN01043;;1125.2418;;;24-Aug-2021
145967;WhiteOak Capital Liquid Fund- Direct plan-Monthly  Payout/ Reinvestment of Income Distribution cum capital withdrawal option (IDCW);INF03VN01050;INF03VN01068;1001.3434;;;24-Aug-2021
145970;WhiteOak Capital Liquid Fund- Direct plan-Weekly Payout/ Reinvestment of Income Distribution cum capital withdrawal option (IDCW);INF03VN01076;INF03VN01084;1001.3069;;;24-Aug-2021
145963;WhiteOak Capital Liquid Fund- Regular plan-Daily Reinvestment of Income Distribution cum capital withdrawal option (IDCW);;INF03VN01092;1000.9404;;;24-Aug-2021
145965;WhiteOak Capital Liquid Fund- Regular plan-Fortnightly Payout/ Reinvestment of Income Distribution cum capital withdrawal option (IDCW);INF03VN01100;INF03VN01118;1003.2051;;;24-Aug-2021
145968;WhiteOak Capital Liquid Fund- Regular plan-Growth Option;INF03VN01126;;1122.9203;;;24-Aug-2021
145972;WhiteOak Capital Liquid Fund- Regular plan-Monthly Payout/ Reinvestment of Income Distribution cum capital withdrawal option (IDCW);INF03VN01134;INF03VN01142;1001.8469;;;24-Aug-2021
145964;WhiteOak Capital Liquid Fund- Regular plan-Weekly Payout/ Reinvestment of Income Distribution cum capital withdrawal option (IDCW);INF03VN01159;INF03VN01167;1001.3249;;;24-Aug-2021

Open Ended Schemes ( Debt Scheme - Ultra Short Duration Fund )


Aditya Birla Sun Life Mutual Fund
112016;Aditya Birla Sun Life Savings Fund - Discipline Advantage Plan;INF209K01JT8;;248.6398;;;24-Aug-2021
119501;Aditya Birla Sun Life Savings Fund - Growth - Direct Plan;INF209K01UR9;;434.8122;;;24-Aug-2021
101317;Aditya Birla Sun Life Savings Fund - Growth - Regular Plan;INF209K01LZ1;;430.3196;;;24-Aug-2021
119500;Aditya Birla Sun Life Savings Fund-DIRECT - DAILY IDCW;INF209K01UQ1;;100.5341;;;24-Aug-2021
119499;Aditya Birla Sun Life Savings Fund-DIRECT - WEEKLY IDCW;INF209K01US7;;100.7154;;;24-Aug-2021
105888;Aditya Birla Sun Life Savings Fund-Regular - DAILY IDCW;INF209K01LY4;;100.6648;;;24-Aug-2021
105887;Aditya Birla Sun Life Savings Fund-Regular - weekly IDCW;INF209K01MA2;;100.7079;;;24-Aug-2021
109108;Aditya Birla Sun Life Savings Fund-Retail - Daily IDCW;INF209K01MB0;;100.5211;;;24-Aug-2021
101316;Aditya Birla Sun Life Savings Fund-Retail Growth;INF209K01MC8;;416.4046;;;24-Aug-2021
105881;Aditya Birla Sun Life Savings Fund-Weekly - retail IDCW;INF209K01MD6;;100.708;;;24-Aug-2021

Axis Mutual Fund
144753;Axis Ultra Short Duration Fund - Direct Plan - Daily IDCW;;INF846K01F57;10.0338;;;24-Aug-2021
144755;Axis Ultra Short Duration Fund - Direct Plan - Monthly IDCW;INF846K01F99;INF846K01F81;10.0576;;;24-Aug-2021
144756;Axis Ultra Short Duration Fund - Direct Plan - Regular IDCW;INF846K01G15;INF846K01G07;12.1758;;;24-Aug-2021
144757;Axis Ultra Short Duration Fund - Direct Plan - Weekly IDCW;INF846K01F73;INF846K01F65;10.0511;;;24-Aug-2021
144754;Axis Ultra Short Duration Fund - Direct Plan Growth;INF846K01F40;;12.1724;;;24-Aug-2021
144758;Axis Ultra Short Duration Fund - Regular Plan - Daily IDCW;;INF846K01G31;10.0689;;;24-Aug-2021
144760;Axis Ultra Short Duration Fund - Regular Plan - Monthly IDCW;INF846K01G72;INF846K01G64;10.0526;;;24-Aug-2021
144761;Axis Ultra Short Duration Fund - Regular Plan - Regular IDCW;INF846K01G98;INF846K01G80;11.8565;;;24-Aug-2021
144762;Axis Ultra Short Duration Fund - Regular Plan - Weekly IDCW;INF846K01G56;INF846K01G49;10.0679;;;24-Aug-2021
144759;Axis Ultra Short Duration Fund - Regular Plan Growth;INF846K01G23;;11.8567;;;24-Aug-2021

Bandhan Mutual Fund
144195;BANDHAN ULTRA SHORT TERM FUND - DIRECT PLAN -MONTHLY IDCW;INF194KA11S2;INF194KA12S0;10.0631;;;24-Aug-2021
144173;BANDHAN ULTRA SHORT TERM FUND - DIRECT PLAN GROWTH;INF194KA16R3;;12.1475;;;24-Aug-2021
144196;BANDHAN ULTRA SHORT TERM FUND - DIRECT PLAN PERIODIC IDCW;INF194KA17S9;INF194KA18S7;10.2799;;;24-Aug-2021
144192;BANDHAN ULTRA SHORT TERM FUND - DIRECT PLAN QUARTERLY IDCW;INF194KA14S6;INF194KA15S3;10.1712;;;24-Aug-2021
144191;BANDHAN ULTRA SHORT TERM FUND - DIRECT PLAN- WEEKLY IDCW;INF194KA10T2;INF194KA11T0;10.0728;;;24-Aug-2021
144174;BANDHAN ULTRA SHORT TERM FUND - DIRECT PLAN-DAILY IDCW;INF194KA18R9;INF194KA19R7;10.0367;;;24-Aug-2021
144172;BANDHAN ULTRA SHORT TERM FUND - REGULAR PLAN DAILY IDCW;INF194KA12Q4;INF194KA13Q2;10.0519;;;24-Aug-2021
144171;BANDHAN ULTRA SHORT TERM FUND - REGULAR PLAN GROWTH;INF194KA10Q8;;12.0869;;;24-Aug-2021
144194;BANDHAN ULTRA SHORT TERM FUND - REGULAR PLAN MONTHLY IDCW;INF194KA15Q7;INF194KA16Q5;10.0677;;;24-Aug-2021
144193;BANDHAN ULTRA SHORT TERM FUND - REGULAR PLAN PERIODIC IDCW;INF194KA11R4;INF194KA12R2;10.1641;;;24-Aug-2021
144190;BANDHAN ULTRA SHORT TERM FUND - REGULAR PLAN QUARTERLY IDCW;INF194KA18Q1;INF194KA19Q9;10.1644;;;24-Aug-2021
144189;BANDHAN ULTRA SHORT TERM FUND - REGULAR PLAN WEEKLY IDCW;INF194KA14R8;INF194KA15R5;10.0746;;;24-Aug-2021

Bank of India Mutual Fund
119380;BANK OF INDIA Ultra Short Duration Fund- Direct Plan- Daily IDCW;;INF761K01CT3;1011.9280;;;24-Aug-2021
119379;BANK OF INDIA Ultra Short Duration Fund- Direct Plan- Growth;INF761K01892;;2605.6466;;;24-Aug-2021
119381;BANK OF INDIA Ultra Short Duration Fund- Direct Plan- Weekly IDCW;;INF761K01CU1;1007.0053;;;24-Aug-2021
126389;BANK OF INDIA Ultra Short Duration Fund- Direct Plan-Bonus;INF761K01CS5;;2592.5414;;;24-Aug-2021
111970;BANK OF INDIA Ultra Short Duration Fund- Regular Plan- Daily IDCW;;INF761K01CW7;1007.4498;;;24-Aug-2021
109269;BANK OF INDIA Ultra Short Duration Fund- Regular Plan- Growth;INF761K01298;;2554.5099;;;24-Aug-2021
109264;BANK OF INDIA Ultra Short Duration Fund- Regular Plan- Weekly IDCW;;INF761K01CX5;1007.5521;;;24-Aug-2021

Baroda BNP Paribas Mutual Fund
143507;Baroda BNP Paribas Ultra Short Duration Fund - Regular Plan - Daily IDCW;;INF955L01GW4;1006.2583;;;24-Aug-2021
143464;Baroda BNP Paribas Ultra Short Duration Fund - Regular Plan - Growth;INF955L01GX2;;1214.0897;;;24-Aug-2021
143511;Baroda BNP Paribas Ultra Short Duration Fund- Direct Plan- Daily IDCW;;INF955L01GZ7;1007.0611;;;24-Aug-2021
143508;Baroda BNP Paribas Ultra Short Duration Fund- Direct Plan- Growth;INF955L01HA8;;1221.5937;;;24-Aug-2021

Canara Robeco Mutual Fund
118315;CANARA ROBECO ULTRA SHORT TERM FUND - DIRECT PLAN - DAILY IDCW (Reinvestment);;INF760K01GL3;1240.7100;;;24-Aug-2021
118317;CANARA ROBECO ULTRA SHORT TERM FUND - DIRECT PLAN - GROWTH OPTION;INF760K01GM1;;3208.1570;;;24-Aug-2021
118319;CANARA ROBECO ULTRA SHORT TERM FUND - DIRECT PLAN - IDCW (Payout/Reinvestment);INF760K01GN9;;1836.4484;;;24-Aug-2021
118318;CANARA ROBECO ULTRA SHORT TERM FUND - DIRECT PLAN - MONTHLY IDCW (Payout/Reinvestment);INF760K01GP4;INF760K01GO7;1002.6302;;;24-Aug-2021
118316;CANARA ROBECO ULTRA SHORT TERM FUND - DIRECT PLAN - WEEKLY IDCW (Payout/Reinvestment);INF760K01GQ2;INF760K01GR0;1241.4501;;;24-Aug-2021
109372;CANARA ROBECO ULTRA SHORT TERM FUND - REGULAR PLAN - DAILY IDCW (Reinvestment);;INF760K01DA3;1240.7100;;;24-Aug-2021
109371;CANARA ROBECO ULTRA SHORT TERM FUND - REGULAR PLAN - GROWTH OPTION;INF760K01DC9;;3080.6192;;;24-Aug-2021
109370;CANARA ROBECO ULTRA SHORT TERM FUND - REGULAR PLAN - MONTHLY IDCW (Payout/Reinvestment);INF760K01CA5;INF760K01DD7;1002.2144;;;24-Aug-2021
109366;CANARA ROBECO ULTRA SHORT TERM FUND - REGULAR PLAN - WEEKLY IDCW (Payout/Reinvestment);INF760K01DE5;INF760K01DF2;1241.3356;;;24-Aug-2021
140530;CANARA ROBECO ULTRA SHORT TERM FUND- REGULAR PLAN - IDCW (Payout);INF760K01IL9;;1265.5263;;;24-Aug-2021

DSP Mutual Fund
119205;DSP Ultra Short Fund - Direct Plan - Growth;INF740K01ON5;;2897.6424;;;24-Aug-2021
119206;DSP Ultra Short Fund - Direct Plan - IDCW;INF740K01OQ8;INF740K01OR6;1105.3328;;;24-Aug-2021
119203;DSP Ultra Short Fund - Direct Plan - IDCW - Daily;;INF740KA1NT0;1005.3951;;;24-Aug-2021
119204;DSP Ultra Short Fund - Direct Plan - IDCW - Monthly;INF740K01OO3;INF740K01OP0;1064.4955;;;24-Aug-2021
119207;DSP Ultra Short Fund - Direct Plan - IDCW - Weekly;INF740KA1NU8;INF740KA1NV6;1005.4552;;;24-Aug-2021
104138;DSP Ultra Short Fund - Regular Plan - Growth;INF740K01QQ3;;2739.6663;;;24-Aug-2021
104140;DSP Ultra Short Fund - Regular Plan - IDCW - Daily Reinvest;;INF740KA1NW4;1005.4914;;;24-Aug-2021
117063;DSP Ultra Short Fund - Regular Plan - IDCW - Monthly;INF740K01QS9;INF740K01QR1;1058.9458;;;24-Aug-2021
117995;DSP Ultra Short Fund - Regular Plan - IDCW - Payout;INF740K01MK5;;1096.0472;;;24-Aug-2021
104139;DSP Ultra Short Fund - Regular Plan - IDCW - Weekly Reinvest;;;1005.3796;;;24-Aug-2021

Franklin Templeton Mutual Fund
107248;Franklin India Ultra Short Bond Fund - Institutional - Growth;INF090I01CG8;;29.9010;;;24-Aug-2021
107251;Franklin India Ultra Short Bond Fund - Institutional Plan - Daily - IDCW;;INF090I01CD5;10.9508;;;24-Aug-2021
107247;Franklin India Ultra Short Bond Fund - Retail - Growth;INF090I01CK0;;29.1490;;;24-Aug-2021
107252;Franklin India Ultra Short Bond Fund - Retail Plan - Daily - IDCW;;INF090I01CH6;10.9896;;;24-Aug-2021
109575;Franklin India Ultra Short Bond Fund - Retail Plan - Weekly - IDCW;INF090I01CI4;INF090I01CJ2;11.0805;;;24-Aug-2021
107249;Franklin India Ultra Short Bond Fund - Super Institutional - Growth;INF090I01CN4;;30.9080;;;24-Aug-2021
107250;Franklin India Ultra Short Bond Fund - Super Institutional Plan - Daily - IDCW;;INF090I01CL8;11.0472;;;24-Aug-2021
118560;Franklin India Ultra Short Bond Fund - Super Institutional Plan - Direct - Growth;INF090I01JA6;;31.0998;;;24-Aug-2021
109576;Franklin India Ultra Short Bond Fund - Super Institutional Plan - Weekly - IDCW;INF090I01CM6;;11.0759;;;24-Aug-2021
118561;Franklin India Ultra Short Bond Fund Super Institutional Plan - Direct - Daily - IDCW;INF090I01JB4;;11.0382;;;24-Aug-2021
118562;Franklin India Ultra Short Bond Fund Super Institutional Plan - Direct - Weekly - IDCW;INF090I01JC2;;11.0790;;;24-Aug-2021

HDFC Mutual Fund
145041;HDFC Ultra Short Term Fund - Daily IDCW Option;;INF179KB12R1;10.103;;;24-Aug-2021
145039;HDFC Ultra Short Term Fund - Direct Plan-Daily IDCW Option;;INF179KB16Q4;10.092;;;24-Aug-2021
145034;HDFC Ultra Short Term Fund - Direct Plan-Growth Option;INF179KB15Q6;;12.1406;;;24-Aug-2021
145036;HDFC Ultra Short Term Fund - Direct Plan-Monthly IDCW Option;INF179KB10R5;INF179KB19Q8;10.0845;;;24-Aug-2021
145035;HDFC Ultra Short Term Fund - Direct Plan-Weekly IDCW Option;INF179KB18Q0;INF179KB17Q2;10.0508;;;24-Aug-2021
145040;HDFC Ultra Short Term Fund - Growth Option;INF179KB11R3;;12.03;;;24-Aug-2021
145037;HDFC Ultra Short Term Fund - Monthly IDCW Option;INF179KB16R2;INF179KB15R4;10.1824;;;24-Aug-2021
145038;HDFC Ultra Short Term Fund - Weekly IDCW Option;INF179KB14R7;INF179KB13R9;10.0506;;;24-Aug-2021

HSBC Mutual Fund
147910;HSBC Ultra Short Duration Fund - Direct Daily IDCW;;INF336L01OS9;1052.6041;;;24-Aug-2021
147908;HSBC Ultra Short Duration Fund - Direct Growth;INF336L01OR1;;1077.8001;;;24-Aug-2021
147915;HSBC Ultra Short Duration Fund - Direct Monthly IDCW;INF336L01OV3;INF336L01OU5;1011.6481;;;24-Aug-2021
147912;HSBC Ultra Short Duration Fund - Direct Weekly IDCW;;INF336L01OT7;1009.442;;;24-Aug-2021
147909;HSBC Ultra Short Duration Fund - Regular Daily IDCW;;INF336L01OX9;1027.6899;;;24-Aug-2021
147907;HSBC Ultra Short Duration Fund - Regular Growth;INF336L01OW1;;1073.4097;;;24-Aug-2021
147916;HSBC Ultra Short Duration Fund - Regular Monthly IDCW;INF336L01PA4;INF336L01OZ4;1022.3508;;;24-Aug-2021
147911;HSBC Ultra Short Duration Fund - Regular Weekly IDCW;;INF336L01OY7;1025.7909;;;24-Aug-2021

ICICI Prudential Mutual Fund
145399;ICICI Prudential Ultra Short Term Fund - Daily IDCW;-;INF109KC1ND7;10.0492;;;24-Aug-2021
120676;ICICI Prudential Ultra Short Term Fund - Direct Plan -  Growth;INF109K01T04;;23.3195;;;24-Aug-2021
120678;ICICI Prudential Ultra Short Term Fund - Direct Plan -  Half Yearly IDCW;INF109K01T12;INF109K01T20;10.6813;;;24-Aug-2021
120677;ICICI Prudential Ultra Short Term Fund - Direct Plan -  Monthly IDCW;INF109K01T38;INF109K01T46;10.8132;;;24-Aug-2021
120675;ICICI Prudential Ultra Short Term Fund - Direct Plan -  Quarterly IDCW;INF109K01T53;INF109K01T61;10.9827;;;24-Aug-2021
145404;ICICI Prudential Ultra Short Term Fund - Direct Plan - Daily IDCW;-;INF109KC1MY5;10.0060;;;24-Aug-2021
145401;ICICI Prudential Ultra Short Term Fund - Direct Plan - Fortnightly IDCW;INF109KC1NB1;INF109KC1NC9;10.1021;;;24-Aug-2021
145400;ICICI Prudential Ultra Short Term Fund - Direct Plan - Weekly IDCW;INF109KC1NA3;INF109KC1MZ2;10.0851;;;24-Aug-2021
145403;ICICI Prudential Ultra Short Term Fund - Fortnightly IDCW;INF109KC1NH8;INF109KC1NG0;10.0777;;;24-Aug-2021
115092;ICICI Prudential Ultra Short Term Fund - Growth;INF109K01TP7;;21.9337;;;24-Aug-2021
115093;ICICI Prudential Ultra Short Term Fund - Half Yearly IDCW;INF109K01TV5;INF109K01TU7;10.5438;;;24-Aug-2021
115094;ICICI Prudential Ultra Short Term Fund - Monthly IDCW;INF109K01TR3;INF109K01TQ5;10.6798;;;24-Aug-2021
115091;ICICI Prudential Ultra Short Term Fund - Quarterly IDCW;INF109K01TT9;INF109K01TS1;10.7851;;;24-Aug-2021
145402;ICICI Prudential Ultra Short Term Fund - Weekly IDCW;INF109KC1NF2;INF109KC1NE5;10.0690;;;24-Aug-2021

IDBI Mutual Fund
126166;IDBI UST Bonus Direct;INF397L01FN0;;2300.0007;;;24-Aug-2021
126165;IDBI UST Bonus Regular;INF397L01FM2;;2196.7048;;;24-Aug-2021
113252;IDBI UST Daily IDCW;;INF397L01695;1017.0054;;;24-Aug-2021
118459;IDBI UST Daily IDCW Direct;;INF397L01AQ4;1031.1905;;;24-Aug-2021
113251;IDBI UST Growth;INF397L01745;;2196.5749;;;24-Aug-2021
118350;IDBI UST Growth Direct;INF397L01AV4;;2301.1324;;;24-Aug-2021
113254;IDBI UST Monthly IDCW;INF397L01711;INF397L01703;1116.0128;;;24-Aug-2021
118460;IDBI UST Monthly IDCW Direct;INF397L01AS0;INF397L01AR2;1449.7762;;;24-Aug-2021
113253;IDBI UST Weekly IDCW;INF397L01737;INF397L01729;1085.9833;;;24-Aug-2021
118461;IDBI UST Weekly IDCW Direct;INF397L01AU6;INF397L01AT8;1089.3216;;;24-Aug-2021

Invesco Mutual Fund
114361;Invesco India Ultra Short Duration Fund - Annual IDCW (Payout / Reinvestment);INF205K01TD9;INF205K01TE7;1076.5669;;;24-Aug-2021
136111;Invesco India Ultra Short Duration Fund - Daily IDCW (Reinvestment);;INF205K018H7;1139.3783;;;24-Aug-2021
120543;Invesco India Ultra Short Duration Fund - Direct Plan - Annual IDCW (Payout / Reinvestment);INF205K01TF4;INF205K01TG2;1607.4725;;;24-Aug-2021
136112;Invesco India Ultra Short Duration Fund - Direct Plan - Daily IDCW (Reinvestment);;INF205K019H5;1144.2753;;;24-Aug-2021
120541;Invesco India Ultra Short Duration Fund - Direct Plan - Growth;INF205K01TH0;;2257.5724;;;24-Aug-2021
120542;Invesco India Ultra Short Duration Fund - Direct Plan - Monthly IDCW (Payout / Reinvestment);INF205K01TI8;INF205K01TJ6;1529.6913;;;24-Aug-2021
120544;Invesco India Ultra Short Duration Fund - Direct Plan - Quarterly IDCW (Payout / Reinvestment);INF205K01TK4;INF205K01TL2;1032.8427;;;24-Aug-2021
114359;Invesco India Ultra Short Duration Fund - Growth;INF205K01TM0;;2158.0455;;;24-Aug-2021
114362;Invesco India Ultra Short Duration Fund - Monthly IDCW (Payout / Reinvestment);INF205K01TN8;INF205K01TO6;1013.5253;;;24-Aug-2021
114360;Invesco India Ultra Short Duration Fund - Quarterly IDCW (Payout / Reinvestment);INF205K01TP3;INF205K01TQ1;1107.857;;;24-Aug-2021

ITI Mutual Fund
148909;ITI Ultra Short Duration Fund - Direct Plan - Annually IDCW Option;INF00XX01AM5;INF00XX01AJ1;1011.6233;;;24-Aug-2021
148910;ITI Ultra Short Duration Fund - Direct Plan - Daily IDCW;;INF00XX01AF9;1001.0000;;;24-Aug-2021
148908;ITI Ultra Short Duration Fund - Direct Plan - Fortnightly IDCW Option;INF00XX01AK9;INF00XX01AH5;1002.5481;;;24-Aug-2021
148913;ITI Ultra Short Duration Fund - Direct Plan - Growth Option;INF00XX01AE2;;1011.5257;;;24-Aug-2021
148916;ITI Ultra Short Duration Fund - Direct Plan - Monthly IDCW Option;INF00XX01AL7;INF00XX01AI3;1003.9850;;;24-Aug-2021
148915;ITI Ultra Short Duration Fund - Direct Plan - Weekly IDCW Option;;INF00XX01AG7;1001.0000;;;24-Aug-2021
148917;ITI Ultra Short Duration Fund - Regular Plan - Annually IDCW Option;INF00XX01AD4;INF00XX01AA0;1008.8907;;;24-Aug-2021
148912;ITI Ultra Short Duration Fund - Regular Plan - Daily IDCW Option;;INF00XX01960;1001.0000;;;24-Aug-2021
148911;ITI Ultra Short Duration Fund - Regular Plan - Fortnightly IDCW Option;INF00XX01AB8;INF00XX01986;1002.2313;;;24-Aug-2021
148906;ITI Ultra Short Duration Fund - Regular Plan - Growth Option;INF00XX01952;;1008.8894;;;24-Aug-2021
148914;ITI Ultra Short Duration Fund - Regular Plan - Monthly IDCW Option;INF00XX01AC6;INF00XX01994;1003.3406;;;24-Aug-2021
148907;ITI Ultra Short Duration Fund - Regular Plan - Weekly IDCW Option;;INF00XX01978;1001.0000;;;24-Aug-2021

Kotak Mahindra Mutual Fund
102591;Kotak Savings Fund -Growth;INF174K01FD6;;34.2007;;;24-Aug-2021
102592;Kotak Savings Fund -Monthly Payout of Income Distribution cum capital withdrawal option;INF174K01FH7;;10.7264;;;24-Aug-2021
102590;Kotak Savings Fund -Weekly Weekly Reinvestment of Income Distribution cum capital withdrawal option;INF174K01FF1;;10.5808;;;24-Aug-2021
119750;Kotak Savings Fund-Growth - Direct;INF174K01JP2;;35.2281;;;24-Aug-2021
119751;Kotak Savings Fund-Monthly Payout of Income Distribution cum capital withdrawal option - Direct;INF174K01JQ0;;15.9066;;;24-Aug-2021
119752;Kotak Savings Fund-Weekly Weekly Reinvestment of Income Distribution cum capital withdrawal option- Direct;INF174K01JR8;;10.8051;;;24-Aug-2021
110575;Kotak Treasury Advantage Fund -Daily Reinvestment of Income Distribution cum capital withdrawal option;INF174K01FE4;;10.0798;;;24-Aug-2021
119749;Kotak Treasury Advantage Fund -Daily Reinvestment of Income Distribution cum capital withdrawal option - Direct;INF174K01JT4;;10.7952;;;24-Aug-2021

L&T Mutual Fund
129925;L&T Ultra Short Term Fund - Direct Plan - Bonus;INF917K01QK0;;19.4491;;;24-Aug-2021
129926;L&T Ultra Short Term Fund - Regular Plan - Bonus;INF917K01QJ2;;18.9315;;;24-Aug-2021
112423;L&T Ultra Short Term Fund - Regular Plan - Growth;INF917K01AS7;;34.707;;;24-Aug-2021
112422;L&T Ultra Short Term Fund -Regular - Cumulative;INF917K01AN8;;33.3982;;;24-Aug-2021
119848;L&T Ultra Short Term Fund- Direct Plan - Daily IDCW;;INF917K01HX2;10.5092;;;24-Aug-2021
119850;L&T Ultra Short Term Fund- Direct Plan- Weekly IDCW;INF917K01HZ7;INF917K01HY0;11.3084;;;24-Aug-2021
112425;L&T Ultra Short Term Fund- Regular Plan - Daily IDCW;;INF917K01AX7;10.3221;;;24-Aug-2021
119849;L&T Ultra Short Term Fund-Direct Plan - Growth;INF917K01HS2;;35.6057;;;24-Aug-2021
112424;L&T Ultra Short Term Fund-Regular Plan - Weekly IDCW;INF917K01AV1;INF917K01AW9;11.1262;;;24-Aug-2021
112461;L&T Ultra Short Term Fund - Regular Plan -Semi Annual IDCW;INF917K01AO6;INF917K01AP3;26.242;;;24-Aug-2021
112475;L&T Ultra Short Term Fund - Regular Plan - Monthly IDCW;INF917K01AQ1;INF917K01AR9;12.7637;;;24-Aug-2021
119851;L&T Ultra Short Term Fund-Direct Plan -Monthly IDCW;INF917K01HU8;INF917K01HT0;13.0746;;;24-Aug-2021

LIC Mutual Fund
147772;LIC MF Ultra Short Duration Fund-Direct Plan-Growth;INF767K01QU8;;1074.2407;;;24-Aug-2021
147773;LIC MF Ultra Short Duration Fund-Direct Plan-Monthly IDCW;INF767K01QT0;INF767K01QS2;1074.3026;;;24-Aug-2021
147766;LIC MF Ultra Short Duration Fund-Regular Plan-Daily IDCW;;INF767K01QJ1;1005.4175;;;24-Aug-2021
147770;LIC MF Ultra Short Duration Fund-Regular Plan-Growth;INF767K01QO1;;1069.9146;;;24-Aug-2021
147768;LIC MF Ultra Short Duration Fund-Regular Plan-Monthly IDCW;INF767K01QN3;INF767K01QM5;1069.9177;;;24-Aug-2021
147767;LIC MF Ultra Short Duration Fund-Regular Plan-Weekly IDCW;INF767K01QL7;INF767K01QK9;1006.1306;;;24-Aug-2021

Mahindra Manulife Mutual Fund
147733;Mahindra Manulife Ultra Short Duration Fund - Direct Plan - Daily IDCW;;INF174V01895;1008.7416;;;24-Aug-2021
147732;Mahindra Manulife Ultra Short Duration Fund - Direct Plan - Weekly IDCW;;INF174V01903;1000.5780;;;24-Aug-2021
147731;Mahindra Manulife Ultra Short Duration Fund - Direct Plan -Growth;INF174V01887;;1105.0458;;;24-Aug-2021
147729;Mahindra Manulife Ultra Short Duration Fund - Regular Plan - Daily IDCW;;INF174V01861;1005.5075;;;24-Aug-2021
147734;Mahindra Manulife Ultra Short Duration Fund - Regular Plan - Growth;INF174V01853;;1096.4417;;;24-Aug-2021
147730;Mahindra Manulife Ultra Short Duration Fund - Regular Plan - Weekly IDCW;;INF174V01879;1000.4686;;;24-Aug-2021

Mirae Asset Mutual Fund
148529;Mirae Asset Ultra Short Duration Fund Direct Growth;INF769K01GK6;;1033.5316;;;24-Aug-2021
148532;Mirae Asset Ultra Short Duration Fund Direct IDCW;INF769K01GJ8;INF769K01GL4;1033.6125;;;24-Aug-2021
148530;Mirae Asset Ultra Short Duration Fund Regular Growth;INF769K01GH2;;1031.2388;;;24-Aug-2021
148531;Mirae Asset Ultra Short Duration Fund Regular IDCW;INF769K01GG4;INF769K01GI0;1030.9106;;;24-Aug-2021

Motilal Oswal Mutual Fund
124234;Motilal Oswal Ultra Short Term Fund (MOFUSTF) -Direct Plan- Growth;INF247L01247;;14.1359;;;24-Aug-2021
124233;Motilal Oswal Ultra Short Term Fund (MOFUSTF)-Regular Plan- Growth;INF247L01213;;13.6740;;;24-Aug-2021
124316;Motilal Oswal Ultra Short Term Fund Direct - IDCW Daily Reinvestment;;INF247L01346;9.9767;;;24-Aug-2021
124311;Motilal Oswal Ultra Short Term Fund Direct - IDCW Fortnightly Reinvestment;;INF247L01361;9.9995;;;24-Aug-2021
124312;Motilal Oswal Ultra Short Term Fund Direct - IDCW Quarterly Payout/Reinvestment;INF247L01403;INF247L01387;10.1275;;;24-Aug-2021
124306;Motilal Oswal Ultra Short Term Fund Direct - IDCW Weekly Reinvestment;;INF247L01353;9.9877;;;24-Aug-2021
124308;Motilal Oswal Ultra Short Term Fund Direct Plan - IDCW Monthly Payout/Reinvestment;INF247L01395;INF247L01379;9.9837;;;24-Aug-2021
124303;Motilal Oswal Ultra Short Term Fund Regular - IDCW Daily Reinvestment;;INF247L01270;9.9282;;;24-Aug-2021
124313;Motilal Oswal Ultra Short Term Fund Regular - IDCW Fortnightly Reinvestment;;INF247L01296;9.9389;;;24-Aug-2021
124315;Motilal Oswal Ultra Short Term Fund Regular - IDCW Monthly Payout/Reinvestment;INF247L01320;INF247L01304;9.9287;;;24-Aug-2021
124305;Motilal Oswal Ultra Short Term Fund Regular - IDCW Quarterly Payout/Reinvestment;INF247L01338;INF247L01312;10.0729;;;24-Aug-2021
124310;Motilal Oswal Ultra Short Term Fund Regular - IDCW Weekly Reinvestment;;INF247L01288;9.9317;;;24-Aug-2021

Navi Mutual Fund
119185;Navi Ultra Short Term Fund - Direct Plan Daily IDCW - ReInvestment;;INF959L01BL0;1006.68;;;24-Aug-2021
119187;Navi Ultra Short Term Fund - Direct Plan Monthly IDCW Payout;INF959L01BF2;INF959L01BG0;1028.1092;;;24-Aug-2021
119188;Navi Ultra Short Term Fund - Direct Plan Weekly IDCW - Payout;INF959L01BI6;INF959L01BJ4;1004.1242;;;24-Aug-2021
119186;Navi Ultra Short Term Fund - Direct Plan-Growth Option;INF959L01BC9;;2340.2239;;;24-Aug-2021
112648;Navi Ultra Short Term Fund - Regular Plan Daily IDCW;;INF959L01BM8;1015.5131;;;24-Aug-2021
112649;Navi Ultra Short Term Fund - Regular Plan Monthly IDCW;INF959L01BN6;INF959L01BP1;1008.4161;;;24-Aug-2021
112658;Navi Ultra Short Term Fund - Regular Plan Weekly IDCW;INF959L01BQ9;INF959L01AY5;1005;;;24-Aug-2021
112408;Navi Ultra Short Term Fund - Regular Plan-Growth Option;INF959L01BH8;;2212.7661;;;24-Aug-2021

Nippon India Mutual Fund
143498;NIPPON INDIA ULTRA SHORT DURATION FUND - DAILY IDCW OPTION;;INF204K01UC2;1114.1500;;;24-Aug-2021
143500;NIPPON INDIA ULTRA SHORT DURATION FUND - DIRECT Plan - DAILY IDCW OPTION;;INF204K01YF7;1114.1500;;;24-Aug-2021
143497;NIPPON INDIA ULTRA SHORT DURATION FUND - DIRECT Plan - MONTHLY IDCW Option;INF204K01YI1;INF204K01YJ9;1020.9307;;;24-Aug-2021
143502;NIPPON INDIA ULTRA SHORT DURATION FUND - DIRECT Plan - QUARTERLY IDCW Option;INF204K01YK7;INF204K01YL5;1055.7971;;;24-Aug-2021
143501;NIPPON INDIA ULTRA SHORT DURATION FUND - DIRECT Plan - WEEKLY IDCW OPTION;;INF204K01YG5;1092.0980;;;24-Aug-2021
143499;NIPPON INDIA ULTRA SHORT DURATION FUND - MONTHLY IDCW Option;INF204K01UF5;INF204K01UG3;1011.9820;;;24-Aug-2021
143496;NIPPON INDIA ULTRA SHORT DURATION FUND - QUARTERLY IDCW Option;INF204K01UH1;INF204K01UI9;1047.6638;;;24-Aug-2021
147673;NIPPON INDIA ULTRA SHORT DURATION FUND - SEGREGATED PORTFOLIO 1 - DAILY IDCW Option;;INF204KB18H5;0.0000;;;24-Aug-2021
147681;NIPPON INDIA ULTRA SHORT DURATION FUND - SEGREGATED PORTFOLIO 1 - DIRECT Plan - DAILY IDCW Option;;INF204KB11H0;0.0000;;;24-Aug-2021
147675;Nippon India Ultra Short Duration Fund - Segregated Portfolio 1 - Direct Plan - Growth Option;INF204KB10H2;;0.0000;;;24-Aug-2021
147676;NIPPON INDIA ULTRA SHORT DURATION FUND - SEGREGATED PORTFOLIO 1 - DIRECT Plan - MONTHLY IDCW Option;INF204KB12H8;INF204KB13H6;0.0000;;;24-Aug-2021
147677;NIPPON INDIA ULTRA SHORT DURATION FUND - SEGREGATED PORTFOLIO 1 - DIRECT Plan - QUARTERLY IDCW Option;INF204KB14H4;INF204KB15H1;0.0000;;;24-Aug-2021
147682;NIPPON INDIA ULTRA SHORT DURATION FUND - SEGREGATED PORTFOLIO 1 - DIRECT Plan - WEEKLY IDCW Option;;INF204KB16H9;0.0000;;;24-Aug-2021
147674;Nippon India Ultra Short Duration Fund - Segregated Portfolio 1 - Growth Option;INF204KB17H7;;0.0000;;;24-Aug-2021
147678;NIPPON INDIA ULTRA SHORT DURATION FUND - SEGREGATED PORTFOLIO 1 - MONTHLY IDCW Option;INF204KB19H3;INF204KB10I0;0.0000;;;24-Aug-2021
147679;NIPPON INDIA ULTRA SHORT DURATION FUND - SEGREGATED PORTFOLIO 1 - QUARTERLY IDCW Option;INF204KB11I8;INF204KB12I6;0.0000;;;24-Aug-2021
147680;NIPPON INDIA ULTRA SHORT DURATION FUND - SEGREGATED PORTFOLIO 1 - WEEKLY IDCW Option;;INF204KB13I4;0.0000;;;24-Aug-2021
143495;NIPPON INDIA ULTRA SHORT DURATION FUND - WEEKLY IDCW OPTION;;INF204K01UD0;1091.9936;;;24-Aug-2021
143494;Nippon India Ultra Short Duration Fund- Direct Plan- Growth Option;INF204K01YH3;;3431.7644;;;24-Aug-2021
143493;Nippon India Ultra Short Duration Fund- Growth Option;INF204K01UE8;;3206.4373;;;24-Aug-2021

PGIM India Mutual Fund
138342;PGIM India Ultra Short Duration Fund - Daily Dividend;INF223J01FH4;;10.0203;;;24-Aug-2021
138361;PGIM India Ultra Short Duration Fund - Direct Plan - Daily Dividend;;INF223J01QL3;10.0179;;;24-Aug-2021
138358;PGIM India Ultra Short Duration Fund - Direct Plan - Growth;INF223J01QO7;;28.016;;;24-Aug-2021
138359;PGIM India Ultra Short Duration Fund - Direct Plan - Monthly Dividend;INF223J01QP4;;11.9326;;;24-Aug-2021
138362;PGIM India Ultra Short Duration Fund - Direct Plan - Weekly Dividend;INF223J01QR0;INF223J01QS8;10.2686;;;24-Aug-2021
138343;PGIM India Ultra Short Duration Fund - Growth;INF223J01FK8;;27.4379;;;24-Aug-2021
138344;PGIM India Ultra Short Duration Fund - Monthly Dividend;INF223J01FL6;INF223J01FM4;12.5835;;;24-Aug-2021
138337;PGIM India Ultra Short Duration Fund - Regular Plan - Growth;INF223J01FX1;;33.7974;;;24-Aug-2021
138339;PGIM India Ultra Short Duration Fund - Regular Plan - Weekly Dividend;INF223J01GC3;;10.5045;;;24-Aug-2021
138341;PGIM India Ultra Short Duration Fund - Weekly Dividend;INF223J01FO0;INF223J01FP7;10.0805;;;24-Aug-2021

Principal Mutual Fund
119475;Principal Ultra Short Term Fund- Direct Plan - Income Distribution CUM Capital Withdrawal Option - Monthly;INF173K01HK9;INF173K01HJ1;1059.6470;;;24-Aug-2021
119474;Principal Ultra Short Term Fund- Direct Plan -Growth Option;INF173K01HI3;;2293.9406;;;24-Aug-2021
107329;Principal Ultra Short Term Fund-Daily Income Distribution CUM Capital Withdrawal Option;;INF173K01CV7;1005.4300;;;24-Aug-2021
107328;Principal Ultra Short Term Fund-Growth Option;INF173K01CU9;;2201.5673;;;24-Aug-2021
107330;Principal Ultra Short Term Fund-Monthly Income Distribution CUM Capital Withdrawal Option;INF173K01CB9;INF173K01CC7;1059.4442;;;24-Aug-2021
107332;Principal Ultra Short Term Fund-Weekly Income Distribution CUM Capital Withdrawal Option;;INF173K01CW5;1019.3570;;;24-Aug-2021

SBI Mutual Fund
119784;SBI Magnum Ultra Short Duration Fund - Direct Plan - Daily Income Distribution cum Capital Withdrawal Option (IDCW);;INF200K01TG3;1790.8867;;;24-Aug-2021
119828;SBI MAGNUM ULTRA SHORT DURATION FUND - DIRECT PLAN - GROWTH;INF200K01TF5;;4789.4149;;;24-Aug-2021
119829;SBI Magnum Ultra Short Duration Fund - Direct Plan - Weekly Income Distribution cum Capital Withdrawal Option (IDCW);INF200K01TH1;INF200K01TI9;1152.7617;;;24-Aug-2021
105080;SBI Magnum Ultra Short Duration Fund - Regular Plan - Daily Income Distribution cum Capital Withdrawal Option (IDCW);;INF200K01LK2;1786.5368;;;24-Aug-2021
100641;SBI MAGNUM ULTRA SHORT DURATION FUND - REGULAR PLAN - GROWTH;INF200K01LJ4;;4744.2197;;;24-Aug-2021
103884;SBI Magnum Ultra Short Duration Fund - Regular Plan - Weekly Income Distribution cum Capital Withdrawal Option (IDCW);INF200K01LM8;INF200K01LL0;1149.8354;;;24-Aug-2021

Sundaram Mutual Fund
147440;Sundaram Ultra Short Term Fund Direct Plan - Growth;INF903JA1HZ5;;11.2438;;;24-Aug-2021
147425;Sundaram Ultra Short Term Fund Regular Plan - Growth;INF903JA1HR2;;10.9580;;;24-Aug-2021
147431;Sundaram Ultra Short Term Plan Direct Plan - Daily Reinvestment of Income Distribution cum Capital Withdrawal (IDCW);INF903JA1IC2;;10.1700;;;24-Aug-2021
147433;Sundaram Ultra Short Term Plan Direct Plan - Monthly Payout of Income Distribution cum Capital Withdrawal (IDCW);INF903JA1IA6;;10.2818;;;24-Aug-2021
147438;Sundaram Ultra Short Term Plan Direct Plan - Monthly Reinvestment of Income Distribution cum Capital Withdrawal (IDCW);INF903JA1IF5;;10.2818;;;24-Aug-2021
147434;Sundaram Ultra Short Term Plan Direct Plan - Quarterly Payout of Income Distribution cum Capital Withdrawal (IDCW);INF903JA1IB4;;10.8203;;;24-Aug-2021
147439;Sundaram Ultra Short Term Plan Direct Plan - Quarterly Reinvestment of Income Distribution cum Capital Withdrawal (IDCW);INF903JA1IG3;;10.8203;;;24-Aug-2021
147437;Sundaram Ultra Short Term Plan Direct Plan - Weekly Reinvestment of Income Distribution cum Capital Withdrawal (IDCW);INF903JA1ID0;;10.3464;;;24-Aug-2021
147435;Sundaram Ultra Short Term Plan Regular Plan - Daily Reinvestment of Income Distribution cum Capital Withdrawal (IDCW);INF903JA1HU6;;10.1500;;;24-Aug-2021
147428;Sundaram Ultra Short Term Plan Regular Plan - Fortnightly Reinvestment of Income Distribution cum Capital Withdrawal (IDCW);INF903JA1HW2;;10.2673;;;24-Aug-2021
147426;Sundaram Ultra Short Term Plan Regular Plan - Monthly Payout of Income Distribution cum Capital Withdrawal (IDCW);INF903JA1HS0;;10.2471;;;24-Aug-2021
147436;Sundaram Ultra Short Term Plan Regular Plan - Monthly Reinvestment of Income Distribution cum Capital Withdrawal (IDCW);INF903JA1HX0;;10.2471;;;24-Aug-2021
147432;Sundaram Ultra Short Term Plan Regular Plan - Quarterly Payout of Income Distribution cum Capital Withdrawal (IDCW);INF903JA1HT8;;10.5443;;;24-Aug-2021
147429;Sundaram Ultra Short Term Plan Regular Plan - Quarterly Reinvestment of Income Distribution cum Capital Withdrawal (IDCW);INF903JA1HY8;;10.5443;;;24-Aug-2021
147427;Sundaram Ultra Short Term Plan Regular Plan - Weekly Reinvestment of Income Distribution cum Capital Withdrawal (IDCW);INF903JA1HV4;;10.2869;;;24-Aug-2021

Tata Mutual Fund
146076;TATA Ultra Short Term Fund Direct Plan - Monthly Reinvestment of Income Distribution cum capital withdrawal option  ;;INF277K013T6;11.6278;;;24-Aug-2021
146068;TATA Ultra Short Term Fund Direct Plan - Weekly Reinvestment of Income Distribution cum capital withdrawal option   ;;INF277K015T1;10.4023;;;24-Aug-2021
146073;TATA Ultra Short Term Fund Regular Plan - Monthly Reinvestment of Income Distribution cum capital withdrawal option  ;;INF277K018S7;11.4198;;;24-Aug-2021
146074;TATA Ultra Short Term Fund Regular Plan -Weekly Reinvestment of Income Distribution cum capital withdrawal option  ;;INF277K010T2;10.3758;;;24-Aug-2021
146069;TATA Ultra Short Term Fund-Direct Plan - Monthly Payout of Income Distribution cum capital withdrawal option ;INF277K012T8;;11.6278;;;24-Aug-2021
146067;TATA Ultra Short Term Fund-Direct Plan - Weekly Payout of Income Distribution cum capital withdrawal option ;INF277K014T4;;10.4023;;;24-Aug-2021
146075;Tata Ultra Short Term Fund-Direct Plan-Growth;INF277K011T0;;11.6255;;;24-Aug-2021
146072;TATA Ultra Short Term Fund-Regular Plan - Monthly Payout of Income Distribution cum capital withdrawal option ;INF277K017S9;;11.4198;;;24-Aug-2021
146071;TATA Ultra Short Term Fund-Regular Plan - Weekly Payout of Income Distribution cum capital withdrawal option ;INF277K019S5;;10.3758;;;24-Aug-2021
146070;Tata Ultra Short Term Fund-Regular Plan-Growth;INF277K016S1;;11.4172;;;24-Aug-2021

UTI Mutual Fund
139568;UTI Ultra Short Duration Fund - Direct Plan - Annual IDCW;INF789FA1Q42;INF789FA1Q59;1128.9961;;;24-Aug-2021
120744;UTI Ultra Short Duration Fund - Direct Plan - Daily IDCW (Reinvestment);INF789F01TG5;INF789F01TH3;1153.818;;;24-Aug-2021
121892;UTI Ultra Short Duration Fund - Direct Plan - Flexi IDCW;INF789FB1KQ0;INF789FB1KR8;1682.6701;;;24-Aug-2021
131512;UTI Ultra Short Duration Fund - Direct Plan - Fortnightly IDCW;INF789FA1P68;INF789FA1P76;1325.6123;;;24-Aug-2021
120746;UTI Ultra Short Duration Fund - Direct Plan - Growth Option;INF789F01TI1;;3468.1622;;;24-Aug-2021
147128;UTI Ultra Short Duration Fund - Direct Plan - Half-Yearly IDCW;INF789FA1Q26;INF789FA1Q34;1147.6081;;;24-Aug-2021
131444;UTI Ultra Short Duration Fund - Direct Plan - Monthly IDCW;INF789FA1P84;INF789FA1P92;1085.9638;;;24-Aug-2021
133059;UTI Ultra Short Duration Fund - Direct Plan - Quarterly IDCW;INF789FA1Q00;INF789FA1Q18;1440.0244;;;24-Aug-2021
120745;UTI Ultra Short Duration Fund - Direct Plan - Weekly IDCW (Reinvestment);INF789FB1S63;;1083.9146;;;24-Aug-2021
112083;UTI Ultra Short Duration Fund - Discontinued - INSTN GROWTH OPTION;INF789F01PM1;;2353.5112;;;24-Aug-2021
134484;UTI Ultra Short Duration Fund - Regular Plan - Annual IDCW;INF789FA1P43;INF789FA1P50;1119.1371;;;24-Aug-2021
109501;UTI Ultra Short Duration Fund - Regular Plan - Daily IDCW (Reinvestment);;INF789F01554;1046.1477;;;24-Aug-2021
121891;UTI Ultra Short Duration Fund - Regular Plan - Flexi IDCW;INF789FB1KS6;INF789FB1KT4;1313.3556;;;24-Aug-2021
131511;UTI Ultra Short Duration Fund - Regular Plan - Fortnightly IDCW;INF789FA1O69;INF789FA1O77;1321.2302;;;24-Aug-2021
102532;UTI Ultra Short Duration Fund - Regular Plan - Growth Option;INF789F01570;;3303.1581;;;24-Aug-2021
134799;UTI Ultra Short Duration Fund - Regular Plan - Half-Yearly IDCW;INF789FA1P27;INF789FA1P35;1114.4973;;;24-Aug-2021
131445;UTI Ultra Short Duration Fund - Regular Plan - Monthly IDCW;INF789FA1O85;INF789FA1O93;1024.4945;;;24-Aug-2021
133873;UTI Ultra Short Duration Fund - Regular Plan - Quarterly IDCW;INF789FA1P01;INF789FA1P19;1101.9365;;;24-Aug-2021
102531;UTI Ultra Short Duration Fund - Regular Plan - Weekly IDCW (Reinvestment);;INF789F01562;1084.4742;;;24-Aug-2021

WhiteOak Capital Mutual Fund
147316;WhiteOak Capital Ultra Short Duration Fund- Direct plan-Daily Reinvestment of Income Distribution cum capital withdrawal option (IDCW);;INF03VN01175;1001.4535;;;24-Aug-2021
147315;WhiteOak Capital Ultra Short Duration Fund- Direct plan-Fortnightly Payout/ Reinvestment of Income Distribution cum capital withdrawal option (IDCW);INF03VN01183;INF03VN01191;1001.8071;;;24-Aug-2021
147311;WhiteOak Capital Ultra Short Duration Fund- Direct plan-Growth Option;INF03VN01209;;1108.7410;;;24-Aug-2021
147312;WhiteOak Capital Ultra Short Duration Fund- Direct plan-Monthly Payout/ Reinvestment of Income Distribution cum capital withdrawal option (IDCW);INF03VN01217;INF03VN01225;1001.9424;;;24-Aug-2021
147313;WhiteOak Capital Ultra Short Duration Fund- Direct plan-Weekly Payout/ Reinvestment of Income Distribution cum capital withdrawal option (IDCW);INF03VN01233;INF03VN01241;1001.4192;;;24-Aug-2021
147308;WhiteOak Capital Ultra Short Duration Fund- Regular plan-Daily Reinvestment of Income Distribution cum capital withdrawal option (IDCW);;INF03VN01258;1001.4494;;;24-Aug-2021
147307;WhiteOak Capital Ultra Short Duration Fund- Regular plan-Growth Option;INF03VN01282;;1095.9221;;;24-Aug-2021
147314;WhiteOak Capital Ultra Short Duration Fund- Regular plan-Monthly Payout/ Reinvestment of Income Distribution cum capital withdrawal option (IDCW);INF03VN01290;INF03VN01308;1001.8080;;;24-Aug-2021

Open Ended Schemes ( Debt Scheme - Low Duration Fund )


Aditya Birla Sun Life Mutual Fund
119523;Aditya Birla Sun Life Low duration Fund - Growth - Direct Plan;INF209K01XU7;;564.0245;;;24-Aug-2021
103192;Aditya Birla Sun Life Low Duration Fund - Growth Plan;INF209K01LQ0;;525.2682;;;24-Aug-2021
103195;Aditya Birla Sun Life Low Duration Fund - Institutional Plan - Growth;INF209K01KE8;;368.2947;;;24-Aug-2021
119524;Aditya Birla Sun Life Low Duration Fund -Direct - daily IDCW;INF209K01XW3;;100.5045;;;24-Aug-2021
119522;Aditya Birla Sun Life Low Duration Fund -Direct - weekly IDCW;;INF209K01XV5;101.1428;;;24-Aug-2021
103191;Aditya Birla Sun Life Low Duration Fund -INSTITUTIONAL - DAILY IDCW;;INF209K01KD0;100.4226;;;24-Aug-2021
113307;Aditya Birla Sun Life Low Duration Fund -Regular - DAILY IDCW;;INF209KA1LP6;100.4231;;;24-Aug-2021
103193;Aditya Birla Sun Life Low Duration Fund -REGULAR - WEEKLY IDCW;;INF209KA1LQ4;101.0813;;;24-Aug-2021

Axis Mutual Fund
120515;Axis Treasury Advantage Fund - Direct Plan - Daily IDCW;;INF846K01EQ4;1012.4737;;;24-Aug-2021
120513;Axis Treasury Advantage Fund - Direct Plan - Growth Option;INF846K01EN1;;2530.0936;;;24-Aug-2021
120516;Axis Treasury Advantage Fund - Direct Plan - Monthly IDCW;INF846K01EO9;INF846K01EP6;1013.5190;;;24-Aug-2021
120514;Axis Treasury Advantage Fund - Direct Plan - Weekly IDCW;INF846K01ER2;INF846K01ES0;1011.7413;;;24-Aug-2021
112215;Axis Treasury Advantage Fund - Regular Plan - Daily IDCW;;INF846K01545;1013.2484;;;24-Aug-2021
112214;Axis Treasury Advantage Fund - Regular Plan - Growth Option;INF846K01537;;2443.8890;;;24-Aug-2021
112217;Axis Treasury Advantage Fund - Regular Plan - Monthly IDCW;INF846K01578;INF846K01586;1013.2823;;;24-Aug-2021
112216;Axis Treasury Advantage Fund - Regular Plan - Weekly IDCW;INF846K01552;INF846K01560;1011.7327;;;24-Aug-2021
112720;Axis Treasury Advantage Fund - Retail Plan - Daily IDCW;;INF846K01487;1012.4736;;;24-Aug-2021
112717;Axis Treasury Advantage Fund - Retail Plan - Growth Option;INF846K01479;;2291.2633;;;24-Aug-2021
112718;Axis Treasury Advantage Fund - Retail Plan - Monthly IDCW;INF846K01511;INF846K01529;1013.2929;;;24-Aug-2021
112719;Axis Treasury Advantage Fund - Retail Plan - Weekly IDCW;INF846K01495;INF846K01503;1011.7323;;;24-Aug-2021

Bandhan Mutual Fund
108633;BANDHAN Low Duration Fund - Regular Plan - Daily IDCW;INF194K01FW4;INF194K01FV6;10.1015;;;24-Aug-2021
108632;BANDHAN Low Duration Fund - Regular Plan - Growth;INF194K01FU8;;30.7420;;;24-Aug-2021
108635;BANDHAN Low Duration Fund - Regular Plan - Monthly IDCW;INF194K01FZ7;INF194K01FY0;10.1334;;;24-Aug-2021
116020;BANDHAN Low Duration Fund - Regular Plan - Periodic IDCW;INF194K01I29;INF194K01I37;10.2078;;;24-Aug-2021
116413;BANDHAN Low Duration Fund - Regular Plan - Quarterly IDCW;INF194K01UR3;INF194K01US1;10.8574;;;24-Aug-2021
108634;BANDHAN Low Duration Fund - Regular Plan - Weekly IDCW;INF194K01GC4;INF194K01GB6;10.1118;;;24-Aug-2021
118368;BANDHAN Low Duration Fund-Direct Plan-Daily IDCW;;INF194K01J85;10.1111;;;24-Aug-2021
118371;BANDHAN Low Duration Fund-Direct Plan-Growth;INF194K01J77;;31.1889;;;24-Aug-2021
118372;BANDHAN Low Duration Fund-Direct Plan-Monthly IDCW;INF194K01K17;INF194K01K09;10.1483;;;24-Aug-2021
118370;BANDHAN Low Duration Fund-Direct Plan-Periodic IDCW;INF194K01K82;INF194K01K90;10.2173;;;24-Aug-2021
118369;BANDHAN Low Duration Fund-Direct Plan-Quarterly IDCW;INF194K01K58;INF194K01K66;10.7856;;;24-Aug-2021
118373;BANDHAN Low Duration Fund-Direct Plan-Weekly IDCW;;INF194K01K33;10.1003;;;24-Aug-2021

Baroda BNP Paribas Mutual Fund
119309;Baroda Treasury Advantage Fund - Plan B (Direct) - Daily IDCW Option;INF955L01BE3;;735.8606;;;24-Aug-2021
119410;Baroda Treasury Advantage Fund - Plan B (Direct) - Growth Option;INF955L01BF0;;1618.5733;;;24-Aug-2021
119411;Baroda Treasury Advantage Fund - Plan B (Direct) - Monthly IDCW Option;INF955L01BG8;;730.2236;;;24-Aug-2021
119439;Baroda Treasury Advantage Fund - Plan B (Direct) - Quarterly IDCW Option;INF955L01BK0;;761.9595;;;24-Aug-2021
119409;Baroda Treasury Advantage Fund - Plan B (Direct) - Weekly IDCW Option;INF955L01BI4;;729.4315;;;24-Aug-2021
148326;Baroda Treasury Advantage Fund- Plan A - Weekly IDCW- Segregated Portfolio- 1;;;0.0000;;;24-Aug-2021
112032;Baroda Treasury Advantage Fund- Plan A- Daily IDCW Option;INF955L01294;INF955L01302;747.3123;;;24-Aug-2021
148327;Baroda Treasury Advantage Fund- Plan A- Daily IDCW- Segregated Portfolio -1;;;0.0000;;;24-Aug-2021
112029;Baroda Treasury Advantage Fund- Plan A- Growth Option;INF955L01310;;1577.0136;;;24-Aug-2021
112035;Baroda Treasury Advantage Fund- Plan A- Monthly IDCW Option;INF955L01344;INF955L01351;725.8341;;;24-Aug-2021
148328;Baroda Treasury Advantage Fund- Plan A- Monthly IDCW- Segregated Portfolio- 1;INF955L01JB2;INF955L01JC0;0.0000;;;24-Aug-2021
112034;Baroda Treasury Advantage Fund- Plan A- Quarterly IDCW Option;INF955L01BM6;;749.0721;;;24-Aug-2021
148329;Baroda Treasury Advantage Fund- Plan A- Quarterly IDCW- Segregated Portfolio- 1;INF955L01IZ3;INF955L01JA4;0.0000;;;24-Aug-2021
112033;Baroda Treasury Advantage Fund- Plan A- Weekly IDCW Option;INF955L01328;INF955L01336;725.1045;;;24-Aug-2021
148321;Baroda Treasury Advantage Fund- Plan B (Direct)- Daily IDCW- Segregated Portfolio-1;;INF955L01JD8;0.0000;;;24-Aug-2021
148323;Baroda Treasury Advantage Fund- Plan B (Direct)- Monthly IDCW- Segregated Portfolio- 1;;INF955L01JJ5;0.0000;;;24-Aug-2021
148324;Baroda Treasury Advantage Fund- Plan B (Direct)- Quarterly IDCW- Segregated Portfolio- 1;;INF955L01JH9;0.0000;;;24-Aug-2021
148322;Baroda Treasury Advantage Fund- Plan B (Direct)- Weekly IDCW- Segregated Portfolio -1;;INF955L01JL1;0.0000;;;24-Aug-2021
112025;Baroda Treasury Advantage Fund- Regular Plan - Daily IDCW Option;INF955L01369;INF955L01377;729.7792;;;24-Aug-2021
112031;Baroda Treasury Advantage Fund- Regular Plan - Growth Option;INF955L01385;;1537.8440;;;24-Aug-2021
112027;Baroda Treasury Advantage Fund- Regular Plan - Monthly IDCW Option;INF955L01393;INF955L01401;725.7190;;;24-Aug-2021
112026;Baroda Treasury Advantage Fund- Regular Plan - Weekly IDCW Option;INF955L01419;INF955L01427;723.9722;;;24-Aug-2021
148343;Baroda Treasury Advantage Fund- Regular Plan- Daily IDCW Option- Segregated Portfolio-1;;INF955L01JN7;0.0000;;;24-Aug-2021
148342;Baroda Treasury Advantage Fund- Regular Plan- Growth Option- Segregated Portfolio-1;INF955L01JM9;;0.0000;;;24-Aug-2021
148344;Baroda Treasury Advantage Fund- Regular Plan- Monthly IDCW Option- Segregated Portfolio-1;INF955L01JP2;;0.0000;;;24-Aug-2021
148345;Baroda Treasury Advantage Fund- Regular Plan- Weekly IDCW Option- Segregated Portfolio-1;;;0.0000;;;24-Aug-2021
148320;Baroda Treasury Advantage Fund-PLan A- Growth Option- Segregated Portfolio-1;INF955L01IY6;;0.0000;;;24-Aug-2021
148325;Baroda Treasury Advantage Fund-Plan B (Direct)- Growth Option- Segregated Portfolio-1;INF955L01JF3;;0.0000;;;24-Aug-2021

BNP Paribas Mutual Fund
120007;BNP Paribas LOW DURATION Fund - Direct Plan - Daily Income Distribution cum Capital Withdrawal Option;;INF251K01GK5;10.0835;;;24-Aug-2021
120008;BNP Paribas LOW DURATION Fund - Direct Plan - Growth Option;INF251K01GJ7;;34.3659;;;24-Aug-2021
120009;BNP Paribas LOW DURATION Fund - Direct Plan - Monthly Income Distribution cum Capital Withdrawal Option;INF251K01GN9;INF251K01GO7;10.0000;;;24-Aug-2021
120010;BNP Paribas LOW DURATION Fund - Direct Plan - Weekly Income Distribution cum Capital Withdrawal Option;INF251K01GL3;INF251K01GM1;10.0218;;;24-Aug-2021
117944;BNP PARIBAS LOW DURATION FUND DAILY Income Distribution cum Capital Withdrawal OPTION;;INF251K01DR7;10.0604;;;24-Aug-2021
117945;BNP PARIBAS LOW DURATION FUND GROWTH OPTION;INF251K01DQ9;;32.3120;;;24-Aug-2021
117947;BNP PARIBAS LOW DURATION FUND MONTHLY Income Distribution cum Capital Withdrawal OPTION;INF251K01DU1;INF251K01DV9;10.3874;;;24-Aug-2021
117946;BNP PARIBAS LOW DURATION FUND WEEKLY Income Distribution cum Capital Withdrawal OPTION;INF251K01DS5;INF251K01DT3;10.0209;;;24-Aug-2021
113483;BNP PARIBAS LOW DURATION Fund-Regular Plan- Daily Income Distribution cum Capital Withdrawal Option (Compulsory Reinvestment);;INF251K01DM8;10.0499;;;24-Aug-2021
113476;BNP PARIBAS LOW DURATION Fund-Regular Plan-Growth Option;INF251K01DL0;;32.2104;;;24-Aug-2021
113478;BNP PARIBAS LOW DURATION Fund-Regular Plan-Monthly Income Distribution cum Capital Withdrawal Option;INF251K01DO4;INF251K01DP1;10.4559;;;24-Aug-2021
113477;BNP PARIBAS LOW DURATION Fund-Regular Plan-Weekly Income Distribution cum Capital Withdrawal Option;;INF251K01DN6;10.0214;;;24-Aug-2021

Canara Robeco Mutual Fund
118293;CANARA ROBECO SAVINGS FUND - DIRECT PLAN - DAILY IDCW (Reinvestment);;INF760K01EM6;10.2600;;;24-Aug-2021
118291;CANARA ROBECO SAVINGS FUND - DIRECT PLAN - GROWTH OPTION;INF760K01ET1;;34.1440;;;24-Aug-2021
118292;CANARA ROBECO SAVINGS FUND - DIRECT PLAN - IDCW (Payout/Reinvestment);INF760K01EP9;INF760K01EQ7;30.5594;;;24-Aug-2021
118295;CANARA ROBECO SAVINGS FUND - DIRECT PLAN - MONTHLY IDCW (Payout/Reinvestment);INF760K01EN4;INF760K01EO2;10.2908;;;24-Aug-2021
118294;CANARA ROBECO SAVINGS FUND - DIRECT PLAN - WEEKLY IDCW (Payout/Reinvestment);INF760K01ER5;INF760K01ES3;10.2652;;;24-Aug-2021
104559;CANARA ROBECO SAVINGS FUND - REGULAR PLAN - DAILY IDCW (Reinvestment);;INF760K01803;10.2600;;;24-Aug-2021
102913;CANARA ROBECO SAVINGS FUND - REGULAR PLAN - GROWTH OPTION;INF760K01795;;33.5798;;;24-Aug-2021
102914;CANARA ROBECO SAVINGS FUND - REGULAR PLAN - IDCW (Payout/Reinvestment);INF760K01779;INF760K01787;30.0788;;;24-Aug-2021
113144;CANARA ROBECO SAVINGS FUND - REGULAR PLAN - MONTHLY IDCW (Payout/Reinvestment);INF760K01AM4;INF760K01AN2;10.2891;;;24-Aug-2021
102915;CANARA ROBECO SAVINGS FUND - REGULAR PLAN - WEEKLY IDCW (Payout/Reinvestment);INF760K01CB3;INF760K01811;10.2648;;;24-Aug-2021

DSP Mutual Fund
133925;DSP Low Duration Fund - Direct Plan - Growth;INF740K013Q1;;16.1076;;;24-Aug-2021
133922;DSP Low Duration Fund - Direct Plan - IDCW - Daily;;INF740KA1OL5;10.1268;;;24-Aug-2021
133928;DSP Low Duration Fund - Direct Plan - IDCW - Monthly;INF740K014Q9;INF740K015Q6;11.5929;;;24-Aug-2021
133924;DSP Low Duration Fund - Direct Plan - IDCW - Quarterly;INF740K016Q4;INF740K017Q2;10.6450;;;24-Aug-2021
133923;DSP Low Duration Fund - Direct Plan - IDCW - Weekly;INF740KA1OM3;INF740KA1ON1;10.1306;;;24-Aug-2021
133926;DSP Low Duration Fund - Regular Plan - Growth;INF740K018P2;;15.7849;;;24-Aug-2021
133919;DSP Low Duration Fund - Regular Plan - IDCW - Daily;;INF740KA1OO9;10.1814;;;24-Aug-2021
133920;DSP Low Duration Fund - Regular Plan - IDCW - Monthly;INF740K019P0;INF740K010Q7;10.4726;;;24-Aug-2021
133921;DSP Low Duration Fund - Regular Plan - IDCW - Quarterly;INF740K011Q5;INF740K012Q3;10.6210;;;24-Aug-2021
133927;DSP Low Duration Fund - Regular Plan - IDCW - Weekly;INF740KA1OP6;INF740KA1OQ4;10.1303;;;24-Aug-2021

Franklin Templeton Mutual Fund
118530;Franklin India Low Duration Fund - Direct - Growth;INF090I01HG7;;24.5231;;;24-Aug-2021
118528;Franklin India Low Duration Fund - Direct - Monthly - IDCW;INF090I01HC6;INF090I01HD4;11.3970;;;24-Aug-2021
118529;Franklin India Low Duration Fund - Direct - Quarterly - IDCW;INF090I01HE2;INF090I01HF9;11.1997;;;24-Aug-2021
113135;Franklin India Low Duration Fund - Growth Plan;INF090I01BU1;;23.8773;;;24-Aug-2021
100503;Franklin India Low Duration Fund - Monthly - IDCW;INF090I01BQ9;INF090I01BR7;11.0099;;;24-Aug-2021
100504;Franklin India Low Duration Fund - Quarterly - IDCW;INF090I01BS5;INF090I01BT3;10.8132;;;24-Aug-2021
147995;Franklin India Low Duration Fund- Segregated Portfolio 2 - 10.90% Vodafone Idea Ltd (02-Sep-2023) - Monthly - IDCW;INF090I01UE5;;0.0000;;;24-Aug-2021
147997;Franklin India Low Duration Fund- Segregated Portfolio 2 - 10.90% Vodafone Idea Ltd (02-Sep-2023) - Quarterly - IDCW;INF090I01UF2;;0.0000;;;24-Aug-2021
147999;Franklin India Low Duration Fund- Segregated Portfolio 2- 10.90% Vodafone Idea Ltd 02Sep2023-Direct- Growth Plan;INF090I01UJ4;;0.0000;;;24-Aug-2021
148000;Franklin India Low Duration Fund- Segregated Portfolio 2- 10.90% Vodafone Idea Ltd 02Sep2023-Growth Plan;INF090I01UG0;;0.0000;;;24-Aug-2021
147996;Franklin India Low Duration Fund-Direct- Segregated Portfolio 2 - 10.90% Vodafone Idea Ltd (02-Sep-2023) - Direct Monthly - IDCW;INF090I01UH8;;0.0000;;;24-Aug-2021
147998;Franklin India Low Duration Fund-Direct- Segregated Portfolio 2 - 10.90% Vodafone Idea Ltd (02-Sep-2023) - Direct Quarterly - IDCW;INF090I01UI6;;0.0000;;;24-Aug-2021

HDFC Mutual Fund
105548;HDFC Low Duration  Fund - Daily IDCW;;INF179K01434;10.1428;;;24-Aug-2021
118945;HDFC Low Duration  Fund - Direct Plan - Daily IDCW;;;10.0655;;;24-Aug-2021
118942;HDFC Low Duration  Fund - Direct Plan - Growth;INF179K01VF7;;48.6544;;;24-Aug-2021
118943;HDFC Low Duration  Fund - Direct Plan - Monthly IDCW;INF179K01VG5;INF179K01VH3;10.1946;;;24-Aug-2021
118944;HDFC Low Duration  Fund - Direct Plan - Weekly IDCW;;;10.0607;;;24-Aug-2021
102452;HDFC Low Duration  Fund - Growth;INF179K01442;;45.9213;;;24-Aug-2021
105543;HDFC Low Duration  Fund - Monthly IDCW;INF179K01459;INF179K01467;10.1873;;;24-Aug-2021
102453;HDFC Low Duration  Fund - Weekly IDCW;INF179K01475;INF179K01483;10.0606;;;24-Aug-2021

HSBC Mutual Fund
104344;HSBC Low Duration Fund  - Growth;INF336L01AH1;;16.4512;;;24-Aug-2021
104350;HSBC Low Duration Fund  - Regular - Growth;INF336L01AP4;;23.5933;;;24-Aug-2021
104342;HSBC Low Duration Fund - Daily IDCW;;INF336L01AO7;9.8858;;;24-Aug-2021
120066;HSBC Low Duration Fund - Direct Growth;INF336L01EG5;;17.5473;;;24-Aug-2021
120063;HSBC Low Duration Fund - Direct Monthly IDCW;;INF336L01EJ9;10.2227;;;24-Aug-2021
104351;HSBC Low Duration Fund - Regular Monthly IDCW;;INF336L01AG3;10.0005;;;24-Aug-2021
104343;HSBC Low Duration Fund - Weekly IDCW;;INF336L01AQ2;9.9028;;;24-Aug-2021

ICICI Prudential Mutual Fund
101618;ICICI Prudential Savings Fund - Daily IDCW;INF109K01738;;105.7358;;;24-Aug-2021
120397;ICICI Prudential Savings Fund - Direct Plan - Daily IDCW;;INF109K01O66;105.7358;;;24-Aug-2021
122904;ICICI Prudential Savings Fund - Direct Plan - Fortnightly IDCW;INF109K016Y3;INF109K015Y5;101.8394;;;24-Aug-2021
120398;ICICI Prudential Savings Fund - Direct Plan - Growth;INF109K01O82;;429.7438;;;24-Aug-2021
120399;ICICI Prudential Savings Fund - Direct Plan - IDCW Others;INF109K01O90;INF109K01O74;157.5883;;;24-Aug-2021
122651;ICICI Prudential Savings Fund - Direct Plan - Monthly IDCW;INF109K018Y9;INF109K017Y1;102.1423;;;24-Aug-2021
122982;ICICI Prudential Savings Fund - Direct Plan - Quarterly IDCW;INF109K010Z3;INF109K019Y7;106.4768;;;24-Aug-2021
120396;ICICI Prudential Savings Fund - Direct Plan - Weekly IDCW;INF109K01P08;INF109K01P16;105.4916;;;24-Aug-2021
122748;ICICI Prudential Savings Fund - Fortnightly IDCW;INF109K012Z9;INF109K011Z1;101.8355;;;24-Aug-2021
101619;ICICI Prudential Savings Fund - Growth;INF109K01746;;425.7802;;;24-Aug-2021
115511;ICICI Prudential Savings Fund - IDCW Others;INF109K01WO4;INF109K01WN6;156.1418;;;24-Aug-2021
122531;ICICI Prudential Savings Fund - Monthly IDCW;INF109K014Z5;INF109K013Z7;102.1341;;;24-Aug-2021
122995;ICICI Prudential Savings Fund - Quarterly IDCW;INF109K016Z0;INF109K015Z2;106.3017;;;24-Aug-2021
101617;ICICI Prudential Savings Fund - Weekly IDCW;INF109K01JO1;INF109K01753;105.4447;;;24-Aug-2021

Invesco Mutual Fund
105025;Invesco India Low Duration Fund - Daily IDCW (Reinvestment);;INF205K01HZ7;1010.0938;;;24-Aug-2021
120567;Invesco India Low Duration Fund - Direct Plan - Discretionary IDCW (Payout / Reinvestment);INF205K01NW2;INF205K01NX0;3108.6158;;;24-Aug-2021
120570;Invesco India Low Duration Fund - Direct Plan - Growth;INF205K01NY8;;3107.2778;;;24-Aug-2021
120571;Invesco India Low Duration Fund - Direct Plan - Monthly IDCW (Payout / Reinvestment);INF205K01NZ5;INF205K01OA6;1071.514;;;24-Aug-2021
120568;Invesco India Low Duration Fund - Direct Plan - Weekly IDCW (Payout / Reinvestment);INF205K01OB4;INF205K01OC2;1205.9708;;;24-Aug-2021
120566;Invesco India Low Duration Fund - Direct Plan -Daily IDCW (Reinvestment);;INF205K01NV4;1018.9655;;;24-Aug-2021
115458;Invesco India Low Duration Fund - Discretionary IDCW (Payout / Reinvestment);INF205K01IG5;INF205K01IF7;3086.0141;;;24-Aug-2021
104726;Invesco India Low Duration Fund - Growth;INF205K01HY0;;3015.33;;;24-Aug-2021
104729;Invesco India Low Duration Fund - Monthly IDCW (Payout / Reinvestment);INF205K01ID2;INF205K01IC4;1098.9088;;;24-Aug-2021
104728;Invesco India Low Duration Fund - Regular - Growth;INF205K01HT0;;2749.7171;;;24-Aug-2021
104723;Invesco India Low Duration Fund - Regular - Monthly IDCW (Reinvestment);;INF205K01HW4;1114.436;;;24-Aug-2021
104722;Invesco India Low Duration Fund - Regular - Weekly IDCW (Reinvestment);;INF205K01HV6;1315.1594;;;24-Aug-2021
105024;Invesco India Low Duration Fund - Regular Daily IDCW (Reinvestment);;INF205K01HU8;1475.1657;;;24-Aug-2021
104725;Invesco India Low Duration Fund - Weekly IDCW (Payout / Reinvestment);INF205K01IB6;INF205K01IA8;1125.1059;;;24-Aug-2021
120569;Invesco India Treasury Advantage Fund - Direct Plan - Bonus;INF205K01NU6;;1726.2824;;;24-Aug-2021

JM Financial Mutual Fund
143610;JM Low Duration Fund (Direct) - Bonus Option - Principal Units;INF192K01FL1;;18.0333;;;24-Aug-2021
143604;JM Low Duration Fund (Direct) - Daily IDCW;;INF192K01DT9;10.8500;;;24-Aug-2021
143606;JM Low Duration Fund (Direct) - Fortnightly IDCW;;INF192K01DV5;11.1249;;;24-Aug-2021
143612;JM Low Duration Fund (Direct) - Growth;INF192K01DW3;;29.9503;;;24-Aug-2021
143611;JM Low Duration Fund (Direct) - Weekly IDCW;;INF192K01DU7;11.4500;;;24-Aug-2021
143603;JM Low Duration Fund (Regular) - Daily IDCW;;INF192K01AV1;10.8200;;;24-Aug-2021
143605;JM Low Duration Fund (Regular) - Fortnightly IDCW ;;INF192K01AX7;11.0844;;;24-Aug-2021
143607;JM Low Duration Fund (Regular) - Growth Option;INF192K01AY5;;29.6387;;;24-Aug-2021
143608;JM Low Duration Fund (Regular) - Weekly IDCW;;INF192K01AW9;11.4100;;;24-Aug-2021
143609;JM Low Duration Fund - Bonus Option - Principal Units;INF192K01FJ5;;17.8564;;;24-Aug-2021

Kotak Mahindra Mutual Fund
133807;Kotak Low Duration - Regular Plan-Weekly Reinvestment of Income Distribution cum capital withdrawal option;INF178L01236;;1014.3992;;;24-Aug-2021
133812;Kotak Low Duration Fund - Direct Plan- Standard Income Distribution cum capital withdrawal option;INF178L01AZ9;INF178L01AY2;1204.5713;;;24-Aug-2021
133810;Kotak Low Duration Fund- Direct Plan- Growth Option;INF178L01AX4;;2834.5968;;;24-Aug-2021
133811;Kotak Low Duration Fund- Direct Plan- Weekly Reinvestment of Income Distribution cum capital withdrawal option;INF178L01BA0;;1198.8281;;;24-Aug-2021
133805;Kotak Low Duration Fund- Regular Plan-Growth Option;INF178L01202;;2677.3682;;;24-Aug-2021
133809;Kotak Low Duration Fund- Regular Plan-Standard Income Distribution cum capital withdrawal option;INF178L01210;INF178L01228;1025.5293;;;24-Aug-2021

L&T Mutual Fund
134421;L&T Low Duration Fund - Direct Plan - Annual IDCW;INF917K01VV7;INF917K01VU9;10.9786;;;24-Aug-2021
134422;L&T Low Duration Fund - Regular Plan - Annual IDCW;INF917K01VX3;INF917K01VW5;10.7008;;;24-Aug-2021
119809;L&T Low Duration Fund-Direct Plan-Growth;INF917K01GM7;;23.324;;;24-Aug-2021
119808;L&T Low Duration Fund-Direct Plan-IDCW;INF917K01GK1;;11.143;;;24-Aug-2021
118133;L&T Low Duration Fund-Regular Plan - Growth;INF677K01452;;22.543;;;24-Aug-2021
118134;L&T Low Duration Fund-Regular Plan - IDCW;INF677K01460;INF677K01478;10.5478;;;24-Aug-2021

LIC Mutual Fund
120316;LIC MF Low Duration Fund-Direct Plan-Daily IDCW;INF767K01FL0;INF767K01FN6;10.0196;;;24-Aug-2021
120315;LIC MF Low Duration Fund-Direct Plan-Growth;INF767K01FM8;;33.6998;;;24-Aug-2021
120317;LIC MF Low Duration Fund-Direct Plan-Monthly IDCW;INF767K01FP1;INF767K01FO4;17.6079;;;24-Aug-2021
120318;LIC MF Low Duration Fund-Direct Plan-Weekly IDCW;INF767K01JJ6;INF767K01JK4;11.7447;;;24-Aug-2021
111676;LIC MF Low Duration Fund-Regular Plan-Daily IDCW;INF767K01AK3;INF767K01AL1;10.428;;;24-Aug-2021
101830;LIC MF Low Duration Fund-Regular Plan-Growth;INF767K01AO5;;31.834;;;24-Aug-2021
101829;LIC MF Low Duration Fund-Regular Plan-Monthly IDCW;INF767K01AM9;INF767K01AN7;11.0356;;;24-Aug-2021
111675;LIC MF Low Duration Fund-Regular Plan-Weekly IDCW;INF767K01AP2;INF767K01AQ0;10.9299;;;24-Aug-2021

Mahindra Manulife Mutual Fund
140617;Mahindra Manulife Low Duration Fund - Direct Plan - Daily IDCW;;INF174V01275;1039.6701;;;24-Aug-2021
140619;Mahindra Manulife Low Duration Fund - Direct Plan - Monthly IDCW;INF174V01309;INF174V01291;1136.4840;;;24-Aug-2021
140618;Mahindra Manulife Low Duration Fund - Direct Plan - Weekly IDCW;;INF174V01283;1030.1068;;;24-Aug-2021
140613;Mahindra Manulife Low Duration Fund - Direct Plan -Growth;INF174V01267;;1369.1112;;;24-Aug-2021
140614;Mahindra Manulife Low Duration Fund - Regular Plan - Daily IDCW;;INF174V01226;1005.9405;;;24-Aug-2021
140620;Mahindra Manulife Low Duration Fund - Regular Plan - Growth;INF174V01218;;1315.7884;;;24-Aug-2021
140616;Mahindra Manulife Low Duration Fund - Regular Plan - Monthly IDCW;INF174V01259;INF174V01242;1116.3072;;;24-Aug-2021
140615;Mahindra Manulife Low Duration Fund - Regular Plan - Weekly IDCW;;INF174V01234;1052.4431;;;24-Aug-2021

Mirae Asset Mutual Fund
118843;Mirae Asset Low Duration Fund - Direct Plan - Daily IDCW;;INF769K01BR2;1208.9337;;;24-Aug-2021
118840;Mirae Asset Low Duration Fund - Direct Plan - Growth;INF769K01BO9;;1925.0185;;;24-Aug-2021
118841;Mirae Asset Low Duration Fund - Direct Plan - Monthly IDCW;INF769K01BP6;INF769K01BT8;1159.5809;;;24-Aug-2021
118842;Mirae Asset Low Duration Fund - Direct Plan - Quarterly IDCW;INF769K01BQ4;INF769K01BU6;1019.7902;;;24-Aug-2021
118844;Mirae Asset Low Duration Fund - Direct Plan - Weekly IDCW;;INF769K01BS0;1455.3668;;;24-Aug-2021
107700;Mirae Asset Low Duration Fund - Regular Plan - Daily IDCW;;INF769K01986;1005.1646;;;24-Aug-2021
107705;Mirae Asset Low Duration Fund - Regular Plan - Growth;INF769K01937;;1810.6805;;;24-Aug-2021
107704;Mirae Asset Low Duration Fund - Regular Plan - Monthly IDCW;INF769K01960;INF769K01AA0;1087.1363;;;24-Aug-2021
107702;Mirae Asset Low Duration Fund - Regular Plan - Quarterly IDCW;INF769K01978;INF769K01AB8;1016.1386;;;24-Aug-2021
107701;Mirae Asset Low Duration Fund - Regular Plan - Weekly IDCW;;INF769K01994;1107.2662;;;24-Aug-2021

Nippon India Mutual Fund
111747;NIPPON INDIA LOW DURATION FUND - DAILY IDCW Option;;INF204K01EX2;1009.6324;;;24-Aug-2021
118703;NIPPON INDIA LOW DURATION FUND - DIRECT Plan - DAILY IDCW Option;;INF204K01ZV1;1009.7230;;;24-Aug-2021
125264;NIPPON INDIA LOW DURATION FUND - DIRECT Plan - IDCW Option;INF204KA1EK7;INF204KA1EL5;1683.8670;;;24-Aug-2021
118704;NIPPON INDIA LOW DURATION FUND - DIRECT Plan - MONTHLY IDCW Option;INF204K01ZX7;INF204K01ZY5;1026.7628;;;24-Aug-2021
118705;NIPPON INDIA LOW DURATION FUND - DIRECT Plan - QUARTERLY IDCW Option;INF204K01ZZ2;INF204K01A09;1022.2840;;;24-Aug-2021
118706;NIPPON INDIA LOW DURATION FUND - DIRECT Plan - WEEKLY IDCW Option;INF204K01A17;;1009.6264;;;24-Aug-2021
118702;Nippon India Low Duration Fund - Direct Plan Growth Plan - Bonus Option;INF204K01G03;;1794.4884;;;24-Aug-2021
118709;Nippon India Low Duration Fund - Direct Plan Growth Plan - Growth Option;INF204K01ZU3;;3089.1703;;;24-Aug-2021
125265;NIPPON INDIA LOW DURATION FUND - IDCW Option;INF204KA1EI1;INF204KA1EJ9;1635.7820;;;24-Aug-2021
111749;NIPPON INDIA LOW DURATION FUND - MONTHLY IDCW Option;INF204K01EZ7;INF204K01FA7;1020.1640;;;24-Aug-2021
111750;NIPPON INDIA LOW DURATION FUND - QUARTERLY IDCW Option;INF204K01FB5;INF204K01FC3;1020.8396;;;24-Aug-2021
111744;NIPPON INDIA LOW DURATION FUND - RETAIL Plan - DAILY IDCW Option;;INF204K01EP8;1009.6333;;;24-Aug-2021
111748;Nippon India Low Duration Fund - Retail Plan - Growth Plan - Growth Option;INF204K01EN3;;2845.9840;;;24-Aug-2021
111743;Nippon India Low Duration Fund - Retail Plan - Growth Plan -Bonus Option;INF204K01EO1;;2120.7877;;;24-Aug-2021
111751;NIPPON INDIA LOW DURATION FUND - RETAIL Plan - MONTHLY IDCW Option;INF204K01ER4;INF204K01ES2;1022.2338;;;24-Aug-2021
111752;NIPPON INDIA LOW DURATION FUND - RETAIL Plan - QUARTERLY IDCW Option;INF204K01ET0;INF204K01EU8;1020.7944;;;24-Aug-2021
111745;NIPPON INDIA LOW DURATION FUND - RETAIL Plan - WEEKLY IDCW Option;INF204K01OP7;INF204K01EQ6;1009.6798;;;24-Aug-2021
111754;NIPPON INDIA LOW DURATION FUND - WEEKLY IDCW Option;INF204K01OO0;INF204K01EY0;1009.5010;;;24-Aug-2021
111746;Nippon India Low Duration Fund -Growth Plan -Bonus Option;INF204K01EW4;;1731.4924;;;24-Aug-2021
111753;Nippon India Low Duration Fund- Growth Plan - Growth Option;INF204K01EV6;;2982.2152;;;24-Aug-2021

PGIM India Mutual Fund
138430;PGIM India Low Duration Fund - DAILY DIV;INF663L01HQ4;;9.2237;;;24-Aug-2021
138441;PGIM India Low Duration Fund - Direct Plan - Daily Dividend;INF663L01HF7;;9.3664;;;24-Aug-2021
138443;PGIM India Low Duration Fund - Direct Plan - Growth;INF663L01HE0;;24.978;;;24-Aug-2021
138439;PGIM India Low Duration Fund - Direct Plan - Monthly Dividend;INF663L01HK7;;10.0616;;;24-Aug-2021
138446;PGIM India Low Duration Fund - Direct Plan - Weekly Dividend;INF663L01HG5;INF663L01HH3;9.5848;;;24-Aug-2021
138423;PGIM India Low Duration Fund - GR;INF663L01HV4;;23.6827;;;24-Aug-2021
138429;PGIM India Low Duration Fund INSTITUTIONAL - MONTHLY DIV;INF223J01986;;9.8675;;;24-Aug-2021
138427;PGIM India Low Duration Fund INSTITUTIONAL -GR;INF663L01JN7;;21.3827;;;24-Aug-2021
138431;PGIM India Low Duration Fund INSTITUTIONAL -Weekly;INF663L01JP2;;9.2692;;;24-Aug-2021
138432;PGIM India Low Duration Fund INSTITUTIONAL-Daily;INF663L01JO5;;9.231;;;24-Aug-2021
138424;PGIM India Low Duration Fund- MONTHLY DIV;INF663L01HR2;INF663L01HS0;10.0312;;;24-Aug-2021
138425;PGIM India Low Duration Fund- WEEKLY DIV;INF663L01IE8;INF663L01IF5;9.3017;;;24-Aug-2021

Principal Mutual Fund
119445;Principal Low Duration Fund - Direct Plan - Daily Income Distribution CUM Capital Withdrawal Option;;INF173K01FR8;954.6496;;;24-Aug-2021
119448;Principal Low Duration Fund - Direct Plan - Growth Option;INF173K01FS6;;2896.1984;;;24-Aug-2021
119447;Principal Low Duration Fund - Direct Plan - Monthly Income Distribution CUM Capital Withdrawal Option;INF173K01FT4;INF173K01FU2;1083.0493;;;24-Aug-2021
119446;Principal Low Duration Fund - Direct Plan - Weekly Income Distribution CUM Capital Withdrawal Option;;INF173K01FW8;953.2178;;;24-Aug-2021
102723;Principal Low Duration Fund - Weekly Income Distribution CUM Capital Withdrawal Option;;INF173K01DI2;947.5906;;;24-Aug-2021
105461;Principal Low Duration Fund -Daily Income Distribution CUM Capital Withdrawal Option;;INF173K01DH4;947.4338;;;24-Aug-2021
102722;Principal Low Duration Fund- Growth Option;INF173K01DG6;;2774.9862;;;24-Aug-2021
102724;Principal Low Duration Fund- Monthly Income Distribution CUM Capital Withdrawal Option;INF173K01DJ0;INF173K01DK8;1074.6777;;;24-Aug-2021

SBI Mutual Fund
119810;SBI Magnum Low Duration Fund - Direct Plan - Daily Income Distribution cum Capital Withdrawal Option (IDCW);;INF200K01VJ3;1097.2737;;;24-Aug-2021
119811;SBI Magnum Low Duration Fund - Direct Plan - Fortnightly Income Distribution cum Capital Withdrawal Option (IDCW);INF200K01VK1;INF200K01VL9;1116.3696;;;24-Aug-2021
119812;SBI MAGNUM LOW DURATION FUND - DIRECT PLAN - GROWTH;INF200K01VM7;;2846.2520;;;24-Aug-2021
119818;SBI Magnum Low Duration Fund - Direct Plan - Monthly Income Distribution cum Capital Withdrawal Option (IDCW);INF200K01VN5;INF200K01VO3;1264.7523;;;24-Aug-2021
119819;SBI Magnum Low Duration Fund - Direct Plan - Weekly Income Distribution cum Capital Withdrawal Option (IDCW);INF200K01VP0;INF200K01VQ8;1098.8085;;;24-Aug-2021
106213;SBI Magnum Low Duration Fund - Regular Plan - Daily Income Distribution cum Capital Withdrawal Option (IDCW);;INF200K01ML8;1088.2700;;;24-Aug-2021
106215;SBI Magnum Low Duration Fund - Regular Plan - Fornightly Income Distribution cum Capital Withdrawal Option (IDCW);INF200K01MM6;INF200K01MN4;1107.3126;;;24-Aug-2021
106212;SBI MAGNUM LOW DURATION FUND - REGULAR PLAN - GROWTH;INF200K01MO2;;2793.9692;;;24-Aug-2021
106216;SBI Magnum Low Duration Fund - Regular Plan - Monthly Income Distribution cum Capital Withdrawal Option (IDCW);INF200K01MP9;INF200K01MQ7;1225.4511;;;24-Aug-2021
106214;SBI Magnum Low Duration Fund - Regular Plan - Weekly Income Distribution cum Capital Withdrawal Option (IDCW);INF200K01MR5;INF200K01MS3;1088.2550;;;24-Aug-2021
106221;SBI Short Horizon Debt Fund - Ultra Short Term Fund - Institutional Plan - Daily Income Distribution cum Capital Withdrawal Option (IDCW);;INF200K01MD5;1087.9000;;;24-Aug-2021
106217;SBI Short Horizon Debt Fund - Ultra Short Term Fund - Institutional Plan - Growth;INF200K01MG8;;2843.1749;;;24-Aug-2021
106222;SBI Short Horizon Debt Fund - Ultra Short Term Fund- Institutional Plan - Weekly Income Distribution cum Capital Withdrawal Option (IDCW);INF200K01MJ2;INF200K01MK0;1085.8187;;;24-Aug-2021

Sundaram Mutual Fund
119679;Sundaram Low Duration Fund Direct Plan - Daily Reinvestment of Income Distribution cum Capital Withdrawal (IDCW);;INF903J01QY3;10.2141;;;24-Aug-2021
119681;Sundaram Low Duration Fund Direct Plan - Fortnightly Income Distribution cum Capital Withdrawal (IDCW);INF903J01QZ0;INF903J01RA1;11.0488;;;24-Aug-2021
119680;Sundaram Low Duration Fund Direct Plan - Growth;INF903J01RB9;;27.5679;;;24-Aug-2021
119682;Sundaram Low Duration Fund Direct Plan - Monthly Income Distribution cum Capital Withdrawal (IDCW);INF903J01RR5;INF903J01RG8;10.7895;;;24-Aug-2021
119678;Sundaram Low Duration Fund Direct Plan - Quarterly Income Distribution cum Capital Withdrawal (IDCW);INF903J01RC7;INF903J01RD5;11.5921;;;24-Aug-2021
119677;Sundaram Low Duration Fund Direct Plan - Weekly Income Distribution cum Capital Withdrawal (IDCW);INF903J01RF0;;11.5756;;;24-Aug-2021
105554;Sundaram Low Duration Fund Institutional Plan - Daily Reinvestment of Income Distribution cum Capital Withdrawal (IDCW);;INF903J01RE3;10.2521;;;24-Aug-2021
105562;Sundaram Low Duration Fund Institutional Plan - Growth;INF903J01EG6;;25.4580;;;24-Aug-2021
105561;Sundaram Low Duration Fund Institutional Plan - Monthly Income Distribution cum Capital Withdrawal (IDCW);INF903J01EH4;INF903J01EL6;10.5626;;;24-Aug-2021
118329;Sundaram Low Duration Fund Regular Plan - Bonus;INF903J01MG9;;15.0742;;;24-Aug-2021
105565;Sundaram Low Duration Fund Regular Plan - Daily Reinvestment of Income Distribution cum Capital Withdrawal (IDCW);;INF903J01EP7;10.1111;;;24-Aug-2021
105557;Sundaram Low Duration Fund Regular Plan - Fortnightly Income Distribution cum Capital Withdrawal (IDCW);INF903J01JP6;INF903J01ER3;10.8314;;;24-Aug-2021
105563;Sundaram Low Duration Fund Regular Plan - Growth;INF903J01EN2;;26.3327;;;24-Aug-2021
105566;Sundaram Low Duration Fund Regular Plan - Monthly Income Distribution cum Capital Withdrawal (IDCW);INF903J01EO0;INF903J01ES1;10.6040;;;24-Aug-2021
105558;Sundaram Low Duration Fund Regular Plan - Quarterly Income Distribution cum Capital Withdrawal (IDCW);INF903J01JQ4;INF903J01ET9;11.1074;;;24-Aug-2021
105556;Sundaram Low Duration Fund Regular Plan - Weekly Income Distribution cum Capital Withdrawal (IDCW);INF903J01JO9;INF903J01EQ5;11.4421;;;24-Aug-2021
105553;Sundaram Low Duration Fund Retail Plan - Daily Reinvestment of Income Distribution cum Capital Withdrawal (IDCW);;INF903J01EB7;10.2522;;;24-Aug-2021
105550;Sundaram Low Duration Fund Retail Plan - Fortnightly Income Distribution cum Capital Withdrawal (IDCW);INF903J01JJ9;INF903J01ED3;10.5364;;;24-Aug-2021
105564;Sundaram Low Duration Fund Retail Plan - Growth;INF903J01DZ8;;23.8692;;;24-Aug-2021
105551;Sundaram Low Duration Fund Retail Plan - Monthly Income Distribution cum Capital Withdrawal (IDCW);INF903J01EA9;INF903J01EE1;10.5521;;;24-Aug-2021
105552;Sundaram Low Duration Fund Retail Plan - Quarterly Income Distribution cum Capital Withdrawal (IDCW);INF903J01JK7;INF903J01EF8;10.7142;;;24-Aug-2021
105549;Sundaram Low Duration Fund Retail Plan - Weekly Income Distribution cum Capital Withdrawal (IDCW);INF903J01JI1;INF903J01EC5;11.3247;;;24-Aug-2021

Tata Mutual Fund
119863;Tata Treasury Advantage Fund - Direct Plan - Growth Option;INF277K01OK4;;3177.7415;;;24-Aug-2021
103159;Tata Treasury Advantage Fund - Regular Plan - Growth Option;INF277K01MA9;;3129.8481;;;24-Aug-2021
119864;Tata Treasury Advantage Fund Direct Plan - Daily Reinvestment of IDCW Option;;INF277K018B3;1003.5316;;;24-Aug-2021
119957;Tata Treasury Advantage Fund Direct Plan - Periodic Payout of IDCW Option;INF277K01OL2;INF277K01OM0;2016.2082;;;24-Aug-2021
119865;Tata Treasury Advantage Fund Direct Plan - Weekly Payout of IDCW Option;INF277K019B1;INF277K010C8;1008.0658;;;24-Aug-2021
103160;Tata Treasury Advantage Fund Regular Plan - Daily Reinvestment of IDCW Option;;INF277K01LZ8;1003.5288;;;24-Aug-2021
115464;Tata Treasury Advantage Fund Regular Plan - Periodic Payout of IDCW Option;INF277K01MC5;INF277K01ME1;1984.7809;;;24-Aug-2021
103158;Tata Treasury Advantage Fund Regular Plan - Weekly Payout of IDCW Option;INF277K01MD3;INF277K01MB7;1008.0658;;;24-Aug-2021
147397;Tata Treasury Advantage Fund Segregated Portfolio 1 Direct Plan - Daily Payout of IDCWOption;INF277K016U7;;10.8639;;;24-Aug-2021
147398;Tata Treasury Advantage Fund Segregated Portfolio 1 Direct Plan - Periodic Payout of IDCW Option;INF277K018U3;INF277K013W0;19.9533;;;24-Aug-2021
147395;Tata Treasury Advantage Fund Segregated Portfolio 1 Direct Plan - Weekly Payout of IDCW Option;INF277K017U5;INF277K012W2;10.9305;;;24-Aug-2021
147401;Tata Treasury Advantage Fund Segregated Portfolio 1 Regular Plan - Daily Payout of IDCW Option;INF277K011U8;;10.8631;;;24-Aug-2021
147402;Tata Treasury Advantage Fund Segregated Portfolio 1 Regular Plan - Periodic Payout of IDCW Option;INF277K014U2;INF277K011W4;19.7444;;;24-Aug-2021
147400;Tata Treasury Advantage Fund Segregated Portfolio 1 Regular Plan - Weekly Payout of IDCW Option;INF277K012U6;INF277K013U4;10.9293;;;24-Aug-2021
147396;Tata Treasury Advantage Fund- Direct Plan -Growth Option (Segregated Portfolio 1);INF277K015U9;;31.4658;;;24-Aug-2021
147399;Tata Treasury Advantage Fund-Regular Plan - Growth Option (Segregated Portfolio 1);INF277K010U0;;31.1213;;;24-Aug-2021

UTI Mutual Fund
141958;UTI Low Duration Fund - Direct Plan - Annual IDCW;INF789F01XF9;INF789F01XG7;1026.6471;;;24-Aug-2021
120737;UTI Low Duration Fund - Direct Plan - Daily IDCW (Reinvestment);;INF789F01XE2;1029.9897;;;24-Aug-2021
133127;UTI Low Duration Fund - Direct Plan - Flexi IDCW;INF789FA1O44;INF789FA1O51;1172.9192;;;24-Aug-2021
135191;UTI Low Duration Fund - Direct Plan - Fortnightly IDCW;INF789FA1O02;INF789FA1O10;1341.3938;;;24-Aug-2021
120735;UTI Low Duration Fund - Direct Plan - Growth Option;INF789F01XI3;;2697.7547;;;24-Aug-2021
133469;UTI Low Duration Fund - Direct Plan - Half-Yearly IDCW;INF789FA1O28;INF789FA1O36;1086.3307;;;24-Aug-2021
120736;UTI Low Duration Fund - Direct Plan - Monthly IDCW;INF789F01XJ1;INF789F01XK9;1053.2792;;;24-Aug-2021
120734;UTI Low Duration Fund - Direct Plan - Quarterly IDCW;INF789F01XL7;INF789F01XM5;1446.4587;;;24-Aug-2021
120739;UTI Low Duration Fund - Direct Plan - Weekly IDCW;INF789F01XN3;INF789F01XO1;1022.7234;;;24-Aug-2021
102538;UTI Low Duration Fund - Discontinued - Annaul Dividend Option;INF789F01OK8;INF789F01OL6;2570.6844;;;24-Aug-2021
105578;UTI Low Duration Fund - Discontinued - Periodic Dividend Plan;;INF789F01349;1049.662;;;24-Aug-2021
102541;UTI Low Duration Fund - Discontinued - Quarterly Dividend Option;INF789F01OO0;INF789F01OP7;1717.8662;;;24-Aug-2021
102539;UTI Low Duration Fund - Discontinued Bonus Option;INF789F01OM4;;3189.1529;;;24-Aug-2021
105659;UTI Low Duration Fund - Discontinued Flexi Dividend Plan;INF789F01PA6;;1088.4157;;;24-Aug-2021
102540;UTI Low Duration Fund - Discontinued Growth Option;INF789F01331;;4784.2669;;;24-Aug-2021
105670;UTI Low Duration Fund - Discontinued Monthly Dividend Option;INF789F01OY9;INF789F01OZ6;1036.078;;;24-Aug-2021
102545;UTI Low Duration Fund - Regular Plan - Bonus Option;INF789F01OS1;;2228.6474;;;24-Aug-2021
105605;UTI Low Duration Fund - Regular Plan - Daily IDCW (Reinvestment);;INF789F01ON2;1027.7354;;;24-Aug-2021
133130;UTI Low Duration Fund - Regular Plan - Flexi IDCW;INF789FA1N86;INF789FA1N94;1042.229;;;24-Aug-2021
133733;UTI Low Duration Fund - Regular Plan - Fortnightly IDCW;INF789FA1N45;INF789FA1N52;1332.6468;;;24-Aug-2021
102544;UTI Low Duration Fund - Regular Plan - Growth Option;INF789F01OT9;;2666.5216;;;24-Aug-2021
136345;UTI Low Duration Fund - Regular Plan - Half-Yearly IDCW;INF789FA1N60;INF789FA1N78;1052.5215;;;24-Aug-2021
105658;UTI Low Duration Fund - Regular Plan - Monthly IDCW;INF789F01OU7;INF789F01OV5;1048.3131;;;24-Aug-2021
115483;UTI Low Duration Fund - Regular Plan - Quarterly IDCW;INF789F01OW3;INF789F01OX1;1147.9921;;;24-Aug-2021
105627;UTI Low Duration Fund - Regular Plan - Weekly IDCW;INF789F01PB4;INF789F01PC2;1030.3236;;;24-Aug-2021

Open Ended Schemes ( Debt Scheme - Money Market Fund )


Aditya Birla Sun Life Mutual Fund
101973;Aditya Birla Sun Life Money Manager Fund - Daily IDCW;;INF209K01SZ6;100.02;;;24-Aug-2021
119513;Aditya Birla Sun Life Money Manager Fund - Direct - daily IDCW;;INF209K01UT5;100.02;;;24-Aug-2021
119512;Aditya Birla Sun Life Money Manager Fund - Direct - weekly IDCW;INF209K01UV1;INF209KA1LM3;100.1216;;;24-Aug-2021
101976;Aditya Birla Sun Life Money Manager Fund - Growth;INF209K01RV7;;289.563;;;24-Aug-2021
119511;Aditya Birla Sun Life Money Manager Fund - Growth - Direct Plan;INF209K01UU3;;291.9258;;;24-Aug-2021
101972;Aditya Birla Sun Life Money Manager Fund - Retail - Daily IDCW;;INF209K01JZ5;100.015;;;24-Aug-2021
101970;Aditya Birla Sun Life Money Manager Fund - RETAIL - WEEKLY IDCW;;INF209K01JY8;103.7909;;;24-Aug-2021
101971;Aditya Birla Sun Life Money Manager Fund - Retail Growth;INF209K01MJ3;;356.8772;;;24-Aug-2021
101974;Aditya Birla Sun Life Money Manager Fund - WEEKLY IDCW;;INF209K01SY9;100.1203;;;24-Aug-2021

Axis Mutual Fund
147576;Axis Money Market Fund - Direct Plan - Annual IDCW;INF846K01Q96;INF846K01Q88;1125.0285;;;24-Aug-2021
147571;Axis Money Market Fund - Direct Plan - Daily IDCW;;INF846K01Q70;1005.6131;;;24-Aug-2021
147567;Axis Money Market Fund - Direct Plan - Growth Option;INF846K01Q62;;1124.8718;;;24-Aug-2021
147572;Axis Money Market Fund - Direct Plan - Monthly IDCW;INF846K01R12;INF846K01R04;1010.7184;;;24-Aug-2021
147573;Axis Money Market Fund - Direct Plan - Quarterly IDCW;INF846K01R38;INF846K01R20;1044.9228;;;24-Aug-2021
147575;Axis Money Market Fund - Regular Plan - Annual IDCW;INF846K01R79;INF846K01R61;1121.4486;;;24-Aug-2021
147577;Axis Money Market Fund - Regular Plan - Daily IDCW;;INF846K01R53;1005.6127;;;24-Aug-2021
147568;Axis Money Market Fund - Regular Plan - Growth Option;INF846K01R46;;1121.4559;;;24-Aug-2021
147578;Axis Money Market Fund - Regular Plan - Monthly IDCW;INF846K01R95;INF846K01R87;1008.7005;;;24-Aug-2021
147574;Axis Money Market Fund - Regular Plan - Quarterly IDCW;INF846K01S11;INF846K01S03;1041.2866;;;24-Aug-2021

Bandhan Mutual Fund
108757;BANDHAN Money Manager Fund - Regular Plan - Monthly IDCW;INF194K01LO9;INF194K01LN1;10.2739;;;24-Aug-2021
108756;BANDHAN Money Manager Fund - Regular Plan - Growth;INF194K01LJ9;;32.2888;;;24-Aug-2021
108650;BANDHAN Money Manager Fund - Regular Plan - Daily IDCW;INF194K01LL5;INF194K01LK7;10.0994;;;24-Aug-2021
131389;BANDHAN Money Manager Fund - Regular Plan - Periodic IDCW;INF194KA1TG5;INF194KA1TH3;10.5889;;;24-Aug-2021
108701;BANDHAN Money Manager Fund - Regular Plan - Weekly IDCW;INF194K01LR2;INF194K01LQ4;10.1234;;;24-Aug-2021
118383;BANDHAN Money Manager Fund -Direct Plan-Daily IDCW;;INF194K01M98;10.0994;;;24-Aug-2021
118384;BANDHAN Money Manager Fund -Direct Plan-Growth;INF194K01M80;;34.1481;;;24-Aug-2021
118385;BANDHAN Money Manager Fund -Direct Plan-Monthly IDCW;INF194K01N22;INF194K01N14;10.2144;;;24-Aug-2021
131388;BANDHAN Money Manager Fund -Direct Plan-Periodic IDCW;INF194KA1TJ9;INF194KA1TK7;12.5050;;;24-Aug-2021
118386;BANDHAN Money Manager Fund -Direct Plan-Weekly IDCW;;INF194K01N48;10.1016;;;24-Aug-2021

Baroda BNP Paribas Mutual Fund
147376;Baroda BNP Paribas Money Market Fund - Regular Plan - Monthly IDCW;INF955L01IB4;;1002.8240;;;24-Aug-2021
147377;Baroda BNP Paribas Money Market Fund- Direct Plan - Growth;INF955L01ID0;;1104.3867;;;24-Aug-2021
147382;Baroda BNP Paribas Money Market Fund-Regular Plan - Growth;INF955L01HY8;;1097.0803;;;24-Aug-2021
147380;Baroda BNP Paribas Money Market Fund-Regular Plan- Daily IDCW;;INF955L01HZ5;1005.9104;;;24-Aug-2021
147381;Baroda BNP Paribas Money Market Fund-Regular Plan-Weekly IDCW;;INF955L01IA6;1000.2203;;;24-Aug-2021

DSP Mutual Fund
123288;DSP Savings Fund - Direct Plan -  IDCW - Daily;;INF740KA1PB3;10.1527;;;24-Aug-2021
119106;DSP Savings Fund - Direct Plan - Growth;INF740K01NU2;;42.8211;;;24-Aug-2021
119108;DSP Savings Fund - Direct Plan - IDCW;INF740K01NV0;INF740K01NX6;12.2696;;;24-Aug-2021
119107;DSP Savings Fund - Direct Plan - IDCW - Monthly;INF740K01NT4;INF740K01NW8;10.8199;;;24-Aug-2021
100087;DSP Savings Fund - Regular Plan - Growth;INF740K01714;;41.9373;;;24-Aug-2021
100088;DSP Savings Fund - Regular Plan - IDCW;INF740K01706;INF740K01AJ2;12.2330;;;24-Aug-2021
123287;DSP Savings Fund - Regular Plan - IDCW - Daily;;INF740KA1PC1;10.1021;;;24-Aug-2021
100089;DSP Savings Fund - Regular Plan - IDCW - Monthly;INF740K01722;INF740K01AK0;10.7942;;;24-Aug-2021
139306;DSP Savings Fund - Unclaimed IDCW - Beyond 3 years;;;10.0000;;;24-Aug-2021
139305;DSP Savings Fund - Unclaimed IDCW - Upto 3 years;;;14.0161;;;24-Aug-2021
139304;DSP Savings Fund - Unclaimed Redemption - Beyond 3 years;;;10.0000;;;24-Aug-2021
139303;DSP Savings Fund - Unclaimed Redemption - Upto 3 years;;;14.0160;;;24-Aug-2021

Edelweiss Mutual Fund
140236;Edelweiss Money Market Fund - Direct Plan - Annual - IDCW Option;INF843K01CI2;INF843K01CH4;24.7354;;;24-Aug-2021
140237;Edelweiss Money Market Fund - Direct Plan - Growth Option;INF843K01CE1;;24.7358;;;24-Aug-2021
140235;Edelweiss Money Market Fund - Direct Plan - IDCW Option;INF843K01CF8;INF843K01CG6;23.0693;;;24-Aug-2021
140230;Edelweiss Money Market Fund - Institutional Plan - Growth Option;INF843K01377;;19.7353;;;24-Aug-2021
140233;Edelweiss Money Market Fund - Regular Plan - Annual - IDCW Option;INF843K01922;INF843K01914;22.8665;;;24-Aug-2021
140229;Edelweiss Money Market Fund - Regular Plan - Growth Option;INF843K01344;;23.059;;;24-Aug-2021
140232;Edelweiss Money Market Fund - Regular Plan - IDCW Option;INF843K01351;INF843K01369;21.6894;;;24-Aug-2021

Franklin Templeton Mutual Fund
118506;Franklin India Money Market Fund - Direct - Growth;INF090I01GV8;;40.5918;;;24-Aug-2021
101357;Franklin India Money Market Fund - Growth Option;INF090I01CA1;;39.5291;;;24-Aug-2021
122443;Franklin India Money Market Fund Retail Option - Daily - IDCW;;INF090I01KM9;10.1074;;;24-Aug-2021
122444;Franklin India Money Market Fund Retail Option - Direct - Daily - IDCW;;INF090I01KN7;10.1175;;;24-Aug-2021
129437;Franklin India Money Market Fund Retail Option - Direct - Monthly - IDCW;INF090I01LC8;INF090I01LD6;10.4915;;;24-Aug-2021
118505;Franklin India Money Market Fund Retail Option - Direct - Quarterly - IDCW;INF090I01GT2;INF090I01GU0;10.8398;;;24-Aug-2021
129436;Franklin India Money Market Fund Retail Option - Monthly - IDCW;INF090I01LA2;INF090I01LB0;10.1334;;;24-Aug-2021
101356;Franklin India Money Market Fund Retail Option - Quarterly - IDCW;INF090I01BZ0;INF090I01BY3;10.4310;;;24-Aug-2021

HDFC Mutual Fund
101994;HDFC Money Market Fund - Daily IDCW Option;;INF179KB1IG6;1063.64;;;24-Aug-2021
119093;HDFC Money Market Fund - Daily IDCW Option - Direct Plan;;INF179KB1HZ8;1063.64;;;24-Aug-2021
101993;HDFC Money Market Fund - Growth Option;INF179KB1HR5;;4488.8454;;;24-Aug-2021
119092;HDFC Money Market Fund - Growth Option - Direct Plan;INF179KB1HU9;;4547.5631;;;24-Aug-2021
101995;HDFC Money Market Fund - Weekly IDCW Option;INF179KB1IH4;INF179KB1II2;1062.9107;;;24-Aug-2021
119094;HDFC Money Market Fund - Weekly IDCW Option -Direct Plan;INF179KB1IA9;INF179KB1IB7;1062.9269;;;24-Aug-2021

ICICI Prudential Mutual Fund
120209;ICICI Prudential Money Market Fund Option - Direct Plan -  Daily IDCW;;INF109K01R22;100.1435;;;24-Aug-2021
120210;ICICI Prudential Money Market Fund Option - Direct Plan -  Fortnightly IDCW;INF109K01R55;;101.4561;;;24-Aug-2021
120211;ICICI Prudential Money Market Fund Option - Direct Plan -  Growth;INF109K01R14;;299.9144;;;24-Aug-2021
120216;ICICI Prudential Money Market Fund Option - Direct Plan -  IDCW Others;INF109K01R30;;143.0020;;;24-Aug-2021
120213;ICICI Prudential Money Market Fund Option - Direct Plan -  Monthly IDCW;INF109K01R63;INF109K01R71;101.0873;;;24-Aug-2021
120212;ICICI Prudential Money Market Fund Option - Direct Plan -  Weekly IDCW;INF109K01R89;;100.7714;;;24-Aug-2021
103634;ICICI Prudential Money Market Fund Option - Daily IDCW;INF109K01TY9;;100.1295;;;24-Aug-2021
103633;ICICI Prudential Money Market Fund Option - Growth;INF109K01TX1;;297.5302;;;24-Aug-2021
130013;ICICI Prudential Money Market Fund Option - IDCW Others;INF109K01I64;;142.2377;;;24-Aug-2021
103637;ICICI Prudential Money Market Fund Option - Monthly IDCW;INF109K01UC3;INF109K01UB5;100.9209;;;24-Aug-2021
103635;ICICI Prudential Money Market Fund Option - Weekly IDCW;INF109K01TZ6;;100.7085;;;24-Aug-2021
103636;ICICI Prudential Money Market Fund Option -Fortnightly IDCW;INF109K01UA7;;100.7772;;;24-Aug-2021

Invesco Mutual Fund
115515;Invesco India Money Market Fund - Daily IDCW (Reinvestment);;INF205K01RU7;1000.29;;;24-Aug-2021
120506;Invesco India Money Market Fund - Direct Plan - Daily IDCW (Reinvestment);;INF205K01RV5;1004.312;;;24-Aug-2021
120508;Invesco India Money Market Fund - Direct Plan - Discretionary IDCW (Payout / Reinvestment);INF205K01RW3;INF205K01RX1;2226.4483;;;24-Aug-2021
120507;Invesco India Money Market Fund - Direct Plan - Growth;INF205K01RY9;;2485.4606;;;24-Aug-2021
120509;Invesco India Money Market Fund - Direct Plan - Monthly IDCW (Payout / Reinvestment);INF205K01RZ6;INF205K01SA7;1037.4771;;;24-Aug-2021
116653;Invesco India Money Market Fund - Discretionary IDCW (Payout / Reinvestment);INF205K01SB5;INF205K01SC3;2431.45;;;24-Aug-2021
112123;Invesco India Money Market Fund - Growth;INF205K01SD1;;2428.3324;;;24-Aug-2021
112125;Invesco India Money Market Fund - Monthly IDCW (Payout / Reinvestment);INF205K01SE9;INF205K01SF6;1020.6259;;;24-Aug-2021
112120;Invesco India Money Market Fund - Regular - Growth;INF205K01SG4;;2208.2525;;;24-Aug-2021
112122;Invesco India Money Market Fund - Regular - Monthly IDCW (Payout / Reinvestment);INF205K01SH2;INF205K01SI0;1172.8669;;;24-Aug-2021
116488;Invesco India Money Market Fund - Regular Plan - Daily IDCW (Reinvestment);;INF205K01UW7;1002;;;24-Aug-2021

Kotak Mahindra Mutual Fund
106842;Kotak Money Market Fund - (Daily Reinvestment of Income Distribution cum capital withdrawal option);INF174K01ND0;;1038.4018;;;24-Aug-2021
119745;Kotak Money Market Fund - (Daily Reinvestment of Income Distribution cum capital withdrawal option) - Direct;INF174K01MZ5;;1059.3924;;;24-Aug-2021
101893;Kotak Money Market Fund - (Growth);INF174K01NA6;;3519.7496;;;24-Aug-2021
119746;Kotak Money Market Fund - (Growth) - Direct;INF174K01MW2;;3537.9494;;;24-Aug-2021
101892;Kotak Money market Fund - (Monthly Payout of Income Distribution cum capital withdrawal option);INF174K018O0;INF174K01NB4;1048.809;;;24-Aug-2021
119747;Kotak Money Market Fund - (Monthly Payout of Income Distribution cum capital withdrawal option) - Direct;INF174K019O8;INF174K01MX0;1035.777;;;24-Aug-2021
101894;Kotak Money Market Fund - (Weekly Reinvestment of Income Distribution cum capital withdrawal option);INF174K01NC2;;1030.3591;;;24-Aug-2021
119748;Kotak Money Market Fund - (Weekly Reinvestment of Income Distribution cum capital withdrawal option) - Direct;INF174K01MY8;;1021.7245;;;24-Aug-2021

L&T Mutual Fund
119432;L&T Money Market Fund - Direct Plan - Daily IDCW;;INF917K01FD8;10.8591;;;24-Aug-2021
119430;L&T Money Market Fund - Direct Plan - Weekly IDCW;;INF917K01FH9;13.1301;;;24-Aug-2021
114217;L&T Money Market Fund - Regular Plan - Daily IDCW;;INF917K01AY5;10.8591;;;24-Aug-2021
114216;L&T Money Market Fund - Regular Plan - Growth;INF917K01BC9;;21.0186;;;24-Aug-2021
114219;L&T Money Market Fund - Regular Plan - Monthly IDCW;INF917K01BB1;INF917K01BA3;11.5295;;;24-Aug-2021
114218;L&T Money Market Fund - Regular Plan - Weekly IDCW;;INF917K01AZ2;13.0565;;;24-Aug-2021
119431;L&T Money Market Fund -Direct Plan- Growth;INF917K01FE6;;21.7554;;;24-Aug-2021
119429;L&T Money Market Fund -Direct Plan- Monthly IDCW;INF917K01FF3;;12.0825;;;24-Aug-2021

Mirae Asset Mutual Fund
149112;Mirae Asset Money Market Fund Direct Growth;INF769K01HN8;;1001.6906;;;24-Aug-2021
149113;Mirae Asset Money Market Fund Direct IDCW;INF769K01HM0;INF769K01HO6;1001.6837;;;24-Aug-2021
149115;Mirae Asset Money Market Fund Regular Growth;INF769K01HK4;;1001.5286;;;24-Aug-2021
149114;Mirae Asset Money Market Fund Regular IDCW;INF769K01HJ6;INF769K01HL2;1001.5269;;;24-Aug-2021

Nippon India Mutual Fund
103050;NIPPON INDIA MONEY MARKET FUND - DAILY IDCW Option;;INF204K01UY6;1003.6793;;;24-Aug-2021
118718;NIPPON INDIA MONEY MARKET FUND - DIRECT Plan - DAILY IDCW Option;;INF204K01ZN8;1003.6041;;;24-Aug-2021
118720;NIPPON INDIA MONEY MARKET FUND - DIRECT Plan - MONTHLY IDCW Option;INF204K01ZQ1;INF204K01ZR9;1013.2478;;;24-Aug-2021
118716;NIPPON INDIA MONEY MARKET FUND - DIRECT Plan - QUARTERLY IDCW Option;INF204K01ZS7;INF204K01ZT5;1016.7174;;;24-Aug-2021
118717;NIPPON INDIA MONEY MARKET FUND - DIRECT Plan - WEEKLY IDCW Option;;INF204K01ZO6;1004.4712;;;24-Aug-2021
118715;Nippon India Money Market Fund - Direct Plan Growth Plan - Bonus Option;INF204K01G11;;1923.9766;;;24-Aug-2021
118719;Nippon India Money Market Fund - Direct Plan Growth Plan - Growth Option;INF204K01ZP3;;3271.9456;;;24-Aug-2021
103052;NIPPON INDIA MONEY MARKET FUND - MONTHLY IDCW Option;INF204K01VB2;INF204K01VC0;1013.2040;;;24-Aug-2021
112341;NIPPON INDIA MONEY MARKET FUND - QUARTERLY IDCW Option;INF204K01VD8;INF204K01VE6;1016.5881;;;24-Aug-2021
103051;NIPPON INDIA MONEY MARKET FUND - WEEKLY IDCW Option;;INF204K01UZ3;1004.4793;;;24-Aug-2021
103048;Nippon India Money Market Fund-Growth Plan-Growth Option;INF204K01VA4;;3245.6077;;;24-Aug-2021

PGIM India Mutual Fund
148162;PGIM India Money Market Fund - Direct Plan - Daily Dividend Option;;INF663L01U16;1006.0786;;;24-Aug-2021
148161;PGIM India Money Market Fund - Direct Plan - Growth Option;INF663L01T84;;1069.7306;;;24-Aug-2021
148163;PGIM India Money Market Fund - Direct Plan - Monthly Dividend Option;INF663L01T92;;1009.9423;;;24-Aug-2021
148164;PGIM India Money Market Fund - Direct Plan - Weekly Dividend Option;;INF663L01U08;1000.8825;;;24-Aug-2021
148160;PGIM India Money Market Fund - Regular Plan - Daily Dividend Option;;INF663L01U57;1006.0783;;;24-Aug-2021
148159;PGIM India Money Market Fund - Regular Plan - Growth Option;INF663L01U24;;1056.1663;;;24-Aug-2021
148157;PGIM India Money Market Fund - Regular Plan - Monthly Dividend Option;INF663L01U32;;1004.5811;;;24-Aug-2021
148158;PGIM India Money Market Fund - Regular Plan - Weekly Dividend Option;;INF663L01U40;1000.5752;;;24-Aug-2021

SBI Mutual Fund
119821;SBI  SAVINGS FUND - DIRECT PLAN - GROWTH;INF200K01SZ5;;34.7434;;;24-Aug-2021
102503;SBI  SAVINGS FUND - REGULAR PLAN - GROWTH;INF200K01636;;33.0225;;;24-Aug-2021
119820;SBI Savings Fund - Direct Plan - Income Distribution cum Capital Withdrawal Option (IDCW);INF200K01SX0;INF200K01SY8;13.7711;;;24-Aug-2021
119822;SBI Savings Fund - Direct Plan Daily Income Distribution cum Capital Withdrawal Option (IDCW);;INF200K01SW2;10.8487;;;24-Aug-2021
119823;SBI Savings Fund - Direct Plan Weekly Income Distribution cum Capital Withdrawal Option (IDCW);INF200K01TA6;INF200K01TB4;12.4784;;;24-Aug-2021
102504;SBI Savings Fund - Regular Plan - Income Distribution cum Capital Withdrawal Option (IDCW);INF200K01644;INF200K01651;13.0213;;;24-Aug-2021
114348;SBI Savings Fund - Regular Plan Daily Income Distribution cum Capital Withdrawal Option (IDCW);;INF200KA1K20;10.7640;;;24-Aug-2021
102860;SBI Savings Fund - Regular Plan Weekly Income Distribution cum Capital Withdrawal Option (IDCW);INF200K01669;INF200K01677;12.2881;;;24-Aug-2021

Sundaram Mutual Fund
145054;Sundaram Money Market Fund Direct Plan - Daily Reinvestment of Income Distribution cum Capital Withdrawal (IDCW);;INF903JA1FU0;10.0620;;;24-Aug-2021
145050;Sundaram Money Market Fund Direct Plan - Growth;INF903JA1FR6;;11.8786;;;24-Aug-2021
145051;Sundaram Money Market Fund Direct Plan - Monthly Payout of Income Distribution cum Capital Withdrawal (IDCW);INF903JA1FS4;;11.1598;;;24-Aug-2021
145056;Sundaram Money Market Fund Direct Plan - Monthly Reinvestment of Income Distribution cum Capital Withdrawal (IDCW);;INF903JA1FX4;11.1598;;;24-Aug-2021
145052;Sundaram Money Market Fund Direct Plan - Quarterly Payout of Income Distribution cum Capital Withdrawal (IDCW);INF903JA1FT2;;11.1890;;;24-Aug-2021
145057;Sundaram Money Market Fund Direct Plan - Quarterly Reinvestment of Income Distribution cum Capital Withdrawal (IDCW);;INF903JA1FY2;11.1890;;;24-Aug-2021
145055;Sundaram Money Market Fund Direct Plan - Weekly Reinvestment of Income Distribution cum Capital Withdrawal (IDCW);;INF903JA1FV8;10.4861;;;24-Aug-2021
145043;Sundaram Money Market Fund Regular Plan - Daily Reinvestment of Income Distribution cum Capital Withdrawal (IDCW);;INF903JA1FM7;10.0620;;;24-Aug-2021
145048;Sundaram Money Market Fund Regular Plan - Fortnightly Reinvestment of Income Distribution cum Capital Withdrawal (IDCW);;INF903JA1FO3;10.3759;;;24-Aug-2021
145042;Sundaram Money Market Fund Regular Plan - Growth;INF903JA1FJ3;;11.8453;;;24-Aug-2021
145044;Sundaram Money Market Fund Regular Plan - Monthly Payout of Income Distribution cum Capital Withdrawal (IDCW);INF903JA1FK1;;11.1391;;;24-Aug-2021
145049;Sundaram Money Market Fund Regular Plan - Monthly Reinvestment of Income Distribution cum Capital Withdrawal (IDCW);;INF903JA1FP0;11.1391;;;24-Aug-2021
145045;Sundaram Money Market Fund Regular Plan - Quarterly Payout of Income Distribution cum Capital Withdrawal (IDCW);INF903JA1FL9;;11.1565;;;24-Aug-2021
145046;Sundaram Money Market Fund Regular Plan - Quarterly Reinvestment of Income Distribution cum Capital Withdrawal (IDCW);;INF903JA1FQ8;11.1565;;;24-Aug-2021
145047;Sundaram Money Market Fund Regular Plan - Weekly Reinvestment of Income Distribution cum Capital Withdrawal (IDCW);;INF903JA1FN5;10.4839;;;24-Aug-2021

Tata Mutual Fund
119421;Tata Money Market Fund- Direct Plan - Daily Reinvestment of IDCW Option;;INF277K011C6;1114.5200;;;24-Aug-2021
119424;Tata Money Market Fund- Direct Plan- Growth Option;INF277K01PR6;;3733.6457;;;24-Aug-2021
101986;Tata Money Market Fund- Regular Plan - Daily Reinvestment of IDCW Option;;INF277K014C0;1114.5200;;;24-Aug-2021
101847;Tata Money Market Fund-Regular Plan - Growth Option;INF277K01LQ7;;3700.6567;;;24-Aug-2021

UTI Mutual Fund
120299;UTI MMF - Direct Plan - Growth Option;INF789F01XV6;;2432.9381;;;24-Aug-2021
112077;UTI MMF - Regular Plan - Growth Option;INF789F01PX8;;2411.3804;;;24-Aug-2021
100724;UTI MMF- Discontinued - Regular Plan - Flexi Dividend Option;;INF789F01BD0;3054.2963;;;24-Aug-2021
100725;UTI MMF- Discontinued - Regular Plan - Periodic Dividend Option;INF789F01BE8;;2047.039;;;24-Aug-2021
100723;UTI MMF-Discontinued - Regular Plan -Growth;INF789F01BF5;;5660.3546;;;24-Aug-2021
134973;UTI Money Market Fund - Direct Plan - Annual IDCW;INF789FA1N03;INF789FA1N11;1444.0596;;;24-Aug-2021
120772;UTI Money Market Fund - Direct Plan - Daily IDCW (Reinvestment);;INF789F01XU8;1030.7064;;;24-Aug-2021
143125;UTI Money Market Fund - Direct Plan - Flexi IDCW;INF789FA1N29;INF789FA1N37;1247.3047;;;24-Aug-2021
135606;UTI Money Market Fund - Direct Plan - Fortnightly IDCW;INF789FA1M20;INF789FA1M38;1252.3958;;;24-Aug-2021
140023;UTI Money Market Fund - Direct Plan - Half-Yearly IDCW;INF789FA1M87;INF789FA1M95;1359.4342;;;24-Aug-2021
133387;UTI Money Market Fund - Direct Plan - Monthly IDCW;INF789FA1M46;INF789FA1M53;1190.9254;;;24-Aug-2021
142249;UTI Money Market Fund - Direct Plan - Quarterly IDCW;INF789FA1M61;INF789FA1M79;1290.747;;;24-Aug-2021
120793;UTI Money Market Fund - Direct Plan - Weekly IDCW;INF789F01XW4;INF789F01XX2;1045.1507;;;24-Aug-2021
134972;UTI Money Market Fund - Regular Plan - Annual IDCW;INF789FA1L88;INF789FA1L96;1436.2742;;;24-Aug-2021
112076;UTI Money Market Fund - Regular Plan - Daily IDCW (Reinvestment);;INF789F01PW0;1035.2556;;;24-Aug-2021
135371;UTI Money Market Fund - Regular Plan - Fortnightly IDCW;INF789FA1L05;INF789FA1L13;1160.3885;;;24-Aug-2021
134763;UTI Money Market Fund - Regular Plan - Half-Yearly IDCW;INF789FA1L62;INF789FA1L70;1354.9612;;;24-Aug-2021
133484;UTI Money Market Fund - Regular Plan - Monthly IDCW;INF789FA1L21;INF789FA1L39;1039.5689;;;24-Aug-2021
139646;UTI Money Market Fund - Regular Plan - Quarterly IDCW;INF789FA1L47;INF789FA1L54;1156.9877;;;24-Aug-2021
112635;UTI Money Market Fund - Regular Plan - Weekly IDCW;INF789F01PY6;INF789F01PZ3;1058.8475;;;24-Aug-2021

Open Ended Schemes ( Debt Scheme - Short Duration Fund )


Aditya Birla Sun Life Mutual Fund
119496;Aditya Birla Sun Life Short Term Fund - DIRECT - IDCW;INF209KA1KQ6;INF209K01XL6;16.7379;;;24-Aug-2021
119498;Aditya Birla Sun Life Short Term Fund - Growth - Direct Plan;INF209K01XK8;;39.5267;;;24-Aug-2021
101844;Aditya Birla Sun Life Short Term Fund - Growth - Regular Plan;INF209K01942;;37.487;;;24-Aug-2021
101843;Aditya Birla Sun Life Short Term Fund - REGULAR - IDCW;INF209K01975;INF209K01DK0;17.3603;;;24-Aug-2021
112356;Aditya Birla Sun Life Short Term Fund - REGULAR - Quarterly IDCW;INF209K01BU3;;10.7364;;;24-Aug-2021
119497;Aditya Birla Sun Life Short Term Fund-Quarterly-IDCW-Direct;INF209K01R96;INF209KA1KR4;11.0956;;;24-Aug-2021

Axis Mutual Fund
120510;Axis Short Duration Fund - Direct Plan - Growth Option;INF846K01EI1;;26.0374;;;24-Aug-2021
120511;Axis Short Duration Fund - Direct Plan - Monthly IDCW;INF846K01EJ9;INF846K01EK7;10.0681;;;24-Aug-2021
133894;Axis Short Duration Fund - Direct Plan - Regular IDCW;INF846K01RH5;INF846K01RI3;15.9317;;;24-Aug-2021
120512;Axis Short Duration Fund - Direct Plan - Weekly IDCW;INF846K01EL5;INF846K01EM3;10.2461;;;24-Aug-2021
112354;Axis Short Duration Fund - Regular Plan - Growth Option;INF846K01644;;24.4235;;;24-Aug-2021
112355;Axis Short Duration Fund - Regular Plan - Monthly IDCW;INF846K01651;INF846K01669;10.2468;;;24-Aug-2021
133895;Axis Short Duration Fund - Regular Plan - Regular IDCW;INF846K01RJ1;INF846K01RK9;16.3388;;;24-Aug-2021
112369;Axis Short Duration Fund - Regular Plan - Weekly IDCW;INF846K01677;INF846K01685;10.3977;;;24-Aug-2021
112721;Axis Short Duration Fund - Retail Plan - Growth Option;INF846K01594;;24.1514;;;24-Aug-2021
112723;Axis Short Duration Fund - Retail Plan - Monthly IDCW;INF846K01602;INF846K01610;10.0613;;;24-Aug-2021
112722;Axis Short Duration Fund - Retail Plan - Weekly IDCW;INF846K01628;INF846K01636;10.2280;;;24-Aug-2021

Bandhan Mutual Fund
143369;BANDHAN Bond Fund - Short Term - Direct Plan - Annual IDCW;INF194KA11L7;INF194KA12L5;10.9112;;;24-Aug-2021
143367;BANDHAN Bond Fund - Short Term - Direct Plan - Quarterly IDCW;INF194KA18K4;INF194KA19K2;10.5125;;;24-Aug-2021
143368;BANDHAN Bond Fund - Short Term - Regular Plan - Annual IDCW;INF194KA15K0;INF194KA16K8;10.6917;;;24-Aug-2021
108713;BANDHAN Bond Fund - Short Term - Regular Plan - Fortnightly IDCW;INF194K01HK5;INF194K01HJ7;10.4226;;;24-Aug-2021
131383;BANDHAN Bond Fund - Short Term - Regular Plan - Periodic IDCW;INF194KA1SO1;INF194KA1SP8;16.9194;;;24-Aug-2021
143366;BANDHAN Bond Fund - Short Term - Regular Plan - Quarterly IDCW;INF194KA12K7;INF194KA13K5;10.6049;;;24-Aug-2021
118405;BANDHAN Bond Fund - Short Term-Direct Plan-Fortnightly IDCW;INF194K01U56;INF194K01U49;10.3801;;;24-Aug-2021
118407;BANDHAN Bond Fund - Short Term-Direct Plan-Growth;INF194K01U07;;47.9353;;;24-Aug-2021
118406;BANDHAN Bond Fund - Short Term-Direct Plan-Monthly IDCW;INF194K01U23;INF194K01U15;10.4139;;;24-Aug-2021
131382;BANDHAN Bond Fund - Short Term-Direct Plan-Periodic IDCW;INF194KA1SR4;INF194KA1SS2;17.3061;;;24-Aug-2021

Bank of India Mutual Fund
119382;BANK OF INDIA Short Term Income Fund-Direct Plan- Growth;INF761K01736;;18.5738;;;24-Aug-2021
119383;BANK OF INDIA Short Term Income Fund-Direct Plan- Monthly IDCW;INF761K01751;INF761K01744;9.0344;;;24-Aug-2021
119384;BANK OF INDIA Short Term Income Fund-Direct Plan- Quarterly IDCW;INF761K01777;INF761K01769;8.5619;;;24-Aug-2021
111585;BANK OF INDIA Short Term Income Fund-Regular Plan- Growth;INF761K01579;;17.3857;;;24-Aug-2021
111589;BANK OF INDIA Short Term Income Fund-Regular Plan- Monthly IDCW;INF761K01595;INF761K01587;8.9211;;;24-Aug-2021
111590;BANK OF INDIA Short Term Income Fund-Regular Plan- Quarterly IDCW;INF761K01611;INF761K01603;8.7914;;;24-Aug-2021

Baroda BNP Paribas Mutual Fund
119400;Baroda BNP Paribas Short Duration Fund - Direct Plan - Growth Option;INF955L01BD5;;24.6802;;;24-Aug-2021
119399;Baroda BNP Paribas Short Duration Fund - Direct Plan - Monthly IDCW Option;INF955L01BB9;;10.1859;;;24-Aug-2021
140463;Baroda BNP Paribas Short Duration Fund - Direct Plan - Quarterly IDCW;INF955L01GU8;;11.1275;;;24-Aug-2021
113036;Baroda BNP Paribas Short Duration Fund - Regular Plan - Growth Option;INF955L01153;;23.3386;;;24-Aug-2021
113037;Baroda BNP Paribas Short Duration Fund - Regular Plan - Monthly IDCW Option;INF955L01138;INF955L01146;10.1799;;;24-Aug-2021
140465;Baroda BNP Paribas Short Duration Fund - Regular Plan - Quarterly IDCW;INF955L01GS2;;10.8214;;;24-Aug-2021

BNP Paribas Mutual Fund
120135;BNP Paribas Short Term Fund - Direct Plan - Daily Income Distribution cum Capital Withdrawal Option;;INF251K01GD0;10.0313;;;24-Aug-2021
120131;BNP Paribas Short Term Fund - Direct Plan - Growth Option;INF251K01GC2;;26.4592;;;24-Aug-2021
120132;BNP Paribas Short Term Fund - Direct Plan - Monthly Income Distribution cum Capital Withdrawal Option;INF251K01GF5;INF251K01GG3;10.5518;;;24-Aug-2021
120133;BNP Paribas Short Term Fund - Direct Plan - Quarterly Income Distribution cum Capital Withdrawal Option;INF251K01GH1;INF251K01GI9;10.8180;;;24-Aug-2021
120134;BNP Paribas Short Term Fund - Direct Plan - Weekly Income Distribution cum Capital Withdrawal Option;;INF251K01GE8;10.0000;;;24-Aug-2021
117956;BNP PARIBAS SHORT TERM FUND DAILY Income Distribution cum Capital Withdrawal OPTION;;INF251K01CY5;10.0311;;;24-Aug-2021
117953;BNP PARIBAS SHORT TERM FUND GROWTH OPTION;INF251K01CX7;;25.0852;;;24-Aug-2021
117955;BNP PARIBAS SHORT TERM FUND MONTHLY Income Distribution cum Capital Withdrawal OPTION;INF251K01DA3;INF251K01DB1;10.4388;;;24-Aug-2021
117952;BNP PARIBAS SHORT TERM FUND QUARTERLY Income Distribution cum Capital Withdrawal OPTION;INF251K01DC9;INF251K01DD7;10.6880;;;24-Aug-2021
117954;BNP PARIBAS SHORT TERM FUND WEEKLY Income Distribution cum Capital Withdrawal OPTION;;INF251K01CZ2;10.0457;;;24-Aug-2021
113547;BNP PARIBAS Short Term Fund-Regular Plan-Growth Option;INF251K01CR9;;33.8167;;;24-Aug-2021
113548;BNP PARIBAS Short Term Fund-Regular Plan-Monthly Income Distribution cum Capital Withdrawal Option;INF251K01CT5;INF251K01CU3;10.4385;;;24-Aug-2021
113557;BNP PARIBAS Short Term Fund-Regular Plan-Quarterly Income Distribution cum Capital Withdrawal Option;INF251K01CV1;INF251K01CW9;10.6868;;;24-Aug-2021
113549;BNP PARIBAS Short Term Fund-Regular Plan-Weekly Income Distribution cum Capital Withdrawal Option;;INF251K01CS7;10.0278;;;24-Aug-2021

Canara Robeco Mutual Fund
118320;CANARA ROBECO SHORT DURATION FUND - DIRECT PLAN - GROWTH OPTION;INF760K01DX5;;22.0251;;;24-Aug-2021
118321;CANARA ROBECO SHORT DURATION FUND - DIRECT PLAN - MONTHLY IDCW (Payout/Reinvestment);INF760K01DV9;INF760K01DW7;16.9837;;;24-Aug-2021
118322;CANARA ROBECO SHORT DURATION FUND - DIRECT PLAN - QUARTERLY IDCW (Payout/Reinvestment);INF760K01DY3;INF760K01DZ0;16.4369;;;24-Aug-2021
115077;CANARA ROBECO SHORT DURATION FUND - REGULAR PLAN - GROWTH OPTION;INF760K01BM2;;20.6631;;;24-Aug-2021
115078;CANARA ROBECO SHORT DURATION FUND - REGULAR PLAN - MONTHLY IDCW (Payout/Reinvestment);INF760K01BO8;INF760K01BN0;15.3840;;;24-Aug-2021
115079;CANARA ROBECO SHORT DURATION FUND - REGULAR PLAN - QUARTERLY IDCW (Payout/Reinvestment);INF760K01BQ3;INF760K01BP5;15.1809;;;24-Aug-2021

DSP Mutual Fund
119226;DSP Short Term Fund - Direct Plan - Growth;INF740K01NJ5;;39.7943;;;24-Aug-2021
119222;DSP Short Term Fund - Direct Plan - IDCW;INF740K01NK3;INF740K01NN7;12.1245;;;24-Aug-2021
119224;DSP Short Term Fund - Direct Plan - IDCW - Monthly;INF740K01NL1;INF740K01NM9;11.5342;;;24-Aug-2021
119223;DSP Short Term Fund - Direct Plan - IDCW - Weekly;INF740KA1PD9;INF740KA1PE7;10.1933;;;24-Aug-2021
101306;DSP Short Term Fund - IDCW - Monthly;INF740K01664;INF740K01AG8;11.4527;;;24-Aug-2021
101304;DSP Short Term Fund - Regular Plan - Growth;INF740K01656;;37.5017;;;24-Aug-2021
101305;DSP Short Term Fund - Regular Plan - IDCW;INF740K01649;INF740K01AF0;12.1483;;;24-Aug-2021
101303;DSP Short Term Fund - Regular Plan - Regular Plan - IDCW - Weekly;INF740KA1PF4;;10.1926;;;24-Aug-2021

Franklin Templeton Mutual Fund
148313;Franklin India Short Tem Income Plan - Segregated Portfolio 3 (9.50% Yes Bank Ltd CO 23Dec21) - Direct Retail Plan Growth Option;INF090I01VS3;;0.0000;;;24-Aug-2021
118567;Franklin India Short Term Income Plan -  Retail Plan - Direct - Monthly - IDCW;INF090I01GN5;INF090I01GO3;1211.0386;;;24-Aug-2021
118566;Franklin India Short Term Income Plan -  Retail Plan - Direct - Quarterly - IDCW;INF090I01GL9;INF090I01GM7;1261.5653;;;24-Aug-2021
118568;Franklin India Short Term Income Plan -  Retail Plan - Direct - Weekly - IDCW;INF090I01GP0;;1024.7945;;;24-Aug-2021
101236;Franklin India Short Term Income Plan -  Retail Plan - Monthly - IDCW;INF090I01338;INF090I01346;1119.2773;;;24-Aug-2021
101238;Franklin India Short Term Income Plan -  Retail Plan - Quarterly - IDCW;INF090I01312;INF090I01320;1164.3942;;;24-Aug-2021
101242;Franklin India Short Term Income Plan -  Retail Plan - Weekly - IDCW;INF090I01353;;1013.7924;;;24-Aug-2021
118565;Franklin India SHORT TERM INCOME PLAN - Direct - GROWTH;INF090I01GK1;;4270.4815;;;24-Aug-2021
148314;Franklin India Short Term Income Plan - Segregated Portfolio 3 (9.50% Yes Bank Ltd CO 23Dec21) - Institutional Plan Growth Option;INF090I01VR5;;0.0000;;;24-Aug-2021
148318;Franklin India Short Term Income Plan - Segregated Portfolio 3 (9.50% Yes Bank Ltd CO 23Dec21) - Retail Plan Growth Option;INF090I01VN4;;0.0000;;;24-Aug-2021
148013;Franklin India Short term Income Plan- Institutional Plan- Segregated Portfolio 2- 10.90% Vodafone Idea Ltd 02Sep2023-Growth Option;INF090I01UX5;;0.0000;;;24-Aug-2021
148015;Franklin India Short term Income Plan- Retail Plan- Segregated Portfolio 2- 10.90% Vodafone Idea Ltd 02Sep2023-Direct-Growth Option;INF090I01UY3;;0.0000;;;24-Aug-2021
148010;Franklin India Short term Income Plan- Retail Plan- Segregated Portfolio 2- 10.90% Vodafone Idea Ltd 02Sep2023-Growth Option;INF090I01UT3;;0.0000;;;24-Aug-2021
148017;Franklin India Short term Income Plan- Retail Plan-Segregated Portfolio 2 - 10.90% Vodafone Idea Ltd (02-Sep-2023) - Direct Monthly - IDCW;INF090I01VA1;;0.0000;;;24-Aug-2021
148018;Franklin India Short term Income Plan- Retail Plan-Segregated Portfolio 2 - 10.90% Vodafone Idea Ltd (02-Sep-2023) - Direct Quarterly - IDCW;INF090I01UZ0;;0.0000;;;24-Aug-2021
148016;Franklin India Short term Income Plan- Retail Plan-Segregated Portfolio 2 - 10.90% Vodafone Idea Ltd (02-Sep-2023) - Direct Weekly - IDCW;INF090I01VB9;;0.0000;;;24-Aug-2021
148011;Franklin India Short term Income Plan- Retail Plan-Segregated Portfolio 2 - 10.90% Vodafone Idea Ltd (02-Sep-2023) - Monthly - IDCW;INF090I01UV9;;0.0000;;;24-Aug-2021
148012;Franklin India Short term Income Plan- Retail Plan-Segregated Portfolio 2 - 10.90% Vodafone Idea Ltd (02-Sep-2023) - Quarterly - IDCW;INF090I01UU1;;0.0000;;;24-Aug-2021
148014;Franklin India Short term Income Plan- Retail Plan-Segregated Portfolio 2 - 10.90% Vodafone Idea Ltd (02-Sep-2023) - Weekly - IDCW;INF090I01UW7;;0.0000;;;24-Aug-2021
148312;Franklin India Short term Income Plan- Retail Plan-Segregated Portfolio 3 (9.50% Yes Bank Ltd CO 23Dec21) - Direct Monthly - IDCW;INF090I01VU9;;0.0000;;;24-Aug-2021
148311;Franklin India Short term Income Plan- Retail Plan-Segregated Portfolio 3 (9.50% Yes Bank Ltd CO 23Dec21) - Direct Quarterly - IDCW;INF090I01VT1;;0.0000;;;24-Aug-2021
148319;Franklin India Short Term Income Plan- Retail Plan-Segregated Portfolio 3 (9.50% Yes Bank Ltd CO 23Dec21) - Monthly - IDCW;INF090I01VP9;;0.0000;;;24-Aug-2021
148317;Franklin India Short term Income Plan- Retail Plan-Segregated Portfolio 3 (9.50% Yes Bank Ltd CO 23Dec21) - Quarterly - IDCW;INF090I01VO2;;0.0000;;;24-Aug-2021
148315;Franklin India Short-term Income Plan- Retail Plan-Segregated Portfolio 3 (9.50% Yes Bank Ltd CO 23Dec21) - Weekly - IDCW;INF090I01VQ7;;0.0000;;;24-Aug-2021
101232;Franklin India Short-Term Income Plan-Growth;INF090I01304;;4011.1392;;;24-Aug-2021
101244;Franklin India Short-Term Income Plan-Institutional Plan - Growth;INF090I01361;;3319.8587;;;24-Aug-2021
148316;Franklin India Short-term Income Plan-Retail Plan-Segregated Portfolio 3 (9.50% Yes Bank Ltd CO 23Dec21) - Direct Weekly - IDCW;INF090I01VV7;;0.0000;;;24-Aug-2021

Groww Mutual Fund
123708;Groww Short Duration Fund (formerly known as Indiabulls Short Term Fund )- Regular Plan - Growth Option;INF666M01AJ5;;1721.553;;;24-Aug-2021
123704;Groww Short Duration Fund (formerly known as Indiabulls Short Term Fund) - Direct Plan - Growth Option;INF666M01AC0;;1891.3019;;;24-Aug-2021
123706;Groww Short Duration Fund (formerly known as Indiabulls Short Term Fund)- Direct Plan- Fortnightly - Income Distribution cum capital withdrawal Option (Payout & Reinvestment);INF666M01AH9;INF666M01AE6;1018.1493;;;24-Aug-2021
123707;Groww Short Duration Fund (formerly known as Indiabulls Short Term Fund)- Direct Plan- Monthly - Income Distribution cum capital withdrawal Option (Payout & Reinvestment);INF666M01AI7;INF666M01AF3;1020.0793;;;24-Aug-2021
123705;Groww Short Duration Fund (formerly known as Indiabulls Short Term Fund)- Direct Plan- Weekly - Income Distribution cum capital withdrawal Option (Payout & Reinvestment);INF666M01AG1;INF666M01AD8;1013.0948;;;24-Aug-2021
123710;Groww Short Duration Fund (formerly known as Indiabulls Short Term Fund)- Regular Plan- Fortnightly - Income Distribution cum capital withdrawal Option (Payout & Reinvestment);INF666M01AO5;INF666M01AL1;1017.8007;;;24-Aug-2021
123711;Groww Short Duration Fund (formerly known as Indiabulls Short Term Fund)- Regular Plan- Monthly - Income Distribution cum capital withdrawal Option (Payout & Reinvestment);INF666M01AP2;INF666M01AM9;1024.9437;;;24-Aug-2021
123709;Groww Short Duration Fund (formerly known as Indiabulls Short Term Fund)- Regular Plan- Weekly - Income Distribution cum capital withdrawal Option (Payout & Reinvestment);INF666M01AN7;INF666M01AK3;1013.028;;;24-Aug-2021

HDFC Mutual Fund
119015;HDFC Short Term  Debt Fund - Fortnightly IDCW - Direct Plan;;;10.3447;;;24-Aug-2021
113048;HDFC Short Term  Debt Fund - Fortnightly IDCW Option;INF179K01CV4;INF179K01CW2;10.236;;;24-Aug-2021
113047;HDFC Short Term  Debt Fund - Growth Option;INF179K01CU6;;25.1947;;;24-Aug-2021
119016;HDFC Short Term  Debt Fund - Growth Option - Direct Plan;INF179K01YM7;;25.6368;;;24-Aug-2021
133367;HDFC Short Term  Debt Fund - Normal IDCW - Direct Plan;INF179KA1Q53;;17.1453;;;24-Aug-2021
133368;HDFC Short Term  Debt Fund - Normal IDCW Option;INF179KA1Q79;;16.9399;;;24-Aug-2021

HSBC Mutual Fund
104429;HSBC Short Duration Fund - Closed (Direct - Monthly IDCW);;INF336L01982;10.208;;;24-Aug-2021
101600;HSBC Short Duration Fund - Closed (Monthly IDCW);INF336L01990;INF336L01AA6;11.6375;;;24-Aug-2021
120062;HSBC Short Duration Fund - Direct Growth;INF336L01DL7;;34.3752;;;24-Aug-2021
120061;HSBC Short Duration Fund - Direct Monthly IDCW;;INF336L01DN3;10.2322;;;24-Aug-2021
120060;HSBC Short Duration Fund - Direct Monthly IDCW (Closed);INF336L01DM5;INF336L01EQ4;13.3012;;;24-Aug-2021
101599;HSBC Short Duration Fund - Regular Growth;INF336L01917;;31.7404;;;24-Aug-2021
139768;HSBC Short Duration Fund - Regular Quarterly IDCW;INF336L01LF2;INF336L01LG0;11.0823;;;24-Aug-2021

ICICI Prudential Mutual Fund
120754;ICICI Prudential Short Term Fund - Direct Plan - Growth Option;INF109K013N3;;49.8588;;;24-Aug-2021
131478;ICICI Prudential Short Term Fund - Direct Plan - Half Yearly IDCW;INF109KA1X36;INF109KA1X28;13.7600;;;24-Aug-2021
120755;ICICI Prudential Short Term Fund - Direct Plan - Monthly IDCW;INF109K014N1;INF109K015N8;12.7414;;;24-Aug-2021
120753;ICICI Prudential Short Term Fund - Direct Plan - Reinvestment of IDCW Fortnightly;INF109K012N5;;12.8629;;;24-Aug-2021
101758;ICICI Prudential Short Term Fund - Growth Option;INF109K01654;;46.8901;;;24-Aug-2021
131479;ICICI Prudential Short Term Fund - Half Yearly IDCW;INF109KA1X10;INF109KA1X02;13.4913;;;24-Aug-2021
101759;ICICI Prudential Short Term Fund - Reinvestment of IDCW Fortnightly;INF109KB12M9;INF109K01662;12.2765;;;24-Aug-2021
101165;ICICI Prudential Short Term Fund - Monthly IDCW;INF109K01WL0;INF109K01647;12.1200;;;24-Aug-2021

IDBI Mutual Fund
115005;IDBI Short Term Bond Fund Growth;INF397L01463;;20.4016;;;24-Aug-2021
118349;IDBI Short Term Bond Fund Growth Direct;INF397L01BG3;;21.8760;;;24-Aug-2021
114999;IDBI Short Term Bond Fund Monthly IDCW;INF397L01406;INF397L01414;12.1837;;;24-Aug-2021
118457;IDBI Short Term Bond Fund Monthly IDCW Direct;INF397L01BH1;INF397L01BI9;15.4179;;;24-Aug-2021
115000;IDBI Short Term Bond Fund Weekly IDCW;INF397L01430;INF397L01448;11.9233;;;24-Aug-2021
118458;IDBI Short Term Bond Fund Weekly IDCW Direct;INF397L01BK5;INF397L01BL3;13.0223;;;24-Aug-2021

Invesco Mutual Fund
117973;Invesco India Short Duration Fund - Daily IDCW (Reinvestment);;INF205K01UD7;1036.8661;;;24-Aug-2021
120559;Invesco India Short Duration Fund - Direct Plan - Daily IDCW (Reinvestment);;INF205K01UE5;1023.5517;;;24-Aug-2021
120560;Invesco India Short Duration Fund - Direct Plan - Growth;INF205K01UH8;;3103.4204;;;24-Aug-2021
120561;Invesco India Short Duration Fund - Direct Plan - Monthly IDCW (Payout / Reinvestment);INF205K01UI6;INF205K01UJ4;2042.2169;;;24-Aug-2021
120563;Invesco India Short Duration Fund - Direct Plan -Discretionary IDCW (Payout / Reinvestment);INF205K01UF2;INF205K01UG0;2189.5221;;;24-Aug-2021
120562;Invesco India Short Duration Fund - Direct Plan -Weekly IDCW (Reinvestment);;INF205K01UK2;1019.1165;;;24-Aug-2021
105185;Invesco India Short Duration Fund - Growth;INF205K01UN6;;2884.4696;;;24-Aug-2021
105191;Invesco India Short Duration Fund - Monthly IDCW (Payout / Reinvestment);INF205K01UO4;INF205K01UP1;1051.9735;;;24-Aug-2021
105189;Invesco India Short Duration Fund - Plan B - Growth;INF205K01UR7;;2874.4175;;;24-Aug-2021
105187;Invesco India Short Duration Fund - Plan B - Monthly IDCW (Payout / Reinvestment);INF205K01US5;INF205K01UT3;1895.7554;;;24-Aug-2021
105192;Invesco India Short Duration Fund - Plan B - Weekly IDCW (Reinvestment);;INF205K01UU1;1015.6025;;;24-Aug-2021
105190;Invesco India Short Duration Fund - Weekly IDCW (Reinvestment);;INF205K01UV9;1019.0935;;;24-Aug-2021
116110;Invesco India Short Duration Fund- Discretionary IDCW (Payout / Reinvestment);INF205K01UL0;INF205K01UM8;2151.6449;;;24-Aug-2021

Kotak Mahindra Mutual Fund
135500;Kotak Bond Short Term Plan - Direct - Standard Income Distribution cum capital withdrawal option;INF174K01Z14;INF174K01Z22;13.2401;;;24-Aug-2021
101373;Kotak Bond Short Term Plan-(Growth);INF174K01ES7;;41.832;;;24-Aug-2021
119739;Kotak Bond Short Term Plan-(Growth) - Direct;INF174K01JI7;;44.6648;;;24-Aug-2021
125253;Kotak Bond Short Term Plan-(Half Yearly Payout of Income Distribution cum capital withdrawal option);INF174K01YP1;INF174K01YQ9;15.0175;;;24-Aug-2021
125254;Kotak Bond Short Term Plan-(Half Yearly Payout of Income Distribution cum capital withdrawal option) - Direct;INF174K01YR7;INF174K01YS5;15.812;;;24-Aug-2021
101372;Kotak Bond Short Term Plan-(Payout of Income Distribution cum capital withdrawal option);INF174K01EU3;INF174K01ET5;10.0833;;;24-Aug-2021
119738;Kotak Bond Short Term Plan-(Payout of Income Distribution cum capital withdrawal option) - Direct;INF174K01JJ5;;13.9957;;;24-Aug-2021

L&T Mutual Fund
134419;L&T Short Term Bond Fund - Direct Plan - Annual IDCW;INF917K01VR5;INF917K01VQ7;13.0635;;;24-Aug-2021
119858;L&T Short Term Bond Fund - Direct Plan - Quarterly IDCW;INF917K01IS0;INF917K01IR2;11.7114;;;24-Aug-2021
134420;L&T Short Term Bond Fund - Regular Plan - Annual IDCW;INF917K01VT1;INF917K01VS3;12.6473;;;24-Aug-2021
116296;L&T Short Term Bond Fund - Regular Plan - Bonus;INF917K01CM6;;21.3078;;;24-Aug-2021
116299;L&T Short Term Bond Fund - Regular Plan - Growth;INF917K01CL8;;21.3077;;;24-Aug-2021
116297;L&T Short Term Bond Fund - Regular Plan - Monthly IDCW;INF917K01CH6;INF917K01CI4;11.3918;;;24-Aug-2021
116298;L&T Short Term Bond Fund - Regular Plan - Quarterly IDCW;INF917K01CJ2;INF917K01CK0;11.028;;;24-Aug-2021
119857;L&T Short Term Bond Fund -Direct Plan -  Monthly IDCW;INF917K01IP6;INF917K01IO9;11.9728;;;24-Aug-2021
119856;L&T Short Term Bond Fund -Direct Plan- Growth;INF917K01IQ4;;22.1786;;;24-Aug-2021

LIC Mutual Fund
145954;LIC MF Short Duration Fund-Direct Plan-Growth;INF767K01PW6;;12.2506;;;24-Aug-2021
145953;LIC MF Short Duration Fund-Direct Plan-IDCW;INF767K01PX4;INF767K01PY2;12.2506;;;24-Aug-2021
145952;LIC MF Short Duration Fund-Regular Plan-Growth;INF767K01PT2;;11.9247;;;24-Aug-2021
145951;LIC MF Short Duration Fund-Regular Plan-IDCW;INF767K01PU0;INF767K01PV8;11.9247;;;24-Aug-2021

Mahindra Manulife Mutual Fund
148730;Mahindra Manulife Short Duration Fund - Direct Plan - IDCW;INF174V01AO1;INF174V01AN3;10.3264;;;24-Aug-2021
148729;Mahindra Manulife Short Duration Fund - Direct Plan -Growth;INF174V01AM5;;10.3264;;;24-Aug-2021
148727;Mahindra Manulife Short Duration Fund - Regular Plan - Growth;INF174V01AJ1;;10.2784;;;24-Aug-2021
148728;Mahindra Manulife Short Duration Fund - Regular Plan - IDCW;INF174V01AL7;INF174V01AK9;10.2784;;;24-Aug-2021

Mirae Asset Mutual Fund
142641;Mirae Asset Short Duration Fund - Direct Plan - Growth;INF769K01DX6;;13.0256;;;24-Aug-2021
142640;Mirae Asset Short Duration Fund - Direct Plan - IDCW;INF769K01DY4;INF769K01DZ1;13.0158;;;24-Aug-2021
142642;Mirae Asset Short Duration Fund - Regular Plan - Growth;INF769K01DU2;;12.6787;;;24-Aug-2021
142643;Mirae Asset Short Duration Fund - Regular Plan - IDCW;INF769K01DV0;INF769K01DW8;12.6816;;;24-Aug-2021

Nippon India Mutual Fund
125269;NIPPON INDIA SHORT TERM FUND - Direct Plan - IDCW Option;INF204KA1ES0;INF204KA1ET8;18.0304;;;24-Aug-2021
118797;NIPPON INDIA SHORT TERM FUND - Direct Plan - MONTHLY IDCW Option;INF204K01B40;;11.6661;;;24-Aug-2021
118800;NIPPON INDIA SHORT TERM FUND - Direct Plan - QUARTERLY IDCW OPTION;INF204K01B65;INF204K01B73;15.0099;;;24-Aug-2021
118796;Nippon India Short Term Fund - Direct Plan Growth Plan - Growth Option;INF204K01B32;;44.3655;;;24-Aug-2021
125268;NIPPON INDIA SHORT TERM FUND - IDCW Option;INF204KA1EQ4;INF204KA1ER2;17.0441;;;24-Aug-2021
101667;NIPPON INDIA SHORT TERM FUND - MONTHLY IDCW Option;INF204K01FM2;INF204K01FN0;11.4487;;;24-Aug-2021
101669;NIPPON INDIA SHORT TERM FUND - QUARTERLY IDCW OPTION;INF204K01FO8;INF204K01FP5;14.7220;;;24-Aug-2021
101665;Nippon India Short Term Fund-Growth Plan;INF204K01FL4;;41.9054;;;24-Aug-2021

PGIM India Mutual Fund
138277;PGIM India Short Duration Fund - Annual Bonus;INF223J01XB0;;24.1148;;;24-Aug-2021
138270;PGIM India Short Duration Fund - Direct Plan - Growth;INF223J01OW5;;38.8638;;;24-Aug-2021
138268;PGIM India Short Duration Fund - Direct Plan - Monthly Dividend;INF223J01OX3;INF223J01OY1;12.5187;;;24-Aug-2021
138271;PGIM India Short Duration Fund - Direct Plan - Quarterly Dividend;INF223J01PB6;INF223J01PC4;10.8953;;;24-Aug-2021
138256;PGIM India Short Duration Fund - Growth;INF223J01DT4;;36.1722;;;24-Aug-2021
138274;PGIM India Short Duration Fund - Half Yearly Bonus;INF223J01WH9;;14.6153;;;24-Aug-2021
138254;PGIM India Short Duration Fund - Monthly Dividend;INF223J01DU2;INF223J01DV0;11.9337;;;24-Aug-2021
138265;PGIM India Short Duration Fund - Quarterly Dividend;INF223J01KB7;INF223J01KC5;10.2426;;;24-Aug-2021

Principal Mutual Fund
119463;Principal Short Term Debt Fund - Direct Plan - Income Distribution CUM Capital Withdrawal Plan - Monthly;INF173K01GQ8;INF173K01GR6;12.8720;;;24-Aug-2021
101466;Principal Short Term Debt Fund - Income Distribution CUM Capital Withdrawal Option - Monthly;INF173K01BB1;INF173K01BC9;12.8385;;;24-Aug-2021
119462;Principal Short Term Debt Fund- Direct Plan - Growth Option;INF173K01GP0;;37.2246;;;24-Aug-2021
101465;Principal Short Term Debt Fund- Growth Plan;INF173K01BA3;;35.1495;;;24-Aug-2021

SBI Mutual Fund
106230;SBI Short Horizon Debt Fund - Short Term Fund - Retail Dividend - Fortnightly Income Distribution cum Capital Withdrawal Option (IDCW);INF200K01IA9;INF200K01IB7;12.0221;;;24-Aug-2021
106229;SBI Short Horizon Debt Fund - Short Term Fund - Retail Dividend - Monthly Income Distribution cum Capital Withdrawal Option (IDCW);INF200K01IC5;INF200K01ID3;13.2545;;;24-Aug-2021
106228;SBI Short Horizon Debt Fund - Short Term Fund - Retail Dividend - Weekly Income Distribution cum Capital Withdrawal Option (IDCW);INF200K01IE1;INF200K01IF8;12.0042;;;24-Aug-2021
106227;SBI SHORT HORIZON DEBT FUND-SHORT TERM FUND - RETAIL - GROWTH;INF200K01IG6;;28.9385;;;24-Aug-2021
119813;SBI Short Term Debt Fund - Direct Plan - Monthly Income Distribution cum Capital Withdrawal Option (IDCW);INF200K01VF1;INF200K01VG9;14.8968;;;24-Aug-2021
119816;SBI SHORT TERM DEBT FUND - DIRECT PLAN -GROWTH;INF200K01VE4;;26.6594;;;24-Aug-2021
119815;SBI Short Term Debt Fund - Direct Plan Fortnightly Income Distribution cum Capital Withdrawal Option (IDCW);INF200K01VC8;INF200K01VD6;17.9566;;;24-Aug-2021
119817;SBI Short Term Debt Fund - Direct Plan Weekly Income Distribution cum Capital Withdrawal Option (IDCW);INF200K01VH7;INF200K01VI5;11.6776;;;24-Aug-2021
106233;SBI Short Term Debt Fund - Regular Plan - Monthly Income Distribution cum Capital Withdrawal Option (IDCW);INF200K01HV7;INF200K01HW5;14.1408;;;24-Aug-2021
106231;SBI SHORT TERM DEBT FUND - REGULAR PLAN -GROWTH;INF200K01HZ8;;25.5772;;;24-Aug-2021
106234;SBI Short Term Debt Fund - Regular Plan Fortnightly Income Distribution cum Capital Withdrawal Option (IDCW);INF200K01HT1;INF200K01HU9;11.5854;;;24-Aug-2021
106232;SBI Short Term Debt Fund - Regular Plan Weekly Income Distribution cum Capital Withdrawal Option (IDCW);INF200K01HX3;INF200K01HY1;11.5968;;;24-Aug-2021

Sundaram Mutual Fund
119665;Sundaram Short Term Debt Fund Direct Plan - Fortnightly Income Distribution cum Capital Withdrawal (IDCW);INF903J01QP1;INF903J01QQ9;12.2595;;;24-Aug-2021
119664;Sundaram Short Term Debt Fund Direct Plan - Growth;INF903J01QR7;;35.2662;;;24-Aug-2021
119668;Sundaram Short Term Debt Fund Direct Plan - Half yearly Payout of Income Distribution cum Capital Withdrawal (IDCW);INF903J01QS5;;12.6704;;;24-Aug-2021
119666;Sundaram Short Term Debt Fund Direct Plan - Monthly Income Distribution cum Capital Withdrawal (IDCW);INF903J01QT3;INF903J01QU1;12.8039;;;24-Aug-2021
119662;Sundaram Short Term Debt Fund Direct Plan - Weekly Income Distribution cum Capital Withdrawal (IDCW);INF903J01QW7;INF903J01QX5;13.5266;;;24-Aug-2021
101562;Sundaram Short Term Debt Fund Regular Plan - Annual Payout of Income Distribution cum Capital Withdrawal (IDCW);INF903J01FM1;;11.0378;;;24-Aug-2021
118332;Sundaram Short Term Debt Fund Regular Plan - Bonus;INF903J01MF1;;16.4281;;;24-Aug-2021
101565;Sundaram Short Term Debt Fund Regular Plan - Fortnightly Income Distribution cum Capital Withdrawal (IDCW);INF903J01FI9;INF903J01FO7;11.9271;;;24-Aug-2021
101563;Sundaram Short Term Debt Fund Regular Plan - Growth;INF903J01FG3;;32.8984;;;24-Aug-2021
101561;Sundaram Short Term Debt Fund Regular Plan - Half yearly Payout of Income Distribution cum Capital Withdrawal (IDCW);INF903J01FL3;;11.7584;;;24-Aug-2021
101566;Sundaram Short Term Debt Fund Regular Plan - Monthly Income Distribution cum Capital Withdrawal (IDCW);INF903J01FJ7;INF903J01FP4;12.4856;;;24-Aug-2021
101560;Sundaram Short Term Debt Fund Regular Plan - Quarterly Payout of Income Distribution cum Capital Withdrawal (IDCW);INF903J01FK5;;11.0781;;;24-Aug-2021
101564;Sundaram Short Term Debt Fund Regular Plan - Weekly Income Distribution cum Capital Withdrawal (IDCW);INF903J01FH1;INF903J01FN9;13.1622;;;24-Aug-2021

Tata Mutual Fund
119949;Tata Short Term Bond Fund - Direct Plan - Growth Option;INF277K01QR4;;41.4588;;;24-Aug-2021
101548;Tata Short Term Bond Fund -Regular Plan- Growth Option;INF277K01972;;38.7014;;;24-Aug-2021
119950;Tata Short Term Bond Fund Direct Plan - Monthly Payout of IDCW Option;INF277K01QP8;INF277K01QQ6;18.8305;;;24-Aug-2021
133974;Tata Short Term Bond Fund- Direct Plan - Periodic Payout of IDCW Option;INF277K01P38;INF277K01P46;21.9997;;;24-Aug-2021
101547;Tata Short Term Bond Fund- Regular Plan - Monthly Payout of IDCW Option;INF277K01EI9;INF277K01964;17.4840;;;24-Aug-2021
133975;Tata Short Term Bond Fund- Regular Plan - Periodic Payout of IDCW Option;INF277K01P12;INF277K01P20;20.5210;;;24-Aug-2021

Trust Mutual Fund
149076;TRUSTMF Short Duration Fund-Direct Plan-Growth;INF0GCD01370;;1004.455;;;24-Aug-2021
149078;TRUSTMF Short Duration Fund-Direct Plan-Monthly Income Distribution Cum Capital Withdrawal;INF0GCD01396;INF0GCD01404;1004.4401;;;24-Aug-2021
149079;TRUSTMF Short Duration Fund-Direct Plan-Quarterly Income Distribution Cum Capital Withdrawal;INF0GCD01412;INF0GCD01420;1004.454;;;24-Aug-2021
149077;TRUSTMF Short Duration Fund-Direct Plan-Weekly Income Distribution Cum Capital Withdrawal;;INF0GCD01388;1004.44;;;24-Aug-2021
149073;TRUSTMF Short Duration Fund-Regular Plan-Growth;INF0GCD01313;;1004.1935;;;24-Aug-2021
149080;TRUSTMF Short Duration Fund-Regular Plan-Monthly Income Distribution Cum Capital Withdrawal;INF0GCD01339;INF0GCD01347;1004.1701;;;24-Aug-2021
149075;TRUSTMF Short Duration Fund-Regular Plan-Quarterly Income Distribution Cum Capital Withdrawal;INF0GCD01354;INF0GCD01362;1004.1669;;;24-Aug-2021
149074;TRUSTMF Short Duration Fund-Regular Plan-Weekly Income Distribution Cum Capital Withdrawal;;INF0GCD01321;1004.1343;;;24-Aug-2021

UTI Mutual Fund
135497;UTI Short Duration Fund - Direct Plan - Annual IDCW;INF789FA1R33;INF789FA1R41;11.1967;;;24-Aug-2021
124962;UTI Short Duration Fund - Direct Plan - Flexi IDCW;INF789FB1T70;INF789FB1T62;14.1863;;;24-Aug-2021
120718;UTI Short Duration Fund - Direct Plan - Growth Option;INF789F01XY0;;25.006;;;24-Aug-2021
131548;UTI Short Duration Fund - Direct Plan - Monthly IDCW;INF789F01XZ7;INF789F01YA8;10.3725;;;24-Aug-2021
120719;UTI Short Duration Fund - Direct Plan - Quarterly IDCW;INF789FA1R66;INF789FA1R74;14.1391;;;24-Aug-2021
106383;UTI Short Duration Fund - Discontinued Regular Option - Dividend Sub Option;INF789F01AH3;INF789F01AI1;18.059;;;24-Aug-2021
106384;UTI Short Duration Fund - Discontinued Regular Option -Growth Sub Option;INF789F01AJ9;;34.1621;;;24-Aug-2021
134517;UTI Short Duration Fund - Regular Plan - Annual IDCW;INF789FA1Q91;INF789FA1R09;10.9942;;;24-Aug-2021
125045;UTI Short Duration Fund - Regular Plan - Flexi IDCW;INF789FB1T54;INF789FB1T47;14.0861;;;24-Aug-2021
106624;UTI Short Duration Fund - Regular Plan - Growth Option;INF789F01QA4;;24.0104;;;24-Aug-2021
131424;UTI Short Duration Fund - Regular Plan - Half-Yearly IDCW;INF789FA1Q75;INF789FA1Q83;10.8557;;;24-Aug-2021
131547;UTI Short Duration Fund - Regular Plan - Monthly IDCW;INF789F01QB2;INF789F01QC0;10.8173;;;24-Aug-2021
106980;UTI Short Duration Fund - Regular Plan - Quarterly IDCW;INF789FC1GD5;INF789FA1R58;12.7351;;;24-Aug-2021

Open Ended Schemes ( Debt Scheme - Medium Duration Fund )


Aditya Birla Sun Life Mutual Fund
119540;Aditya Birla Sun Life Medium Term Plan - DIRECT - HALF YEARLY IDCW;INF209KA1KN3;;11.0001;;;24-Aug-2021
119538;Aditya Birla Sun Life Medium Term Plan - Direct - IDCW;INF209KA1KO1;;13.7022;;;24-Aug-2021
119541;Aditya Birla Sun Life Medium Term Plan - DIRECT - Quarterly IDCW;INF209KA1KP8;;10.6345;;;24-Aug-2021
119539;Aditya Birla Sun Life Medium Term Plan - Growth - Direct Plan;INF209K01XA9;;26.2549;;;24-Aug-2021
111803;Aditya Birla Sun Life Medium Term Plan - Growth - Regular Plan;INF209K01603;;24.818;;;24-Aug-2021
111811;Aditya Birla Sun Life Medium Term Plan - REGULAR - HALFYEARLY IDCW;INF209K01595;INF209K01CZ0;10.6657;;;24-Aug-2021
111812;Aditya Birla Sun Life Medium Term Plan - Regular - IDCW;INF209K01611;INF209K01DA1;12.9032;;;24-Aug-2021
111809;Aditya Birla Sun Life Medium Term Plan - REGULAR - Quarterly IDCW;INF209K01637;INF209KB1OJ2;10.445;;;24-Aug-2021
147820;Aditya Birla Sun Life Medium term Plan- Segregated Portfolio 1- Growth- Regular Plan;INF209KB1Q23;;1.3322;;;24-Aug-2021
147817;Aditya Birla Sun Life Medium Term Plan- Segregated Portfolio 1-DIRECT - HALF YEARLY IDCW;INF209KB1Q31;INF209KB1R14;.6152;;;24-Aug-2021
147819;Aditya Birla Sun Life Medium Term Plan- Segregated Portfolio 1-DIRECT - IDCW;INF209KB1P81;INF209KB1Q80;.8145;;;24-Aug-2021
147818;Aditya Birla Sun Life Medium Term Plan- Segregated Portfolio 1-Direct - Quarterly IDCW;INF209KB1Q72;INF209KB1R06;.5853;;;24-Aug-2021
147816;Aditya Birla Sun Life Medium Term Plan- Segregated Portfolio 1-Growth - Direct Plan;INF209KB1Q15;;1.3931;;;24-Aug-2021
147821;Aditya Birla Sun Life Medium Term Plan- Segregated Portfolio 1-REGULAR - HALFYEARLY IDCW;INF209KB1Q49;INF209KB1Q56;.5863;;;24-Aug-2021
147814;Aditya Birla Sun Life Medium Term Plan- Segregated Portfolio 1-Regular - IDCW;INF209KB1P99;INF209KB1Q07;.7754;;;24-Aug-2021
147815;Aditya Birla Sun Life Medium Term Plan- Segregated Portfolio 1-REGULAR - Quarterly IDCW;INF209KB1Q64;;.5789;;;24-Aug-2021

Axis Mutual Fund
120475;Axis Strategic Bond Fund - Direct Plan - Growth Option;INF846K01DT0;;23.2692;;;24-Aug-2021
120474;Axis Strategic Bond Fund - Direct Plan - Half Yearly IDCW;INF846K01DU8;INF846K01DV6;11.8572;;;24-Aug-2021
120476;Axis Strategic Bond Fund - Direct Plan - Quarterly IDCW;INF846K01DW4;INF846K01DX2;10.5943;;;24-Aug-2021
116894;Axis Strategic Bond Fund - Regular Plan - Growth Option;INF846K01BP2;;21.7325;;;24-Aug-2021
116896;Axis Strategic Bond Fund - Regular Plan - Half Yearly IDCW;INF846K01BR8;INF846K01BT4;11.1863;;;24-Aug-2021
116895;Axis Strategic Bond Fund - Regular Plan - Quarterly IDCW;INF846K01BQ0;INF846K01BS6;10.4588;;;24-Aug-2021

Bandhan Mutual Fund
108730;BANDHAN Bond Fund - Medium Term - Regular Plan - Bi-Monthly IDCW;INF194K01KF9;INF194K01KE2;11.9250;;;24-Aug-2021
108731;BANDHAN Bond Fund - Medium Term - Regular Plan - Daily IDCW;INF194K01JW6;INF194K01JV8;10.2807;;;24-Aug-2021
108729;BANDHAN Bond Fund - Medium Term - Regular Plan - Fortnightly IDCW;INF194K01KI3;INF194K01KH5;10.2673;;;24-Aug-2021
108728;BANDHAN Bond Fund - Medium Term - Regular Plan - Growth;INF194K01JU0;;37.3906;;;24-Aug-2021
113169;BANDHAN Bond Fund - Medium Term - Regular Plan - IDCW Quarterly;INF194K01JZ9;INF194K01JY2;11.0089;;;24-Aug-2021
108727;BANDHAN Bond Fund - Medium Term - Regular Plan - Monthly IDCW;INF194K01KC6;INF194K01KB8;10.2663;;;24-Aug-2021
131385;BANDHAN Bond Fund - Medium Term - Regular Plan - Periodic IDCW;INF194KA1TA8;INF194KA1TB6;11.7785;;;24-Aug-2021
118399;BANDHAN Bond Fund - Medium Term Plan-Direct Plan-Bi Monthly IDCW;INF194K01T59;INF194K01T42;12.2922;;;24-Aug-2021
118400;BANDHAN Bond Fund - Medium Term Plan-Direct Plan-Daily IDCW;;INF194K01S68;10.4187;;;24-Aug-2021
118404;BANDHAN Bond Fund - Medium Term Plan-Direct Plan-Fortnightly IDCW;INF194K01T83;INF194K01T75;10.2686;;;24-Aug-2021
118401;BANDHAN Bond Fund - Medium Term Plan-Direct Plan-Growth;INF194K01S50;;39.6483;;;24-Aug-2021
118402;BANDHAN Bond Fund - Medium Term Plan-Direct Plan-Monthly IDCW;INF194K01T26;INF194K01T18;10.5038;;;24-Aug-2021
131384;BANDHAN Bond Fund - Medium Term Plan-Direct Plan-Periodic IDCW;INF194KA1TD2;INF194KA1TE0;10.3524;;;24-Aug-2021
118403;BANDHAN Bond Fund - Medium Term Plan-Direct Plan-Quartely IDCW;INF194K01S92;INF194K01S84;11.1704;;;24-Aug-2021

BNP Paribas Mutual Fund
127320;BNP Paribas Medium Term Fund - Annual Income Distribution cum Capital Withdrawal Option;INF251K01LP4;INF251K01LZ3;10.5627;;;24-Aug-2021
127307;BNP Paribas Medium Term Fund - Calendar Quarterly Income Distribution cum Capital Withdrawal Option;INF251K01LQ2;INF251K01MA4;10.3110;;;24-Aug-2021
127315;BNP Paribas Medium Term Fund - Direct Plan - Annual Income Distribution cum Capital Withdrawal Option;INF251K01LY6;INF251K01MG1;10.6239;;;24-Aug-2021
127311;BNP Paribas Medium Term Fund - Direct Plan - Calendar Quarterly Income Distribution cum Capital Withdrawal Option;INF251K01LW0;INF251K01ME6;10.0000;;;24-Aug-2021
127305;BNP Paribas Medium Term Fund - Direct Plan - Growth Option;INF251K01LU4;;15.9721;;;24-Aug-2021
127313;BNP Paribas Medium Term Fund - Direct Plan - Half yearly Income Distribution cum Capital Withdrawal Option;INF251K01LX8;INF251K01MF3;10.0000;;;24-Aug-2021
127310;BNP Paribas Medium Term Fund - Direct Plan - Monthly Income Distribution cum Capital Withdrawal Option;INF251K01LV2;INF251K01MD8;10.5813;;;24-Aug-2021
127304;BNP Paribas Medium Term Fund - Growth Option;INF251K01LT6;;15.1295;;;24-Aug-2021
127319;BNP Paribas Medium Term Fund - Half Yearly Income Distribution cum Capital Withdrawal Option;INF251K01LR0;INF251K01MB2;10.4859;;;24-Aug-2021
127308;BNP Paribas Medium Term Fund - Monthly Income Distribution cum Capital Withdrawal Option;INF251K01LS8;INF251K01MC0;10.0901;;;24-Aug-2021

DSP Mutual Fund
118924;DSP Bond Fund - Direct Plan - Growth;INF740K01MZ3;;67.9460;;;24-Aug-2021
118922;DSP Bond Fund - Direct Plan - IDCW;INF740K01NB2;INF740K01ND8;11.5737;;;24-Aug-2021
118921;DSP Bond Fund - Direct Plan - IDCW - Monthly;INF740K01NA4;INF740K01NC0;11.1617;;;24-Aug-2021
100078;DSP Bond Fund - Growth;INF740K01557;;64.8611;;;24-Aug-2021
100077;DSP Bond Fund - IDCW;INF740K01565;INF740K01995;11.4522;;;24-Aug-2021
100079;DSP Bond Fund - IDCW - Monthly;INF740K01573;INF740K01AA1;11.0676;;;24-Aug-2021

Franklin Templeton Mutual Fund
118554;Franklin India Income Opportunities Fund - Direct - Growth;INF090I01JI9;;25.7800;;;24-Aug-2021
118555;Franklin India Income Opportunities Fund - Direct - IDCW ;INF090I01JG3;INF090I01JH1;12.1069;;;24-Aug-2021
112304;Franklin India Income Opportunities Fund - Growth;INF090I01445;;24.1870;;;24-Aug-2021
112305;Franklin India Income Opportunities Fund - IDCW ;INF090I01452;INF090I01460;11.2131;;;24-Aug-2021
147967;Franklin India Income Opportunities Fund- Segregated Portfolio 2 - 10.90% Vodafone Idea Ltd (02-Sep-2023) - Direct IDCW;INF090I01TG2;;0.0000;;;24-Aug-2021
147969;Franklin India Income Opportunities Fund- Segregated Portfolio 2 - 10.90% Vodafone Idea Ltd (02-Sep-2023) - IDCW;INF090I01TE7;;0.0000;;;24-Aug-2021
147966;Franklin India Income Opportunities Fund- Segregated Portfolio 2- 10.90% Vodafone Idea Ltd 02Sep2023-Direct Growth Plan;INF090I01TH0;;0.0000;;;24-Aug-2021
147968;Franklin India Income Opportunities Fund- Segregated Portfolio 2- 10.90% Vodafone Idea Ltd 02Sep2023-Growth Plan;INF090I01TF4;;0.0000;;;24-Aug-2021

HDFC Mutual Fund
101990;HDFC Medium Term Debt Fund - Fornightly IDCW Option;INF179K01897;INF179K01905;10.1503;;;24-Aug-2021
119080;HDFC Medium Term Debt Fund - Fortnightly IDCW Opt - Direct Plan;INF179KA1NP8;INF179KA1NO1;10.1531;;;24-Aug-2021
101989;HDFC Medium Term Debt Fund - Growth Option;INF179K01913;;44.7315;;;24-Aug-2021
119081;HDFC Medium Term Debt Fund - Growth Option - Direct Plan;INF179K01WI9;;47.2712;;;24-Aug-2021
132852;HDFC Medium Term Debt Fund - IDCW Option;INF179KA1E16;INF179KA1E08;16.9717;;;24-Aug-2021
132853;HDFC Medium Term Debt Fund - IDCW Option - Direct Plan;INF179KA1D90;INF179KA1D82;17.6952;;;24-Aug-2021

ICICI Prudential Mutual Fund
132981;ICICI Prudential Medium Term Bond Fund - Annual IDCW;INF109KA12G3;INF109KA13G1;13.1387;;;24-Aug-2021
120670;ICICI Prudential Medium Term Bond Fund - Direct Plan - Growth;INF109K015A5;;37.4200;;;24-Aug-2021
120672;ICICI Prudential Medium Term Bond Fund - Direct Plan - Half Yearly IDCW;INF109K016A3;INF109K017A1;11.2602;;;24-Aug-2021
120671;ICICI Prudential Medium Term Bond Fund - Direct Plan - Quarterly IDCW;INF109K018A9;INF109K019A7;11.0876;;;24-Aug-2021
102741;ICICI Prudential Medium Term Bond Fund - Growth;INF109K01AH4;;34.9527;;;24-Aug-2021
117330;ICICI Prudential Medium Term Bond Fund - Half Yearly IDCW;INF109K01B53;INF109K01B61;10.7892;;;24-Aug-2021
113137;ICICI Prudential Medium Term Bond Fund - Quarterly IDCW;INF109K01UF6;INF109K01IO3;10.5426;;;24-Aug-2021
132982;ICICI Prudential Medium Term Bond Fund -Direct Plan - Annual IDCW;INF109KA10G7;INF109KA11G5;14.5639;;;24-Aug-2021

Invesco Mutual Fund
149013;Invesco India Medium Duration Fund - Direct - Discretionary IDCW (Payout/Reinvestment);INF205KA1411;INF205KA1445;1009.56;;;24-Aug-2021
149011;Invesco India Medium Duration Fund - Direct - Growth;INF205KA1429;;1009.5661;;;24-Aug-2021
149014;Invesco India Medium Duration Fund - Direct - Quarterly IDCW (Payout / Reinvestment));INF205KA1403;INF205KA1437;1009.5648;;;24-Aug-2021
149010;Invesco India Medium Duration Fund - Regular - Discretionary IDCW(Payout / Reinvestment));INF205KA1361;INF205KA1395;1008.5151;;;24-Aug-2021
149012;Invesco India Medium Duration Fund - Regular - Growth;INF205KA1379;;1008.515;;;24-Aug-2021
149009;Invesco India Medium Duration Fund - Regular - Quarterly IDCW (Payout / Reinvestment);INF205KA1353;INF205KA1387;1008.515;;;24-Aug-2021

Kotak Mahindra Mutual Fund
128008;Kotak Medium Term Fund - Direct - Quarterly Payout of Income Distribution cum capital withdrawal option;INF174K01VR3;INF174K01VT9;10.9107;;;24-Aug-2021
128079;Kotak Medium Term Fund - Direct - Standard Income Distribution cum capital withdrawal option;INF174K01VSI;INF174K01VU7;19.1621;;;24-Aug-2021
128006;Kotak Medium Term Fund - Direct Growth;INF174K01VQ5;;19.1624;;;24-Aug-2021
128009;Kotak Medium Term Fund - Growth;INF174K01VL6;;17.9192;;;24-Aug-2021
128007;Kotak Medium Term Fund - Quarterly Payout of Income Distribution cum capital withdrawal option;INF174K01VM4;INF174K01VO0;10.686;;;24-Aug-2021
128078;Kotak Medium Term Fund - Standard Income Distribution cum capital withdrawal option;INF174K01VN2;INF174K01VP7;10.9986;;;24-Aug-2021

L&T Mutual Fund
134425;L&T Resurgent India  Bond Fund - Direct Plan - Annual IDCW;INF917K01WF8;INF917K01WC5;12.3767;;;24-Aug-2021
133604;L&T Resurgent India  Bond Fund - Direct Plan - Growth;INF917K01TK4;;17.1727;;;24-Aug-2021
133606;L&T Resurgent India  Bond Fund - Direct Plan - IDCW;INF917K01TM0;INF917K01TL2;11.7261;;;24-Aug-2021
134426;L&T Resurgent India  Bond Fund - Regular Plan - Annual IDCW;INF917K01WE1;INF917K01WD3;11.6768;;;24-Aug-2021
133607;L&T Resurgent India  Bond Fund - Regular Plan - Growth;INF917K01TH0;;16.2074;;;24-Aug-2021
133605;L&T Resurgent India  Bond Fund - Regular Plan - IDCW;INF917K01TJ6;INF917K01TI8;11.0904;;;24-Aug-2021

Nippon India Mutual Fund
148284;NIPPON INDIA STRATEGIC DEBT FUND -  SEGREGATED PORTFOLIO 2 - DIRECT Plan - IDCW Option;INF204KB16Q0;INF204KB17Q8;0.0000;;;24-Aug-2021
148289;NIPPON INDIA STRATEGIC DEBT FUND -  SEGREGATED PORTFOLIO 2 - DIRECT Plan - QUARTERLY IDCW Option;INF204KB18Q6;INF204KB19Q4;0.0000;;;24-Aug-2021
148290;NIPPON INDIA STRATEGIC DEBT FUND -  SEGREGATED PORTFOLIO 2 - IDCW Option;INF204KB12R7;INF204KB13R5;0.0000;;;24-Aug-2021
148287;NIPPON INDIA STRATEGIC DEBT FUND -  SEGREGATED PORTFOLIO 2 - QUARTERLY IDCW Option;INF204KB14R3;INF204KB15R0;0.0000;;;24-Aug-2021
130052;Nippon India Strategic Debt Fund - Direct Plan - Bonus Option;INF204KA1QG9;;13.1561;;;24-Aug-2021
130050;Nippon India Strategic Debt Fund - Direct Plan - Growth Option;INF204KA1QF1;;13.1542;;;24-Aug-2021
130054;NIPPON INDIA STRATEGIC DEBT FUND - DIRECT Plan - IDCW Option;INF204KA1QH7;INF204KA1QJ3;11.0949;;;24-Aug-2021
130055;NIPPON INDIA STRATEGIC DEBT FUND - DIRECT Plan - QUARTERLY IDCW Option;INF204KA1QI5;INF204KA1QK1;9.3662;;;24-Aug-2021
130037;Nippon India Strategic Debt Fund - Growth Option;INF204KA1PZ1;;12.4041;;;24-Aug-2021
130053;NIPPON INDIA STRATEGIC DEBT FUND - IDCW Option;INF204KA1QB0;INF204KA1QD6;10.6142;;;24-Aug-2021
130056;NIPPON INDIA STRATEGIC DEBT FUND - QUARTERLY IDCW Option;INF204KA1QC8;INF204KA1QE4;9.1490;;;24-Aug-2021
148077;Nippon India Strategic Debt Fund - Segregated Portfolio 1 - Bonus Option;INF204KB19M3;;0.0435;;;24-Aug-2021
148078;Nippon India Strategic Debt Fund - Segregated Portfolio 1 - Direct Plan - Bonus Option;INF204KB13M6;;0.0457;;;24-Aug-2021
148080;Nippon India Strategic Debt Fund - Segregated Portfolio 1 - Direct Plan - Growth Option;INF204KB18M5;;0.0457;;;24-Aug-2021
148079;NIPPON INDIA STRATEGIC DEBT FUND - SEGREGATED PORTFOLIO 1 - Direct Plan - IDCW Option;INF204KB14M4;INF204KB15M1;0.0385;;;24-Aug-2021
148081;NIPPON INDIA STRATEGIC DEBT FUND - SEGREGATED PORTFOLIO 1 - Direct Plan - QUARTERLY IDCW Option;INF204KB16M9;INF204KB17M7;0.0325;;;24-Aug-2021
148083;Nippon India Strategic Debt Fund - Segregated Portfolio 1 - Growth Option;INF204KB14N2;;0.0435;;;24-Aug-2021
148082;NIPPON INDIA STRATEGIC DEBT FUND - SEGREGATED PORTFOLIO 1 - IDCW Option;INF204KB10N0;INF204KB11N8;0.0372;;;24-Aug-2021
148084;NIPPON INDIA STRATEGIC DEBT FUND - SEGREGATED PORTFOLIO 1 - QUARTERLY IDCW Option;INF204KB12N6;INF204KB13N4;0.0321;;;24-Aug-2021
148283;Nippon India Strategic Debt Fund - Segregated Portfolio 2 - Bonus Option;INF204KB11R9;;0.0000;;;24-Aug-2021
148288;Nippon India Strategic Debt Fund - Segregated Portfolio 2 - Direct Plan - Bonus Option;INF204KB15Q2;;0.0000;;;24-Aug-2021
148285;Nippon India Strategic Debt Fund - Segregated Portfolio 2 - Direct Plan - Growth Option;INF204KB10R1;;0.0000;;;24-Aug-2021
148286;Nippon India Strategic Debt Fund - Segregated Portfolio 2 - Growth Option;INF204KB16R8;;0.0000;;;24-Aug-2021

SBI Mutual Fund
119824;SBI MAGNUM MEDIUM DURATION FUND - DIRECT PLAN - GROWTH;INF200K01VB0;;42.7237;;;24-Aug-2021
119825;SBI Magnum Medium Duration Fund - Direct Plan - Income Distribution cum Capital Withdrawal Option (IDCW);INF200K01UZ1;INF200K01VA2;16.6074;;;24-Aug-2021
102053;SBI MAGNUM MEDIUM DURATION FUND - REGULAR PLAN - GROWTH;INF200K01719;;40.3378;;;24-Aug-2021
102054;SBI Magnum Medium Duration Fund - Regular Plan - Income Distribution cum Capital Withdrawal Option (IDCW);INF200K01727;INF200K01735;15.6356;;;24-Aug-2021

Sundaram Mutual Fund
119676;Sundaram Medium Duration Fund (Formerly Known as Sundaram Medium Term Bond Fund) Direct Plan - Annual Income Distribution cum Capital Withdrawal (IDCW);INF903J01PH0;INF903J01PM0;13.3343;;;24-Aug-2021
119675;Sundaram Medium Duration Fund (Formerly Known as Sundaram Medium Term Bond Fund) Direct Plan - Growth;INF903J01PO6;;63.2277;;;24-Aug-2021
119672;Sundaram Medium Duration Fund (Formerly Known as Sundaram Medium Term Bond Fund) Direct Plan - Quarterly Income Distribution cum Capital Withdrawal (IDCW);INF903J01PK4;INF903J01PL2;23.4084;;;24-Aug-2021
100608;Sundaram Medium Duration Fund (Formerly Known as Sundaram Medium Term Bond Fund) Institutional Plan - Growth;INF903J01FY6;;66.2892;;;24-Aug-2021
100610;Sundaram Medium Duration Fund (Formerly Known as Sundaram Medium Term Bond Fund) Regular Plan - Annual Income Distribution cum Capital Withdrawal (IDCW);INF903J01FT6;INF903J01FW0;12.2170;;;24-Aug-2021
100604;Sundaram Medium Duration Fund (Formerly Known as Sundaram Medium Term Bond Fund) Regular Plan - Bonus;INF903J01FX8;;20.0307;;;24-Aug-2021
100603;Sundaram Medium Duration Fund (Formerly Known as Sundaram Medium Term Bond Fund) Regular Plan - Growth;INF903J01FQ2;;58.6471;;;24-Aug-2021
100609;Sundaram Medium Duration Fund (Formerly Known as Sundaram Medium Term Bond Fund) Regular Plan- Half Yearly Income Distribution cum Capital Withdrawal (IDCW);INF903J01FS8;INF903J01FV2;12.5940;;;24-Aug-2021
100602;Sundaram Medium Duration Fund (Formerly Known as Sundaram Medium Term Bond Fund) Regular Plan- Quarterly Income Distribution cum Capital Withdrawal (IDCW);INF903J01FR0;INF903J01FU4;12.3402;;;24-Aug-2021

Tata Mutual Fund
147385;Tata Medium Term Fund -Direct Plan -Growth (Segregated Portfolio 1);INF277K019V9;;0.8373;;;24-Aug-2021
147384;Tata Medium Term Fund -Regular Plan - Growth (Segregated Portfolio 1);INF277K017V3;;0.7853;;;24-Aug-2021
101703;Tata Medium Term Fund -Regular Plan - Growth Option;INF277K01717;;29.0652;;;24-Aug-2021
119126;Tata Medium Term Fund- Direct Plan - Payout of IDCW Option;INF277K01PG9;INF277K01PH7;14.7145;;;24-Aug-2021
119127;Tata Medium Term Fund- Direct Plan- Growth Option;INF277K01PI5;;31.6495;;;24-Aug-2021
101605;Tata Medium Term Fund- Regular Plan - Payout of IDCW option;INF277K01DW2;INF277K01709;13.2272;;;24-Aug-2021
147386;Tata Medium Term Fund- Segregated Portfolio 1 Direct Plan - Payout of IDCW option;INF277K010W6;INF277K019W7;0.3831;;;24-Aug-2021
147383;Tata Medium Term Fund- Segregated Portfolio 1 Regular Plan - Payout of IDCW Option;INF277K018V1;INF277K018W9;0.3582;;;24-Aug-2021

Union Mutual Fund
148479;Union Medium Duration Fund - Direct Plan -  Growth Option;INF582M01GQ6;;10.5334;;;24-Aug-2021
148480;Union Medium Duration Fund - Direct Plan - IDCW Option;INF582M01GS2;INF582M01GR4;10.5334;;;24-Aug-2021
148477;Union Medium Duration Fund - Regular Plan -  Growth Option;INF582M01GU8;;10.4850;;;24-Aug-2021
148478;Union Medium Duration Fund - Regular Plan - IDCW Option;INF582M01GW4;INF582M01GV6;10.4850;;;24-Aug-2021

UTI Mutual Fund
148248;UTI - Medium Term Fund (Segregated - 06032020) - Direct Plan - Annual Dividend Option;INF789F1ASC5;INF789F1ASD3;0;;;24-Aug-2021
148249;UTI - Medium Term Fund (Segregated - 06032020) - Direct Plan - Flexi Dividend Option;INF789F1ASG6;INF789F1ASH4;0;;;24-Aug-2021
148257;UTI - Medium Term Fund (Segregated - 06032020) - Direct Plan - Growth Option;INF789F1ASB7;;0;;;24-Aug-2021
148256;UTI - Medium Term Fund (Segregated - 06032020) - Direct Plan - Half Yearly Dividend Option;INF789F1ASE1;INF789F1ASF8;0;;;24-Aug-2021
148250;UTI - Medium Term Fund (Segregated - 06032020) - Direct Plan - Monthly Dividend Option;INF789F1ASI2;INF789F1ASJ0;0;;;24-Aug-2021
148255;UTI - Medium Term Fund (Segregated - 06032020) - Direct Plan - Quarterly Dividend Option;INF789F1ARZ8;INF789F1ASA9;0;;;24-Aug-2021
148247;UTI - Medium Term Fund (Segregated - 06032020) - Regular Plan - Annual Dividend Option;INF789F1ASN2;INF789F1ASO0;0;;;24-Aug-2021
148254;UTI - Medium Term Fund (Segregated - 06032020) - Regular Plan - Flexi Dividend Option;INF789F1ASR3;INF789F1ASS1;0;;;24-Aug-2021
148252;UTI - Medium Term Fund (Segregated - 06032020) - Regular Plan - Growth Option;INF789F1ASM4;;0;;;24-Aug-2021
148251;UTI - Medium Term Fund (Segregated - 06032020) - Regular Plan - Half Yearly Dividend Option;INF789F1ASP7;INF789F1ASQ5;0;;;24-Aug-2021
148246;UTI - Medium Term Fund (Segregated - 06032020) - Regular Plan - Monthly Dividend Option;INF789F1AST9;INF789F1ASU7;0;;;24-Aug-2021
148253;UTI - Medium Term Fund (Segregated - 06032020) - Regular Plan - Quarterly Dividend Option;INF789F1ASK8;INF789F1ASL6;0;;;24-Aug-2021
148136;UTI - Medium Term Fund (Segregated - 17022020) - Direct Plan - Growth Option;INF789F1AOC4;;0.089;;;24-Aug-2021
148138;UTI - Medium Term Fund (Segregated - 17022020) - Regular Plan - Growth Option;INF789F1AON1;;0.0857;;;24-Aug-2021
148129;UTI Medium Term Fund ( Segregated - 17022020 ) - Direct Plan - Annual IDCW;INF789F1AOD2;INF789F1AOE0;0.0722;;;24-Aug-2021
148135;UTI Medium Term Fund ( Segregated - 17022020 ) - Direct Plan - Flexi IDCW;INF789F1AOH3;INF789F1AOI1;0.0695;;;24-Aug-2021
148134;UTI Medium Term Fund ( Segregated - 17022020 ) - Direct Plan - Half-Yearly IDCW;INF789F1AOF7;INF789F1AOG5;0.0703;;;24-Aug-2021
148137;UTI Medium Term Fund ( Segregated - 17022020 ) - Direct Plan - Monthly IDCW;INF789F1AOJ9;INF789F1AOK7;0.063;;;24-Aug-2021
148131;UTI Medium Term Fund ( Segregated - 17022020 ) - Direct Plan - Quarterly IDCW;INF789F1AOA8;INF789F1AOB6;0.0696;;;24-Aug-2021
148128;UTI Medium Term Fund ( Segregated - 17022020 ) - Regular Plan - Annual IDCW;INF789F1AOO9;INF789F1AOP6;0.0692;;;24-Aug-2021
148127;UTI Medium Term Fund ( Segregated - 17022020 ) - Regular Plan - Flexi IDCW;INF789F1AOS0;INF789F1AOT8;0.0611;;;24-Aug-2021
148133;UTI Medium Term Fund ( Segregated - 17022020 ) - Regular Plan - Half-Yearly IDCW;INF789F1AOQ4;INF789F1AOR2;0.0678;;;24-Aug-2021
148132;UTI Medium Term Fund ( Segregated - 17022020 ) - Regular Plan - Monthly IDCW;INF789F1AOU6;INF789F1AOV4;0.0618;;;24-Aug-2021
148130;UTI Medium Term Fund ( Segregated - 17022020 ) - Regular Plan - Quarterly IDCW;INF789F1AOL5;INF789F1AOM3;0.0668;;;24-Aug-2021
134505;UTI Medium Duration Fund - Direct Plan - Annual IDCW;INF789FB1KL1;INF789FB1KM9;12.0321;;;24-Aug-2021
134506;UTI Medium Duration Fund - Direct Plan - Flexi IDCW;INF789FB1KO5;INF789FB1KN7;12.0438;;;24-Aug-2021
134503;UTI Medium Duration Fund - Direct Plan - Growth Option;INF789FB1KE6;;14.9958;;;24-Aug-2021
134504;UTI Medium Duration Fund - Direct Plan - Half-Yearly IDCW;INF789FB1KJ5;INF789FB1KK3;11.8094;;;24-Aug-2021
134501;UTI Medium Duration Fund - Direct Plan - Monthly IDCW;INF789FB1KF3;INF789FB1KG1;10.4033;;;24-Aug-2021
134502;UTI Medium Duration Fund - Direct Plan - Quarterly IDCW;INF789FB1KH9;INF789FB1KI7;11.5356;;;24-Aug-2021
134500;UTI Medium Duration Fund - Regular Plan - Annual IDCW;INF789FB1KA4;INF789FB1KB2;11.4426;;;24-Aug-2021
134498;UTI Medium Duration Fund - Regular Plan - Flexi IDCW;INF789FB1KC0;INF789FB1KD8;10.9648;;;24-Aug-2021
134499;UTI Medium Duration Fund - Regular Plan - Growth Option;INF789FB1JU4;;14.329;;;24-Aug-2021
134497;UTI Medium Duration Fund - Regular Plan - Half-Yearly IDCW;INF789FB1JY6;INF789FB1JZ3;11.2077;;;24-Aug-2021
134495;UTI Medium Duration Fund - Regular Plan - Monthly IDCW;INF789FB1JV2;INF789FB1KP2;10.3333;;;24-Aug-2021
134496;UTI Medium Duration Fund - Regular Plan - Quarterly IDCW;INF789FB1JW0;INF789FB1JX8;11.0305;;;24-Aug-2021

Open Ended Schemes ( Debt Scheme - Medium to Long Duration Fund )


Aditya Birla Sun Life Mutual Fund
111777;Aditya Birla Sun Life Income Fund (Discipline Advantage Plan);INF209K01LD8;;25.3321;;;24-Aug-2021
133446;Aditya Birla Sun Life Income Fund - Direct - IDCW;INF209KA1WL2;INF209KA1WM0;13.107;;;24-Aug-2021
119655;Aditya Birla Sun Life Income Fund - Direct - Quarterly IDCW;INF209K01R13;INF209K01WZ8;14.3529;;;24-Aug-2021
119657;Aditya Birla Sun Life Income Fund - Growth - Direct Plan;INF209K01WY1;;106.4827;;;24-Aug-2021
100038;Aditya Birla Sun Life Income Fund - Growth - Regular Plan;INF209K01579;;100.4058;;;24-Aug-2021
133445;Aditya Birla Sun Life Income Fund - Regular - IDCW;INF209KA1WJ6;INF209KA1WK4;12.5048;;;24-Aug-2021
100037;Aditya Birla Sun Life Income Fund - Regular - Quarterly IDCW;INF209K01587;INF209K01CY3;13.5965;;;24-Aug-2021

Bandhan Mutual Fund
108766;BANDHAN Bond Fund - Income Plan - Regular Plan - Annual IDCW;INF194K01IN7;INF194K01IM9;11.6584;;;24-Aug-2021
108765;BANDHAN Bond Fund - Income Plan - Regular Plan - Growth;INF194K01IL1;;54.0415;;;24-Aug-2021
108763;BANDHAN Bond Fund - Income Plan - Regular Plan - Half-yearly IDCW;INF194K01IQ0;INF194K01IP2;11.8673;;;24-Aug-2021
131387;BANDHAN Bond Fund - Income Plan - Regular Plan - Periodic IDCW;INF194KA1SU8;INF194KA1SV6;11.5986;;;24-Aug-2021
108764;BANDHAN Bond Fund - Income Plan - Regular Plan - Quarterly IDCW;INF194K01IT4;INF194K01IS6;11.9724;;;24-Aug-2021
118393;BANDHAN Bond Fund - Income Plan-Direct Plan-Annual IDCW;INF194K01R77;INF194K01R69;15.9695;;;24-Aug-2021
118394;BANDHAN Bond Fund - Income Plan-Direct Plan-Growth;INF194K01R51;;57.6387;;;24-Aug-2021
118395;BANDHAN Bond Fund - Income Plan-Direct Plan-Half Yearly IDCW;INF194K01S01;INF194K01R93;12.7686;;;24-Aug-2021
131386;BANDHAN Bond Fund - Income Plan-Direct Plan-Periodic IDCW;INF194KA1SX2;INF194KA1SY0;14.0216;;;24-Aug-2021
118396;BANDHAN Bond Fund - Income Plan-Direct Plan-Quarterly IDCW;INF194K01S35;INF194K01S27;12.5350;;;24-Aug-2021
108768;BANDHAN Bond Fund - Short Term - Regular Plan - Growth;INF194K01HF5;;45.5992;;;24-Aug-2021
108767;BANDHAN Bond Fund - Short Term - Regular Plan - Monthly IDCW;INF194K01HH1;INF194K01HG3;10.3980;;;24-Aug-2021

Bank of India Mutual Fund
119395;BANK OF INDIA Conservative Hybrid  Fund-Direct Plan-Quarterly IDCW;INF761K01850;INF761K01843;11.6039;;;24-Aug-2021
119393;BANK OF INDIA Conservative Hybrid Fund Fund-Direct Plan-Growth;INF761K01819;;23.5548;;;24-Aug-2021
119396;BANK OF INDIA Conservative Hybrid Fund-Direct Plan-Annual IDCW;INF761K01793;INF761K01801;10.7609;;;24-Aug-2021
119394;BANK OF INDIA Conservative Hybrid Fund-Direct Plan-Monthly IDCW;INF761K01835;INF761K01827;10.5212;;;24-Aug-2021
111715;BANK OF INDIA Conservative Hybrid Fund-ECO Plan-Growth;INF761K01397;;23.1441;;;24-Aug-2021
111717;BANK OF INDIA Conservative Hybrid Fund-ECO Plan-Monthly IDCW;INF761K01413;INF761K01405;17.5282;;;24-Aug-2021
111714;BANK OF INDIA Conservative Hybrid Fund-Regular Plan-Annual IDCW;INF761K01454;INF761K01447;10.9599;;;24-Aug-2021
111712;BANK OF INDIA Conservative Hybrid Fund-Regular Plan-Growth;INF761K01462;;22.5786;;;24-Aug-2021
111716;BANK OF INDIA Conservative Hybrid Fund-Regular Plan-Monthly IDCW;INF761K01488;INF761K01470;11.6241;;;24-Aug-2021
111713;BANK OF INDIA Conservative Hybrid Fund-Regular Plan-Quarterly IDCW;INF761K01504;INF761K01496;12.0479;;;24-Aug-2021

Canara Robeco Mutual Fund
118282;CANARA ROBECO INCOME FUND - DIRECT PLAN - GROWTH OPTION;INF760K01FI1;;49.4206;;;24-Aug-2021
118281;CANARA ROBECO INCOME FUND - DIRECT PLAN - QUARTERLY IDCW (Payout/Reinvestment);INF760K01FG5;INF760K01FH3;16.4261;;;24-Aug-2021
101588;CANARA ROBECO INCOME FUND - REGULAR PLAN - GROWTH OPTION;INF760K01324;;46.0357;;;24-Aug-2021
101587;CANARA ROBECO INCOME FUND - REGULAR PLAN - QUARTERLY IDCW (Payout/Reinvestment);INF760K01340;INF760K01357;15.1098;;;24-Aug-2021

HDFC Mutual Fund
100124;HDFC Income Fund - Growth Option;INF179K01962;;47.37;;;24-Aug-2021
119069;HDFC Income Fund - Growth Option - Direct Plan;INF179K01WL3;;50.4429;;;24-Aug-2021
133365;HDFC Income Fund - Normal IDCW - Direct Plan;INF179KA1Q12;;15.952;;;24-Aug-2021
133366;HDFC Income Fund - Normal IDCW Option;INF179KA1Q38;;14.9371;;;24-Aug-2021
100123;HDFC Income Fund - Quarterly IDCW Option;INF179K01947;INF179K01954;11.2882;;;24-Aug-2021
119068;HDFC Income Fund - Quarterly IDCW- Direct Plan;INF179K01WJ7;INF179K01WK5;12.1948;;;24-Aug-2021

HSBC Mutual Fund
120059;HSBC Medium to Long Duration Fund - Direct Growth;INF336L01DE2;;37.4995;;;24-Aug-2021
120101;HSBC Medium to Long Duration Fund - Direct Quarterly IDCW;INF336L01EO9;INF336L01EP6;11.2581;;;24-Aug-2021
101685;HSBC Medium to Long Duration Fund - Regular Growth;INF336L01776;;35.0232;;;24-Aug-2021
101686;HSBC Medium to Long Duration Fund - Regular Quarterly IDCW;INF336L01784;INF336L01792;11.1585;;;24-Aug-2021

ICICI Prudential Mutual Fund
120619;ICICI Prudential Bond Fund - Direct Plan - Growth;INF109K01V83;;32.6956;;;24-Aug-2021
131480;ICICI Prudential Bond Fund - Direct Plan - Half Yearly IDCW;INF109KA1X77;INF109KA1X69;10.8900;;;24-Aug-2021
120617;ICICI Prudential Bond Fund - Direct Plan - IDCW Monthly;INF109K01V59;INF109K01V67;11.5685;;;24-Aug-2021
120618;ICICI Prudential Bond Fund - Direct Plan - IDCW Quarterly;INF109K01V75;INF109K01V91;11.5155;;;24-Aug-2021
109740;ICICI Prudential Bond Fund - Growth;INF109K01BO8;;31.4427;;;24-Aug-2021
131481;ICICI Prudential Bond Fund - Half Yearly IDCW;INF109KA1X51;INF109KA1X44;11.2061;;;24-Aug-2021
109741;ICICI Prudential Bond Fund - IDCW Monthly;INF109K01EU9;INF109K01BP5;11.3550;;;24-Aug-2021
109743;ICICI Prudential Bond Fund - IDCW Quarterly;INF109K01EV7;INF109K01BS9;11.1492;;;24-Aug-2021

JM Financial Mutual Fund
120428;JM Medium to Long Duration Fund (Direct) - Bonus Option - Principal Units;INF192K01CX3;;23.6680;;;24-Aug-2021
120430;JM Medium to Long Duration Fund (Direct) - Growth Option;INF192K01CW5;;55.1797;;;24-Aug-2021
120431;JM Medium to Long Duration Fund (Direct) - Quarterly IDCW;INF192K01CU9;INF192K01CV7;19.4981;;;24-Aug-2021
100223;JM Medium to Long Duration Fund (Regular) - Growth Option;INF192K01AB3;;50.6183;;;24-Aug-2021
100222;JM Medium to Long Duration Fund (Regular) - Quarterly IDCW;INF192K01999;INF192K01AA5;17.2104;;;24-Aug-2021
101181;JM Medium to Long Duration Fund (Regular) - Bonus Option- Principal Units;INF192K01AC1;;20.7093;;;24-Aug-2021

Kotak Mahindra Mutual Fund
119736;Kotak Bond - Quaterly Payout of Income Distribution cum capital withdrawal option - Direct;INF174K01JF3;;18.0445;;;24-Aug-2021
119734;Kotak Bond Fund - Direct Plan - Standard IDCW option;INF174K01JD8;;22.1904;;;24-Aug-2021
119735;Kotak Bond Fund - Growth - Direct;INF174K01JC0;;66.6716;;;24-Aug-2021
100300;Kotak Bond Fund - Regular Plan - Standard IDCW Option;INF174K01EQ1;INF174K01EP3;37.8973;;;24-Aug-2021
100299;Kotak Bond Fund - Regular Plan Growth;INF174K01EM0;;61.8564;;;24-Aug-2021
100298;Kotak Bond Regular Plan Quaterly Payout of Income Distribution cum capital withdrawal option;INF174K01EO6;INF174K01EN8;13.1197;;;24-Aug-2021

LIC Mutual Fund
120279;LIC MF Medium to Long Duration Fund-Direct Plan-Growth;INF767K01EW0;;60.3834;;;24-Aug-2021
120278;LIC MF Medium to Long Duration Fund-Direct Plan-IDCW;INF767K01EV2;INF767K01EX8;14.5927;;;24-Aug-2021
100315;LIC MF Medium to Long Duration Fund-Regular Plan-Growth;INF767K01923;;57.6319;;;24-Aug-2021
100314;LIC MF Medium to Long Duration Fund-Regular Plan-IDCW;INF767K01907;INF767K01915;12.6325;;;24-Aug-2021

Nippon India Mutual Fund
100386;NIPPON INDIA INCOME FUND - ANNUAL IDCW Option;INF204K01CT4;INF204K01CU2;12.8622;;;24-Aug-2021
118680;NIPPON INDIA INCOME FUND - Direct Plan - ANNUAL IDCW Option;INF204K01YT8;INF204K01YU6;14.1391;;;24-Aug-2021
118681;NIPPON INDIA INCOME FUND - Direct Plan - HALF YEARLY IDCW Option;INF204K01YR2;INF204K01YS0;13.3983;;;24-Aug-2021
118683;NIPPON INDIA INCOME FUND - Direct Plan - MONTHLY IDCW Option;INF204K01YN1;;11.3385;;;24-Aug-2021
118684;NIPPON INDIA INCOME FUND - Direct Plan - QUARTERLY IDCW Option;INF204K01YP6;INF204K01YQ4;13.5902;;;24-Aug-2021
118687;Nippon India Income Fund - Direct Plan Growth Plan - Growth Option;INF204K01XS2;;77.1014;;;24-Aug-2021
118679;Nippon India Income Fund - Direct Plan Growth Plan-Bonus Option;INF204K01F38;;22.0324;;;24-Aug-2021
100388;Nippon India Income Fund - Growth Plan Bonus Option;INF204K01CM9;;20.5718;;;24-Aug-2021
100387;Nippon India Income Fund - Growth Plan Growth Option;INF204K01CL1;;71.5559;;;24-Aug-2021
100385;NIPPON INDIA INCOME FUND - HALF YEARLY IDCW Option;INF204K01CR8;INF204K01CS6;12.5029;;;24-Aug-2021
100383;NIPPON INDIA INCOME FUND - MONTHLY IDCW Option;INF204K01CN7;INF204K01CO5;10.7154;;;24-Aug-2021
100384;NIPPON INDIA INCOME FUND - QUARTERLY IDCW Option;INF204K01CP2;INF204K01CQ0;13.0246;;;24-Aug-2021

SBI Mutual Fund
119713;SBI Magnum Income Fund - Direct Plan - Half Yearly - Income Distribution cum Capital Withdrawal Option (IDCW);INF200K01SP6;INF200K01SQ4;16.7501;;;24-Aug-2021
121940;SBI Magnum Income Fund - Direct Plan - Quarterly Income Distribution cum Capital Withdrawal Option (IDCW);INF200K01YS8;INF200K01YT6;17.1480;;;24-Aug-2021
100638;SBI Magnum Income Fund - Regular Plan - Half Yearly - Income Distribution cum Capital Withdrawal Option (IDCW);INF200K01610;INF200K01628;14.6845;;;24-Aug-2021
121944;SBI Magnum Income Fund - Regular Plan - Quarterly Income Distribution cum Capital Withdrawal Option (IDCW);INF200K01YQ2;INF200K01YR0;15.8113;;;24-Aug-2021
119712;SBI Magnum Income Fund-DIRECT PLAN - Bonus;INF200K01SO9;;35.8347;;;24-Aug-2021
119714;SBI Magnum Income Fund-DIRECT PLAN -Growth;INF200K01SR2;;59.0362;;;24-Aug-2021
100640;SBI Magnum Income Fund-REGULAR PLAN-Bonus;INF200K01602;;34.0183;;;24-Aug-2021
100639;SBI Magnum Income Fund-REGULAR PLAN-Growth;INF200K01594;;56.1441;;;24-Aug-2021

Tata Mutual Fund
119876;Tata Income Fund - Direct Plan - Growth Option;INF277K01OY5;;70.9247;;;24-Aug-2021
100418;Tata Income Fund -Regular Plan - Growth Option;INF277K01659;;65.9615;;;24-Aug-2021
119875;TATA Income Fund Direct Plan - Periodic Payout of Income Distribution cum capital withdrawal option ;INF277K01PC8;INF277K01PD6;40.3715;;;24-Aug-2021
101186;Tata Income Fund- Regular Plan - Periodic Payout of IDCW Option;INF277K01DT8;INF277K01667;38.2893;;;24-Aug-2021
119877;TATA Income Fund-Direct Plan - Half Yearly Payout of IDCW Option;INF277K01PA2;INF277K01PB0;16.5493;;;24-Aug-2021
100417;Tata Income Fund-Regular Plan - Half Yearly Payout of IDCW Option;INF277K01DU6;INF277K01675;15.2006;;;24-Aug-2021

UTI Mutual Fund
139339;UTI Medium to Long Duration Fund - Direct Plan - Annual IDCW;INF789FA1T80;;10.7848;;;24-Aug-2021
133280;UTI Medium to Long Duration Fund - Direct Plan - Flexi IDCW;INF789FA1U04;INF789FA1U12;11.0924;;;24-Aug-2021
134998;UTI Medium to Long Duration Fund - Direct Plan - Half-Yearly IDCW;INF789FA1T64;INF789FA1T72;10.3187;;;24-Aug-2021
120690;UTI Medium to Long Duration Fund - Direct Plan - Quarterly IDCW;INF789F01SO1;INF789F01SP8;17.3915;;;24-Aug-2021
133869;UTI Medium to Long Duration Fund - Regular Plan - Annual IDCW;INF789FA1T23;INF789FA1T31;10.3401;;;24-Aug-2021
133872;UTI Medium to Long Duration Fund - Regular Plan - Flexi IDCW;INF789FA1T49;INF789FA1T56;10.3427;;;24-Aug-2021
135581;UTI Medium to Long Duration Fund - Regular Plan - Half-Yearly IDCW;INF789FA1T07;INF789FA1T15;10.6464;;;24-Aug-2021
100742;UTI Medium to Long Duration Fund - Regular Plan - Quarterly IDCW;INF789F01380;INF789F01398;13.518;;;24-Aug-2021
100741;UTI Medium to Long Duration Fund- Regular Plan - Growth;INF789F01406;;51.2809;;;24-Aug-2021
120689;UTI Medium to Long Duration Fund-Growth - Direct;INF789F01SQ6;;55.1088;;;24-Aug-2021

Open Ended Schemes ( Debt Scheme - Long Duration Fund )


ICICI Prudential Mutual Fund
131623;ICICI Prudential Long Term Bond Fund - Annual IDCW;INF109KA11C4;INF109KA10C6;11.6282;;;24-Aug-2021
120743;ICICI Prudential Long Term Bond Fund - Direct Plan - Growth;INF109K017L8;;76.4177;;;24-Aug-2021
120748;ICICI Prudential Long Term Bond Fund - Direct Plan - Half Yearly IDCW;INF109K018L6;INF109K019L4;12.2408;;;24-Aug-2021
120747;ICICI Prudential Long Term Bond Fund - Direct Plan - Quarterly IDCW;INF109K010M1;INF109K011M9;12.4943;;;24-Aug-2021
100365;ICICI Prudential Long Term Bond Fund - Growth;INF109K01365;;71.3131;;;24-Aug-2021
100364;ICICI Prudential Long Term Bond Fund - Half Yearly IDCW;INF109K01EX3;INF109K01357;11.4187;;;24-Aug-2021
100367;ICICI Prudential Long Term Bond Fund - Quarterly IDCW;INF109K01EZ8;INF109K01399;12.1158;;;24-Aug-2021
131622;ICICI Prudential Long Term Bond Fund Direct Plan - Annual IDCW;INF109KA13C0;INF109KA12C2;12.9268;;;24-Aug-2021

Nippon India Mutual Fund
143703;NIPPON INDIA NIVESH LAKSHYA FUND - ANNUAL IDCW Option;INF204KB1ZK1;INF204KB1ZL9;11.5441;;;24-Aug-2021
143711;NIPPON INDIA NIVESH LAKSHYA FUND - DIRECT Plan - ANNUAL IDCW Option;INF204KB1YZ2;INF204KB1ZA2;11.5601;;;24-Aug-2021
143701;NIPPON INDIA NIVESH LAKSHYA FUND - DIRECT Plan - HALF YEARLY IDCW Option;INF204KB1YX7;INF204KB1YY5;11.7284;;;24-Aug-2021
143707;NIPPON INDIA NIVESH LAKSHYA FUND - DIRECT Plan - IDCW Option;INF204KB1YR9;INF204KB1YS7;13.8420;;;24-Aug-2021
143705;NIPPON INDIA NIVESH LAKSHYA FUND - DIRECT Plan - MONTHLY IDCW Option;INF204KB1YT5;INF204KB1YU3;11.5300;;;24-Aug-2021
143709;NIPPON INDIA NIVESH LAKSHYA FUND - DIRECT Plan - QUARTERLY IDCW Option;INF204KB1YV1;INF204KB1YW9;11.5671;;;24-Aug-2021
143710;NIPPON INDIA NIVESH LAKSHYA FUND - HALF YEARLY IDCW Option;INF204KB1ZI5;INF204KB1ZJ3;11.7101;;;24-Aug-2021
143706;NIPPON INDIA NIVESH LAKSHYA FUND - IDCW Option;INF204KB1ZC8;INF204KB1ZD6;13.7020;;;24-Aug-2021
143712;NIPPON INDIA NIVESH LAKSHYA FUND - MONTHLY IDCW Option;INF204KB1ZE4;INF204KB1ZF1;11.5012;;;24-Aug-2021
143708;NIPPON INDIA NIVESH LAKSHYA FUND - QUARTERLY IDCW Option;INF204KB1ZG9;INF204KB1ZH7;11.5442;;;24-Aug-2021
143704;Nippon India Nivesh Lakshya Fund- Direct Plan- Growth Option;INF204KB1YQ1;;13.8419;;;24-Aug-2021
143702;Nippon India Nivesh Lakshya Fund- Growth Option;INF204KB1ZB0;;13.7028;;;24-Aug-2021

Open Ended Schemes ( Debt Scheme - Dynamic Bond )


360 ONE Mutual Fund (Formerly Known as IIFL Mutual Fund)
122612;360 ONE Dynamic Bond Fund - Regular Plan - Growth Option;INF579M01183;;17.4757;;;24-Aug-2021
122715;360 ONE Dynamic Bond Fund Direct Plan Growth;INF579M01266;;18.2600;;;24-Aug-2021
122721;360 ONE Dynamic Bond Fund Direct Plan Monthly Dividend;INF579M01282;INF579M01316;12.7636;;;24-Aug-2021
122711;360 ONE Dynamic Bond Fund Regular Plan Bonus;INF579M01191;;17.4757;;;24-Aug-2021
122720;360 ONE Dynamic Bond Fund Regular Plan Half Yearly Dividend;INF579M01225;INF579M01258;16.8640;;;24-Aug-2021
122719;360 ONE Dynamic Bond Fund Regular Plan Monthly Dividend;INF579M01209;INF579M01233;12.0949;;;24-Aug-2021
122712;360 ONE Dynamic Bond Fund Regular Plan Quarterly Dividend;INF579M01217;INF579M01241;16.8640;;;24-Aug-2021

Aditya Birla Sun Life Mutual Fund
119505;Aditya Birla Sun Life Dynamic Bond Fund - Growth - Direct Plan;INF209K01N82;;37.1027;;;24-Aug-2021
102767;Aditya Birla Sun Life Dynamic Bond Fund - Growth - Regular Plan;INF209K01793;;35.3826;;;24-Aug-2021
147811;Aditya Birla Sun Life Dynamic Bond Fund - Segregated Portfolio 1-Direct - IDCW;INF209KB1R22;INF209KB1S54;.5247;;;24-Aug-2021
147810;Aditya Birla Sun Life Dynamic Bond Fund - Segregated Portfolio 1-DIRECT - MONTHLY IDCW;INF209KB1R55;INF209KB1S47;.4492;;;24-Aug-2021
147812;Aditya Birla Sun Life Dynamic Bond Fund - Segregated Portfolio 1-DIRECT - Quarterly IDCW;INF209KB1R89;INF209KB1S39;.4327;;;24-Aug-2021
147809;Aditya Birla Sun Life Dynamic Bond Fund - Segregated Portfolio 1-Regular - IDCW;INF209KB1S13;;.5009;;;24-Aug-2021
147805;Aditya Birla Sun Life Dynamic Bond Fund - Segregated Portfolio 1-REGULAR - MONTHLY IDCW;INF209KB1R63;INF209KB1R71;.4367;;;24-Aug-2021
147806;Aditya Birla Sun Life Dynamic Bond Fund - Segregated Portfolio 1-Regular - Quarterly IDCW;INF209KB1R97;INF209KB1S05;.4332;;;24-Aug-2021
132918;Aditya Birla Sun Life Dynamic Bond Fund -Direct - IDCW;INF209KA1TX3;;12.7463;;;24-Aug-2021
119503;Aditya Birla Sun Life Dynamic Bond Fund -DIRECT - MONTHLY IDCW;INF209K01R62;;10.57;;;24-Aug-2021
119502;Aditya Birla Sun Life Dynamic Bond Fund -Direct - Quarterly IDCW;INF209K01R88;;10.4559;;;24-Aug-2021
132917;Aditya Birla Sun Life Dynamic Bond Fund -Regular - IDCW;INF209KA1TV7;;12.0459;;;24-Aug-2021
111521;Aditya Birla Sun Life Dynamic Bond Fund -REGULAR - MONTHLY IDCW;INF209K01801;INF209K01DG8;10.3897;;;24-Aug-2021
102766;Aditya Birla Sun Life Dynamic Bond Fund -Regular - Quarterly IDCW;INF209K01819;INF209K01DH6;10.406;;;24-Aug-2021
147808;Aditya Birla Sun Life Dynamic Bond Fund- Segregated Portfolio 1- Growth - Direct Plan;INF209KB1R30;;1.4523;;;24-Aug-2021
147804;Aditya Birla Sun Life Dynamic Bond Fund- Segregated Portfolio 1- Growth - Regular Plan;INF209KB1R48;;1.3985;;;24-Aug-2021
111848;Aditya Birla Sun Life Dynamic Bond Fund-Discipline Advantage Plan-Growth;INF209K01JW2;;24.4718;;;24-Aug-2021
147807;Aditya Birla Sun Life Dynamic Bond Fund-Segregated Portfolio 1- Discipline Advantage Plan- Growth;INF209KB1S21;;.9674;;;24-Aug-2021

Axis Mutual Fund
120451;Axis Dynamic Bond Fund - Direct Plan - Growth Option;INF846K01DI3;;25.4140;;;24-Aug-2021
120450;Axis Dynamic Bond Fund - Direct Plan - Half Yearly IDCW;INF846K01DJ1;INF846K01DK9;12.0301;;;24-Aug-2021
120452;Axis Dynamic Bond Fund - Direct Plan - Quarterly IDCW;INF846K01DL7;INF846K01DM5;10.8235;;;24-Aug-2021
115068;Axis Dynamic Bond Fund - Regular Plan - Growth Option;INF846K01917;;23.4531;;;24-Aug-2021
115131;Axis Dynamic Bond Fund - Regular Plan - Half Yearly IDCW;INF846K01941;INF846K01958;10.8946;;;24-Aug-2021
115069;Axis Dynamic Bond Fund - Regular Plan - Quarterly IDCW;INF846K01925;INF846K01933;10.8475;;;24-Aug-2021

Bandhan Mutual Fund
108561;BANDHAN Dynamic Bond Fund - Regular Plan B - Quarterly IDCW;INF194K01QI0;INF194K01QH2;11.3459;;;24-Aug-2021
108675;BANDHAN Dynamic Bond Fund - Regular Plan B - Annual IDCW;INF194K01QL4;INF194K01QK6;11.1604;;;24-Aug-2021
111524;BANDHAN Dynamic Bond Fund - Regular Plan B - Growth;INF194K01QG4;;27.5673;;;24-Aug-2021
122868;BANDHAN Dynamic Bond Fund - Regular Plan B - Half Yearly IDCW;INF194K018R9;INF194K019R7;10.7422;;;24-Aug-2021
111523;BANDHAN Dynamic Bond Fund - Regular Plan B - IDCW;INF194K01QO8;INF194K01QN0;10.5404;;;24-Aug-2021
131397;BANDHAN Dynamic Bond Fund - Regular Plan B - Periodic IDCW;INF194KA1TM3;INF194KA1TN1;10.9542;;;24-Aug-2021
118415;BANDHAN Dynamic Bond Fund-Direct Plan-Annual IDCW;INF194K01O13;INF194K01O05;11.6703;;;24-Aug-2021
118416;BANDHAN Dynamic Bond Fund-Direct Plan-Growth;INF194K01N63;;29.6379;;;24-Aug-2021
122618;BANDHAN Dynamic Bond Fund-Direct Plan-Half Yearly IDCW;INF194K011P8;INF194K012P6;10.9541;;;24-Aug-2021
118417;BANDHAN Dynamic Bond Fund-Direct Plan-IDCW;INF194K01O47;INF194K01O39;12.7261;;;24-Aug-2021
131396;BANDHAN Dynamic Bond Fund-Direct Plan-Periodic IDCW;INF194KA1TP6;INF194KA1TQ4;10.3932;;;24-Aug-2021
118418;BANDHAN Dynamic Bond Fund-Direct Plan-Quarterly IDCW;INF194K01N89;INF194K01N71;13.2482;;;24-Aug-2021

Baroda BNP Paribas Mutual Fund
117631;Baroda Dynamic Bond Fund - Plan A - Growth Option;INF955L01906;;18.6952;;;24-Aug-2021
117629;Baroda Dynamic Bond Fund - Plan A - IDCW;INF955L01880;;13.5260;;;24-Aug-2021
119337;Baroda Dynamic Bond Fund - Plan B (Direct) - Growth Option;INF955L01AA3;;19.7783;;;24-Aug-2021
119336;Baroda Dynamic Bond Fund - Plan B (Direct) - IDCW;INF955L01989;;14.5065;;;24-Aug-2021

BNP Paribas Mutual Fund
119991;BNP Paribas Flexi Debt Fund - Direct Plan - Daily Income Distribution cum Capital Withdrawal Option;;INF251K01GX8;10.1008;;;24-Aug-2021
119992;BNP Paribas Flexi Debt Fund - Direct Plan - Growth Option;INF251K01GW0;;38.8206;;;24-Aug-2021
119993;BNP Paribas Flexi Debt Fund - Direct Plan - Half Yearly Income Distribution cum Capital Withdrawal Option;INF251K01HD8;INF251K01HE6;10.0000;;;24-Aug-2021
119994;BNP Paribas Flexi Debt Fund - Direct Plan - Monthly Income Distribution cum Capital Withdrawal Option;INF251K01GZ3;INF251K01HA4;10.1555;;;24-Aug-2021
119995;BNP Paribas Flexi Debt Fund - Direct Plan - Quarterly Income Distribution cum Capital Withdrawal Option;INF251K01HB2;INF251K01HC0;10.4898;;;24-Aug-2021
119996;BNP Paribas Flexi Debt Fund - Direct Plan - Weekly Income Distribution cum Capital Withdrawal Option;;INF251K01GY6;10.0770;;;24-Aug-2021
117958;BNP Paribas Flexi Debt Fund Daily Income Distribution cum Capital Withdrawal Option;;INF251K01DX5;10.0599;;;24-Aug-2021
117957;BNP Paribas Flexi Debt Fund Growth Option;INF251K01DW7;;36.2459;;;24-Aug-2021
117962;BNP Paribas Flexi Debt Fund Half Yearly Income Distribution cum Capital Withdrawal Option;INF251K01ED5;INF251K01EE3;10.4076;;;24-Aug-2021
117960;BNP Paribas Flexi Debt Fund Monthly Income Distribution cum Capital Withdrawal Option;INF251K01DZ0;INF251K01EA1;10.0067;;;24-Aug-2021
117961;BNP Paribas Flexi Debt Fund Quarterly Income Distribution cum Capital Withdrawal Option;INF251K01EB9;INF251K01EC7;10.3403;;;24-Aug-2021
117959;BNP Paribas Flexi Debt Fund Weekly Income Distribution cum Capital Withdrawal Option;;INF251K01DY3;10.0479;;;24-Aug-2021
113526;BNP PARIBAS Flexi Debt Fund-Regular Plan A - Growth Option;INF251K01EF0;;25.3922;;;24-Aug-2021

Canara Robeco Mutual Fund
118284;CANARA ROBECO DYNAMIC BOND FUND - DIRECT PLAN - GROWTH OPTION;INF760K01EC7;;25.5142;;;24-Aug-2021
118283;CANARA ROBECO DYNAMIC BOND FUND - DIRECT PLAN - IDCW (Payout/Reinvestment);INF760K01EA1;INF760K01EB9;14.6780;;;24-Aug-2021
111962;CANARA ROBECO DYNAMIC BOND FUND - REGULAR PLAN - GROWTH OPTION;INF760K01449;;24.1221;;;24-Aug-2021
111963;CANARA ROBECO DYNAMIC BOND FUND - REGULAR PLAN - IDCW (Payout/Reinvestment);INF760K01423;INF760K01431;13.7286;;;24-Aug-2021

DSP Mutual Fund
119239;DSP Strategic Bond Fund - Direct Plan - Growth;INF740K01QG4;;2763.9334;;;24-Aug-2021
119238;DSP Strategic Bond Fund - Direct Plan - IDCW;INF740K01QI0;INF740K01QK6;1883.1329;;;24-Aug-2021
119240;DSP Strategic Bond Fund - Direct Plan - IDCW - Daily;;INF740KA1OX0;1049.0500;;;24-Aug-2021
119236;DSP Strategic Bond Fund - Direct Plan - IDCW - Monthly;INF740K01QH2;INF740K01QJ8;1070.5429;;;24-Aug-2021
119237;DSP Strategic Bond Fund - Direct Plan - IDCW - Weekly;INF740KA1OY8;INF740KA1OZ5;1056.1084;;;24-Aug-2021
105669;DSP Strategic Bond Fund - Regular Plan - Growth;INF740K01GK7;;2659.3808;;;24-Aug-2021
105668;DSP Strategic Bond Fund - Regular Plan - IDCW;INF740K01GO9;INF740K01GN1;1248.9553;;;24-Aug-2021
111786;DSP Strategic Bond Fund - Regular Plan - IDCW - Daily;;INF740KA1PA5;1068.7925;;;24-Aug-2021
105667;DSP Strategic Bond Fund - Regular Plan - IDCW - Monthly;INF740K01GM3;INF740K01GL5;1063.3144;;;24-Aug-2021
105878;DSP Strategic Bond Fund - Regular Plan - IDCW - Weekly;INF740K01GQ4;INF740K01GP6;1056.0469;;;24-Aug-2021

Franklin Templeton Mutual Fund
118495;Franklin India Dynamic Accrual Fund - Direct - Growth;INF090I01HB8;;77.1992;;;24-Aug-2021
118496;Franklin India Dynamic Accrual Fund - Direct - IDCW ;INF090I01GZ9;INF090I01HA0;13.0117;;;24-Aug-2021
100498;Franklin India Dynamic Accrual Fund - IDCW ;INF090I01BN6;INF090I01BO4;11.9368;;;24-Aug-2021
148308;Franklin India Dynamic Accrual Fund - Segregated Portfolio 3 (9.50% Yes Bank Ltd CO 23Dec21) - Direct Growth Plan;INF090I01WD3;;0.0000;;;24-Aug-2021
148307;Franklin India Dynamic Accrual Fund - Segregated Portfolio 3 (9.50% Yes Bank Ltd CO 23Dec21) - Growth Plan;INF090I01WB7;;0.0000;;;24-Aug-2021
147985;Franklin India Dynamic Accrual Fund- Segregated Portfolio 2 - 10.90% Vodafone Idea Ltd (02-Sep-2023) - IDCW;INF090I01TU3;;0.0000;;;24-Aug-2021
147988;Franklin India Dynamic Accrual Fund- Segregated Portfolio 2- 10.90% Vodafone Idea Ltd 02Sep2023-Direct-Growth Plan;INF090I01TX7;;0.0000;;;24-Aug-2021
147987;Franklin India Dynamic Accrual Fund- Segregated Portfolio 2- 10.90% Vodafone Idea Ltd 02Sep2023-Growth Plan;INF090I01TV1;;0.0000;;;24-Aug-2021
148309;Franklin India Dynamic Accrual Fund- Segregated Portfolio 3 (9.50% Yes Bank Ltd CO 23Dec21) - IDCW;INF090I01WA9;;0.0000;;;24-Aug-2021
100499;Franklin India Dynamic Accrual Fund-Growth;INF090I01BP1;;72.2179;;;24-Aug-2021
147986;Franklin India Dynamic Accrual Fund-Segregated Portfolio 2 - 10.90% Vodafone Idea Ltd (02-Sep-2023) - Direct IDCW;INF090I01TW9;;0.0000;;;24-Aug-2021
148310;Franklin India Dynamic Accrual Fund-Segregated Portfolio 3 (9.50% Yes Bank Ltd CO 23Dec21) - Direct IDCW;INF090I01WC5;;0.0000;;;24-Aug-2021

Groww Mutual Fund
145589;Groww Dynamic Bond Fund (formerly known as Indiabulls Dynamic Bond Fund) - Direct Plan - Growth option;INF666M01EK5;;1226.9366;;;24-Aug-2021
145590;Groww Dynamic Bond Fund (formerly known as Indiabulls Dynamic Bond Fund) - Regular Plan - Growth option;INF666M01ES8;;1209.7855;;;24-Aug-2021
145596;Groww Dynamic Bond Fund (formerly known as Indiabulls Dynamic Bond Fund)- Direct Plan- - Income Distribution cum capital withdrawal Option ( Reinvestment);;INF666M01EL3;1007.7121;;;24-Aug-2021
145595;Groww Dynamic Bond Fund (formerly known as Indiabulls Dynamic Bond Fund)- Direct Plan- Fortnightly - Income Distribution cum capital withdrawal Option (Payout & Reinvestment);INF666M01EO7;INF666M01EP4;1013.6477;;;24-Aug-2021
145591;Groww Dynamic Bond Fund (formerly known as Indiabulls Dynamic Bond Fund)- Direct Plan- Monthly - Income Distribution cum capital withdrawal Option (Payout & Reinvestment);INF666M01EQ2;INF666M01ER0;1012.4867;;;24-Aug-2021
145597;Groww Dynamic Bond Fund (formerly known as Indiabulls Dynamic Bond Fund)- Direct Plan- Weekly - Income Distribution cum capital withdrawal Option (Payout & Reinvestment);INF666M01EM1;INF666M01EN9;1007.3024;;;24-Aug-2021
145593;Groww Dynamic Bond Fund (formerly known as Indiabulls Dynamic Bond Fund)- Regular Plan- - Income Distribution cum capital withdrawal Option ( Reinvestment);;INF666M01ET6;1008.4881;;;24-Aug-2021
145598;Groww Dynamic Bond Fund (formerly known as Indiabulls Dynamic Bond Fund)- Regular Plan- Fortnightly - Income Distribution cum capital withdrawal Option (Payout & Reinvestment);INF666M01EW0;INF666M01EX8;1013.0945;;;24-Aug-2021
145592;Groww Dynamic Bond Fund (formerly known as Indiabulls Dynamic Bond Fund)- Regular Plan- Monthly - Income Distribution cum capital withdrawal Option (Payout & Reinvestment);INF666M01EY6;INF666M01EZ3;1012.2185;;;24-Aug-2021
145594;Groww Dynamic Bond Fund (formerly known as Indiabulls Dynamic Bond Fund)- Regular Plan- Weekly - Income Distribution cum capital withdrawal Option (Payout & Reinvestment);INF666M01EU4;INF666M01EV2;1007.2641;;;24-Aug-2021

HDFC Mutual Fund
101872;HDFC Dynamic Debt Fund - Growth Option;INF179K01848;;72.7598;;;24-Aug-2021
119075;HDFC Dynamic Debt Fund - Growth Option - Direct Plan;INF179K01WB4;;77.408;;;24-Aug-2021
119072;HDFC Dynamic Debt Fund - Half Yearly IDCW - Direct Plan;INF179K01WC2;INF179K01WD0;13.2874;;;24-Aug-2021
101874;HDFC Dynamic Debt Fund - Half Yearly IDCW Option;INF179K01855;INF179K01863;11.7804;;;24-Aug-2021
133369;HDFC Dynamic Debt Fund - Normal IDCW - Direct Plan;INF179KA1Q95;;16.2987;;;24-Aug-2021
133370;HDFC Dynamic Debt Fund - Normal IDCW Option;INF179KA1R11;;15.5872;;;24-Aug-2021
119073;HDFC Dynamic Debt Fund - Quarterly IDCW - Direct Plan;INF179K01WE8;INF179K01WF5;13.2936;;;24-Aug-2021
101873;HDFC Dynamic Debt Fund - Quarterly IDCW Option;INF179K01871;INF179K01889;12.3491;;;24-Aug-2021
119074;HDFC Dynamic Debt Fund - Yearly IDCW - Direct Plan;INF179K01WG3;INF179K01WH1;14.436;;;24-Aug-2021
101875;HDFC Dynamic Debt Fund - Yearly IDCW Option;INF179K01921;INF179K01939;13.3956;;;24-Aug-2021

HSBC Mutual Fund
120048;HSBC Dynamic Bond Fund - Direct Growth;INF336L01CO3;;30.524;;;24-Aug-2021
120050;HSBC Dynamic Bond Fund - Direct Monthly IDCW;INF336L01CR6;INF336L01CS4;10.4418;;;24-Aug-2021
106736;HSBC Dynamic Bond Fund - Growth;INF336L01545;;27.4569;;;24-Aug-2021
106737;HSBC Dynamic Bond Fund - Regular Growth;INF336L01461;;28.5667;;;24-Aug-2021
106738;HSBC Dynamic Bond Fund - Regular Monthly IDCW;;INF336L01453;10.6024;;;24-Aug-2021

ICICI Prudential Mutual Fund
113218;ICICI Prudential All Seasons Bond Fund - Annual IDCW;INF109K01GO7;INF109K01GP4;11.5174;;;24-Aug-2021
120601;ICICI Prudential All Seasons Bond Fund - Direct Plan - Annual IDCW;INF109K012E4;INF109K013E2;11.5576;;;24-Aug-2021
120603;ICICI Prudential All Seasons Bond Fund - Direct Plan - Growth;INF109K016E5;;30.0521;;;24-Aug-2021
120600;ICICI Prudential All Seasons Bond Fund - Direct Plan - IDCW;INF109K014E0;INF109K015E7;20.9710;;;24-Aug-2021
120602;ICICI Prudential All Seasons Bond Fund - Direct Plan - Quarterly IDCW;INF109K017E3;INF109K018E1;11.7195;;;24-Aug-2021
120604;ICICI Prudential All Seasons Bond Fund - Direct Plan - Weekly IDCW;INF109K019E9;INF109K010F5;10.5563;;;24-Aug-2021
112096;ICICI Prudential All Seasons Bond Fund - Growth;INF109K01GN9;;28.6140;;;24-Aug-2021
112097;ICICI Prudential All Seasons Bond Fund - IDCW;INF109K01GK5;INF109K01GL3;19.2695;;;24-Aug-2021
113403;ICICI Prudential All Seasons Bond Fund - Quarterly IDCW;INF109K01GE8;INF109K01GF5;11.4563;;;24-Aug-2021
101351;ICICI Prudential All Seasons Bond Fund - Weekly IDCW;INF109K01FD2;INF109K01704;10.8662;;;24-Aug-2021

IDBI Mutual Fund
118428;IDBI Dynamic Bond Fund Annual IDCW Direct;INF397L01BR0;;15.3836;;;24-Aug-2021
116582;IDBI Dynamic Bond Fund Annual IDCW Regular;INF397L01638;;12.8983;;;24-Aug-2021
116583;IDBI Dynamic Bond Fund Growth;INF397L01661;;17.6091;;;24-Aug-2021
116811;IDBI Dynamic Bond Fund Growth Direct;INF397L01BN9;;18.8825;;;24-Aug-2021
118429;IDBI Dynamic Bond Fund Quarterly IDCW Direct;INF397L01BO7;INF397L01BP4;10.4870;;;24-Aug-2021
116810;IDBI Dynamic Bond Fund Quarterly IDCW Regular;INF397L01604;INF397L01612;12.3096;;;24-Aug-2021

ITI Mutual Fund
149030;ITI Dynamic Bond Fund - Direct Plan - Annually IDCW Option;INF00XX01BK7;INF00XX01BG5;10.0742;;;24-Aug-2021
149029;ITI Dynamic Bond Fund - Direct Plan - Growth Option;INF00XX01BC4;;10.0742;;;24-Aug-2021
149028;ITI Dynamic Bond Fund - Direct Plan - Half Yearly IDCW Option;INF00XX01BJ9;INF00XX01BF7;10.0742;;;24-Aug-2021
149023;ITI Dynamic Bond Fund - Direct Plan - Monthly IDCWOption;INF00XX01BH3;INF00XX01BD2;10.0651;;;24-Aug-2021
149025;ITI Dynamic Bond Fund - Direct Plan - Quarterly IDCW Option;INF00XX01BI1;INF00XX01BE0;10.0742;;;24-Aug-2021
149027;ITI Dynamic Bond Fund - Regular Plan - Annually IDCWOption;INF00XX01BB6;INF00XX01AX2;10.0597;;;24-Aug-2021
149021;ITI Dynamic Bond Fund - Regular Plan - Growth Option;INF00XX01AT0;;10.0597;;;24-Aug-2021
149026;ITI Dynamic Bond Fund - Regular Plan - Half Yearly IDCW Option;INF00XX01BA8;INF00XX01AW4;10.0597;;;24-Aug-2021
149022;ITI Dynamic Bond Fund - Regular Plan - Monthly IDCW Option;INF00XX01AY0;INF00XX01AU8;10.0554;;;24-Aug-2021
149024;ITI Dynamic Bond Fund - Regular Plan - Quarterly IDCW Option;INF00XX01AZ7;INF00XX01AV6;10.0597;;;24-Aug-2021

JM Financial Mutual Fund
120432;JM Dynamic Bond Fund (Direct) - Daily IDCW;;INF192K01CZ8;10.0785;;;24-Aug-2021
120434;JM Dynamic Bond Fund (Direct) - IDCW;INF192K01DB7;INF192K01DC5;34.7463;;;24-Aug-2021
133414;JM Dynamic Bond Fund (Direct) - Monthly IDCW;INF192K01IL5;INF192K01IM3;35.0143;;;24-Aug-2021
120433;JM Dynamic Bond Fund (Direct) - Weekly IDCW;;INF192K01DA9;10.5579;;;24-Aug-2021
122323;JM Dynamic Bond Fund (Regular) - Bonus Option - Principal Units;INF192K01EX9;;32.9403;;;24-Aug-2021
105639;JM Dynamic Bond Fund (Regular) - Daily IDCW;;INF192K01668;10.0762;;;24-Aug-2021
101806;JM Dynamic Bond Fund (Regular) - Growth Option;INF192K01700;;32.9276;;;24-Aug-2021
133389;JM Dynamic Bond Fund (Regular) - Half Yearly Bonus Option - Principal Units;INF192K01IN1;;33.2098;;;24-Aug-2021
101805;JM Dynamic Bond Fund (Regular) - IDCW;INF192K01684;INF192K01692;33.0308;;;24-Aug-2021
133390;JM Dynamic Bond Fund (Regular) - Monthly IDCW;INF192K01IJ9;INF192K01IK7;33.1875;;;24-Aug-2021
105637;JM Dynamic Bond Fund (Regular) - Weekly IDCW;;INF192K01676;10.5481;;;24-Aug-2021
122315;JM Dynamic Bond Fund - (Direct) - Bonus Option-Principal Units;INF192K01EZ4;;34.4252;;;24-Aug-2021
120435;JM Dynamic Bond Fund - (Direct) - Growth Option;INF192K01DD3;;34.5603;;;24-Aug-2021
133388;JM Dynamic Bond Fund - (Direct) - Half Yearly Bonus Option - Principal Units;INF192K01IP6;;34.7734;;;24-Aug-2021

Kotak Mahindra Mutual Fund
119753;Kotak Dynamic Bond Fund - Direct Plan - Standard Income Distribution cum capital withdrawal option;INF174K01JX6;;11.0015;;;24-Aug-2021
119755;Kotak Dynamic Bond Fund - Growth - Direct;INF174K01JU2;;31.3464;;;24-Aug-2021
141702;Kotak Dynamic Bond Fund -Regular Plan- Monthly Payout of Income Distribution cum capital withdrawal option;INF174K010P4;INF174K012P0;21.8484;;;24-Aug-2021
117998;Kotak Dynamic Bond Fund Regular Plan - Standard Income Distribution cum capital withdrawal option;INF174K01IY6;INF174K01IZ3;11.1858;;;24-Aug-2021
108511;Kotak Dynamic Bond Fund Regular Plan Growth;INF174K01FA2;;29.6905;;;24-Aug-2021
141703;Kotak Dynamic Bond Fund-Direct Plan-Monthly Payout of Income Distribution cum capital withdrawal option;INF174K011P2;INF174K013P8;22.4833;;;24-Aug-2021

L&T Mutual Fund
134417;L&T Flexi Bond Fund - Direct Plan - Annual IDCW;INF917K01VN4;INF917K01VM6;11.5435;;;24-Aug-2021
119428;L&T Flexi Bond Fund - Direct Plan- Growth;INF917K01HA0;;25.0948;;;24-Aug-2021
119427;L&T Flexi Bond Fund - Direct Plan- IDCW;INF917K01GY2;;13.1308;;;24-Aug-2021
134418;L&T Flexi Bond Fund - Regular Plan - Annual IDCW;INF917K01VP9;INF917K01VO2;11.1278;;;24-Aug-2021
118053;L&T Flexi Bond Fund - Regular Plan - Growth;INF677K01916;;23.7074;;;24-Aug-2021
118054;L&T Flexi Bond Fund - Regular Plan - IDCW;INF677K01924;INF677K01932;11.1055;;;24-Aug-2021

Mahindra Manulife Mutual Fund
144403;Mahindra Manulife Dynamic Bond Fund - Direct Plan - Growth;INF174V01580;;12.1683;;;24-Aug-2021
144406;Mahindra Manulife Dynamic Bond Fund - Direct Plan - IDCW;INF174V01606;INF174V01598;11.5158;;;24-Aug-2021
144404;Mahindra Manulife Dynamic Bond Fund - Direct Plan - Quarterly IDCW;INF174V01622;INF174V01614;10.6550;;;24-Aug-2021
144401;Mahindra Manulife Dynamic Bond Fund - Regular Plan - Growth;INF174V01531;;11.7699;;;24-Aug-2021
144405;Mahindra Manulife Dynamic Bond Fund - Regular Plan - IDCW;INF174V01556;INF174V01549;11.1268;;;24-Aug-2021
144402;Mahindra Manulife Dynamic Bond Fund - Regular Plan - Quarterly IDCW;INF174V01572;INF174V01564;10.2754;;;24-Aug-2021

Mirae Asset Mutual Fund
140769;Mirae Asset Dynamic Bond Fund -Direct Plan -Growth;INF769K01DR8;;14.1249;;;24-Aug-2021
140770;Mirae Asset Dynamic Bond Fund Direct IDCW;INF769K01DS6;INF769K01DT4;14.1249;;;24-Aug-2021
140772;Mirae Asset Dynamic Bond Fund Regular IDCW;INF769K01DP2;INF769K01DQ0;13.3862;;;24-Aug-2021
140771;Mirae Asset Dynamic Bond Fund-Regular Plan Growth;INF769K01DO5;;13.3862;;;24-Aug-2021

Nippon India Mutual Fund
118750;NIPPON INDIA DYNAMIC BOND FUND - Direct Plan - IDCW Option;INF204K01A33;INF204K01A41;22.3371;;;24-Aug-2021
118749;NIPPON INDIA DYNAMIC BOND FUND - Direct Plan - QUARTERLY IDCW Option;INF204K01A58;INF204K01A66;10.3513;;;24-Aug-2021
118747;Nippon India Dynamic Bond Fund - Direct Plan Growth Plan - Growth Option;INF204K01A25;;30.9174;;;24-Aug-2021
102851;NIPPON INDIA DYNAMIC BOND FUND - IDCW Option;INF204K01FJ8;INF204K01FK6;19.6861;;;24-Aug-2021
117974;NIPPON INDIA DYNAMIC BOND FUND - QUARTERLY IDCW Option;INF204K01XB8;INF204K01XC6;10.2817;;;24-Aug-2021
102849;Nippon India Dynamic Bond Fund-Growth Plan-Growth Option;INF204K01FI0;;29.2677;;;24-Aug-2021

PGIM India Mutual Fund
120084;PGIM India Dynamic Bond Fund - Direct Plan-Growth Option;INF663L01AD7;;2292.9377;;;24-Aug-2021
120086;PGIM India Dynamic Bond Fund - Direct Plan-Quarterly Dividend Option;INF663L01AI6;INF663L01AH8;1215.0683;;;24-Aug-2021
116484;PGIM India Dynamic Bond Fund - Dividend Option - Quarterly;INF663L01526;INF663L01534;1134.3522;;;24-Aug-2021
116485;PGIM India Dynamic Bond Fund - Growth Option;INF663L01484;;2118.6905;;;24-Aug-2021

Quantum Mutual Fund
134494;Quantum Dynamic Bond Fund - Direct Plan Growth Option;INF082J01176;;16.6463;;;24-Aug-2021
134493;Quantum Dynamic Bond Fund - Direct Plan Monthly IDCW;INF082J01184;INF082J01192;10.2694;;;24-Aug-2021
141061;Quantum Dynamic Bond Fund - Regular Plan Growth Option;INF082J01218;;16.5644;;;24-Aug-2021
141060;Quantum Dynamic Bond Fund - Regular Plan Monthly IDCW;INF082J01226;INF082J01234;10.3527;;;24-Aug-2021

SBI Mutual Fund
119671;SBI Dynamic Bond Fund - DIRECT PLAN - Growth;INF200K01RD4;;29.6996;;;24-Aug-2021
119670;SBI Dynamic Bond Fund - Direct Plan - Income Distribution cum Capital Withdrawal Option (IDCW);INF200K01RB8;INF200K01RC6;16.5890;;;24-Aug-2021
102205;SBI Dynamic Bond Fund - REGULAR PLAN - Growth;INF200K01958;;27.9884;;;24-Aug-2021
102206;SBI Dynamic Bond Fund - Regular Plan - Income Distribution cum Capital Withdrawal Option (IDCW);INF200K01966;INF200K01974;14.6730;;;24-Aug-2021

Tata Mutual Fund
119097;Tata Dynamic Bond Fund- Direct Plan-Growth Option;INF277K01MV5;;36.0299;;;24-Aug-2021
101909;Tata Dynamic Bond Fund- Regular Plan - Growth Option;INF277K01360;;33.0283;;;24-Aug-2021
101224;Tata Dynamic Bond Fund- Regular Plan - Payout of IDCW Option;INF277K01DE0;INF277K01352;19.0318;;;24-Aug-2021
119098;Tata Dynamic Bond- Direct Plan - Payout of IDCW Option;INF277K01MT9;INF277K01MU7;21.3868;;;24-Aug-2021

Union Mutual Fund
119311;Union Dynamic Bond Fund - Direct Plan - Growth Option;INF582M01799;;19.9925;;;24-Aug-2021
119310;Union Dynamic Bond Fund - Direct Plan - IDCW Option;INF582M01815;INF582M01807;13.3917;;;24-Aug-2021
116555;Union Dynamic Bond Fund - Growth Option;INF582M01336;;19.1078;;;24-Aug-2021
116556;Union Dynamic Bond Fund - IDCW Option;INF582M01351;INF582M01344;12.7389;;;24-Aug-2021

UTI Mutual Fund
148118;UTI - Dynamic Bond Fund (Segregated - 17022020) - Direct Plan - Growth Option;INF789F1APX7;;0.3272;;;24-Aug-2021
148117;UTI - Dynamic Bond Fund (Segregated - 17022020) - Regular Plan - Growth Option;INF789F1APO6;;0.3119;;;24-Aug-2021
148125;UTI Dynamic Bond Fund ( Segregated - 17022020 ) - Direct Plan - Annual IDCW;INF789F1AQC9;INF789F1AQD7;0.1757;;;24-Aug-2021
148124;UTI Dynamic Bond Fund ( Segregated - 17022020 ) - Direct Plan - Flexi IDCW;INF789F1AQE5;INF789F1AQF2;0.1779;;;24-Aug-2021
148120;UTI Dynamic Bond Fund ( Segregated - 17022020 ) - Direct Plan - Half-Yearly IDCW;INF789F1AQA3;INF789F1AQB1;0.1762;;;24-Aug-2021
148121;UTI Dynamic Bond Fund ( Segregated - 17022020 ) - Direct Plan - Quarterly IDCW;INF789F1APY5;INF789F1APZ2;0.2518;;;24-Aug-2021
148122;UTI Dynamic Bond Fund ( Segregated - 17022020 ) - Regular Plan - Annual IDCW;INF789F1APT5;INF789F1APU3;0.1715;;;24-Aug-2021
148123;UTI Dynamic Bond Fund ( Segregated - 17022020 ) - Regular Plan - Flexi IDCW;INF789F1APV1;INF789F1APW9;0.1727;;;24-Aug-2021
148119;UTI Dynamic Bond Fund ( Segregated - 17022020 ) - Regular Plan - Half-Yearly IDCW;INF789F1APR9;INF789F1APS7;0.1693;;;24-Aug-2021
148126;UTI Dynamic Bond Fund ( Segregated - 17022020 ) - Regular Plan - Quarterly IDCW;INF789F1APP3;INF789F1APQ1;0.1847;;;24-Aug-2021
135536;UTI Dynamic Bond Fund - Direct Plan - Annual IDCW;INF789FA1S65;INF789FA1S73;11.5856;;;24-Aug-2021
133180;UTI Dynamic Bond Fund - Direct Plan - Flexi IDCW;INF789FA1S81;INF789FA1S99;11.7507;;;24-Aug-2021
120762;UTI Dynamic Bond Fund - Direct Plan - Growth Option;INF789F01XD4;;22.5067;;;24-Aug-2021
134788;UTI Dynamic Bond Fund - Direct Plan - Half-Yearly IDCW;INF789FA1S40;INF789FA1S57;11.6304;;;24-Aug-2021
120763;UTI Dynamic Bond Fund - Direct Plan - Quarterly IDCW;INF789F01XB8;INF789F01XC6;17.3196;;;24-Aug-2021
133852;UTI Dynamic Bond Fund - Regular Plan - Annual IDCW;INF789FA1S08;INF789FA1S16;11.2157;;;24-Aug-2021
135336;UTI Dynamic Bond Fund - Regular Plan - Flexi IDCW;INF789FA1S24;INF789FA1S32;11.3001;;;24-Aug-2021
113077;UTI Dynamic Bond Fund - Regular Plan - Growth Option;INF789F01JQ5;;21.3198;;;24-Aug-2021
139181;UTI Dynamic Bond Fund - Regular Plan - Half-Yearly IDCW;INF789FA1R82;INF789FA1R90;11.0585;;;24-Aug-2021
113078;UTI Dynamic Bond Fund - Regular Plan - Quarterly IDCW;INF789F01JO0;INF789F01JP7;12.0641;;;24-Aug-2021

Open Ended Schemes ( Debt Scheme - Corporate Bond Fund )


Aditya Birla Sun Life Mutual Fund
119533;Aditya Birla Sun Life Corporate Bond Fund - Growth - Direct Plan;INF209K01S38;;89.1301;;;24-Aug-2021
103178;Aditya Birla Sun Life Corporate Bond Fund - Growth - Regular Plan;INF209K01785;;88.2221;;;24-Aug-2021
124832;Aditya Birla Sun Life Corporate Bond Fund -DIRECT - IDCW;INF209KA1KT0;;12.615;;;24-Aug-2021
119532;Aditya Birla Sun Life Corporate Bond Fund -DIRECT - MONTHLY IDCW;INF209K01N90;INF209KA1KU8;12.5197;;;24-Aug-2021
124833;Aditya Birla Sun Life Corporate Bond Fund -REGULAR - IDCW;INF209KA1KS2;;12.7848;;;24-Aug-2021
103183;Aditya Birla Sun Life Corporate Bond Fund -REGULAR - MONTHLY IDCW;INF209K01983;INF209K01DL8;12.4132;;;24-Aug-2021

Axis Mutual Fund
141586;Axis Corporate Bond Fund - Direct Plan - Daily IDCW;INF846K01ZN6;;10.2348;;;24-Aug-2021
141590;Axis Corporate Bond Fund - Direct Plan - Monthly IDCW;INF846K01ZQ9;INF846K01ZR7;10.2457;;;24-Aug-2021
141591;Axis Corporate Bond Fund - Direct Plan - Regular IDCW;INF846K01ZS5;INF846K01ZT3;13.9069;;;24-Aug-2021
141587;Axis Corporate Bond Fund - Direct Plan - Weekly IDCW;INF846K01ZO4;INF846K01ZP1;10.3653;;;24-Aug-2021
141588;Axis Corporate Bond Fund - Direct Plan Growth;INF846K01ZM8;;13.9112;;;24-Aug-2021
141589;Axis Corporate Bond Fund - Regular Plan - Daily IDCW;INF846K01ZV9;;10.2347;;;24-Aug-2021
141594;Axis Corporate Bond Fund - Regular Plan - Monthly IDCW;INF846K01ZY3;INF846K01ZZ0;10.2376;;;24-Aug-2021
141595;Axis Corporate Bond Fund - Regular Plan - Regular IDCW;INF846K01A03;INF846K01A11;13.4749;;;24-Aug-2021
141592;Axis Corporate Bond Fund - Regular Plan - Weekly IDCW;INF846K01ZW7;INF846K01ZX5;10.2471;;;24-Aug-2021
141593;Axis Corporate Bond Fund - Regular Plan Growth;INF846K01ZU1;;13.4739;;;24-Aug-2021

Bandhan Mutual Fund
139201;BANDHAN Corporate Bond Fund - Direct Annual IDCW;INF194KA1T34;INF194KA1T42;10.4287;;;24-Aug-2021
135916;BANDHAN Corporate Bond Fund - Direct Growth;INF194KA1M23;;15.7170;;;24-Aug-2021
139200;BANDHAN Corporate Bond Fund - Direct Half Yearly IDCW;INF194KA1T00;INF194KA1T18;11.6843;;;24-Aug-2021
139198;BANDHAN Corporate Bond Fund - Direct Monthly IDCW;INF194KA1S43;INF194KA1S50;10.4031;;;24-Aug-2021
135917;BANDHAN Corporate Bond Fund - Direct Periodic IDCW;INF194KA1M31;INF194KA1M49;10.4273;;;24-Aug-2021
139199;BANDHAN Corporate Bond Fund - Direct Quarterly IDCW;INF194KA1S76;INF194KA1S84;10.4957;;;24-Aug-2021
139204;BANDHAN Corporate Bond Fund - Regular Annual IDCW;INF194KA1S19;INF194KA1S27;10.4143;;;24-Aug-2021
135914;BANDHAN Corporate Bond Fund - Regular Growth;INF194KA1L81;;15.4465;;;24-Aug-2021
139203;BANDHAN Corporate Bond Fund - Regular Half Yearly IDCW;INF194KA1R85;INF194KA1R93;11.0722;;;24-Aug-2021
139202;BANDHAN Corporate Bond Fund - Regular Monthly IDCW;INF194KA1R28;INF194KA1R36;10.6558;;;24-Aug-2021
135915;BANDHAN Corporate Bond Fund - Regular Periodic IDCW;INF194KA1L99;INF194KA1M07;10.4130;;;24-Aug-2021
139205;BANDHAN Corporate Bond Fund - Regular Quarterly IDCW;INF194KA1R51;INF194KA1R69;10.5426;;;24-Aug-2021

BNP Paribas Mutual Fund
119983;BNP Paribas Corporate Bond Fund - Direct Plan - Annual Income Distribution cum Capital Withdrawal Option;INF251K01GU4;INF251K01GV2;11.1874;;;24-Aug-2021
119984;BNP Paribas Corporate Bond Fund - Direct Plan - Growth Option;INF251K01GP4;;23.1511;;;24-Aug-2021
119985;BNP Paribas Corporate Bond Fund - Direct Plan - Monthly Income Distribution cum Capital Withdrawal Option;INF251K01GQ2;INF251K01GR0;10.5092;;;24-Aug-2021
119986;BNP Paribas Corporate Bond Fund - Direct Plan - Quarterly Income Distribution cum Capital Withdrawal Option;INF251K01GS8;INF251K01GT6;10.7964;;;24-Aug-2021
114100;BNP PARIBAS Corporate Bond Fund - Regular Plan - Annual-Income Distribution cum Capital Withdrawal Option;INF251K01EN4;INF251K01EO2;11.0670;;;24-Aug-2021
114099;BNP PARIBAS Corporate Bond Fund - Regular Plan - Growth Option;INF251K01EI4;;25.5318;;;24-Aug-2021
114105;BNP PARIBAS Corporate Bond Fund - Regular Plan - Monthly-Income Distribution cum Capital Withdrawal Option;INF251K01EJ2;INF251K01EK0;10.4090;;;24-Aug-2021
114097;BNP PARIBAS Corporate Bond Fund - Regular Plan - Quarterly-Income Distribution cum Capital Withdrawal Option;INF251K01EL8;INF251K01EM6;10.5196;;;24-Aug-2021
117949;BNP PARIBAS CORPORATE BOND FUND ANNUAL Income Distribution cum Capital Withdrawal OPTION;INF251K01EU9;INF251K01EV7;11.0233;;;24-Aug-2021
117951;BNP PARIBAS CORPORATE BOND FUND GROWTH OPTION;INF251K01EP9;;22.0932;;;24-Aug-2021
117950;BNP PARIBAS CORPORATE BOND FUND MONTHLY Income Distribution cum Capital Withdrawal OPTION;INF251K01EQ7;INF251K01ER5;10.3710;;;24-Aug-2021
117948;BNP PARIBAS CORPORATE BOND FUND QUARTERLY Income Distribution cum Capital Withdrawal OPTION;INF251K01ES3;INF251K01ET1;10.4762;;;24-Aug-2021

Canara Robeco Mutual Fund
126685;CANARA ROBECO CORPORATE BOND FUND - DIRECT PLAN - GROWTH OPTION;INF760K01HB2;;18.5183;;;24-Aug-2021
126686;CANARA ROBECO CORPORATE BOND FUND - DIRECT PLAN - IDCW (Payout/Reinvestment);INF760K01HC0;INF760K01HD8;12.2650;;;24-Aug-2021
126687;CANARA ROBECO CORPORATE BOND FUND - REGULAR PLAN - GROWTH OPTION;INF760K01GY6;;17.7155;;;24-Aug-2021
126688;CANARA ROBECO CORPORATE BOND FUND - REGULAR PLAN - IDCW (Payout/Reinvestment);INF760K01GZ3;INF760K01HA4;11.7480;;;24-Aug-2021

DSP Mutual Fund
144646;DSP Corporate Bond Fund - Direct - Growth;INF740KA1KE8;;13.0189;;;24-Aug-2021
144647;DSP Corporate Bond Fund - Direct - IDCW;INF740KA1KF5;INF740KA1KG3;11.2834;;;24-Aug-2021
144651;DSP Corporate Bond Fund - Direct - IDCW - Monthly;INF740KA1KH1;INF740KA1KI9;10.4546;;;24-Aug-2021
144648;DSP Corporate Bond Fund - Direct - IDCW - Quarterly ;INF740KA1KJ7;INF740KA1KK5;11.1606;;;24-Aug-2021
144644;DSP Corporate Bond Fund - Regular - Growth;INF740KA1JX0;;12.9217;;;24-Aug-2021
144650;DSP Corporate Bond Fund - Regular - IDCW;INF740KA1JY8;INF740KA1JZ5;11.2535;;;24-Aug-2021
144645;DSP Corporate Bond Fund - Regular - IDCW - Monthly;INF740KA1KA6;INF740KA1KB4;10.4365;;;24-Aug-2021
144649;DSP Corporate Bond Fund - Regular - IDCW - Quarterly ;INF740KA1KC2;INF740KA1KD0;10.5299;;;24-Aug-2021

Franklin Templeton Mutual Fund
118569;Franklin India Corporate Debt Fund - Direct - GROWTH;INF090I01FW8;;83.6261;;;24-Aug-2021
100528;Franklin India Corporate Debt Fund - Growth;INF090I01DG6;;78.8604;;;24-Aug-2021
100527;Franklin India Corporate Debt Fund - Plan A - Annual - IDCW;INF090I01DH4;INF090I01DI2;17.6721;;;24-Aug-2021
118570;Franklin India Corporate Debt Fund - Plan A - Direct - Annual - IDCW;INF090I01FX6;INF090I01FY4;19.3005;;;24-Aug-2021
118573;Franklin India Corporate Debt Fund - Plan A - Direct - Half yearly - IDCW;INF090I01FU2;INF090I01FV0;15.6329;;;24-Aug-2021
118571;Franklin India Corporate Debt Fund - Plan A - Direct - Monthly - IDCW;INF090I01FQ0;INF090I01FR8;17.2656;;;24-Aug-2021
118572;Franklin India Corporate Debt Fund - Plan A - Direct - Quarterly - IDCW;INF090I01FS6;INF090I01FT4;14.4502;;;24-Aug-2021
100531;Franklin India Corporate Debt Fund - Plan B - Half yearly - IDCW;INF090I01DN2;INF090I01DO0;14.0379;;;24-Aug-2021
100529;Franklin India Corporate Debt Fund - Plan B - Monthly - IDCW;INF090I01DJ0;INF090I01DK8;15.8391;;;24-Aug-2021
100530;Franklin India Corporate Debt Fund - Plan B - Quarterly - IDCW;INF090I01DL6;INF090I01DM4;13.2222;;;24-Aug-2021

HDFC Mutual Fund
113070;HDFC Corporate Bond Fund - Growth Option;INF179K01DC2;;25.5876;;;24-Aug-2021
118987;HDFC Corporate Bond Fund - Growth Option - Direct Plan;INF179K01XD8;;25.8817;;;24-Aug-2021
132848;HDFC Corporate Bond Fund - IDCW Option;INF179KA1D33;INF179KA1D25;17.4034;;;24-Aug-2021
132849;HDFC Corporate Bond Fund - IDCW Option - Direct Plan;INF179KA1D17;;17.7635;;;24-Aug-2021
113071;HDFC Corporate Bond Fund - Quarterly IDCW Option;INF179K01DD0;INF179K01DE8;10.5476;;;24-Aug-2021
118986;HDFC Corporate Bond Fund - Quarterly IDCW Option - Direct Plan;INF179K01XB2;INF179K01XC0;10.4737;;;24-Aug-2021

HSBC Mutual Fund
148492;HSBC Dynamic Bond Fund - Direct Growth;INF336L01PH9;;10.4741;;;24-Aug-2021
148493;HSBC Dynamic Bond Fund - Direct Monthly IDCW;INF336L01PL1;INF336L01PK3;10.2394;;;24-Aug-2021
148496;HSBC Dynamic Bond Fund - Regular Growth;INF336L01PO5;;10.4348;;;24-Aug-2021
148497;HSBC Dynamic Bond Fund - Regular Monthly IDCW;INF336L01PS6;INF336L01PR8;10.0878;;;24-Aug-2021

ICICI Prudential Mutual Fund
111988;ICICI Prudential Corporate Bond Fund - Daily IDCW;INF109K01CR9;;10.1124;;;24-Aug-2021
120695;ICICI Prudential Corporate Bond Fund - Direct Plan - Daily IDCW;INF109K013B8;;10.1064;;;24-Aug-2021
120696;ICICI Prudential Corporate Bond Fund - Direct Plan - Fortnightly IDCW;INF109K014B6;INF109K015B3;12.2047;;;24-Aug-2021
120692;ICICI Prudential Corporate Bond Fund - Direct Plan - Growth;INF109K016B1;;24.0367;;;24-Aug-2021
131152;ICICI Prudential Corporate Bond Fund - Direct Plan - Half Yearly IDCW Option;INF109KA1N38;INF109KA1N20;12.7571;;;24-Aug-2021
120697;ICICI Prudential Corporate Bond Fund - Direct Plan - Monthly IDCW;INF109K017B9;INF109K018B7;10.2736;;;24-Aug-2021
120694;ICICI Prudential Corporate Bond Fund - Direct Plan - Quarterly IDCW;INF109K019B5;INF109K012C8;14.9541;;;24-Aug-2021
120693;ICICI Prudential Corporate Bond Fund - Direct Plan - Weekly IDCW;INF109K010C2;INF109K011C0;10.2367;;;24-Aug-2021
111990;ICICI Prudential Corporate Bond Fund - Fortnightly IDCW;INF109K01SJ2;INF109K01CS7;10.2552;;;24-Aug-2021
111987;ICICI Prudential Corporate Bond Fund - Growth;INF109K01CQ1;;23.1705;;;24-Aug-2021
131151;ICICI Prudential Corporate Bond Fund - Half Yearly IDCW Option;INF109KA1N12;INF109KA1N04;12.5367;;;24-Aug-2021
111991;ICICI Prudential Corporate Bond Fund - Monthly IDCW;INF109K01SK0;INF109K01CT5;10.4268;;;24-Aug-2021
111989;ICICI Prudential Corporate Bond Fund - Weekly IDCW;INF109K01SL8;INF109K01SM6;10.3077;;;24-Aug-2021
111992;ICICI Prudential Corporate Bond Fund -Quarterly IDCW;INF109K01SN4;INF109K01SO2;10.8204;;;24-Aug-2021

Invesco Mutual Fund
106179;Invesco India Corporate Bond Fund - Annual IDCW (Payout / Reinvestment);INF205K01QX3;INF205K01QY1;1845.056;;;24-Aug-2021
120500;Invesco India Corporate Bond Fund - Direct Plan - Annual IDCW (Payout / Reinvestment);INF205K01RA9;INF205K01RB7;1252.2377;;;24-Aug-2021
120499;Invesco India Corporate Bond Fund - Direct Plan - Discretionary IDCW (Payout / Reinvestment);INF205K01RD3;INF205K01RE1;2681.9289;;;24-Aug-2021
120497;Invesco India Corporate Bond Fund - Direct Plan - Growth;INF205K01RF8;;2681.0897;;;24-Aug-2021
120496;Invesco India Corporate Bond Fund - Direct Plan - Monthly IDCW (Payout / Reinvestment);INF205K01RG6;INF205K01RH4;1262.2;;;24-Aug-2021
120501;Invesco India Corporate Bond Fund - Direct Plan - Quarterly IDCW (Payout / Reinvestment);INF205K01RI2;INF205K01RJ0;1146.727;;;24-Aug-2021
116109;Invesco India Corporate Bond Fund - Discretionary IDCW (Payout / Reinvestment);INF205K01RK8;INF205K01RL6;2663.767;;;24-Aug-2021
106177;Invesco India Corporate Bond Fund - Growth;INF205K01RM4;;2538.9401;;;24-Aug-2021
106171;Invesco India Corporate Bond Fund - Monthly IDCW (Payout / Reinvestment);INF205K01RN2;INF205K01RO0;1473.1585;;;24-Aug-2021
106172;Invesco India Corporate Bond Fund - Quarterly IDCW (Payout / Reinvestment);INF205K01RP7;INF205K01RQ5;1144.6359;;;24-Aug-2021

Kotak Mahindra Mutual Fund
133791;Kotak Corporate Bond Fund- Direct Plan- Growth Option;INF178L01BY0;;3062.1361;;;24-Aug-2021
133792;Kotak Corporate Bond Fund- Direct Plan- Monthly Payout of Income Distribution cum capital withdrawal option;INF178L01BZ7;;1086.0757;;;24-Aug-2021
133782;Kotak Corporate Bond Fund- Regular Plan-Growth Option;INF178L01BO1;;2971.6919;;;24-Aug-2021
133787;Kotak Corporate Bond Fund- Regular Plan-Monthly Dividend Option;INF178L01BQ6;INF178L01BP8;1049.1151;;;24-Aug-2021

L&T Mutual Fund
134423;L&T Triple Ace Bond Fund - Direct Plan - Annual IDCW;INF917K01VZ8;INF917K01VY1;12.2139;;;24-Aug-2021
119844;L&T Triple Ace Bond Fund - Direct Plan -Growth;INF917K01HN3;;61.1856;;;24-Aug-2021
119846;L&T Triple Ace Bond Fund - Direct Plan -Semi Annual IDCW;INF917K01HR4;INF917K01HQ6;20.4753;;;24-Aug-2021
134424;L&T Triple Ace Bond Fund - Regular Plan - Annual IDCW;INF917K01WB7;INF917K01WA9;12.1198;;;24-Aug-2021
112414;L&T Triple Ace Bond Fund - Regular Plan - Quarterly IDCW;INF917K01AF4;INF917K01AG2;11.6442;;;24-Aug-2021
119847;L&T Triple Ace Bond Fund -Direct Plan- Quarterly IDCW;INF917K01HP8;INF917K01HO1;11.9721;;;24-Aug-2021
112420;L&T Triple Ace Bond Fund -Regular Plan - Bonus;INF917K01AK4;;22.106;;;24-Aug-2021
112416;L&T Triple Ace Bond Fund -Regular Plan - Semi Annual IDCW;INF917K01AI8;INF917K01AJ6;17.4899;;;24-Aug-2021
112410;L&T Triple Ace Bond Fund-Regular Plan-Growth;INF917K01AH0;;58.1958;;;24-Aug-2021

Mirae Asset Mutual Fund
148755;Mirae Asset Corporate Bond Fund Direct Growth Plan;INF769K01HD9;;10.2932;;;24-Aug-2021
148756;Mirae Asset Corporate Bond Fund Direct IDCW;INF769K01HC1;INF769K01HE7;10.2931;;;24-Aug-2021
148757;Mirae Asset Corporate Bond Fund Regular Growth;INF769K01HA5;;10.2726;;;24-Aug-2021
148758;Mirae Asset Corporate Bond Fund Regular IDCW;INF769K01GZ4;INF769K01HB3;10.2727;;;24-Aug-2021

Nippon India Mutual Fund
109472;NIPPON INDIA CORPORATE BOND FUND - DAILY IDCW Option;;INF204K01EG7;17.0959;;;24-Aug-2021
118808;NIPPON INDIA CORPORATE BOND FUND - DIRECT Plan - DAILY IDCW Option;;INF204K01C23;17.0959;;;24-Aug-2021
125266;NIPPON INDIA CORPORATE BOND FUND - DIRECT Plan - IDCW Option;INF204KA1EO9;INF204KA1EP6;15.2982;;;24-Aug-2021
118809;NIPPON INDIA CORPORATE BOND FUND - DIRECT Plan - MONTHLY IDCW Option;INF204K01C56;INF204K01C64;11.6146;;;24-Aug-2021
118811;NIPPON INDIA CORPORATE BOND FUND - DIRECT Plan - QUARTERLY IDCW Option;INF204K01C72;INF204K01C80;11.8937;;;24-Aug-2021
118812;NIPPON INDIA CORPORATE BOND FUND - DIRECT Plan - WEEKLY IDCW Option;INF204K01C31;INF204K01C49;17.0959;;;24-Aug-2021
118807;Nippon India Corporate Bond Fund - Direct Plan Growth Plan - Bonus;INF204K01D63;;34.4690;;;24-Aug-2021
118814;Nippon India Corporate Bond Fund - Direct Plan Growth Plan - Growth Option;INF204K01C15;;48.2786;;;24-Aug-2021
100859;Nippon India Corporate Bond Fund - Growth Plan - Bonus Option;INF204KA12N8;;33.3180;;;24-Aug-2021
100856;Nippon India Corporate Bond Fund - Growth Plan - Growth Option;INF204K01EF9;;46.6513;;;24-Aug-2021
125267;NIPPON INDIA CORPORATE BOND FUND - IDCW Option;INF204KA1EM3;INF204KA1EN1;14.9458;;;24-Aug-2021
100857;NIPPON INDIA CORPORATE BOND FUND - MONTHLY IDCW Option;INF204K01EJ1;INF204K01EK9;11.4953;;;24-Aug-2021
100858;NIPPON INDIA CORPORATE BOND FUND - QUARTERLY IDCW Option;INF204K01EL7;INF204K01EM5;11.7672;;;24-Aug-2021
109473;NIPPON INDIA CORPORATE BOND FUND - WEEKLY IDCW Option;INF204K01EH5;INF204K01EI3;17.0959;;;24-Aug-2021

PGIM India Mutual Fund
138317;PGIM India Corporate Bond Fund - Annual Dividend;INF223J01CY6;INF223J01CZ3;10.9289;;;24-Aug-2021
138329;PGIM India Corporate Bond Fund - Direct Plan - Annual Dividend;INF223J01OM6;;16.4053;;;24-Aug-2021
138330;PGIM India Corporate Bond Fund - Direct Plan - Growth;INF223J01OO2;;37.5266;;;24-Aug-2021
138331;PGIM India Corporate Bond Fund - Direct Plan - Monthly Dividend;INF223J01OP9;;15.3842;;;24-Aug-2021
138332;PGIM India Corporate Bond Fund - Direct Plan - Quarterly Dividend;INF223J01OR5;INF223J01OS3;13.3567;;;24-Aug-2021
138318;PGIM India Corporate Bond Fund - Growth;INF223J01DB2;;34.6398;;;24-Aug-2021
138316;PGIM India Corporate Bond Fund - Monthly Dividend;INF223J01DC0;INF223J01DD8;13.4569;;;24-Aug-2021
138323;PGIM India Corporate Bond Fund - Premium Plus Plan - Growth;INF223J01CQ2;;21.3205;;;24-Aug-2021
138315;PGIM India Corporate Bond Fund - Quarterly Dividend;INF223J01DE6;INF223J01DF3;11.9384;;;24-Aug-2021

SBI Mutual Fund
146215;SBI Corporate Bond Fund - Direct Plan - Growth;INF200KA1YR4;;12.5125;;;24-Aug-2021
146212;SBI Corporate Bond Fund - Direct Plan - Monthly Income Distribution cum Capital Withdrawal Option (IDCW);INF200KA1YS2;INF200KA1YT0;11.8106;;;24-Aug-2021
146216;SBI Corporate Bond Fund - Direct Plan - Quarterly Income Distribution cum Capital Withdrawal Option (IDCW);INF200KA1YU8;INF200KA1YV6;12.1639;;;24-Aug-2021
146207;SBI Corporate Bond Fund - Regular Plan - Growth;INF200KA1YM5;;12.3543;;;24-Aug-2021
146208;SBI Corporate Bond Fund - Regular Plan - Monthly Income Distribution cum Capital Withdrawal Option (IDCW);INF200KA1YN3;INF200KA1YO1;11.6601;;;24-Aug-2021
146210;SBI Corporate Bond Fund - Regular Plan - Quarterly Income Distribution cum Capital Withdrawal Option (IDCW);INF200KA1YP8;INF200KA1YQ6;12.0036;;;24-Aug-2021

Sundaram Mutual Fund
119631;Sundaram Corporate Bond Fund Direct Plan - Annual Income Distribution cum Capital Withdrawal (IDCW);INF903J01OX0;INF903J01OZ5;15.4456;;;24-Aug-2021
119621;Sundaram Corporate Bond Fund Direct Plan - Growth;INF903J01NR4;;32.8520;;;24-Aug-2021
119622;Sundaram Corporate Bond Fund Direct Plan - Monthly Income Distribution cum Capital Withdrawal (IDCW);INF903J01NS2;INF903J01NT0;15.2583;;;24-Aug-2021
119630;Sundaram Corporate Bond Fund Direct Plan - Quarterly Income Distribution cum Capital Withdrawal (IDCW);INF903J01NU8;INF903J01NV6;16.9629;;;24-Aug-2021
100788;Sundaram Corporate Bond Fund Regular Plan - Annual Income Distribution cum Capital Withdrawal (IDCW);INF903J01IA0;INF903J01IE2;15.1235;;;24-Aug-2021
100787;Sundaram Corporate Bond Fund Regular Plan - Half yearly Income Distribution cum Capital Withdrawal (IDCW);INF903J01HZ9;INF903J01ID4;15.5192;;;24-Aug-2021
100785;Sundaram Corporate Bond Fund Regular Plan - Monthly Income Distribution cum Capital Withdrawal (IDCW);INF903J01HX4;INF903J01IB8;14.5665;;;24-Aug-2021
100786;Sundaram Corporate Bond Fund Regular Plan - Quarterly Income Distribution cum Capital Withdrawal (IDCW);INF903J01HY2;INF903J01IC6;16.6076;;;24-Aug-2021
100789;Sundaram Corporate Bond Fund Regular Plan- Growth;INF903J01HW6;;32.0543;;;24-Aug-2021

Tata Mutual Fund
147387;Tata Corporate Bond Fund Segregated Portfolio 1  Regular Plan - Daily Payout of  Income Distribution cum capital withdrawal option;INF277K010V8;;82.3879;;;24-Aug-2021
147389;Tata Corporate Bond Fund - Direct Plan -Growth (Segregated Portfolio 1);INF277K013V2;;200.1834;;;24-Aug-2021
147388;Tata Corporate Bond Fund Segregated Portfolio 1  Direct Plan - Daily Payout of Income Distribution cum capital withdrawal option;INF277K014V0;;82.5747;;;24-Aug-2021
147390;Tata Corporate Bond Fund Segregated Portfolio 1  Direct Plan - Monthly Payout of Income Distribution cum capital withdrawal option;INF277K016V5;INF277K017W1;82.0312;;;24-Aug-2021
147391;Tata Corporate Bond Fund Segregated Portfolio 1  Direct Plan - Weekly Payout of Income Distribution cum capital withdrawal option;INF277K015V7;INF277K016W3;82.8462;;;24-Aug-2021
147392;Tata Corporate Bond Fund -Regular Plan-Growth(Segregated Portfolio 1);INF277K019U1;;192.0252;;;24-Aug-2021
147393;Tata Corporate Bond Fund Segregated Portfolio 1  Regular Plan - Monthly Payout of Income Distribution cum capital withdrawal option;INF277K012V4;INF277K015W5;81.8416;;;24-Aug-2021
147394;Tata Corporate Bond Fund Segregated Portfolio 1  Regular Plan - Weekly Payout of  Income Distribution cum capital withdrawal option;INF277K011V6;INF277K014W8;82.5787;;;24-Aug-2021

Union Mutual Fund
143241;Union Corporate Bond Fund - Direct Plan - Growth Option;INF582M01DU5;;12.4252;;;24-Aug-2021
143242;Union Corporate Bond Fund - Direct Plan - IDCW Option;INF582M01DW1;INF582M01DV3;12.4252;;;24-Aug-2021
143239;Union Corporate Bond Fund - Regular Plan - Growth Option;INF582M01DY7;;12.2959;;;24-Aug-2021
143240;Union Corporate Bond Fund - Regular Plan - IDCW Option;INF582M01EA5;INF582M01DZ4;12.2959;;;24-Aug-2021

UTI Mutual Fund
148085;UTI - Bond Fund ( Segregated - 17022020) - Regular Plan - Growth Option;INF789F1AOW2;;1.6713;;;24-Aug-2021
148086;UTI - Bond Fund (Segregated - 17022020) - Direct Plan - Growth Option;INF789F1APF4;;1.7859;;;24-Aug-2021
148076;UTI Bond Fund ( Segregated - 17022020) - Direct Plan - Annual IDCW;INF789F1APK4;INF789F1APL2;0.3656;;;24-Aug-2021
148090;UTI Bond Fund ( Segregated - 17022020) - Direct Plan - Flexi IDCW;INF789F1APM0;INF789F1APN8;0.3638;;;24-Aug-2021
148091;UTI Bond Fund ( Segregated - 17022020) - Direct Plan - Half-Yearly IDCW;INF789F1API8;INF789F1APJ6;0.3507;;;24-Aug-2021
148092;UTI Bond Fund ( Segregated - 17022020) - Direct Plan - Quarterly IDCW;INF789F1APG2;INF789F1APH0;0.5703;;;24-Aug-2021
148075;UTI Bond Fund ( Segregated - 17022020) - Regular Plan - Annual IDCW;INF789F1APB3;INF789F1APC1;0.3536;;;24-Aug-2021
148088;UTI Bond Fund ( Segregated - 17022020) - Regular Plan - Flexi IDCW;INF789F1APD9;INF789F1APE7;0.3534;;;24-Aug-2021
148087;UTI Bond Fund ( Segregated - 17022020) - Regular Plan - Half-Yearly IDCW;INF789F1AOZ5;INF789F1APA5;0.3466;;;24-Aug-2021
148089;UTI Bond Fund ( Segregated - 17022020) - Regular Plan - Quarterly IDCW;INF789F1AOX0;INF789F1AOY8;0.4597;;;24-Aug-2021
144344;UTI Corporate Bond Fund - Direct Plan - Annual IDCW;INF789F1A587;INF789F1A595;11.8218;;;24-Aug-2021
144341;UTI Corporate Bond Fund - Direct Plan - Flexi IDCW;INF789F1A603;INF789F1A611;11.8219;;;24-Aug-2021
144339;UTI Corporate Bond Fund - Direct Plan - Growth Option;INF789F1A538;;13.1345;;;24-Aug-2021
144340;UTI Corporate Bond Fund - Direct Plan - Half-Yearly IDCW;INF789F1A561;INF789F1A579;11.6926;;;24-Aug-2021
144346;UTI Corporate Bond Fund - Direct Plan - Quarterly IDCW;INF789F1A546;INF789F1A553;11.711;;;24-Aug-2021
144337;UTI Corporate Bond Fund - Regular Plan - Annual IDCW;INF789F1A496;INF789F1A504;11.7026;;;24-Aug-2021
144338;UTI Corporate Bond Fund - Regular Plan - Flexi IDCW;INF789F1A512;INF789F1A520;11.7027;;;24-Aug-2021
144345;UTI Corporate Bond Fund - Regular Plan - Growth Option;INF789F1A447;;13.0107;;;24-Aug-2021
144343;UTI Corporate Bond Fund - Regular Plan - Half-Yearly IDCW;INF789F1A470;INF789F1A488;11.4633;;;24-Aug-2021
144342;UTI Corporate Bond Fund - Regular Plan - Quarterly IDCW;INF789F1A454;INF789F1A462;11.5375;;;24-Aug-2021

Open Ended Schemes ( Debt Scheme - Credit Risk Fund )


Aditya Birla Sun Life Mutual Fund
134385;Aditya Birla Sun Life Credit Risk Fund - Direct - IDCW;INF209KA1K96;INF209KA1L04;11.7237;;;24-Aug-2021
134388;Aditya Birla Sun Life Credit Risk Fund - Direct Plan - Bonus;INF209KA1L12;;16.7115;;;24-Aug-2021
134387;Aditya Birla Sun Life Credit Risk Fund - Direct Plan - Growth;INF209KA1K88;;16.7126;;;24-Aug-2021
134386;Aditya Birla Sun Life Credit Risk Fund - Regular - IDCW;INF209KA1K54;INF209KA1K62;11.0514;;;24-Aug-2021
134384;Aditya Birla Sun Life Credit Risk Fund - Regular Plan - Bonus;INF209KA1K70;;15.7923;;;24-Aug-2021
134383;Aditya Birla Sun Life Credit Risk Fund - Regular Plan - Growth;INF209KA1K47;;15.7731;;;24-Aug-2021
147803;Aditya Birla Sun Life Credit Risk Fund- Segregated Portfolio 1- Direct Plan- Bonus;INF209KB1P08;;.4157;;;24-Aug-2021
147802;Aditya Birla Sun Life Credit Risk Fund- Segregated Portfolio 1- Direct Plan- Growth;INF209KB1P24;;.4157;;;24-Aug-2021
147799;Aditya Birla Sun Life Credit Risk Fund- Segregated Portfolio 1- Regular Plan - Bonus;INF209KB1P32;;.3985;;;24-Aug-2021
147800;Aditya Birla Sun Life Credit Risk Fund- Segregated Portfolio 1-Direct - IDCW;INF209KB1P16;INF209KB1P73;.3178;;;24-Aug-2021
147801;Aditya Birla Sun Life Credit Risk Fund- Segregated Portfolio 1-Regular - IDCW;INF209KB1P40;INF209KB1P57;.3038;;;24-Aug-2021
147798;Aditya Birla Sun Life Credit Risk Fund- Segregated Portfolio 1-Regular Plan- Growth;INF209KB1P65;;.398;;;24-Aug-2021

Axis Mutual Fund
130314;Axis Credit Risk Fund - Direct Plan - Growth;INF846K01PJ5;;18.1930;;;24-Aug-2021
130312;Axis Credit Risk Fund - Direct Plan - Monthly IDCW;INF846K01PM9;INF846K01PN7;10.2312;;;24-Aug-2021
130311;Axis Credit Risk Fund - Direct Plan - Weekly IDCW;INF846K01PK3;INF846K01PL1;10.2686;;;24-Aug-2021
130309;Axis Credit Risk Fund - Regular Plan - Growth;INF846K01PO5;;16.7800;;;24-Aug-2021
130313;Axis Credit Risk Fund - Regular Plan - Monthly IDCW;INF846K01PR8;INF846K01PS6;10.2142;;;24-Aug-2021
130310;Axis Credit Risk Fund - Regular Plan - Weekly IDCW;INF846K01PP2;INF846K01PQ0;10.1673;;;24-Aug-2021

Bandhan Mutual Fund
140608;BANDHAN Credit Risk Fund - Regular Plan Annual IDCW;INF194KA1W05;INF194KA1W13;10.3664;;;24-Aug-2021
140609;BANDHAN Credit Risk Fund - Regular Plan Growth;INF194KA1W39;;13.3411;;;24-Aug-2021
140611;BANDHAN Credit Risk Fund - Regular Plan Half Yearly IDCW;INF194KA1V71;INF194KA1V89;10.4600;;;24-Aug-2021
140612;BANDHAN Credit Risk Fund - Regular Plan Periodic IDCW;INF194KA1V14;INF194KA1V22;10.3600;;;24-Aug-2021
140607;BANDHAN Credit Risk Fund - Regular Plan Quarterly IDCW;INF194KA1V48;INF194KA1V55;10.3904;;;24-Aug-2021
140610;BANDHAN Credit Risk Fund-Direct Plan-Annual IDCW;INF194KA1X38;INF194KA1X46;10.4567;;;24-Aug-2021
140603;BANDHAN Credit Risk Fund-Direct Plan-Growth;INF194KA1X61;;13.9508;;;24-Aug-2021
140606;BANDHAN Credit Risk Fund-Direct Plan-Periodic IDCW;INF194KA1W47;INF194KA1W54;10.3920;;;24-Aug-2021
140604;BANDHAN Credit Risk Fund-Direct Plan-Quarterly IDCW;INF194KA1W70;INF194KA1W88;10.5385;;;24-Aug-2021

Bank of India Mutual Fund
133868;BANK OF INDIA Credit Risk  Fund - Direct Plan;INF761K01DG8;;4.3540;;;24-Aug-2021
133867;BANK OF INDIA Credit Risk Fund - Regular Plan;INF761K01DH6;;4.3002;;;24-Aug-2021

Baroda BNP Paribas Mutual Fund
133520;Baroda BNP Paribas Credit Risk Fund -Direct- Monthly IDCW;INF955L01FZ9;;11.6334;;;24-Aug-2021
133524;Baroda BNP Paribas Credit Risk Fund -Direct- Quarterly IDCW;INF955L01GA0;;11.6348;;;24-Aug-2021
133488;Baroda BNP Paribas Credit Risk Fund -Direct-Growth Option;INF955L01FR6;;16.9231;;;24-Aug-2021
133486;Baroda BNP Paribas Credit Risk Fund -Regular-Growth Option;INF955L01FP0;;15.8511;;;24-Aug-2021
133517;Baroda BNP Paribas Credit Risk Fund -Regular-Monthly IDCW;INF955L01FU0;;10.6751;;;24-Aug-2021
133518;Baroda BNP Paribas Credit Risk Fund -Regular-Quarterly IDCW;INF955L01FV8;;11.0397;;;24-Aug-2021
148333;Baroda BNP Paribas Credit Risk Fund- Direct- Growth Option- Segregated Portfolio- 1;INF955L01IT6;;0.0000;;;24-Aug-2021
148334;Baroda BNP Paribas Credit Risk Fund- Direct- Monthly IDCW Option- Segregated Portfolio- 1;INF955L01IW0;INF955L01IX8;0.0000;;;24-Aug-2021
148330;Baroda BNP Paribas Credit Risk Fund- Regular- Growth Option- Segregated Portfolio- 1;INF955L01IO7;;0.0000;;;24-Aug-2021
148331;Baroda BNP Paribas Credit Risk Fund- Regular- Monthly IDCW Option- Segregated Portfolio- 1;INF955L01IR0;INF955L01IS8;0.0000;;;24-Aug-2021
148332;Baroda BNP Paribas Credit Risk Fund- Regular- Quarterly IDCW Option- Segregated Portfolio- 1;INF955L01IP4;INF955L01IQ2;0.0000;;;24-Aug-2021
148335;Baroda BNP Paribas Credit Risk Fund-Direct- Quarterly IDCW Option- Segregated Portfolio- 1;INF955L01IU4;INF955L01IV2;0.0000;;;24-Aug-2021

DSP Mutual Fund
119084;DSP Credit Risk Fund - Direct Plan -  IDCW - Monthly;INF740K01OV8;INF740K01OW6;10.6276;;;24-Aug-2021
119082;DSP Credit Risk Fund - Direct Plan - Growth;INF740K01OS4;;32.4658;;;24-Aug-2021
119083;DSP Credit Risk Fund - Direct Plan - IDCW;INF740K01OT2;INF740K01OU0;11.6542;;;24-Aug-2021
119087;DSP Credit Risk Fund - Direct Plan - IDCW - Daily;;INF740KA1NX2;10.2505;;;24-Aug-2021
119085;DSP Credit Risk Fund - Direct Plan - IDCW - Quarterly ;INF740K01OX4;INF740K01OY2;10.9225;;;24-Aug-2021
119086;DSP Credit Risk Fund - Direct Plan - IDCW - Weekly;INF740KA1NY0;INF740KA1NZ7;10.2533;;;24-Aug-2021
101839;DSP Credit Risk Fund - Regular Plan - IDCW;INF740K01581;INF740K01AB9;11.5786;;;24-Aug-2021
101840;DSP Credit Risk Fund - Regular Plan - IDCW - Daily;;INF740KA1OA8;10.2505;;;24-Aug-2021
117061;DSP Credit Risk Fund - Regular Plan - IDCW - Monthly;INF740K01JW6;INF740K01JV8;10.5759;;;24-Aug-2021
117062;DSP Credit Risk Fund - Regular Plan - IDCW - Quarterly ;INF740K01JY2;INF740K01JX4;10.8291;;;24-Aug-2021
101838;DSP Credit Risk Fund - Regular Plan - IDCW - Weekly;INF740K01FR4;INF740K01FQ6;10.2523;;;24-Aug-2021
101837;DSP Credit Risk Fund - Regular Plan -Growth;INF740K01599;;30.6792;;;24-Aug-2021

Franklin Templeton Mutual Fund
118553;Franklin India Credit Risk Fund - Direct - Growth;INF090I01JL3;;22.5191;;;24-Aug-2021
118552;Franklin India Credit Risk Fund - Direct - IDCW ;INF090I01JJ7;INF090I01JK5;12.3412;;;24-Aug-2021
116153;Franklin India Credit Risk Fund - Growth;INF090I01ET7;;21.1405;;;24-Aug-2021
116154;Franklin India Credit Risk Fund - IDCW ;INF090I01ES9;INF090I01ER1;11.3366;;;24-Aug-2021
148304;Franklin India Credit Risk Fund - Segregated Portfolio 3 (9.50% Yes bank Ltd CO 23Dec21) - Direct Growth Plan;INF090I01VZ8;;0.0000;;;24-Aug-2021
148303;Franklin India Credit Risk Fund - Segregated Portfolio 3 (9.50% Yes Bank Ltd CO 23Dec21) - Growth Plan;INF090I01VX3;;0.0000;;;24-Aug-2021
147959;Franklin India Credit Risk Fund- Segregated Portfolio 2 - 10.90% Vodafone Idea Ltd (02-Sep-2023) - IDCW;INF090I01TM0;;0.0000;;;24-Aug-2021
147958;Franklin India Credit Risk Fund- Segregated Portfolio 2- 10.90% Vodafone Idea Ltd 02Sep2023-Direct Growth Plan;INF090I01TP3;;0.0000;;;24-Aug-2021
147961;Franklin India Credit Risk Fund- Segregated Portfolio 2- 10.90% Vodafone Idea Ltd 02Sep2023-Growth Plan;INF090I01TN8;;0.0000;;;24-Aug-2021
148305;Franklin India Credit Risk Fund- Segregated Portfolio 3 (9.50% Yes Bank Ltd CO 23Dec21) - IDCW;INF090I01VW5;;0.0000;;;24-Aug-2021
147960;Franklin India Credit Risk Fund-Segregated Portfolio 2 - 10.90% Vodafone Idea Ltd (02-Sep-2023) - Direct IDCW;INF090I01TO6;;0.0000;;;24-Aug-2021
148306;Franklin India Credit Risk Fund-Segregated Portfolio 3 (9.50% Yes Bank Ltd CO 23Dec21) - Direct IDCW;INF090I01VY1;;0.0000;;;24-Aug-2021

HDFC Mutual Fund
128053;HDFC Credit Risk Debt Fund - Growth Option;INF179KA1GC0;;18.9317;;;24-Aug-2021
128051;HDFC Credit Risk Debt Fund - Growth Option - Direct Plan;INF179KA1FZ3;;19.9777;;;24-Aug-2021
133148;HDFC Credit Risk Debt Fund - IDCW Option;INF179KA1I87;INF179KA1I79;17.4322;;;24-Aug-2021
133147;HDFC Credit Risk Debt Fund - IDCW Option - Direct Plan;INF179KA1I61;INF179KA1I53;17.512;;;24-Aug-2021
128050;HDFC Credit Risk Debt Fund - Quarterly IDCW - Direct Plan;INF179KA1GA4;INF179KA1GB2;10.7995;;;24-Aug-2021
128052;HDFC Credit Risk Debt Fund - Quarterly IDCW Option;INF179KA1GD8;INF179KA1GE6;10.5394;;;24-Aug-2021

ICICI Prudential Mutual Fund
134342;ICICI Prudential Credit Risk Fund - Annual IDCW;INF109KB1AF0;INF109KB1AG8;10.4363;;;24-Aug-2021
134341;ICICI Prudential Credit Risk Fund - Direct Plan - Annual IDCW;INF109KB1AD5;INF109KB1AE3;10.6495;;;24-Aug-2021
120711;ICICI Prudential Credit Risk Fund - Direct Plan - Growth;INF109K01V00;;26.1958;;;24-Aug-2021
120710;ICICI Prudential Credit Risk Fund - Direct Plan - Half Yearly IDCW;INF109K01V18;INF109K01V26;11.1319;;;24-Aug-2021
120709;ICICI Prudential Credit Risk Fund - Direct Plan - Quarterly IDCW;INF109K01V34;INF109K01V42;11.5167;;;24-Aug-2021
114239;ICICI Prudential Credit Risk Fund - Growth;INF109K01GU4;;24.3825;;;24-Aug-2021
114241;ICICI Prudential Credit Risk Fund - Half Yearly IDCW;INF109K01GX8;INF109K01GY6;10.7468;;;24-Aug-2021
114240;ICICI Prudential Credit Risk Fund - Quarterly IDCW;INF109K01GV2;INF109K01GW0;10.8852;;;24-Aug-2021

IDBI Mutual Fund
128337;IDBI Credit Risk Fund Annual IDCW - Direct Plan;INF397L01GD9;;11.0452;;;24-Aug-2021
128332;IDBI Credit Risk Fund Annual IDCW - Regular Plan;INF397L01FX9;;10.1305;;;24-Aug-2021
127181;IDBI Credit Risk Fund Growth Direct;INF397L01GG2;;14.4322;;;24-Aug-2021
127183;IDBI Credit Risk Fund Growth Regular;INF397L01GH0;;13.5466;;;24-Aug-2021
127184;IDBI Credit Risk Fund Quarterly IDCW - Direct Plan;INF397L01GA5;;9.8436;;;24-Aug-2021
127182;IDBI Credit Risk Fund Quarterly IDCW - Regular Plan;INF397L01FU5;;9.5854;;;24-Aug-2021

Invesco Mutual Fund
130725;Invesco India Credit Risk Fund - Direct Plan - Discretionary IDCW (Payout / Reinvestment);INF205K01J09;INF205K01J25;1576.6016;;;24-Aug-2021
130722;Invesco India Credit Risk Fund - Direct Plan - Growth;INF205K01I83;;1564.7253;;;24-Aug-2021
130724;Invesco India Credit Risk Fund - Direct Plan - Monthly IDCW (Payout / Reinvestment);INF205K01I91;INF205K01J17;1083.6076;;;24-Aug-2021
130726;Invesco India Credit Risk Fund - Regular Plan - Discretionary IDCW (Payout / Reinvestment);INF205K01I59;INF205K01I75;1470.3451;;;24-Aug-2021
130721;Invesco India Credit Risk Fund - Regular Plan - Growth;INF205K01I34;;1470.807;;;24-Aug-2021
130723;Invesco India Credit Risk Fund - Regular Plan - Monthly IDCW (Payout / Reinvestment);INF205K01I42;INF205K01I67;1080.2048;;;24-Aug-2021

Kotak Mahindra Mutual Fund
119740;Kotak Credit Risk Fund - Direct Plan - Standard Income Distribution cum capital withdrawal option;INF174K01MG5;;19.5936;;;24-Aug-2021
117716;Kotak Credit Risk Fund - Growth;INF174K01DY7;;24.0607;;;24-Aug-2021
119741;Kotak Credit Risk Fund - Growth - Direct;INF174K01LZ7;;26.0867;;;24-Aug-2021
117717;Kotak Credit Risk Fund - Monthly Payout of Income Distribution cum capital withdrawal option;INF174K01EC1;INF174K01EB3;10.8813;;;24-Aug-2021
119742;Kotak Credit Risk Fund - Monthly Payout of Income Distribution cum capital withdrawal option - Direct;INF174K01MC4;;10.6034;;;24-Aug-2021
117718;Kotak Credit Risk Fund - Quarterly Payout of Income Distribution cum capital withdrawal option;INF174K01EE7;INF174K01ED9;11.5153;;;24-Aug-2021
119744;Kotak Credit Risk Fund - Quaterly Direct Payout of Income Distribution cum capital withdrawal option - Direct;INF174K01ME0;;10.5344;;;24-Aug-2021
117715;Kotak Credit Risk Fund - Regular Plan - Standard Income Distribution cum capital withdrawal option;INF174K01EG2;INF174K01EF4;10.4637;;;24-Aug-2021
117719;Kotak Credit Risk Fund - Weekly Payout of Income Distribution cum capital withdrawal option;INF174K01DZ4;;10.0846;;;24-Aug-2021
119743;Kotak Credit Risk Fund - Weekly Reinvestment of Income Distribution cum capital withdrawal option- Direct;INF174K01MA8;;10.4394;;;24-Aug-2021

L&T Mutual Fund
119785;L&T Credit Risk Fund - Direct Plan - IDCW;INF917K01UJ4;INF917K01UI6;10.7875;;;24-Aug-2021
134332;L&T Credit Risk Fund - Direct Plan -Annual IDCW;INF917K01UL0;INF917K01UK2;11.8766;;;24-Aug-2021
134331;L&T Credit Risk Fund - Regular Plan - Annual IDCW;INF917K01UN6;INF917K01UM8;11.3701;;;24-Aug-2021
112632;L&T Credit Risk Fund - Regular Plan - Growth;INF917K01130;;22.7884;;;24-Aug-2021
119786;L&T Credit Risk Fund- Direct Plan - Growth;INF917K01UH8;;23.9525;;;24-Aug-2021
112630;L&T Credit Risk Fund- Regular Plan - Bonus;INF917K01CU9;;22.421;;;24-Aug-2021
112631;L&T Credit Risk Fund- Regular Plan - IDCW;INF917K01114;INF917K01122;10.2156;;;24-Aug-2021

Nippon India Mutual Fund
112938;Nippon India Credit Risk Fund  - Growth Plan;INF204K01FQ3;;26.9111;;;24-Aug-2021
112939;Nippon India Credit Risk Fund  - Institutional Growth Plan;INF204K01FT7;;28.0071;;;24-Aug-2021
148262;NIPPON INDIA CREDIT RISK FUND -  SEGREGATED PORTFOLIO 2 - DIRECT Plan - IDCW Option;INF204KB17P0;INF204KB18P8;0.0000;;;24-Aug-2021
148264;NIPPON INDIA CREDIT RISK FUND -  SEGREGATED PORTFOLIO 2 - DIRECT Plan - QUARTERLY IDCW Option;INF204KB15P4;INF204KB16P2;0.0000;;;24-Aug-2021
148263;NIPPON INDIA CREDIT RISK FUND -  SEGREGATED PORTFOLIO 2 - IDCW Option;INF204KB13Q7;INF204KB14Q5;0.0000;;;24-Aug-2021
148260;NIPPON INDIA CREDIT RISK FUND -  SEGREGATED PORTFOLIO 2 - QUARTERLY IDCW Option;INF204KB11Q1;INF204KB12Q9;0.0000;;;24-Aug-2021
118780;Nippon India Credit Risk Fund - Direct Plan - Growth Plan;INF204K01A74;;28.8150;;;24-Aug-2021
132873;NIPPON INDIA CREDIT RISK FUND - DIRECT Plan - IDCW Option;INF204KA1WV6;;15.6012;;;24-Aug-2021
118781;NIPPON INDIA CREDIT RISK FUND - DIRECT Plan - QUARTERLY IDCW Option;INF204K01A82;INF204K01A90;13.3614;;;24-Aug-2021
132871;NIPPON INDIA CREDIT RISK FUND - IDCW Option;INF204KA1WT0;INF204KA1WS2;14.7627;;;24-Aug-2021
112941;NIPPON INDIA CREDIT RISK FUND - QUARTERLY IDCW Option;INF204K01FR1;INF204K01FS9;12.8491;;;24-Aug-2021
148101;Nippon India Credit Risk Fund - Segregated Portfolio 1 - Direct Plan - Growth Plan;INF204KB12L0;;0.1294;;;24-Aug-2021
148096;NIPPON INDIA CREDIT RISK FUND - SEGREGATED PORTFOLIO 1 - Direct Plan - IDCW Option;INF204KB15L3;INF204KB16L1;0.0701;;;24-Aug-2021
148098;NIPPON INDIA CREDIT RISK FUND - SEGREGATED PORTFOLIO 1 - Direct Plan - QUARTERLY IDCW Option;INF204KB13L8;INF204KB14L6;0.0600;;;24-Aug-2021
148094;Nippon India Credit Risk Fund - Segregated Portfolio 1 - Growth Plan;INF204KB17L9;;0.1220;;;24-Aug-2021
148097;NIPPON INDIA CREDIT RISK FUND - SEGREGATED PORTFOLIO 1 - IDCW Option;INF204KB11M0;INF204KB12M8;0.0669;;;24-Aug-2021
148100;Nippon India Credit Risk Fund - Segregated Portfolio 1 - Institutional Growth Plan;INF204KB18L7;;0.1097;;;24-Aug-2021
148095;NIPPON INDIA CREDIT RISK FUND - SEGREGATED PORTFOLIO 1 - QUARTERLY IDCW Option;INF204KB19L5;INF204KB10M2;0.0582;;;24-Aug-2021
148261;Nippon India Credit Risk Fund - Segregated Portfolio 2 - Direct Plan - Growth Plan;INF204KB14P7;;0.0000;;;24-Aug-2021
148258;Nippon India Credit Risk Fund - Segregated Portfolio 2 - Growth Plan;INF204KB19P6;;0.0000;;;24-Aug-2021
148259;Nippon India Credit Risk Fund - Segregated Portfolio 2 - Institutional Growth Plan;INF204KB10Q3;;0.0000;;;24-Aug-2021

PGIM India Mutual Fund
138898;PGIM India Credit Risk Fund - Direct Plan - Growth;INF663L01GB8;;16.1039;;;24-Aug-2021
138900;PGIM India Credit Risk Fund - Direct Plan - Quarterly Dividend;INF663L01GF9;;10.702;;;24-Aug-2021
138905;PGIM India Credit Risk Fund - Regular Plan - Growth;INF663L01GK9;;14.9815;;;24-Aug-2021
138903;PGIM India Credit Risk Fund - Regular Plan - Quarterly Dividend;INF663L01GN3;INF663L01GO1;10.3473;;;24-Aug-2021
148214;PGIM India Credit Risk Fund - Segregated Portfolio 1 - Direct Plan Annual Dividend Option;INF663L01U99;;0;;;24-Aug-2021
148207;PGIM India Credit Risk Fund - Segregated Portfolio 1 - Direct Plan Growth Option;INF663L01U65;;0;;;24-Aug-2021
148206;PGIM India Credit Risk Fund - Segregated Portfolio 1 - Direct Plan Monthly Dividend;INF663L01U73;;0;;;24-Aug-2021
148208;PGIM India Credit Risk Fund - Segregated Portfolio 1 - Direct Plan Quarterly Dividend Option;INF663L01U81;;0;;;24-Aug-2021
148220;PGIM India Credit Risk Fund - Segregated Portfolio 1 - Regular Plan - Monthly Dividend Option;INF663L01V15;;0;;;24-Aug-2021
148219;PGIM India Credit Risk Fund - Segregated Portfolio 1 - Regular Plan Annual Dividend Option;INF663L01V31;;0;;;24-Aug-2021
148217;PGIM India Credit Risk Fund - Segregated Portfolio 1 - Regular Plan Growth Option;INF663L01V07;;0;;;24-Aug-2021
148221;PGIM India Credit Risk Fund - Segregated Portfolio 1- Regular Quarterly Dividend Option;INF663L01V23;;0;;;24-Aug-2021

SBI Mutual Fund
119792;SBI Credit Risk Fund - Direct Plan - Daily Income Distribution cum Capital Withdrawal Option (IDCW);;INF200K01SS0;11.7951;;;24-Aug-2021
119793;SBI Credit Risk Fund - Direct Plan - Income Distribution cum Capital Withdrawal Option (IDCW);INF200K01ST8;INF200K01SU6;17.3007;;;24-Aug-2021
119798;SBI CREDIT RISK FUND - DIRECT PLAN -GROWTH;INF200K01SV4;;37.1765;;;24-Aug-2021
118211;SBI Credit Risk Fund - Regular Plan - Daily Income Distribution cum Capital Withdrawal Option (IDCW);;INF200K01QK1;11.6788;;;24-Aug-2021
102505;SBI CREDIT RISK FUND - REGULAR PLAN - GROWTH;INF200K01685;;35.2851;;;24-Aug-2021
102506;SBI Credit Risk Fund - Regular Plan - Income Distribution cum Capital Withdrawal Option (IDCW);INF200K01693;INF200K01701;15.9519;;;24-Aug-2021

UTI Mutual Fund
148239;UTI - Credit Risk Fund (Segregated - 06032020) - Direct Plan - Annual Dividend Option;INF789F1ARG8;INF789F1ARH6;0;;;24-Aug-2021
148241;UTI - Credit Risk Fund (Segregated - 06032020) - Direct Plan - Flexi Dividend Option;INF789F1ARK0;INF789F1ARL8;0;;;24-Aug-2021
148242;UTI - Credit Risk Fund (Segregated - 06032020) - Direct Plan - Growth Option;INF789F1ARF0;;0;;;24-Aug-2021
148238;UTI - Credit Risk Fund (Segregated - 06032020) - Direct Plan - Half Yearly Dividend Option;INF789F1ARI4;INF789F1ARJ2;0;;;24-Aug-2021
148240;UTI - Credit Risk Fund (Segregated - 06032020) - Direct Plan - Monthly Dividend Option;INF789F1ARM6;INF789F1ARN4;0;;;24-Aug-2021
148245;UTI - Credit Risk Fund (Segregated - 06032020) - Direct Plan - Quarterly Dividend Option;INF789F1ARD5;INF789F1ARE3;0;;;24-Aug-2021
148234;UTI - Credit Risk Fund (Segregated - 06032020) - Regular Plan - Annual Dividend Option;INF789F1ARR5;INF789F1ARS3;0;;;24-Aug-2021
148236;UTI - Credit Risk Fund (Segregated - 06032020) - Regular Plan - Flexi Dividend Option;INF789F1ARV7;INF789F1ARW5;0;;;24-Aug-2021
148237;UTI - Credit Risk Fund (Segregated - 06032020) - Regular Plan - Growth Option;INF789F1ARQ7;;0;;;24-Aug-2021
148235;UTI - Credit Risk Fund (Segregated - 06032020) - Regular Plan - Half Yearly Dividend Option;INF789F1ART1;INF789F1ARU9;0;;;24-Aug-2021
148244;UTI - Credit Risk Fund (Segregated - 06032020) - Regular Plan - Monthly Dividend Option;INF789F1ARX3;INF789F1ARY1;0;;;24-Aug-2021
148243;UTI - Credit Risk Fund (Segregated - 06032020) - Regular Plan - Quarterly Dividend Option;INF789F1ARO2;INF789F1ARP9;0;;;24-Aug-2021
147659;UTI - Credit Risk Fund (Segregated - 13092019) - Direct Plan - Annual Dividend Option;INF789F1AML9;INF789F1AMM7;0;;;24-Aug-2021
147656;UTI - Credit Risk Fund (Segregated - 13092019) - Direct Plan - Flexi Dividend Option;INF789F1AMP0;INF789F1AMQ8;0;;;24-Aug-2021
147651;UTI - Credit Risk Fund (Segregated - 13092019) - Direct Plan - Growth Option;INF789F1AMK1;;0;;;24-Aug-2021
147660;UTI - Credit Risk Fund (Segregated - 13092019) - Direct Plan - Half Yearly Dividend Option;INF789F1AMN5;INF789F1AMO3;0;;;24-Aug-2021
147653;UTI - Credit Risk Fund (Segregated - 13092019) - Direct Plan - Monthly Dividend Option;INF789F1AMR6;INF789F1AMS4;0;;;24-Aug-2021
147655;UTI - Credit Risk Fund (Segregated - 13092019) - Direct Plan - Quarterly Dividend Option;INF789F1AMI5;INF789F1AMJ3;0;;;24-Aug-2021
147657;UTI - Credit Risk Fund (Segregated - 13092019) - Regular Plan - Annual Dividend Option;INF789F1AMW6;INF789F1AMX4;0;;;24-Aug-2021
147654;UTI - Credit Risk Fund (Segregated - 13092019) - Regular Plan - Flexi Dividend Option;INF789F1ANA0;INF789F1ANB8;0;;;24-Aug-2021
147650;UTI - Credit Risk Fund (Segregated - 13092019) - Regular Plan - Growth Option;INF789F1AMV8;;0;;;24-Aug-2021
147658;UTI - Credit Risk Fund (Segregated - 13092019) - Regular Plan - Half Yearly Dividend Option;INF789F1AMY2;INF789F1AMZ9;0;;;24-Aug-2021
147652;UTI - Credit Risk Fund (Segregated - 13092019) - Regular Plan - Monthly Dividend Option;INF789F1ANC6;INF789F1AND4;0;;;24-Aug-2021
147649;UTI - Credit Risk Fund (Segregated - 13092019) - Regular Plan - Quarterly Dividend Option;INF789F1AMT2;INF789F1AMU0;0;;;24-Aug-2021
148147;UTI - Credit Risk Fund (Segregated - 17022020) - Direct Plan - Growth Option;INF789F1ANG7;;0.6514;;;24-Aug-2021
148146;UTI - Credit Risk Fund (Segregated - 17022020) - Regular Plan - Growth Option;INF789F1ANR4;;0.5935;;;24-Aug-2021
148156;UTI Credit Risk Fund ( Segregated - 17022020 ) - Direct Plan - Annual IDCW;INF789F1ANH5;INF789F1ANI3;0.4226;;;24-Aug-2021
148151;UTI Credit Risk Fund ( Segregated - 17022020 ) - Direct Plan - Flexi IDCW;INF789F1ANL7;INF789F1ANM5;0.4129;;;24-Aug-2021
148145;UTI Credit Risk Fund ( Segregated - 17022020 ) - Direct Plan - Half-Yearly IDCW;INF789F1ANJ1;INF789F1ANK9;0.4139;;;24-Aug-2021
148154;UTI Credit Risk Fund ( Segregated - 17022020 ) - Direct Plan - Monthly IDCW;INF789F1ANN3;INF789F1ANO1;0.3887;;;24-Aug-2021
148150;UTI Credit Risk Fund ( Segregated - 17022020 ) - Direct Plan - Quarterly IDCW;INF789F1ANE2;INF789F1ANF9;0.4596;;;24-Aug-2021
148155;UTI Credit Risk Fund ( Segregated - 17022020 ) - Regular Plan - Annual IDCW;INF789F1ANS2;INF789F1ANT0;0.396;;;24-Aug-2021
148149;UTI Credit Risk Fund ( Segregated - 17022020 ) - Regular Plan - Flexi IDCW;INF789F1ANW4;INF789F1ANX2;0.3853;;;24-Aug-2021
148152;UTI Credit Risk Fund ( Segregated - 17022020 ) - Regular Plan - Half-Yearly IDCW;INF789F1ANU8;INF789F1ANV6;0.3981;;;24-Aug-2021
148153;UTI Credit Risk Fund ( Segregated - 17022020 ) - Regular Plan - Monthly IDCW;INF789F1ANY0;INF789F1ANZ7;0.3564;;;24-Aug-2021
148148;UTI Credit Risk Fund ( Segregated - 17022020 ) - Regular Plan - Quarterly IDCW;INF789F1ANP8;INF789F1ANQ6;0.4216;;;24-Aug-2021
117981;UTI Credit Risk Fund  - Regular Plan - Growth Option;INF789F01QZ1;;11.6535;;;24-Aug-2021
135290;UTI Credit Risk Fund - Direct Plan - Annual IDCW;INF789FB1U28;INF789FB1U36;8.3111;;;24-Aug-2021
136302;UTI Credit Risk Fund - Direct Plan - Flexi IDCW;INF789FB1U44;INF789FB1U51;8.1288;;;24-Aug-2021
120764;UTI Credit Risk Fund - Direct Plan - Growth Option;INF789F01YB6;;12.8079;;;24-Aug-2021
135418;UTI Credit Risk Fund - Direct Plan - Half-Yearly IDCW;INF789FA1W02;INF789FA1W10;8.1586;;;24-Aug-2021
131419;UTI Credit Risk Fund - Direct Plan - Monthly IDCW;INF789FB1U02;INF789FB1U10;7.6446;;;24-Aug-2021
120765;UTI Credit Risk Fund - Direct Plan - Quarterly IDCW;INF789F01YC4;INF789F01YD2;9.038;;;24-Aug-2021
133344;UTI Credit Risk Fund - Regular Plan - Annual IDCW;INF789FA1V60;INF789FA1V78;7.7762;;;24-Aug-2021
135051;UTI Credit Risk Fund - Regular Plan - Flexi IDCW;INF789FA1V86;INF789FA1V94;7.5652;;;24-Aug-2021
135419;UTI Credit Risk Fund - Regular Plan - Half-Yearly IDCW;INF789FA1V45;INF789FA1V52;7.8176;;;24-Aug-2021
131418;UTI Credit Risk Fund - Regular Plan - Monthly IDCW;INF789FB1T88;INF789FB1T96;6.9981;;;24-Aug-2021
117982;UTI Credit Risk Fund - Regular Plan - Quarterly IDCW;INF789F01RA2;INF789F01RB0;8.2777;;;24-Aug-2021

Open Ended Schemes ( Debt Scheme - Banking and PSU Fund )


Aditya Birla Sun Life Mutual Fund
119551;Aditya Birla Sun Life Banking & PSU Debt Fund  - DIRECT - IDCW;INF209KA12Z1;INF209KA13Z9;143.5629;;;24-Aug-2021
119552;Aditya Birla Sun Life Banking & PSU Debt Fund  - DIRECT - MONTHLY IDCW;INF209K01YM2;;115.2636;;;24-Aug-2021
119553;Aditya Birla Sun Life Banking & PSU Debt Fund  - Direct - Quarterly IDCW;INF209K01YO8;;113.1532;;;24-Aug-2021
108272;Aditya Birla Sun Life Banking & PSU Debt Fund  - REGULAR - IDCW;INF209K01LX6;INF209KA11Z3;163.4947;;;24-Aug-2021
110282;Aditya Birla Sun Life Banking & PSU Debt Fund  - REGULAR - MONTHLY IDCW;INF209K01LU2;;112.6259;;;24-Aug-2021
108274;Aditya Birla Sun Life Banking & PSU Debt Fund  - REGULAR - Quarterly IDCW;INF209K01LN7;;110.676;;;24-Aug-2021
110490;Aditya Birla Sun Life Banking & PSU Debt Fund  - retail - monthly IDCW;INF209K01LR8;;112.4825;;;24-Aug-2021
106157;Aditya Birla Sun Life Banking & PSU Debt Fund  - retail - quarterly IDCW;INF209K01LS6;;113.4909;;;24-Aug-2021
108273;Aditya Birla Sun Life Banking & PSU Debt Fund - Regular Plan-Growth;INF209K01LV0;;290.5543;;;24-Aug-2021
103176;Aditya Birla Sun Life Banking & PSU Debt Fund - Retail Plan-Growth;INF209K01LT4;;436.1588;;;24-Aug-2021
119550;Aditya Birla Sun Life Banking & PSU Debt Fund- Direct Plan-Growth;INF209K01YN0;;297.6129;;;24-Aug-2021

Axis Mutual Fund
120437;Axis Banking & PSU Debt Fund - Direct Plan - Daily IDCW;;INF846K01CU0;1039.1310;;;24-Aug-2021
120438;Axis Banking & PSU Debt Fund - Direct Plan - Growth Option;INF846K01CR6;;2143.1551;;;24-Aug-2021
120439;Axis Banking & PSU Debt Fund - Direct Plan - Monthly IDCW;INF846K01CT2;INF846K01CS4;1037.2654;;;24-Aug-2021
120436;Axis Banking & PSU Debt Fund - Direct Plan - Weekly IDCW;INF846K01CV8;INF846K01CW6;1038.2490;;;24-Aug-2021
117447;Axis Banking & PSU Debt Fund - Regular Plan - Daily IDCW;;INF846K01CC8;1039.1303;;;24-Aug-2021
117446;Axis Banking & PSU Debt Fund - Regular Plan - Growth option;INF846K01CB0;;2101.4014;;;24-Aug-2021
117449;Axis Banking & PSU Debt Fund - Regular Plan - Monthly IDCW;INF846K01CF1;INF846K01CG9;1037.0178;;;24-Aug-2021
117448;Axis Banking & PSU Debt Fund - Regular Plan - Weekly IDCW;INF846K01CD6;INF846K01CE4;1038.2377;;;24-Aug-2021

Bandhan Mutual Fund
121936;BANDHAN Banking & PSU Debt Fund - Direct Annual IDCW;INF194K019M8;;12.1563;;;24-Aug-2021
127471;BANDHAN Banking & PSU Debt Fund - Direct Daily IDCW;;INF194KA1JD3;10.4762;;;24-Aug-2021
121934;BANDHAN Banking & PSU Debt Fund - Direct Fortnightly IDCW;;INF194K010N5;10.4635;;;24-Aug-2021
121279;BANDHAN Banking & PSU Debt Fund - Direct Growth;INF194K015G8;;20.0031;;;24-Aug-2021
121281;BANDHAN Banking & PSU Debt Fund - Direct IDCW;INF194K016G6;INF194K017G4;10.5228;;;24-Aug-2021
121935;BANDHAN Banking & PSU Debt Fund - Direct Monthly IDCW;;INF194K011N3;10.4697;;;24-Aug-2021
121938;BANDHAN Banking & PSU Debt Fund - Direct Quarterly IDCW;INF194K018M0;;10.7544;;;24-Aug-2021
121933;BANDHAN Banking & PSU Debt Fund - Regular Annual IDCW;INF194K015M6;;11.1914;;;24-Aug-2021
127470;BANDHAN Banking & PSU Debt Fund - Regular Daily IDCW;;INF194KA1JC5;10.8781;;;24-Aug-2021
121931;BANDHAN Banking & PSU Debt Fund - Regular Fortnightly IDCW;;INF194K016M4;10.6189;;;24-Aug-2021
121280;BANDHAN Banking & PSU Debt Fund - Regular Growth;INF194K01SN6;;19.6648;;;24-Aug-2021
121282;BANDHAN Banking & PSU Debt Fund - Regular IDCW;INF194K01SO4;INF194K012D2;10.6188;;;24-Aug-2021
121932;BANDHAN Banking & PSU Debt Fund - Regular Monthly IDCW;;INF194K017M2;10.7123;;;24-Aug-2021
121937;BANDHAN Banking & PSU Debt Fund - Regular Quarterly IDCW;INF194K014M9;;10.6673;;;24-Aug-2021

Baroda BNP Paribas Mutual Fund
148629;Baroda BNP Paribas Banking and PSU Bond Fund -Direct Plan-Monthly IDCW Option;INF955L01KF1;INF955L01KG9;10.2859;;;24-Aug-2021
148628;Baroda BNP Paribas Banking and PSU Bond Fund- Direct Plan -Growth Option;INF955L01KC8;;10.2859;;;24-Aug-2021
148630;Baroda BNP Paribas Banking and PSU Bond Fund-Direct plan-Quarterly IDCW Option;INF955L01KD6;INF955L01KE4;10.1847;;;24-Aug-2021
148625;Baroda BNP Paribas Banking and PSU Bond Fund-Regular Plan -Growth Option;INF955L01JX6;;10.2560;;;24-Aug-2021
148626;Baroda BNP Paribas Banking and PSU Bond Fund-Regular Plan -Monthly IDCW Option;INF955L01KA2;INF955L01KB0;10.2560;;;24-Aug-2021
148627;Baroda BNP Paribas Banking and PSU Bond Fund-Regular Plan-Quarterly IDCW Option;INF955L01JY4;INF955L01JZ1;10.1548;;;24-Aug-2021

DSP Mutual Fund
124175;DSP Banking & PSU Debt Fund - Direct Plan - Growth;INF740K01ZW2;;19.6166;;;24-Aug-2021
124178;DSP Banking & PSU Debt Fund - Direct Plan - IDCW;INF740K01A18;INF740K01A26;10.4647;;;24-Aug-2021
124182;DSP Banking & PSU Debt Fund - Direct Plan - IDCW - Daily Reinvest;;INF740KA1OF7;10.1597;;;24-Aug-2021
124176;DSP Banking & PSU Debt Fund - Direct Plan - IDCW - Monthly;INF740K01ZX0;INF740K01ZY8;10.2179;;;24-Aug-2021
124177;DSP Banking & PSU Debt Fund - Direct Plan - IDCW - Quarterly ;INF740K01ZZ5;INF740K01A00;10.2659;;;24-Aug-2021
124183;DSP Banking & PSU Debt Fund - Direct Plan - IDCW - Weekly;INF740KA1OG5;INF740KA1OH3;10.1602;;;24-Aug-2021
124172;DSP Banking & PSU Debt Fund - Regular Plan - Growth;INF740K01ZP6;;19.1366;;;24-Aug-2021
124174;DSP Banking & PSU Debt Fund - Regular Plan - IDCW;INF740K01ZU6;INF740K01ZV4;10.4536;;;24-Aug-2021
124173;DSP Banking & PSU Debt Fund - Regular Plan - IDCW - Daily Reinvest;;INF740KA1OI1;10.1597;;;24-Aug-2021
124180;DSP Banking & PSU Debt Fund - Regular Plan - IDCW - Monthly;INF740K01ZQ4;INF740K01ZR2;10.2127;;;24-Aug-2021
124181;DSP Banking & PSU Debt Fund - Regular Plan - IDCW - Quarterly ;INF740K01ZS0;INF740K01ZT8;10.2617;;;24-Aug-2021
124179;DSP Banking & PSU Debt Fund - Regular Plan - IDCW - Weekly;INF740KA1OJ9;INF740KA1OK7;10.1599;;;24-Aug-2021

Edelweiss Mutual Fund
140286;Edelweiss Banking and PSU Debt Fund - Direct Plan - Growth Option;INF843K01FC8;;19.9447;;;24-Aug-2021
140288;Edelweiss Banking and PSU Debt Fund - Direct Plan - IDCW Option;INF843K01FD6;INF843K01FE4;18.8044;;;24-Aug-2021
140291;Edelweiss Banking and PSU Debt Fund - Direct Plan Fortnightly - IDCW Option;INF843K01FG9;;15.3329;;;24-Aug-2021
140293;Edelweiss Banking and PSU Debt Fund - Direct Plan Monthly - IDCW Option;INF843K01FI5;INF843K01FH7;11.3305;;;24-Aug-2021
140290;Edelweiss Banking and PSU Debt Fund - Direct Plan weekly - IDCW Option;INF843K01FF1;;10.6134;;;24-Aug-2021
140283;Edelweiss Banking and PSU Debt Fund - Regular Plan - Growth Option;INF843K01FK1;;19.4841;;;24-Aug-2021
140284;Edelweiss Banking and PSU Debt Fund - Regular Plan - IDCW Option;INF843K01FL9;INF843K01FM7;18.3457;;;24-Aug-2021
140294;Edelweiss Banking and PSU Debt Fund - Regular Plan Fortnightly - IDCW Option;INF843K01FO3;;14.9559;;;24-Aug-2021
140292;Edelweiss Banking and PSU Debt Fund - Regular Plan Monthly - IDCW Option;INF843K01FQ8;INF843K01FP0;11.3341;;;24-Aug-2021
140289;Edelweiss Banking and PSU Debt Fund - Regular Plan Weekly - IDCW Option;INF843K01FN5;;10.4038;;;24-Aug-2021

Franklin Templeton Mutual Fund
129008;Franklin India Banking & PSU Debt Fund - Direct - Growth;INF090I01KR8;;18.4539;;;24-Aug-2021
129006;Franklin India Banking & PSU Debt Fund - Growth;INF090I01KO5;;17.8942;;;24-Aug-2021
129009;Franklin India Banking and PSU Debt Fund - Direct - IDCW ;INF090I01KS6;INF090I01KT4;11.0755;;;24-Aug-2021
129007;Franklin India Banking and PSU Debt Fund - IDCW ;INF090I01KP2;INF090I01KQ0;10.6447;;;24-Aug-2021

HDFC Mutual Fund
128628;HDFC Banking and PSU Debt Fund - Growth Option;INF179KA1JC4;;18.2703;;;24-Aug-2021
128629;HDFC Banking and PSU Debt Fund - Growth Option - Direct Plan;INF179KA1IZ7;;18.7262;;;24-Aug-2021
128627;HDFC Banking and PSU Debt Fund - IDCW Option;INF179KA1JD2;INF179KA1JE0;10.1382;;;24-Aug-2021
128626;HDFC Banking and PSU Debt Fund - IDCW Option - Direct Plan;INF179KA1JA8;INF179KA1JB6;10.0283;;;24-Aug-2021

ICICI Prudential Mutual Fund
112343;ICICI Prudential Banking and PSU Debt Fund -  Daily IDCW;INF109K01WS5;INF109K01RV9;10.0765;;;24-Aug-2021
112344;ICICI Prudential Banking and PSU Debt Fund -  Weekly IDCW;INF109K01WR7;INF109K01RU1;10.2500;;;24-Aug-2021
120257;ICICI Prudential Banking and PSU Debt Fund - Direct Plan -  Daily IDCW;INF109K01Z89;INF109K01Z97;10.4474;;;24-Aug-2021
120256;ICICI Prudential Banking and PSU Debt Fund - Direct Plan -  Growth;INF109K010A6;;26.2644;;;24-Aug-2021
120258;ICICI Prudential Banking and PSU Debt Fund - Direct Plan -  Quarterly IDCW;INF109K011A4;INF109K012A2;12.5803;;;24-Aug-2021
120255;ICICI Prudential Banking and PSU Debt Fund - Direct Plan -  Weekly IDCW;INF109K013A0;INF109K014A8;10.3777;;;24-Aug-2021
131148;ICICI Prudential Banking and PSU Debt Fund - Direct Plan Half Yearly IDCW Option;INF109KA1M96;INF109KA1M88;12.9797;;;24-Aug-2021
112342;ICICI Prudential Banking and PSU Debt Fund - Growth;INF109K01RT3;;25.5672;;;24-Aug-2021
116174;ICICI Prudential Banking and PSU Debt Fund - Quarterly IDCW;INF109K01YE1;INF109K01YD3;10.6678;;;24-Aug-2021
131147;ICICI Prudential Banking and PSU Debt Fund Half Yearly IDCW Option;INF109KA1M70;INF109KA1M62;12.8043;;;24-Aug-2021

Invesco Mutual Fund
118234;Invesco India Banking and PSU Fund - Daily IDCW (Reinvestment);;INF205K01JX8;1001.4158;;;24-Aug-2021
120444;Invesco India Banking and PSU Fund - Direct Plan -  Growth Option;INF205K01KT4;;1938.1331;;;24-Aug-2021
120443;Invesco India Banking and PSU Fund - Direct Plan - Daily IDCW (Reinvestment);;INF205K01KS6;1019.0581;;;24-Aug-2021
120445;Invesco India Banking and PSU Fund - Direct Plan - Monthly IDCW (Payout / Reinvestment);INF205K01KU2;INF205K01KV0;1014.4828;;;24-Aug-2021
118232;Invesco India Banking and PSU Fund - Growth Option;INF205K01JV2;;1836.2559;;;24-Aug-2021
118233;Invesco India Banking and PSU Fund - Monthly IDCW (Payout / Reinvestment);INF205K01JW0;INF205K01JY6;1023.6262;;;24-Aug-2021

ITI Mutual Fund
148534;ITI Banking & PSU Debt Fund - Direct Plan - Growth Option;INF00XX01861;;10.4281;;;24-Aug-2021
148536;ITI Banking & PSU Debt Fund - Direct Plan - IDCW Option;INF00XX01879;INF00XX01887;10.4281;;;24-Aug-2021
148535;ITI Banking & PSU Debt Fund - Regular Plan - Growth Option;INF00XX01838;;10.3801;;;24-Aug-2021
148533;ITI Banking & PSU Debt Fund - Regular Plan - IDCW Option;INF00XX01846;INF00XX01853;10.3801;;;24-Aug-2021

Kotak Mahindra Mutual Fund
123690;Kotak Banking and PSU Debt - Growth;INF174K01FO3;;51.5947;;;24-Aug-2021
123691;Kotak Banking and PSU Debt - Monthly Payout of Income Distribution cum capital withdrawal option;INF174K01FQ8;INF174K01FP0;10.4509;;;24-Aug-2021
123693;Kotak Banking and PSU Debt Direct - Growth;INF174K01KH7;;52.9193;;;24-Aug-2021
123692;Kotak Banking and PSU Debt Direct - Monthly Payout of Income Distribution cum capital withdrawal option;INF174K01KK1;;10.4048;;;24-Aug-2021

L&T Mutual Fund
119794;L&T Banking and PSU Debt Fund -  Direct Plan - Monthly IDCW;INF917K01HI3;;11.7952;;;24-Aug-2021
118080;L&T Banking and PSU Debt Fund -  Regular Plan - Monthly IDCW;INF677K01AI8;INF677K01AJ6;11.3552;;;24-Aug-2021
119796;L&T Banking and PSU Debt Fund - Direct Plan - Daily IDCW ;;INF917K01HL7;11.1907;;;24-Aug-2021
119795;L&T Banking and PSU Debt Fund - Direct Plan - Growth;INF917K01HH5;;20.6241;;;24-Aug-2021
119797;L&T Banking and PSU Debt Fund - Direct Plan - Weekly IDCW;;INF917K01HK9;10.8493;;;24-Aug-2021
118076;L&T Banking and PSU Debt Fund - Regular Plan - Daily IDCW;;INF677K01AF4;11.116;;;24-Aug-2021
118078;L&T Banking and PSU Debt Fund - Regular Plan - Growth;INF677K01AE7;;19.8683;;;24-Aug-2021
118077;L&T Banking and PSU Debt Fund - Regular Plan - Weekly IDCW;INF917K01HM5;INF677K01AH0;10.8405;;;24-Aug-2021

LIC Mutual Fund
120337;LIC MF Banking & PSU Fund-Direct Plan-Daily IDCW;INF767K01GJ2;INF767K01GM6;11.9286;;;24-Aug-2021
120338;LIC MF Banking & PSU Fund-Direct Plan-Growth;INF767K01GI4;;29.481;;;24-Aug-2021
120339;LIC MF Banking & PSU Fund-Direct Plan-Monthly IDCW;INF767K01GK0;INF767K01GN4;11.1029;;;24-Aug-2021
120336;LIC MF Banking & PSU Fund-Direct Plan-Weekly IDCW;INF767K01GL8;INF767K01GO2;10.0003;;;24-Aug-2021
105822;LIC MF Banking & PSU Fund-Regular Plan-Daily IDCW;INF767K01519;INF767K01527;10.7422;;;24-Aug-2021
105823;LIC MF Banking & PSU Fund-Regular Plan-Growth;INF767K01535;;27.8933;;;24-Aug-2021
105856;LIC MF Banking & PSU Fund-Regular Plan-Monthly IDCW;INF767K01543;INF767K01550;10.5988;;;24-Aug-2021
105857;LIC MF Banking & PSU Fund-Regular Plan-Weekly IDCW;INF767K01568;INF767K01576;10.0333;;;24-Aug-2021

Mirae Asset Mutual Fund
148419;Mirae Asset Banking and PSU Fund - Direct Plan - Growth;INF769K01FY9;;10.4925;;;24-Aug-2021
148417;Mirae Asset Banking and PSU Fund - Direct Plan - IDCW;INF769K01FX1;INF769K01FZ6;10.4925;;;24-Aug-2021
148416;Mirae Asset Banking and PSU Fund - Regular Plan - Growth;INF769K01FV5;;10.4415;;;24-Aug-2021
148418;Mirae Asset Banking and PSU Fund - Regular plan - IDCW;INF769K01FU7;INF769K01FW3;10.4416;;;24-Aug-2021

Nippon India Mutual Fund
134552;Nippon India Banking  & PSU Debt Fund- Direct Plan-Growth Plan- Bonus Option;INF204KA1U61;;16.8507;;;24-Aug-2021
134547;Nippon India Banking  & PSU Debt Fund- Direct Plan-Growth Plan- Growth Option;INF204KA1U53;;16.8505;;;24-Aug-2021
134545;Nippon India Banking  & PSU Debt Fund- Growth Plan- Growth Option;INF204KA1T56;;16.5055;;;24-Aug-2021
134555;NIPPON INDIA BANKING & PSU DEBT FUND - Direct Plan - IDCW Option;INF204KA1U79;INF204KA1U87;16.8505;;;24-Aug-2021
134550;NIPPON INDIA BANKING & PSU DEBT FUND - Direct Plan - MONTHLY IDCW Option;INF204KA1V37;INF204KA1V45;10.6244;;;24-Aug-2021
134556;NIPPON INDIA BANKING & PSU DEBT FUND - Direct Plan - QUARTERLY IDCW Option;INF204KA1U95;INF204KA1V03;10.6808;;;24-Aug-2021
134554;NIPPON INDIA BANKING & PSU DEBT FUND - Direct Plan - WEEKLY IDCW Option;INF204KA1V11;INF204KA1V29;10.3444;;;24-Aug-2021
134548;NIPPON INDIA BANKING & PSU DEBT FUND - IDCW Option;INF204KA1T72;INF204KA1T80;16.5055;;;24-Aug-2021
134549;NIPPON INDIA BANKING & PSU DEBT FUND - MONTHLY IDCW Option;INF204KA1U38;INF204KA1U46;10.5690;;;24-Aug-2021
134551;NIPPON INDIA BANKING & PSU DEBT FUND - QUARTERLY IDCW Option;INF204KA1T98;INF204KA1U04;10.6491;;;24-Aug-2021
134553;NIPPON INDIA BANKING & PSU DEBT FUND - WEEKLY IDCW Option;INF204KA1U12;INF204KA1U20;10.3454;;;24-Aug-2021

PGIM India Mutual Fund
138580;PGIM India Banking and PSU Debt Fund - Direct Plan - Regular Dividend;INF223JA1LT3;INF223JA1LU1;10.3492;;;24-Aug-2021
138571;PGIM India Banking and PSU Debt fund - Quarterly Dividend;INF223J01VV2;;10.9219;;;24-Aug-2021
138579;PGIM India Banking and PSU Debt Fund - Regular Dividend;INF223JA1LR7;INF223JA1LS5;10.362;;;24-Aug-2021
138566;PGIM India Banking and PSU Debt fund -Growth;INF223J01SW6;;19.4638;;;24-Aug-2021
138567;PGIM India Banking and PSU Debt fund- Direct Plan- Quarterly Dividend;INF223J01WB2;;10.9334;;;24-Aug-2021
138564;PGIM India Banking and PSU Debt fund- Direct Plan-Growth;INF223J01SZ9;;20.2688;;;24-Aug-2021

SBI Mutual Fund
125502;SBI Banking & PSU Fund - Direct Plan - Daily Income Distribution cum Capital Withdrawal Option (IDCW);;INF200K01V16;1152.7439;;;24-Aug-2021
125503;SBI BANKING & PSU FUND - Direct Plan - Growth;INF200K01V08;;2617.0582;;;24-Aug-2021
125505;SBI Banking & PSU Fund - Direct Plan - Monthly Income Distribution cum Capital Withdrawal Option (IDCW);INF200K01V40;INF200K01V57;1167.6967;;;24-Aug-2021
125504;SBI Banking & PSU Fund - Direct Plan - Weekly Income Distribution cum Capital Withdrawal Option (IDCW);INF200K01V32;INF200K01V24;1150.1831;;;24-Aug-2021
125498;SBI BANKING & PSU FUND - Regular Paln - Growth;INF200K01U41;;2506.7334;;;24-Aug-2021
125499;SBI Banking & PSU Fund - Regular Plan - Daily Income Distribution cum Capital Withdrawal Option (IDCW);;INF200K01U58;1143.6144;;;24-Aug-2021
125501;SBI Banking & PSU Fund - Regular Plan - Monthly Income Distribution cum Capital Withdrawal Option (IDCW);INF200K01U82;INF200K01U90;1122.3564;;;24-Aug-2021
125500;SBI Banking & PSU Fund - Regular Plan - Weekly Income Distribution cum Capital Withdrawal Option (IDCW);INF200K01U74;INF200K01U66;1143.4009;;;24-Aug-2021

Sundaram Mutual Fund
119629;Sundaram Banking & PSU Fund (Formerly Known as Sundaram Banking and PSU Debt Fund) Direct Plan - Bonus;INF903J01RI4;;17.3391;;;24-Aug-2021
119627;Sundaram Banking & PSU Fund (Formerly Known as Sundaram Banking and PSU Debt Fund) Direct Plan - Daily Reinvestment of Income Distribution cum Capital Withdrawal (IDCW);;INF903J01PC1;10.2297;;;24-Aug-2021
119625;Sundaram Banking & PSU Fund (Formerly Known as Sundaram Banking and PSU Debt Fund) Direct Plan - Growth;INF903J01PA5;;34.6501;;;24-Aug-2021
119626;Sundaram Banking & PSU Fund (Formerly Known as Sundaram Banking and PSU Debt Fund) Direct Plan - Monthly Income Distribution cum Capital Withdrawal (IDCW);INF903J01PB3;INF903J01PE7;11.5122;;;24-Aug-2021
118326;Sundaram Banking & PSU Fund (Formerly Known as Sundaram Banking and PSU Debt Fund) Regular Plan - Bonus;INF903J01LY4;;17.3233;;;24-Aug-2021
100782;Sundaram Banking & PSU Fund (Formerly Known as Sundaram Banking and PSU Debt Fund) Regular Plan - Daily Reinvestment of Income Distribution cum Capital Withdrawal (IDCW);;INF903J01IP8;10.3546;;;24-Aug-2021
100784;Sundaram Banking & PSU Fund (Formerly Known as Sundaram Banking and PSU Debt Fund) Regular Plan - Growth;INF903J01IN3;;34.3530;;;24-Aug-2021
100793;Sundaram Banking & PSU Fund (Formerly Known as Sundaram Banking and PSU Debt Fund) Regular Plan - Monthly Income Distribution cum Capital Withdrawal (IDCW);INF903J01IO1;INF903J01IR4;11.5648;;;24-Aug-2021
100783;Sundaram Banking & PSU Fund (Formerly Known as Sundaram Banking and PSU Debt Fund) Regular Plan - Weekly Reinvestment of Income Distribution cum Capital Withdrawal (IDCW);;INF903J01IQ6;12.0973;;;24-Aug-2021
100781;Sundaram Banking & PSU Fund (Formerly Known as Sundaram Banking and PSU Debt Fund) Retail Plan - Growth;INF903J01IK9;;30.9684;;;24-Aug-2021
100780;Sundaram Banking & PSU Fund (Formerly Known as Sundaram Banking and PSU Debt Fund) Retail Plan - Monthly Income Distribution cum Capital Withdrawal (IDCW);INF903J01IL7;INF903J01IM5;11.4697;;;24-Aug-2021

Tata Mutual Fund
147637;Tata Banking & PSU Debt Fund  Direct Plan - Payout of Income Distribution cum capital withdrawal option;INF277K016X1;;11.6015;;;24-Aug-2021
147638;Tata Banking & PSU Debt Fund  Direct Plan - Reinvestment of Income Distribution cum capital withdrawal option;;INF277K014X6;11.6015;;;24-Aug-2021
147634;Tata Banking & PSU Debt Fund Regular Plan - Payout of Income Distribution cum capital withdrawal option;INF277K013X8;;11.4912;;;24-Aug-2021
147633;Tata Banking & PSU Debt Fund Regular Plan - Reinvestment of Income Distribution cum capital withdrawal option;;INF277K012X0;11.4912;;;24-Aug-2021
147636;Tata Banking & PSU Debt Fund-Direct Plan-Growth;INF277K015X3;;11.6015;;;24-Aug-2021
147635;Tata Banking & PSU Debt Fund-Regular Plan-Growth;INF277K011X2;;11.4912;;;24-Aug-2021

Trust Mutual Fund
148656;TRUSTMF BANKING & PSU FUND - DIRECT GROWTH;INF0GCD01107;;1033.038;;;24-Aug-2021
148655;TRUSTMF BANKING & PSU FUND - REGULAR GROWTH;INF0GCD01016;;1030.1294;;;24-Aug-2021
148672;TRUSTMF BANKING & PSU FUND DIRECT PLAN ANNUAL INCOME DISTRIBUTION CUM CAPITAL WITHDRAWAL OPTION;INF0GCD01180;INF0GCD01172;1033.043;;;24-Aug-2021
148678;TRUSTMF BANKING & PSU FUND DIRECT PLAN DAILY INCOME DISTRIBUTION CUM CAPITAL WITHDRAWAL;;INF0GCD01115;1033.5251;;;24-Aug-2021
148681;TRUSTMF BANKING & PSU FUND DIRECT PLAN MONTHLY INCOME DISTRIBUTION CUM CAPITAL WITHDRAWAL OPTION;INF0GCD01149;INF0GCD01131;1021.7134;;;24-Aug-2021
148670;TRUSTMF BANKING & PSU FUND DIRECT PLAN QUARTERLY INCOME DISTRIBUTION CUM CAPITAL WITHDRAWAL;INF0GCD01164;INF0GCD01156;1033.0575;;;24-Aug-2021
148675;TRUSTMF BANKING & PSU FUND DIRECT PLAN WEEKLY INCOME DISTRIBUTION CUM CAPITAL WITHDRAWAL;;INF0GCD01123;1019.6537;;;24-Aug-2021
148669;TRUSTMF BANKING & PSU FUND REGULAR PLAN ANNUAL INCOME DISTRIBUTION CUM CAPITAL WITHDRAWAL;INF0GCD01099;INF0GCD01081;1030.1435;;;24-Aug-2021
148667;TRUSTMF BANKING & PSU FUND REGULAR PLAN DAILY INCOME DISTRIBUTION CUM CAPITAL WITHDRAWAL;;INF0GCD01024;1030.2082;;;24-Aug-2021
148674;TRUSTMF BANKING & PSU FUND REGULAR PLAN MONTHLY INCOME DISTRIBUTION CUM CAPITAL WITHDRAWAL;INF0GCD01057;INF0GCD01040;1019.0516;;;24-Aug-2021
148668;TRUSTMF BANKING & PSU FUND REGULAR PLAN QUARTERLY INCOME DISTRIBUTION CUM CAPITAL WITHDRAWAL;INF0GCD01073;INF0GCD01065;1029.921;;;24-Aug-2021
148679;TRUSTMF BANKING & PSU FUND REGULAR PLAN WEEKLY INCOME DISTRIBUTION CUM CAPITAL WITHDRAWAL;;INF0GCD01032;1018.417;;;24-Aug-2021

UTI Mutual Fund
140135;UTI Banking & PSU Fund - Direct Plan - Annual IDCW;INF789FA1V03;INF789FA1V11;11.184;;;24-Aug-2021
133972;UTI Banking & PSU Fund - Direct Plan - Flexi IDCW;INF789FA1V29;INF789FA1V37;14.2476;;;24-Aug-2021
126940;UTI Banking & PSU Fund - Direct Plan - Growth Option;INF789F015Z6;;16.5337;;;24-Aug-2021
141375;UTI Banking & PSU Fund - Direct Plan - Half-Yearly IDCW;INF789FA1U87;INF789FA1U95;11.096;;;24-Aug-2021
134026;UTI Banking & PSU Fund - Direct Plan - Monthly IDCW;INF789FC1HE1;INF789FC1HF8;11.9774;;;24-Aug-2021
126942;UTI Banking & PSU Fund - Direct Plan - Quarterly IDCW;INF789F016Z4;INF789F017Z2;12.5012;;;24-Aug-2021
140116;UTI Banking & PSU Fund - Regular Plan - Annual IDCW;INF789FA1U46;INF789FA1U53;11.107;;;24-Aug-2021
133971;UTI Banking & PSU Fund - Regular Plan - Flexi IDCW;INF789FA1U61;INF789FA1U79;11.0077;;;24-Aug-2021
139407;UTI Banking & PSU Fund - Regular Plan - Half-Yearly IDCW;INF789FA1U20;INF789FA1U38;11.0865;;;24-Aug-2021
136110;UTI Banking & PSU Fund - Regular Plan - Monthly IDCW;INF789FC1HC5;INF789FC1HD3;11.9173;;;24-Aug-2021
126941;UTI Banking & PSU Fund - Regular Plan - Quarterly IDCW;INF789F012Z3;INF789F013Z1;11.4603;;;24-Aug-2021
126939;UTI Banking & PSU Fund- Regular Plan - Growth Option;INF789F014Z9;;16.4148;;;24-Aug-2021

Open Ended Schemes ( Debt Scheme - Gilt Fund )


Aditya Birla Sun Life Mutual Fund
119606;Aditya Birla Sun Life Govenment Securities Fund -DIRECT - Quarterly IDCW;INF209KA1LC4;;11.9974;;;24-Aug-2021
100057;Aditya Birla Sun Life Govenment Securities Fund -Regular - Quarterly IDCW;INF209K01AF6;INF209K01DP9;11.5427;;;24-Aug-2021
100058;Aditya Birla Sun Life Government Securities Fund  - Growth - Regular Plan;INF209K01AC3;INF209K01AD1;65.013;;;24-Aug-2021
119605;Aditya Birla Sun Life Government Securities Fund - Growth - Direct Plan;INF209K01XP7;;68.1299;;;24-Aug-2021

Axis Mutual Fund
120447;Axis Gilt Fund - Direct Plan - Growth Option;INF846K01DD4;;21.0352;;;24-Aug-2021
120448;Axis Gilt Fund - Direct Plan - Half Yearly IDCW;INF846K01DF9;INF846K01DE2;11.1623;;;24-Aug-2021
120449;Axis Gilt Fund - Direct Plan - Regular IDCW;INF846K01DG7;INF846K01DH5;10.0559;;;24-Aug-2021
116471;Axis Gilt Fund - Regular Plan - Growth Option;INF846K01AX8;;20.1195;;;24-Aug-2021
116472;Axis Gilt Fund - Regular Plan - Half Yearly IDCW;INF846K01AZ3;INF846K01BB2;10.9759;;;24-Aug-2021
116470;Axis Gilt Fund - Regular Plan - Regular IDCW;INF846K01CK1;INF846K01CL9;10.0498;;;24-Aug-2021

Bandhan Mutual Fund
108558;BANDHAN Government Securities Fund - IP - Regular - Plan B - Half Yearly IDCW;INF194K01EB1;INF194K01EA3;11.1593;;;24-Aug-2021
108559;BANDHAN Government Securities Fund - IP - Regular Plan - Annual IDCW;INF194K01EE5;INF194K01ED7;11.0998;;;24-Aug-2021
108557;BANDHAN Government Securities Fund - IP - Regular Plan - Quarterly IDCW;INF194K01EH8;INF194K01EG0;11.6292;;;24-Aug-2021
131395;BANDHAN Government Securities Fund - IP - Regular -Plan B - Periodic IDCW;INF194KA1RW6;INF194KA1RX4;13.2420;;;24-Aug-2021
111525;BANDHAN Government Securities Fund - IP - Regular Plan - Growth;INF194K01DZ2;;28.1920;;;24-Aug-2021
111527;BANDHAN Government Securities Fund - IP - Regular Plan - IDCW;INF194K01EK2;INF194K01EJ4;10.6238;;;24-Aug-2021
118467;BANDHAN Government Securities Fund-  Investment Plan-Direct Plan-Annual IDCW;INF194K01Q78;INF194K01Q60;12.1722;;;24-Aug-2021
118464;BANDHAN Government Securities Fund-  Investment Plan-Direct Plan-Growth;INF194K01Q29;;29.7530;;;24-Aug-2021
118465;BANDHAN Government Securities Fund-  Investment Plan-Direct Plan-Half Yearly IDCW;INF194K01Q45;INF194K01Q37;12.1066;;;24-Aug-2021
118463;BANDHAN Government Securities Fund-  Investment Plan-Direct Plan-IDCW;INF194K01R36;INF194K01R28;11.4719;;;24-Aug-2021
131394;BANDHAN Government Securities Fund-  Investment Plan-Direct Plan-Periodic IDCW;INF194KA1RZ9;INF194KA1SA0;14.0829;;;24-Aug-2021
118466;BANDHAN Government Securities Fund-  Investment Plan-Direct Plan-Quarterly IDCW;INF194K01R02;INF194K01Q94;11.3075;;;24-Aug-2021

Baroda BNP Paribas Mutual Fund
119341;Baroda BNP Paribas GILT FUND - Direct Plan - Growth Option;INF955L01AD7;;36.4554;;;24-Aug-2021
119340;Baroda BNP Paribas GILT FUND - Direct Plan - IDCW Option;INF955L01AB1;INF955L01AC9;30.3108;;;24-Aug-2021
101187;Baroda BNP Paribas GILT FUND - Regular Plan - Growth Option;INF955L01450;;33.8505;;;24-Aug-2021
101188;Baroda BNP Paribas GILT FUND - Regular Plan - IDCW Option;INF955L01435;INF955L01443;22.7602;;;24-Aug-2021

Canara Robeco Mutual Fund
118299;CANARA ROBECO GILT FUND - DIRECT PLAN - GROWTH OPTION;INF760K01FC4;;63.7255;;;24-Aug-2021
118298;CANARA ROBECO GILT FUND - DIRECT PLAN - IDCW (Payout/Reinvestment);INF760K01FA8;INF760K01FB6;15.7882;;;24-Aug-2021
100597;CANARA ROBECO GILT FUND - REGULAR PLAN - GROWTH OPTION;INF760K01AE1;;60.7890;;;24-Aug-2021
100596;CANARA ROBECO GILT FUND - REGULAR PLAN - IDCW (Payout/Reinvestment);INF760K01AB7;INF760K01AC5;14.9002;;;24-Aug-2021

DSP Mutual Fund
119099;DSP Gilt Fund - Direct Plan - Growth;INF740K01NF3;;78.3285;;;24-Aug-2021
119101;DSP Gilt Fund - Direct Plan - IDCW;INF740K01NG1;INF740K01NI7;12.6876;;;24-Aug-2021
119100;DSP Gilt Fund - Direct Plan - IDCW - Monthly;INF740K01NE6;INF740K01NH9;10.8091;;;24-Aug-2021
100084;DSP Gilt Fund - Regular Plan - Growth;INF740K01615;;75.1339;;;24-Aug-2021
100085;DSP Gilt Fund - Regular Plan - IDCW;INF740K01607;INF740K01AD5;12.5633;;;24-Aug-2021
100086;DSP Gilt Fund - Regular Plan - IDCW - Monthly;INF740K01623;INF740K01AE3;10.7605;;;24-Aug-2021

Edelweiss Mutual Fund
140298;Edelweiss Government Securities Fund - Direct Plan - Growth Option;INF843K01GS2;;20.1475;;;24-Aug-2021
140302;Edelweiss Government Securities Fund - Direct Plan - IDCW Option;INF843K01GU8;INF843K01GV6;20.0671;;;24-Aug-2021
140308;Edelweiss Government Securities Fund - Direct Plan Monthly - IDCW Option;INF843K01GZ7;INF843K01GY0;16.6629;;;24-Aug-2021
140304;Edelweiss Government Securities Fund - Direct Plan weekly - IDCW Option;INF843K01GW4;;17.0912;;;24-Aug-2021
140310;Edelweiss Government Securities Fund - Regular Plan - Annual - IDCW Option;INF843K01HL5;INF843K01HK7;19.4338;;;24-Aug-2021
140297;Edelweiss Government Securities Fund - Regular Plan - Growth Option;INF843K01HC4;;19.4253;;;24-Aug-2021
140301;Edelweiss Government Securities Fund - Regular Plan - IDCW Option;INF843K01HE0;INF843K01HF7;19.4378;;;24-Aug-2021
140307;Edelweiss Government Securities Fund - Regular Plan Monthly - IDCW Option;INF843K01HJ9;INF843K01HI1;10.5916;;;24-Aug-2021
140303;Edelweiss Government Securities Fund - Regular Plan Weekly - IDCW Option;INF843K01HG5;;10.3395;;;24-Aug-2021

Franklin Templeton Mutual Fund
118498;Franklin India Government Securities Fund - Direct - Growth;INF090I01HS2;;51.6722;;;24-Aug-2021
118497;Franklin India Government Securities Fund - Direct - IDCW ;INF090I01HQ6;INF090I01HR4;11.5545;;;24-Aug-2021
100493;Franklin India Government Securities Fund - Growth;INF090I01CU9;;48.0522;;;24-Aug-2021
100494;Franklin India Government Securities Fund - IDCW ;INF090I01CS3;INF090I01CT1;10.4092;;;24-Aug-2021

HDFC Mutual Fund
119116;HDFC Gilt Fund - Growth Option - Direct Plan;INF179K01VS0;;45.8625;;;24-Aug-2021
101083;HDFC Gilt Fund - Growth Plan;INF179K01756;;44.3008;;;24-Aug-2021
119115;HDFC Gilt Fund - IDCW Option - Direct Plan;INF179K01VR2;INF179K01VT8;12.4256;;;24-Aug-2021
101084;HDFC Gilt Fund - IDCW Plan;INF179K01772;INF179K01764;11.8743;;;24-Aug-2021

ICICI Prudential Mutual Fund
120590;ICICI Prudential Gilt Fund - Direct Plan - Growth;INF109K018C5;;83.7042;;;24-Aug-2021
120589;ICICI Prudential Gilt Fund - Direct Plan - IDCW;INF109K016C9;INF109K017C7;17.0191;;;24-Aug-2021
100369;ICICI Prudential Gilt Fund - Growth;INF109K01JR4;;79.3384;;;24-Aug-2021
100368;ICICI Prudential Gilt Fund - IDCW;INF109K01JQ6;INF109K01JP8;16.4407;;;24-Aug-2021

IDBI Mutual Fund
118034;IDBI Gilt Fund Annual IDCW;INF397L01AA8;INF397L01AB6;12.8689;;;24-Aug-2021
118447;IDBI Gilt Fund Annual IDCW Direct;INF397L01BZ3;INF397L01CA4;13.8971;;;24-Aug-2021
118030;IDBI Gilt Fund Growth;INF397L01AD2;;17.3799;;;24-Aug-2021
118341;IDBI Gilt Fund Growth Direct;INF397L01CC0;;18.4327;;;24-Aug-2021
118031;IDBI Gilt Fund Quarterly IDCW;INF397L01AE0;INF397L01AF7;12.0296;;;24-Aug-2021
118446;IDBI Gilt Fund Quarterly IDCW Direct;INF397L01CD8;INF397L01CE6;13.6082;;;24-Aug-2021

Invesco Mutual Fund
107476;Invesco India Gilt Fund - Annual IDCW (Payout / Reinvestment);INF205K01SJ8;INF205K01SK6;1123.6498;;;24-Aug-2021
120520;Invesco India Gilt Fund - Direct  Plan - Growth;INF205K01SN0;;2420.6847;;;24-Aug-2021
120519;Invesco India Gilt Fund - Direct Plan - Annual IDCW (Payout / Reinvestment);INF205K01SL4;INF205K01SM2;1269.025;;;24-Aug-2021
120521;Invesco India Gilt Fund - Direct Plan - Monthly IDCW (Reinvestment);;INF205K01SO8;1889.0889;;;24-Aug-2021
120522;Invesco India Gilt Fund - Direct Plan - Quarterly IDCW (Payout / Reinvestment);INF205K01SP5;INF205K01SQ3;1019.279;;;24-Aug-2021
107477;Invesco India Gilt Fund - Growth;INF205K01SR1;;2253.9291;;;24-Aug-2021
107471;Invesco India Gilt Fund - Monthly IDCW (Reinvestment);;INF205K01SS9;1269.5109;;;24-Aug-2021
107472;Invesco India Gilt Fund - Quarterly IDCW (Payout / Reinvestment);INF205K01ST7;INF205K01SU5;1027.5707;;;24-Aug-2021

Kotak Mahindra Mutual Fund
100281;Kotak Gilt-Investment  Provident Fund and Trust-Growth;INF174K01FL9;;79.3123;;;24-Aug-2021
119757;Kotak Gilt-Investment  Provident Fund and Trust-Growth - Direct;INF174K01KM7;;86.5548;;;24-Aug-2021
100280;Kotak Gilt-Investment  Provident Fund and Trust-Payout of Income Distribution cum capital withdrawal option;INF174K01FM7;;12.0437;;;24-Aug-2021
100265;Kotak Gilt-Investment Regular-Growth;INF174K01FI5;;77.5245;;;24-Aug-2021
119759;Kotak Gilt-Investment Regular-Growth - Direct;INF174K01KE4;;84.5136;;;24-Aug-2021
100264;Kotak Gilt-Investment Regular-Payout of Income Distribution cum capital withdrawal option;INF174K01FK1;INF174K01FJ3;15.1484;;;24-Aug-2021
119758;Kotak Gilt-Investment Regular-Payout of Income Distribution cum capital withdrawal option - Direct;INF174K01KF1;;19.0868;;;24-Aug-2021

L&T Mutual Fund
119425;L&T Gilt Fund - Direct Plan - Growth;INF917K01FI7;;59.6304;;;24-Aug-2021
119426;L&T Gilt Fund - Direct Plan - Quarterly IDCW;INF917K01FK3;INF917K01FJ5;13.0687;;;24-Aug-2021
112429;L&T Gilt Fund - Regular Plan - Growth;INF917K01BP1;;54.4821;;;24-Aug-2021
112428;L&T Gilt Fund - Regular Plan - Quarterly IDCW;INF917K01BN6;INF917K01BO4;11.8205;;;24-Aug-2021

LIC Mutual Fund
120282;LIC MF Gilt Fund-Direct Plan-Growth;INF767K01EZ3;;52.284;;;24-Aug-2021
120283;LIC MF Gilt Fund-Direct Plan-IDCW;INF767K01EY6;INF767K01FA3;15.0749;;;24-Aug-2021
100319;LIC MF Gilt Fund-PF Plan-Growth;INF767K01733;;28.1813;;;24-Aug-2021
100318;LIC MF Gilt Fund-PF Plan-IDCW;INF767K01717;INF767K01725;18.2362;;;24-Aug-2021
100317;LIC MF Gilt Fund-Regular Plan-Growth;INF767K01709;;48.7937;;;24-Aug-2021
100316;LIC MF Gilt Fund-Regular Plan-IDCW;INF767K01683;INF767K01691;14.0647;;;24-Aug-2021

Nippon India Mutual Fund
118670;NIPPON INDIA GILT SECURITIES FUND - Direct Plan - MONTHLY IDCW Option;INF204K01XQ6;INF204K01XR4;11.5718;;;24-Aug-2021
118674;Nippon India Gilt Securities Fund - Direct Plan - P F Option - Automatic Annual Reinvest Option;;INF204K01E62;18.0646;;;24-Aug-2021
118669;Nippon India Gilt Securities Fund - Direct Plan - P F Option - Automatic Capital Appreciation Payout Option;INF204K01E70;;33.2879;;;24-Aug-2021
118673;Nippon India Gilt Securities Fund - Direct Plan - P F Option - Defined Maturity Date Option;INF204K01E88;;33.4647;;;24-Aug-2021
118672;Nippon India Gilt Securities Fund - Direct Plan Growth Plan - Growth Option;INF204K01XP8;;33.3745;;;24-Aug-2021
109717;Nippon India Gilt Securities Fund - Institutional Plan-Growth Plan -Growth Option;INF204K01BX8;;30.9958;;;24-Aug-2021
109723;NIPPON INDIA GILT SECURITIES FUND - MONTHLY IDCW Option;INF204K01BV2;INF204K01BW0;10.5397;;;24-Aug-2021
109720;Nippon India Gilt Securities Fund -Growth Plan - Growth Option;INF204K01BU4;;30.5900;;;24-Aug-2021
109716;Nippon India Gilt Securities Fund -P F Option-Automatic Annual Reinvest Option;INF204K01CA4;;25.6468;;;24-Aug-2021
109721;Nippon India Gilt Securities Fund -P F Option-Defined Maturity Date Option;INF204K01CB2;;30.5900;;;24-Aug-2021
133265;Nippon India Gilt Securities Fund- Direct Plan- Growth Plan- Bonus Option;INF204KA1YV2;;18.6530;;;24-Aug-2021
109724;Nippon India Gilt Securities Fund-P F Option-Automatic Capital Appreciation Payout Option;INF204K01CC0;;30.5900;;;24-Aug-2021

PGIM India Mutual Fund
138472;PGIM India Gilt Fund - Direct Plan - Growth;INF223J01ND7;;25.3247;;;24-Aug-2021
138474;PGIM India Gilt Fund - Direct Plan - Quarterly Dividend;INF223J01NB1;;14.8954;;;24-Aug-2021
138470;PGIM India Gilt Fund - Growth;INF223J01AQ6;;24.3484;;;24-Aug-2021
138467;PGIM India Gilt Fund - Quarterly Dividend;INF223J01AO1;INF223J01AP8;14.5192;;;24-Aug-2021

SBI Mutual Fund
101934;SBI MAGNUM GILT FUND -  GROWTH - PF (Fixed Period - 3 Yrs) Option;INF200K01AH1;;30.7543;;;24-Aug-2021
101932;SBI MAGNUM GILT FUND -  GROWTH - PF (Regular) Option;INF200K01AK5;;32.9161;;;24-Aug-2021
119707;SBI MAGNUM GILT FUND - DIRECT PLAN - GROWTH;INF200K01SH3;;53.3094;;;24-Aug-2021
119706;SBI Magnum Gilt Fund - Direct Plan - Income Distribution cum Capital Withdrawal Option (IDCW);INF200K01SF7;INF200K01SG5;17.5870;;;24-Aug-2021
101950;SBI Magnum Gilt Fund - Income Distribution cum Capital Withdrawal Option (IDCW) - PF (Fixed Period - 1 Yr);INF200K01AC2;INF200K01AD0;15.8396;;;24-Aug-2021
101951;SBI Magnum Gilt Fund - Income Distribution cum Capital Withdrawal Option (IDCW) - PF (Fixed Period - 2 Yrs);INF200K01AF5;INF200K01AG3;16.0302;;;24-Aug-2021
101952;SBI Magnum Gilt Fund - Income Distribution cum Capital Withdrawal Option (IDCW) - PF (Fixed Period - 3 Yrs);INF200K01AI9;INF200K01AJ7;15.5426;;;24-Aug-2021
101935;SBI Magnum Gilt Fund - Income Distribution cum Capital Withdrawal Option (IDCW) - PF (Regular);INF200K01AL3;INF200K01AM1;16.5656;;;24-Aug-2021
101001;SBI MAGNUM GILT FUND - REGULAR PLAN - GROWTH;INF200K01982;;51.2733;;;24-Aug-2021
100999;SBI Magnum Gilt Fund - Regular Plan - Income Distribution cum Capital Withdrawal Option (IDCW);INF200K01990;INF200K01AA6;16.3409;;;24-Aug-2021

Tata Mutual Fund
102046;Tata Gilt Retirement Plan (28/2/25) - Payout of IDCW Option;;;28.3540;;;24-Aug-2021
101945;Tata Gilt Retirement Plan- 28/2/25 Growth Option;;;28.4004;;;24-Aug-2021
119954;Tata Gilt Securities Fund - Direct Plan - Payout of IDCW Option;INF277K01OV1;INF277K01OW9;18.9473;;;24-Aug-2021
101049;Tata Gilt Securities Fund - Regular Plan - Payout of IDCW Option;INF277K01DN1;INF277K01535;17.2991;;;24-Aug-2021
101042;Tata Gilt Securities Fund -Regular Plan- Growth Option;INF277K01519;;62.3738;;;24-Aug-2021
119953;Tata Gilt Securities Fund- Direct Plan - Growth Option;INF277K01OX7;;67.2933;;;24-Aug-2021

UTI Mutual Fund
120792;UTI - GILT FUND - Direct Plan - Growth Option;INF789F01TL5;;51.3344;;;24-Aug-2021
102512;UTI - GILT FUND - Discontinued PF Plan - Growth Option;INF789F01PT6;;37.249;;;24-Aug-2021
102514;UTI - GILT FUND - Discontinued PF Plan Prescribed Date Auto Redemption Option;INF789F01PU4;;37.2697;;;24-Aug-2021
102510;UTI - GILT FUND - Regular Plan - Growth Option;INF789F01661;;50.0972;;;24-Aug-2021
102511;UTI - GILT FUND -Discontinued PF Plan -Dividend Option;INF789F01PR0;INF789F01PS8;20.7254;;;24-Aug-2021
120791;UTI Gilt Fund - Direct Plan - IDCW;INF789F01TJ9;INF789F01TK7;25.2733;;;24-Aug-2021
102509;UTI Gilt Fund - Regular Plan - IDCW;INF789F01646;INF789F01653;31.0753;;;24-Aug-2021

Open Ended Schemes ( Debt Scheme - Gilt Fund with 10 year constant duration )


Bandhan Mutual Fund
108646;BANDHAN Government Securities Fund - Constant Maturity Plan - Regular Plan - Quarterly IDCW;INF194K01FF9;INF194K01FE2;11.4336;;;24-Aug-2021
108753;BANDHAN Government Securities Fund - Constant Maturity Plan - Regular Plan - Growth;INF194K01FA0;;36.3279;;;24-Aug-2021
111343;BANDHAN Government Securities Fund - Constant Maturity Plan - Regular Plan - Weekly IDCW;INF194K01FI3;INF194K01FH5;10.1952;;;24-Aug-2021
108644;BANDHAN Government Securities Fund - Constant Maturity Plan - Regular Plan - Monthly IDCW;INF194K01FC6;INF194K01FB8;10.4959;;;24-Aug-2021
131391;BANDHAN Government Securities Fund - Constant Maturity Plan - Regular Plan - Periodic IDCW;INF194KA1SI3;INF194KA1SJ1;13.0043;;;24-Aug-2021
118387;BANDHAN Government Securities Fund - Constant Maturity Plan -Direct Plan-Growth;INF194K01P38;;36.6756;;;24-Aug-2021
118390;BANDHAN Government Securities Fund - Constant Maturity Plan -Direct Plan-Monthly IDCW;INF194K01P53;INF194K01P46;10.5386;;;24-Aug-2021
131390;BANDHAN Government Securities Fund - Constant Maturity Plan -Direct Plan-Periodic IDCW;INF194KA1SL7;INF194KA1SM5;10.9256;;;24-Aug-2021
118388;BANDHAN Government Securities Fund - Constant Maturity Plan -Direct Plan-Quarterly IDCW;INF194K01P87;INF194K01P79;11.7190;;;24-Aug-2021
118389;BANDHAN Government Securities Fund - Constant Maturity Plan -Direct Plan-Weekly IDCW;;INF194K01Q03;17.9335;;;24-Aug-2021

DSP Mutual Fund
131301;DSP 10Y G-Sec Fund - Direct Plan - Growth;INF740K019I5;;17.8863;;;24-Aug-2021
131304;DSP 10Y G-Sec Fund - Direct Plan - IDCW;INF740K010J2;INF740K011J0;10.5656;;;24-Aug-2021
131303;DSP 10Y G-Sec Fund - Direct Plan - IDCW - Monthly;INF740K012J8;INF740K013J6;10.2950;;;24-Aug-2021
131302;DSP 10Y G-Sec Fund - Direct Plan - IDCW - Quarterly;INF740K014J4;INF740K015J1;10.6473;;;24-Aug-2021
131297;DSP 10Y G-Sec Fund - Regular Plan - Growth;INF740K012I0;;17.5983;;;24-Aug-2021
131298;DSP 10Y G-Sec Fund - Regular Plan - IDCW;INF740K013I8;INF740K014I6;10.4387;;;24-Aug-2021
131299;DSP 10Y G-Sec Fund - Regular Plan - IDCW - Monthly;INF740K015I3;INF740K016I1;10.4540;;;24-Aug-2021
131300;DSP 10Y G-Sec Fund - Regular Plan - IDCW - Quarterly ;INF740K017I9;INF740K018I7;10.7004;;;24-Aug-2021

ICICI Prudential Mutual Fund
131059;ICICI Prudential Constant Maturity Gilt Fund - Annual IDCW;INF109KA1N87;INF109KA1O29;10.9900;;;24-Aug-2021
131056;ICICI Prudential Constant Maturity Gilt Fund - Direct Plan - Annual IDCW;INF109KA1O78;INF109KA1P10;11.2023;;;24-Aug-2021
131061;ICICI Prudential Constant Maturity Gilt Fund - Direct Plan - Growth;INF109KA1O37;;19.7658;;;24-Aug-2021
131055;ICICI Prudential Constant Maturity Gilt Fund - Direct Plan - Half Yearly IDCW;INF109KA1O60;INF109KA1P02;11.1424;;;24-Aug-2021
131053;ICICI Prudential Constant Maturity Gilt Fund - Direct Plan - Monthly IDCW;INF109KA1O45;INF109KA1O86;11.5517;;;24-Aug-2021
131054;ICICI Prudential Constant Maturity Gilt Fund - Direct Plan - Quarterly IDCW;INF109KA1O52;INF109KA1O94;11.0935;;;24-Aug-2021
131051;ICICI Prudential Constant Maturity Gilt Fund - Growth;INF109KA1N46;;19.4524;;;24-Aug-2021
131058;ICICI Prudential Constant Maturity Gilt Fund - Half Yearly IDCW;INF109KA1N79;INF109KA1O11;10.8414;;;24-Aug-2021
131062;ICICI Prudential Constant Maturity Gilt Fund - Monthly IDCW;INF109KA1N53;INF109KA1N95;11.3617;;;24-Aug-2021
131057;ICICI Prudential Constant Maturity Gilt Fund - quarterly IDCW;INF109KA1N61;INF109KA1O03;10.8517;;;24-Aug-2021

SBI Mutual Fund
120137;SBI MAGNUM CONSTANT MATURITY FUND - DIRECT PLAN - GROWTH;INF200K01SK7;;51.7941;;;24-Aug-2021
120136;SBI Magnum Constant Maturity Fund - Direct Plan - Income Distribution cum Capital Withdrawal Option (IDCW);INF200K01SI1;INF200K01SJ9;16.8476;;;24-Aug-2021
101002;SBI MAGNUM CONSTANT MATURITY FUND - REGULAR PLAN - GROWTH;INF200K01AN9;;50.4283;;;24-Aug-2021
101003;SBI Magnum Constant Maturity Fund - Regular Plan - Income Distribution cum Capital Withdrawal Option (IDCW);INF200K01AO7;INF200K01AP4;16.4009;;;24-Aug-2021

Open Ended Schemes ( Debt Scheme - Floater Fund )


Aditya Birla Sun Life Mutual Fund
122645;Aditya Birla Sun Life Floating Rate Fund-Direct - daily IDCW;INF209K01UW9;;100.2575;;;24-Aug-2021
122648;Aditya Birla Sun Life Floating Rate Fund-Direct - weekly IDCW;INF209K01UY5;;100.9428;;;24-Aug-2021
122646;Aditya Birla Sun Life Floating Rate Fund-Direct Plan-Growth;INF209K01UX7;;277.3397;;;24-Aug-2021
122643;Aditya Birla Sun Life Floating Rate Fund-Regular - DAILY IDCW;;INF209KA1LN1;100.4806;;;24-Aug-2021
122647;Aditya Birla Sun Life Floating Rate Fund-REGULAR - WEEKLY IDCW;;INF209K01MH7;100.9056;;;24-Aug-2021
122644;Aditya Birla Sun Life Floating Rate Fund-Regular Plan-Growth;INF209K01MG9;;272.1805;;;24-Aug-2021
122649;Aditya Birla Sun Life Floating Rate Fund-RETAIL - WEEKLY IDCW;;INF209K01MI5;100.9056;;;24-Aug-2021
122650;Aditya Birla Sun Life Floating Rate Fund-Retail Plan-Growth;INF209K01MF1;;393.6691;;;24-Aug-2021

Axis Mutual Fund
149055;Axis Floater Fund - Direct Plan - Annual IDCW;INF846K016A1;INF846K015A3;1004.6463;;;24-Aug-2021
149050;Axis Floater Fund - Direct Plan - Daily IDCW;;INF846K011B0;1001.2027;;;24-Aug-2021
149049;Axis Floater Fund - Direct Plan - Growth;INF846K014A6;;1004.6613;;;24-Aug-2021
149051;Axis Floater Fund - Direct Plan - Monthly IDCW;INF846K018A7;INF846K017A9;1004.6555;;;24-Aug-2021
149052;Axis Floater Fund - Direct Plan - Quarterly IDCW;INF846K019A5;INF846K010B2;1004.6586;;;24-Aug-2021
149047;Axis Floater Fund - Regular Plan - Annual IDCW;INF846K014B4;INF846K013B6;1004.3345;;;24-Aug-2021
149054;Axis Floater Fund - Regular Plan - Daily IDCW;;INF846K019B3;1001.2314;;;24-Aug-2021
149048;Axis Floater Fund - Regular Plan - Growth;INF846K012B8;;1004.3416;;;24-Aug-2021
149053;Axis Floater Fund - Regular Plan - Monthly IDCW;INF846K016B9;INF846K015B1;1004.3146;;;24-Aug-2021
149046;Axis Floater Fund - Regular Plan - Quarterly IDCW;INF846K018B5;INF846K017B7;1004.3309;;;24-Aug-2021

Bandhan Mutual Fund
148717;BANDHAN FLOATING RATE FUND  - DIRECT PLAN ANNUAL IDCW;INF194KB1BJ6;INF194KB1BK4;10.2308;;;24-Aug-2021
148714;BANDHAN FLOATING RATE FUND  - DIRECT PLAN DAILY IDCW;;INF194KB1BB3;10.0258;;;24-Aug-2021
148711;BANDHAN FLOATING RATE FUND  - DIRECT PLAN GROWTH;INF194KB1BA5;;10.2364;;;24-Aug-2021
148713;BANDHAN FLOATING RATE FUND  - DIRECT PLAN MONTHLY IDCW;INF194KB1BD9;INF194KB1BE7;10.0806;;;24-Aug-2021
148712;BANDHAN FLOATING RATE FUND  - DIRECT PLAN QUARTERLY IDCW;INF194KB1BF4;INF194KB1BG2;10.1108;;;24-Aug-2021
148716;BANDHAN FLOATING RATE FUND  - DIRECT PLAN WEEKLY IDCW;;INF194KB1BC1;10.0296;;;24-Aug-2021
148718;BANDHAN FLOATING RATE FUND  - REGULAR PLAN ANNUAL IDCW;INF194KB1AY7;INF194KB1AZ4;10.2105;;;24-Aug-2021
148710;BANDHAN FLOATING RATE FUND  - REGULAR PLAN DAILY IDCW;;INF194KB1AQ3;10.0258;;;24-Aug-2021
148705;BANDHAN FLOATING RATE FUND  - REGULAR PLAN GROWTH;INF194KB1AP5;;10.2110;;;24-Aug-2021
148707;BANDHAN FLOATING RATE FUND  - REGULAR PLAN MONTHLY IDCW;INF194KB1AS9;INF194KB1AT7;10.0588;;;24-Aug-2021
148709;BANDHAN FLOATING RATE FUND  - REGULAR PLAN PERIODIC IDCW;INF194KB1AW1;INF194KB1AX9;10.2108;;;24-Aug-2021
148706;BANDHAN FLOATING RATE FUND  - REGULAR PLAN QUARTERLY IDCW;INF194KB1AU5;INF194KB1AV3;10.1013;;;24-Aug-2021
148708;BANDHAN FLOATING RATE FUND  - REGULAR PLAN WEEKLY IDCW;;INF194KB1AR1;10.0290;;;24-Aug-2021

DSP Mutual Fund
148771;DSP Floater Fund - Direct Plan - Growth;INF740KA1PV1;;10.3161;;;24-Aug-2021
148769;DSP Floater Fund - Direct Plan - IDCW;INF740KA1PW9;INF740KA1PX7;10.3161;;;24-Aug-2021
148768;DSP Floater Fund - Regular Plan - Growth;INF740KA1PS7;;10.3028;;;24-Aug-2021
148770;DSP Floater Fund - Regular Plan - IDCW;INF740KA1PT5;INF740KA1PU3;10.3028;;;24-Aug-2021

Franklin Templeton Mutual Fund
118508;Franklin India Floating Rate Fund - Direct - Growth;INF090I01LK1;;33.9535;;;24-Aug-2021
118507;Franklin India Floating Rate Fund - Direct - IDCW ;INF090I01LL9;;10.0803;;;24-Aug-2021
101048;Franklin India Floating Rate Fund - Growth Plan;INF090I01LM7;;31.9674;;;24-Aug-2021
101044;Franklin India Floating Rate Fund - IDCW ;INF090I01LN5;;10.1802;;;24-Aug-2021

HDFC Mutual Fund
106838;HDFC Floating Rate Debt Fund - Daily IDCW Option;;INF179K01699;10.0809;;;24-Aug-2021
118959;HDFC Floating Rate Debt Fund - Direct Plan - Daily IDCW;;;10.0809;;;24-Aug-2021
118961;HDFC Floating Rate Debt Fund - Direct Plan - Growth Option;INF179K01VQ4;;39.2834;;;24-Aug-2021
118960;HDFC Floating Rate Debt Fund - Direct Plan - Monthly IDCW;INF179K01VO9;INF179K01VP6;10.201;;;24-Aug-2021
118962;HDFC Floating Rate Debt Fund - Direct Plan - Weekly IDCW;;;10.0403;;;24-Aug-2021
106841;HDFC Floating Rate Debt Fund - Growth Option;INF179K01707;;38.8557;;;24-Aug-2021
106839;HDFC Floating Rate Debt Fund - Monthly IDCW Option;INF179K01715;INF179K01723;10.1989;;;24-Aug-2021
106840;HDFC Floating Rate Debt Fund - Weekly IDCW Option;INF179K01731;INF179K01749;10.0403;;;24-Aug-2021

ICICI Prudential Mutual Fund
101804;ICICI Prudential Floating Interest Fund - Daily IDCW;INF109K01AW3;;101.8992;;;24-Aug-2021
120423;ICICI Prudential Floating Interest Fund - Direct Plan - Daily IDCW;;INF109K01P24;101.8992;;;24-Aug-2021
120427;ICICI Prudential Floating Interest Fund - Direct Plan - Fortnightly IDCW;INF109K01P40;;102.1664;;;24-Aug-2021
120425;ICICI Prudential Floating Interest Fund - Direct Plan - Growth;INF109K01P57;;355.3542;;;24-Aug-2021
120426;ICICI Prudential Floating Interest Fund - Direct Plan - IDCW Others;INF109K01P65;INF109K01P32;158.1600;;;24-Aug-2021
122607;ICICI Prudential Floating Interest Fund - Direct Plan - Monthly IDCW;INF109K018Z6;INF109K017Z8;102.6159;;;24-Aug-2021
125216;ICICI Prudential Floating Interest Fund - Direct Plan - Quarterly IDCW;INF109KA1012;INF109K019Z4;107.5023;;;24-Aug-2021
120424;ICICI Prudential Floating Interest Fund - Direct Plan - Weekly IDCW;INF109K01P73;INF109K01P81;101.9281;;;24-Aug-2021
101803;ICICI Prudential Floating Interest Fund - Fortnightly IDCW;INF109K01AZ6;;102.1437;;;24-Aug-2021
101802;ICICI Prudential Floating Interest Fund - Growth;INF109K01AX1;;333.8100;;;24-Aug-2021
115510;ICICI Prudential Floating Interest Fund - IDCW Others;INF109K01WQ9;INF109K01WP1;153.6135;;;24-Aug-2021
122606;ICICI Prudential Floating Interest Fund - Monthly IDCW;INF109KA1038;INF109KA1020;103.2691;;;24-Aug-2021
122891;ICICI Prudential Floating Interest Fund - Quarterly IDCW;INF109KA1053;INF109KA1046;106.1723;;;24-Aug-2021
111545;ICICI Prudential Floating Interest Fund - Weekly IDCW;INF109K01EN4;INF109K01AY9;101.9259;;;24-Aug-2021

Kotak Mahindra Mutual Fund
147269;KOTAK FLOATING RATE FUND-DIRECT PLAN-GROWTH OPTION;INF174KA1EC0;;1199.6259;;;24-Aug-2021
147267;KOTAK FLOATING RATE FUND-DIRECT PLAN-Standard Reinvestment of Income Distribution cum capital withdrawal option;;INF174KA1EF3;1054.6001;;;24-Aug-2021
147266;KOTAK FLOATING RATE FUND-REGULAR PLAN-GROWTH OPTION;INF174KA1DY6;;1190.2467;;;24-Aug-2021
147265;KOTAK FLOATING RATE FUND-REGULAR PLAN-STANDARD Reinvestment of Income Distribution cum capital withdrawal option;;INF174KA1EB2;1068.6099;;;24-Aug-2021
147271;KOTAK FLOATING RATE FUND-REGULAR PLAN-weekly Reinvestment of Income Distribution cum capital withdrawal option;;INF174KA1DZ3;1105.9168;;;24-Aug-2021

Nippon India Mutual Fund
118656;Nippon India Floating Rate Fund  - Direct Plan Growth Plan - Growth Option;INF204K01E05;;36.9967;;;24-Aug-2021
102676;NIPPON INDIA FLOATING RATE FUND - DAILY IDCW REINVESTMENT Option;;INF204K01CI7;10.3101;;;24-Aug-2021
118654;NIPPON INDIA FLOATING RATE FUND - DIRECT Plan - DAILY IDCW Option;;INF204K01D71;10.3317;;;24-Aug-2021
124590;NIPPON INDIA FLOATING RATE FUND - DIRECT Plan - IDCW Option;INF204KA1DU8;INF204KA1DV6;16.5266;;;24-Aug-2021
118655;NIPPON INDIA FLOATING RATE FUND - DIRECT Plan - MONTHLY IDCW Option;INF204K01D89;INF204K01D97;11.1861;;;24-Aug-2021
118661;NIPPON INDIA FLOATING RATE FUND - DIRECT Plan - QUARTERLY IDCW Option;INF204K01C98;INF204K01D06;10.6779;;;24-Aug-2021
118660;NIPPON INDIA FLOATING RATE FUND - DIRECT Plan - WEEKLY IDCW Option;INF204K01D14;INF204K01E13;10.3161;;;24-Aug-2021
102673;Nippon India Floating Rate Fund - Growth Plan-Growth Option;INF204K01CG1;;35.5825;;;24-Aug-2021
124589;NIPPON INDIA FLOATING RATE FUND - IDCW Option;INF204KA1DS2;INF204KA1DT0;16.0665;;;24-Aug-2021
102675;NIPPON INDIA FLOATING RATE FUND - MONTHLY IDCW Option;INF204K01CH9;INF204K01CK3;10.9982;;;24-Aug-2021
112942;NIPPON INDIA FLOATING RATE FUND - QUARTERLY IDCW Option;INF204K01HK2;INF204K01HL0;10.7962;;;24-Aug-2021
102677;NIPPON INDIA FLOATING RATE FUND - WEEKLY IDCW Option;INF204K01OQ5;INF204K01CJ5;10.3129;;;24-Aug-2021

SBI Mutual Fund
148550;SBI Floating Rate Debt Fund - Direct Plan - Growth;INF200KA1R64;;10.4270;;;24-Aug-2021
148551;SBI Floating Rate DEBT Fund - Direct Plan - Monthly Income Distribution cum Capital Withdrawal Option (IDCW);INF200KA1R72;INF200KA1R80;10.4264;;;24-Aug-2021
148549;SBI Floating Rate DEBT Fund - Direct Plan - Quarterly Income Distribution cum Capital Withdrawal Option (IDCW);INF200KA1R98;INF200KA1S06;10.4271;;;24-Aug-2021
148543;SBI Floating Rate Debt Fund - Regular Plan - Growth;INF200KA1R15;;10.4093;;;24-Aug-2021
148544;SBI Floating Rate DEBT Fund - Regular Plan - Monthly Income Distribution cum Capital Withdrawal Option (IDCW);INF200KA1R23;INF200KA1R31;10.4099;;;24-Aug-2021
148546;SBI Floating Rate DEBT Fund - Regular Plan - Quarterly Income Distribution cum Capital Withdrawal Option (IDCW);INF200KA1R49;INF200KA1R56;10.4098;;;24-Aug-2021

Tata Mutual Fund
149007;Tata Floating Rate Fund -Direct Plan-Growth;INF277KA1026;;10.0635;;;24-Aug-2021
149037;Tata Floating Rate Fund-Direct Plan-IDCW Monthly Dividend Reinvestment;;INF277KA1075;10.0635;;;24-Aug-2021
149000;Tata Floating Rate Fund-Direct Plan-IDCW Monthly Payout;INF277KA1042;;10.0635;;;24-Aug-2021
149033;Tata Floating Rate Fund-Direct Plan-IDCW Periodic Dividend Reinvestment;;INF277KA1067;10.0635;;;24-Aug-2021
149002;Tata Floating Rate Fund-Direct Plan-IDCW Periodic Payout;INF277KA1034;;10.0635;;;24-Aug-2021
149034;Tata Floating Rate Fund-Direct Plan-IDCW Quarterly Dividend Reinvestment;;INF277KA1083;10.0635;;;24-Aug-2021
149001;Tata Floating Rate Fund-Direct Plan-IDCW Quarterly Payout;INF277KA1059;;10.0635;;;24-Aug-2021
149003;Tata Floating Rate Fund-Regular Plan-Growth;INF277KA1091;;10.0565;;;24-Aug-2021
149035;Tata Floating Rate Fund-Regular Plan-IDCW Monthly Dividend Reinvestment;;INF277KA1141;10.0565;;;24-Aug-2021
149004;Tata Floating Rate Fund-Regular Plan-IDCW Monthly Payout;INF277KA1117;;10.0565;;;24-Aug-2021
149036;Tata Floating Rate Fund-Regular Plan-IDCW Periodic Dividend Reinvestment;;INF277KA1133;10.0565;;;24-Aug-2021
149006;Tata Floating Rate Fund-Regular Plan-IDCW Periodic Payout;INF277KA1109;;10.0565;;;24-Aug-2021
149038;Tata Floating Rate Fund-Regular Plan-IDCW Quarterly Dividend Reinvestment;;INF277KA1158;10.0565;;;24-Aug-2021
149005;Tata Floating Rate Fund-Regular Plan-IDCW Quarterly Payout;INF277KA1125;;10.0565;;;24-Aug-2021

UTI Mutual Fund
145295;UTI - Floater Fund - Direct Plan - Growth Option;INF789F1ACX5;;1236.434;;;24-Aug-2021
145287;UTI - Floater Fund - Regular Plan  - Growth Option;INF789F1ACO4;;1203.6492;;;24-Aug-2021
145293;UTI Floater Fund - Direct Plan - Annual IDCW;INF789F1ADA1;INF789F1ADB9;1151.542;;;24-Aug-2021
145291;UTI Floater Fund - Direct Plan - Flexi IDCW;INF789F1ADE3;INF789F1ADF0;1184.5013;;;24-Aug-2021
145296;UTI Floater Fund - Direct Plan - Half-Yearly IDCW;INF789F1ADC7;INF789F1ADD5;1161.6686;;;24-Aug-2021
145290;UTI Floater Fund - Direct Plan - Quarterly IDCW;INF789F1ACY3;INF789F1ACZ0;1179.5215;;;24-Aug-2021
145289;UTI Floater Fund - Regular Plan - Annual IDCW;INF789F1ACR7;INF789F1ACS5;1162.8373;;;24-Aug-2021
145292;UTI Floater Fund - Regular Plan - Flexi IDCW;INF789F1ACV9;INF789F1ACW7;1120.0915;;;24-Aug-2021
145288;UTI Floater Fund - Regular Plan - Half-Yearly IDCW;INF789F1ACT3;INF789F1ACU1;1097.7028;;;24-Aug-2021
145294;UTI Floater Fund - Regular Plan - Quarterly IDCW;INF789F1ACP1;INF789F1ACQ9;1103.0149;;;24-Aug-2021

Open Ended Schemes ( Hybrid Scheme - Conservative Hybrid Fund )


Aditya Birla Sun Life Mutual Fund
120550;Aditya Birla Sun Life Regular Savings Fund - DIRECT - MONTHLY IDCW;INF209K01R47;;24.1074;;;24-Aug-2021
120705;Aditya Birla Sun Life Regular Savings Fund - Growth / Payment - Direct Plan;INF209K01XH4;INF209K01XJ0;52.4213;;;24-Aug-2021
101818;Aditya Birla Sun Life Regular Savings Fund - Growth / Payment - Regular Plan;INF209K01751;INF209K01777;48.6229;;;24-Aug-2021
101816;Aditya Birla Sun Life Regular Savings Fund - REGULAR - MONTHLY IDCW;INF209K01769;INF209K01DF0;15.3049;;;24-Aug-2021

Axis Mutual Fund
120477;Axis Conservative Hybrid Fund - Direct Plan - Annual IDCW;INF846K01DY0;INF846K01DZ7;14.2149;;;24-Aug-2021
120480;Axis Conservative Hybrid Fund - Direct Plan - Growth Option;INF846K01EA8;;26.4188;;;24-Aug-2021
120478;Axis Conservative Hybrid Fund - Direct Plan - Half Yearly;INF846K01EB6;INF846K01EC4;12.9866;;;24-Aug-2021
120479;Axis Conservative Hybrid Fund - Direct Plan - Quarterly;INF846K01ED2;INF846K01EE0;13.9821;;;24-Aug-2021
112927;Axis Conservative Hybrid Fund - Regular Plan - Annual IDCW;INF846K01743;INF846K01750;12.9175;;;24-Aug-2021
112924;Axis Conservative Hybrid Fund - Regular Plan - Growth Option;INF846K01693;;23.7797;;;24-Aug-2021
112926;Axis Conservative Hybrid Fund - Regular Plan - Half Yearly IDCW;INF846K01727;INF846K01735;12.6666;;;24-Aug-2021
112925;Axis Conservative Hybrid Fund - Regular Plan - Quarterly IDCW;INF846K01701;INF846K01719;12.3082;;;24-Aug-2021

Bandhan Mutual Fund
112353;BANDHAN Conservative Hybrid Fund - Regular Plan - Growth;INF194K01RW9;;25.6196;;;24-Aug-2021
112352;BANDHAN Conservative Hybrid Fund - Regular Plan - IDCW;INF194K01RY5;INF194K01RX7;13.8499;;;24-Aug-2021
113361;BANDHAN Conservative Hybrid Fund - Regular Plan - Quarterly IDCW;INF194K01SB1;INF194K01SA3;13.7129;;;24-Aug-2021
118491;BANDHAN Conservative Hybrid Fund-Direct Plan-Growth;INF194K015B9;;27.6450;;;24-Aug-2021
118490;BANDHAN Conservative Hybrid Fund-Direct Plan-IDCW;INF194K017B5;INF194K016B7;15.1835;;;24-Aug-2021
118492;BANDHAN Conservative Hybrid Fund-Direct Plan-Quarterly IDCW;INF194K010C8;INF194K019B1;15.7568;;;24-Aug-2021

Baroda BNP Paribas Mutual Fund
102661;BARODA CONSERVATIVE HYBRID FUND - Plan A - Growth Option;INF955L01161;;30.0412;;;24-Aug-2021
102662;BARODA CONSERVATIVE HYBRID FUND - Plan A - Monthly IDCW Option;INF955L01179;INF955L01187;14.9943;;;24-Aug-2021
102663;BARODA CONSERVATIVE HYBRID FUND - Plan A - Quarterly IDCW Option;INF955L01195;INF955L01203;14.5278;;;24-Aug-2021
119389;BARODA CONSERVATIVE HYBRID FUND - Plan B (Direct) - Growth Option;INF955L01AQ9;;32.3226;;;24-Aug-2021
119391;BARODA CONSERVATIVE HYBRID FUND - Plan B (Direct) - Quarterly IDCW Option;INF955L01AR7;;14.7356;;;24-Aug-2021
119390;BARODA CONSERVATIVE HYBRID FUND - Plan B (Direct)- Monthly IDCW Option;INF955L01AO4;;16.0427;;;24-Aug-2021

BNP Paribas Mutual Fund
120082;BNP Paribas Conservative Hybrid Fund - Direct Plan - Growth Option;INF251K01HR8;;39.4140;;;24-Aug-2021
120083;BNP Paribas Conservative Hybrid Fund - Direct Plan - Monthly Income Distribution cum Capital Withdrawal Option;INF251K01HS6;INF251K01HT4;12.5981;;;24-Aug-2021
120111;BNP Paribas Conservative Hybrid Fund - Direct Plan - Quarterly Income Distribution cum Capital Withdrawal Option;INF251K01HU2;INF251K01HV0;12.3935;;;24-Aug-2021
113560;BNP PARIBAS Conservative Hybrid Fund-Regular Plan-Growth Option;INF251K01845;;34.3312;;;24-Aug-2021
113561;BNP PARIBAS Conservative hybrid Fund-Regular Plan-Monthly Income Distribution cum Capital Withdrawal Option;INF251K01852;INF251K01860;11.1117;;;24-Aug-2021
113562;BNP PARIBAS Conservative Hybrid Fund-Regular Plan-Quarterly Income Distribution cum Capital Withdrawal Option;INF251K01878;INF251K01886;11.3778;;;24-Aug-2021

Canara Robeco Mutual Fund
118309;CANARA ROBECO CONSERVATIVE HYBRID FUND - DIRECT PLAN - GROWTH OPTION;INF760K01GB4;;80.7022;;;24-Aug-2021
118311;CANARA ROBECO CONSERVATIVE HYBRID FUND - DIRECT PLAN - MONTHLY IDCW (Payout/Reinvestment);INF760K01FZ5;INF760K01GA6;16.2463;;;24-Aug-2021
118310;CANARA ROBECO CONSERVATIVE HYBRID FUND - DIRECT PLAN - QUARTERLY IDCW (Payout/Reinvestment);INF760K01GC2;INF760K01GD0;15.8328;;;24-Aug-2021
100601;CANARA ROBECO CONSERVATIVE HYBRID FUND - REGULAR PLAN - GROWTH OPTION;INF760K01282;;73.6859;;;24-Aug-2021
100600;CANARA ROBECO CONSERVATIVE HYBRID FUND - REGULAR PLAN - MONTHLY IDCW (Payout/Reinvestment);INF760K01308;INF760K01316;14.3148;;;24-Aug-2021
112378;CANARA ROBECO CONSERVATIVE HYBRID FUND - REGULAR PLAN - QUARTERLY IDCW (Payout/Reinvestment);INF760K01AP7;INF760K01AQ5;14.0155;;;24-Aug-2021

DSP Mutual Fund
118994;DSP Regular Savings Fund - Direct Plan - Growth;INF740K01NO5;;47.6915;;;24-Aug-2021
118992;DSP Regular Savings Fund - Direct Plan - IDCW - Monthly;INF740K01NP2;INF740K01NR8;13.5451;;;24-Aug-2021
118993;DSP Regular Savings Fund - Direct Plan - IDCW - Quarterly ;INF740K01NQ0;INF740K01NS6;13.5717;;;24-Aug-2021
102450;DSP Regular Savings Fund - Regular Plan - IDCW - Monthly;INF740K01458;INF740K01466;11.6865;;;24-Aug-2021
102451;DSP Regular Savings Fund - Regular Plan - IDCW - Quarterly ;INF740K01474;INF740K01482;12.0669;;;24-Aug-2021
102448;DSP Regular Savings Fund- Regular Plan - Growth;INF740K01441;;43.5517;;;24-Aug-2021

Franklin Templeton Mutual Fund
118574;Franklin India Debt Hybrid Fund - Direct - GROWTH;INF090I01GF1;;71.2276;;;24-Aug-2021
100948;Franklin India Debt Hybrid Fund - Growth;INF090I01EA7;;66.7555;;;24-Aug-2021
118575;Franklin India Debt Hybrid Fund - Plan A - Direct - Monthly - IDCW;INF090I01GG9;INF090I01GH7;14.4691;;;24-Aug-2021
118576;Franklin India Debt Hybrid Fund - Plan A - Direct - Quarterly - IDCW;INF090I01GI5;INF090I01GJ3;13.8592;;;24-Aug-2021
100949;Franklin India Debt Hybrid Fund - Plan A - Monthly - IDCW;INF090I01EB5;INF090I01EC3;13.2679;;;24-Aug-2021
100950;Franklin India Debt Hybrid Fund - Plan A - Quarterly - IDCW;INF090I01ED1;INF090I01EE9;12.6991;;;24-Aug-2021

Groww Mutual Fund
135690;Indiabulls Savings Income Fund- Direct Plan- - Monthly- Income Distribution cum capital withdrawal Option (Payout & Reinvestment);INF666M01BL9;INF666M01BM7;11.8147;;;24-Aug-2021
142016;Indiabulls Savings Income Fund- Direct Plan- Quarterly- Income Distribution cum capital withdrawal Option (Payout & Reinvestment);INF666M01DQ4;INF666M01DR2;12.0854;;;24-Aug-2021
135691;Indiabulls Savings Income Fund- Regular Plan-Monthly - Income Distribution cum capital withdrawal Option (Payout & Reinvestment);INF666M01BO3;INF666M01BP0;10.8898;;;24-Aug-2021
142015;Indiabulls Savings Income Fund- Regular Plan-Quarterly - Income Distribution cum capital withdrawal Option (Payout & Reinvestment);INF666M01DS0;INF666M01DT8;11.3637;;;24-Aug-2021
135689;Indiabulls Savings Income Fund-Direct Plan-Growth Option;INF666M01BK1;;17.1426;;;24-Aug-2021
135692;Indiabulls Savings Income Fund-Regular Plan-Growth Option;INF666M01BN5;;15.7098;;;24-Aug-2021

HDFC Mutual Fund
119118;HDFC Hybrid Debt Fund - Growth Option - Direct Plan;INF179K01XE6;;59.9596;;;24-Aug-2021
102147;HDFC Hybrid Debt Fund - Growth Plan;INF179K01AE4;;57.4835;;;24-Aug-2021
102148;HDFC Hybrid Debt Fund - IDCW Monthly;INF179K01AA2;INF179K01AB0;13.4432;;;24-Aug-2021
119119;HDFC Hybrid Debt Fund - IDCW Monthly - Direct Plan;INF179K01XF3;INF179K01XG1;14.3194;;;24-Aug-2021
102149;HDFC Hybrid Debt Fund - IDCW Quarterly;INF179K01AC8;INF179K01AD6;14.2874;;;24-Aug-2021
119120;HDFC Hybrid Debt Fund - IDCW Quarterly - Direct Plan;INF179K01XH9;INF179K01XI7;15.2084;;;24-Aug-2021

HSBC Mutual Fund
120073;HSBC Conservative Hybrid Fund - Direct Growth;INF336L01DW4;;48.4253;;;24-Aug-2021
120074;HSBC Conservative Hybrid Fund - Direct Monthly IDCW;INF336L01DX2;INF336L01DY0;16.6512;;;24-Aug-2021
120075;HSBC Conservative Hybrid Fund - Direct Quarterly IDCW;INF336L01DZ7;INF336L01EA8;14.4414;;;24-Aug-2021
102262;HSBC Conservative Hybrid Fund - Regular Growth;INF336L01099;;45.0266;;;24-Aug-2021
102260;HSBC Conservative Hybrid Fund - Regular Monthly IDCW;INF336L01107;INF336L01115;12.9348;;;24-Aug-2021
102261;HSBC Conservative Hybrid Fund - Regular Quarterly IDCW;INF336L01123;INF336L01131;16.3516;;;24-Aug-2021

ICICI Prudential Mutual Fund
120616;ICICI Prudential Regular Savings Fund - Direct Plan - Growth;INF109K01S39;;57.0950;;;24-Aug-2021
120613;ICICI Prudential Regular Savings Fund - Direct Plan - Half Yearly IDCW;INF109K01S47;INF109K01S54;16.7101;;;24-Aug-2021
120615;ICICI Prudential Regular Savings Fund - Direct Plan - Monthly IDCW;INF109K01S62;INF109K01S70;16.3929;;;24-Aug-2021
120614;ICICI Prudential Regular Savings Fund - Direct Plan - Quarterly IDCW;INF109K01S88;INF109K01S96;14.3559;;;24-Aug-2021
102330;ICICI Prudential Regular Savings Fund - Plan - Growth;INF109K01902;;53.4720;;;24-Aug-2021
113098;ICICI Prudential Regular Savings Fund - Plan - Half Yearly IDCW;INF109K01IW6;INF109K01WX5;13.0164;;;24-Aug-2021
102331;ICICI Prudential Regular Savings Fund - Plan - Monthly IDCW;INF109K01ER5;INF109K01894;13.9539;;;24-Aug-2021
113097;ICICI Prudential Regular Savings Fund - Plan - Quarterly IDCW;INF109K01IX4;INF109K01WY3;11.6968;;;24-Aug-2021

Kotak Mahindra Mutual Fund
114859;Kotak Debt Hybrid - Growth;INF174K01393;;41.0392;;;24-Aug-2021
120154;Kotak Debt Hybrid - Growth - Direct;INF174K01JZ1;;45.0395;;;24-Aug-2021
114858;Kotak Debt Hybrid - Monthly Payout of Income Distribution cum capital withdrawal option;INF174K01419;INF174K01401;12.8985;;;24-Aug-2021
120155;Kotak Debt Hybrid - Monthly Payout of Income Distribution cum capital withdrawal option - Direct;INF174K01KA2;INF174K01KB0;13.6488;;;24-Aug-2021
114860;Kotak Debt Hybrid - Quarterly Payout of Income Distribution cum capital withdrawal option;INF174K01435;INF174K01427;15.0181;;;24-Aug-2021
120156;Kotak Debt Hybrid - Quarterly Payout of Income Distribution cum capital withdrawal option - Direct;INF174K01KC8;;16.0566;;;24-Aug-2021

L&T Mutual Fund
119852;L&T Conservative Hybrid Fund -Direct Plan- Growth;INF917K01GF1;;44.5266;;;24-Aug-2021
112487;L&T Conservative Hybrid Fund- Regular Plan - Growth;INF917K01056;;42.0434;;;24-Aug-2021
119853;L&T Conservative Hybrid Fund -Direct Plan-Monthly IDCW;INF917K01GH7;INF917K01GG9;12.2417;;;24-Aug-2021
112488;L&T Conservative Hybrid Fund -Regular Plan - Monthly IDCW;INF917K01031;INF917K01049;11.4145;;;24-Aug-2021
119854;L&T Conservative Hybrid Fund -Direct Plan-Quarterly IDCW;INF917K01GJ3;INF917K01GI5;11.9032;;;24-Aug-2021
112489;L&T Conservative Hybrid Fund -Regular Plan -Quarterly IDCW;INF917K01064;INF917K01072;11.2722;;;24-Aug-2021

LIC Mutual Fund
120276;LIC MF Conservative Hybrid Fund-Direct Plan-Growth;INF767K01EO7;;71.2147;;;24-Aug-2021
120277;LIC MF Conservative Hybrid Fund-Direct Plan-Monthly IDCW;INF767K01EP4;INF767K01ES8;11.7489;;;24-Aug-2021
120274;LIC MF Conservative Hybrid Fund-Direct Plan-Quarterly IDCW;INF767K01EQ2;INF767K01ET6;14.3836;;;24-Aug-2021
120275;LIC MF Conservative Hybrid Fund-Direct Plan-Yearly IDCW;INF767K01ER0;INF767K01EU4;13.5135;;;24-Aug-2021
101869;LIC MF Conservative Hybrid Fund-Regular Plan-Growth;INF767K01808;;66.6282;;;24-Aug-2021
101866;LIC MF Conservative Hybrid Fund-Regular Plan-Monthly IDCW;INF767K01816;INF767K01824;12.1344;;;24-Aug-2021
101867;LIC MF Conservative Hybrid Fund-Regular Plan-Quarterly IDCW;INF767K01832;INF767K01840;12.42;;;24-Aug-2021
101868;LIC MF Conservative Hybrid Fund-Regular Plan-Yearly IDCW;INF767K01857;INF767K01865;12.6675;;;24-Aug-2021

Navi Mutual Fund
113143;Navi Conservative Hybrid  Fund - Quarterly IDCW;INF959L01114;INF959L01122;13.3978;;;24-Aug-2021
119157;Navi Conservative Hybrid Fund - Direct Plan Monthly IDCW;INF959L01684;INF959L01692;11.337;;;24-Aug-2021
119158;Navi Conservative Hybrid Fund - Direct Plan Quarterly IDCW;INF959L01700;INF959L01718;15.1466;;;24-Aug-2021
113141;Navi Conservative Hybrid Fund - Monthly IDCW;INF959L01098;INF959L01106;10.813;;;24-Aug-2021
119156;Navi Conservative Hybrid Fund-Direct Plan-Growth Option;INF959L01676;;24.8482;;;24-Aug-2021
113142;Navi Conservative Hybrid Fund-Growth;INF959L01130;;21.7842;;;24-Aug-2021

Nippon India Mutual Fund
148291;NIPPON INDIA HYBRID BOND FUND -  SEGREGATED PORTFOLIO 2 - DIRECT Plan - MONTHLY IDCW Option;INF204KB15O7;INF204KB16O5;0.0000;;;24-Aug-2021
148292;NIPPON INDIA HYBRID BOND FUND -  SEGREGATED PORTFOLIO 2 - DIRECT Plan - QUARTERLY IDCW Option;INF204KB17O3;INF204KB18O1;0.0000;;;24-Aug-2021
148294;NIPPON INDIA HYBRID BOND FUND -  SEGREGATED PORTFOLIO 2 - MONTHLY IDCW Option;INF204KB10P5;INF204KB11P3;0.0000;;;24-Aug-2021
148295;NIPPON INDIA HYBRID BOND FUND -  SEGREGATED PORTFOLIO 2 - QUARTERLY IDCW Option;INF204KB12P1;INF204KB13P9;0.0000;;;24-Aug-2021
118727;NIPPON INDIA HYBRID BOND FUND - DIRECT Plan - MONTHLY IDCW Option;INF204K01YW2;INF204K01YX0;11.5285;;;24-Aug-2021
118729;NIPPON INDIA HYBRID BOND FUND - DIRECT Plan - QUARTERLY IDCW Option;INF204K01YY8;INF204K01YZ5;12.2385;;;24-Aug-2021
118726;Nippon India Hybrid Bond Fund - Direct Plan Growth Plan - Growth Option;INF204K01YV4;;45.9898;;;24-Aug-2021
102173;NIPPON INDIA HYBRID BOND FUND - MONTHLY IDCW Option;INF204K01FE9;INF204K01FF6;10.6303;;;24-Aug-2021
102174;NIPPON INDIA HYBRID BOND FUND - QUARTERLY IDCW Option;INF204K01FG4;INF204K01FH2;11.7155;;;24-Aug-2021
148296;Nippon India Hybrid Bond Fund - Segregated Portfolio 2 - Direct Plan - Growth Plan - Growth Option;INF204KB14O0;;0.0000;;;24-Aug-2021
148293;Nippon India Hybrid Bond Fund - Segregated Portfolio 2 - Growth Plan;INF204KB19O9;;0.0000;;;24-Aug-2021
102172;Nippon India Hybrid Bond Fund-Growth Plan;INF204K01FD1;;42.8686;;;24-Aug-2021

PPFAS Mutual Fund
148958;Parag Parikh Conservative Hybrid Fund - Direct Plan - Growth;INF879O01175;;10.1111;;;24-Aug-2021
148961;Parag Parikh Conservative Hybrid Fund - Direct Plan - Monthly IDCW;INF879O01167;INF879O01159;10.0845;;;24-Aug-2021
148959;Parag Parikh Conservative Hybrid Fund - Regular Plan - Growth;INF879O01209;;10.1035;;;24-Aug-2021
148960;Parag Parikh Conservative Hybrid Fund - Regular Plan - Monthly IDCW;INF879O01191;INF879O01183;10.0794;;;24-Aug-2021

SBI Mutual Fund
119836;SBI Conservative Hybrid Fund  - Direct Plan - Quarterly Income Distribution cum Capital Withdrawal Option (IDCW);INF200K01TV2;INF200K01TW0;16.5785;;;24-Aug-2021
119837;SBI Conservative Hybrid Fund - Direct Plan - Annual Income Distribution cum Capital Withdrawal Option (IDCW);INF200K01TQ2;INF200K01TR0;21.6378;;;24-Aug-2021
119839;SBI Conservative Hybrid Fund - Direct Plan - Growth;INF200K01TS8;;54.2590;;;24-Aug-2021
119838;SBI Conservative Hybrid Fund - Direct Plan - Monthly Income Distribution cum Capital Withdrawal Option (IDCW);INF200K01TT6;INF200K01TU4;19.8622;;;24-Aug-2021
100929;SBI Conservative Hybrid Fund - Regular Plan - Annual Income Distribution cum Capital Withdrawal Option (IDCW);INF200K01909;INF200K01917;17.8716;;;24-Aug-2021
100968;SBI Conservative Hybrid Fund - Regular Plan - Growth;INF200K01859;;50.6663;;;24-Aug-2021
100927;SBI Conservative Hybrid Fund - Regular Plan - Monthly Income Distribution cum Capital Withdrawal Option (IDCW);INF200K01867;INF200K01875;15.5630;;;24-Aug-2021
100928;SBI Conservative Hybrid Fund - Regular Plan - Quarterly Income Distribution cum Capital Withdrawal Option (IDCW);INF200K01883;INF200K01891;14.6129;;;24-Aug-2021

Sundaram Mutual Fund
119635;Sundaram Conservative Hybrid Fund (Formerly Known as Sundaram Debt Oriented Hybrid Fund) Direct Plan - Growth;INF903J01OP6;;23.3384;;;24-Aug-2021
119638;Sundaram Conservative Hybrid Fund (Formerly Known as Sundaram Debt Oriented Hybrid Fund) Direct Plan - Half yearly Income Distribution cum Capital Withdrawal (IDCW);INF903J01OS0;INF903J01OV4;15.9442;;;24-Aug-2021
119636;Sundaram Conservative Hybrid Fund (Formerly Known as Sundaram Debt Oriented Hybrid Fund) Direct Plan - Monthly Income Distribution cum Capital Withdrawal (IDCW);INF903J01OQ4;INF903J01OT8;12.6774;;;24-Aug-2021
119637;Sundaram Conservative Hybrid Fund (Formerly Known as Sundaram Debt Oriented Hybrid Fund) Direct Plan - Quarterly Income Distribution cum Capital Withdrawal (IDCW);INF903J01OR2;INF903J01OU6;15.8102;;;24-Aug-2021
112868;Sundaram Conservative Hybrid Fund (Formerly Known as Sundaram Debt Oriented Hybrid Fund) Regular Plan - Growth;INF903J01HB0;;21.9560;;;24-Aug-2021
112869;Sundaram Conservative Hybrid Fund (Formerly Known as Sundaram Debt Oriented Hybrid Fund) Regular Plan - Half yearly Income Distribution cum Capital Withdrawal (IDCW);INF903J01HE4;INF903J01HH7;14.8998;;;24-Aug-2021
112867;Sundaram Conservative Hybrid Fund (Formerly Known as Sundaram Debt Oriented Hybrid Fund) Regular Plan - Monthly Income Distribution cum Capital Withdrawal (IDCW);INF903J01HC8;INF903J01HF1;12.5807;;;24-Aug-2021
112870;Sundaram Conservative Hybrid Fund (Formerly Known as Sundaram Debt Oriented Hybrid Fund) Regular Plan - Quarterly Income Distribution cum Capital Withdrawal (IDCW);INF903J01HD6;INF903J01HG9;14.8201;;;24-Aug-2021

UTI Mutual Fund
148106;UTI - Regular Saving Fund (Segregated - 17022020) - Direct Plan - Growth Option;INF789F1AQP1;;0.9906;;;24-Aug-2021
148112;UTI - Regular Saving Fund (Segregated - 17022020) - Direct Plan - Monthly Payment Option;INF789F1AQM8;;0.9743;;;24-Aug-2021
148105;UTI - Regular Saving Fund (Segregated - 17022020) - Regular Plan - Growth Option;INF789F1AQJ4;;0.9435;;;24-Aug-2021
148108;UTI - Regular Saving Fund (Segregated - 17022020) - Regular Plan - Monthly Payment Option;INF789F1AQG0;;0.944;;;24-Aug-2021
148115;UTI Regular Saving Fund ( Segregated - 17022020) - Direct Plan - Flexi IDCW;INF789F1AQQ9;INF789F1AQR7;0.8287;;;24-Aug-2021
148109;UTI Regular Saving Fund ( Segregated - 17022020) - Direct Plan - Monthly IDCW;INF789F1AQN6;INF789F1AQO4;0.3527;;;24-Aug-2021
148111;UTI Regular Saving Fund ( Segregated - 17022020) - Regular Plan - Flexi IDCW;INF789F1AQK2;INF789F1AQL0;0.7845;;;24-Aug-2021
148104;UTI Regular Saving Fund ( Segregated - 17022020) - Regular Plan - Monthly IDCW;INF789F1AQH8;INF789F1AQI6;0.332;;;24-Aug-2021
102533;UTI Conservative Hybrd Fund - Regular Plan - Monthly Payment Option;INF789F01927;;49.2189;;;24-Aug-2021
120789;UTI Conservative Hybrid Fund - Direct Plan - Flexi IDCW;INF789F01UH1;INF789F01UI9;40.1132;;;24-Aug-2021
120779;UTI Conservative Hybrid Fund - Direct Plan - Growth Option;INF789F01UJ7;;52.0205;;;24-Aug-2021
120778;UTI Conservative Hybrid Fund - Direct Plan - Monthly IDCW;INF789F01UK5;INF789F01UL3;16.8719;;;24-Aug-2021
120790;UTI Conservative Hybrid Fund - Direct Plan - Monthly Payment Option;INF789F01UM1;;51.1735;;;24-Aug-2021
102534;UTI Conservative Hybrid Fund - Regular Plan - Flexi IDCW;INF789F01877;INF789F01885;37.5103;;;24-Aug-2021
102535;UTI Conservative Hybrid Fund - Regular Plan - Growth Option;INF789F01893;;49.1938;;;24-Aug-2021
102536;UTI Conservative Hybrid Fund - Regular Plan - Monthly IDCW;INF789F01901;INF789F01919;15.669;;;24-Aug-2021

Open Ended Schemes ( Hybrid Scheme - Balanced Hybrid Fund )


Nippon India Mutual Fund
118738;NIPPON INDIA BALANCED ADVANTAGE FUND - DIRECT Plan - IDCW Option;INF204K01G78;INF204K01G86;36.5234;;;24-Aug-2021
118736;Nippon India Balanced Advantage Fund - Direct Plan Growth Plan - Growth Option;INF204K01G94;;128.3577;;;24-Aug-2021
102848;NIPPON INDIA BALANCED ADVANTAGE FUND - IDCW Option;INF204K01570;INF204K01588;29.2671;;;24-Aug-2021
102847;Nippon India Balanced Advantage Fund-Growth Plan-Bonus Option;INF204K01596;;119.0646;;;24-Aug-2021
102846;Nippon India Balanced Advantage Fund-Growth Plan-Growth Option;INF204K01604;;119.0646;;;24-Aug-2021

Sundaram Mutual Fund
119542;Sundaram Equity Hybrid Fund Direct Plan - Growth;INF903J01MP0;;138.0348;;;24-Aug-2021
119545;Sundaram Equity Hybrid Fund Direct Plan - Income Distribution cum Capital Withdrawal (IDCW);INF903J01MN5;INF903J01MO3;18.2159;;;24-Aug-2021
100617;Sundaram Equity Hybrid Fund Regular Plan - Growth;INF903J01744;;128.0594;;;24-Aug-2021
101472;Sundaram Equity Hybrid Fund Regular Plan - Income Distribution cum Capital Withdrawal (IDCW);INF903J01728;INF903J01736;16.0819;;;24-Aug-2021

Open Ended Schemes ( Hybrid Scheme - Aggressive Hybrid Fund )


Aditya Birla Sun Life Mutual Fund
120517;Aditya Birla Sun Life Equity Hybrid'95 Fund - Direct Plan-Growth;INF209K01ZC0;;1121.12;;;24-Aug-2021
103155;Aditya Birla Sun Life Equity Hybrid'95 Fund - Regular Plan-Growth;INF209K01BT5;;1032.02;;;24-Aug-2021
120518;Aditya Birla Sun Life Equity Hybrid'95 Fund -DIRECT - IDCW;INF209KA1LH3;INF209K01ZB2;261.1;;;24-Aug-2021
103154;Aditya Birla Sun Life Equity Hybrid'95 Fund -Regular - IDCW;INF209K01BS7;INF209K01EE1;157.57;;;24-Aug-2021

Axis Mutual Fund
144394;Axis Aggressive Hybrid Fund - Direct Plan - Growth Option;INF846K01E25;;15.60;;;24-Aug-2021
144397;Axis Aggressive Hybrid Fund - Direct Plan - Monthly IDCW;INF846K01E33;INF846K01E41;14.69;;;24-Aug-2021
144398;Axis Aggressive Hybrid Fund - Direct Plan - Quarterly IDCW;INF846K01E58;INF846K01E66;15.07;;;24-Aug-2021
144395;Axis Aggressive Hybrid Fund - Direct Plan - Regular IDCW;INF846K01E09;INF846K01E17;14.28;;;24-Aug-2021
144393;Axis Aggressive Hybrid Fund - Regular Plan - Growth Option;INF846K01E90;;14.91;;;24-Aug-2021
144399;Axis Aggressive Hybrid Fund - Regular Plan - Monthly IDCW;INF846K01F08;INF846K01F16;14.01;;;24-Aug-2021
144400;Axis Aggressive Hybrid Fund - Regular Plan - Quarterly IDCW;INF846K01F24;INF846K01F32;14.38;;;24-Aug-2021
144396;Axis Aggressive Hybrid Fund - Regular Plan - Regular IDCW;INF846K01E74;INF846K01E82;13.64;;;24-Aug-2021

Bandhan Mutual Fund
140382;BANDHAN Hybrid Equity Fund-Direct Plan Growth;INF194KA1U56;;17.73;;;24-Aug-2021
140383;BANDHAN Hybrid Equity Fund-Direct Plan IDCW;INF194KA1U64;INF194KA1U72;16.07;;;24-Aug-2021
140381;BANDHAN Hybrid Equity Fund-Regular Plan Growth;INF194KA1U15;;16.50;;;24-Aug-2021
140384;BANDHAN Hybrid Equity Fund-Regular Plan IDCW;INF194KA1U23;INF194KA1U31;14.95;;;24-Aug-2021

Bank of India Mutual Fund
139527;BANK OF INDIA MID & SMALL CAP EQUITY & DEBT FUND - DIRECT PLAN GROWTH;INF761K01DM6;;22.33;;;24-Aug-2021
139530;BANK OF INDIA MID & SMALL CAP EQUITY & DEBT FUND - DIRECT PLAN IDCW;INF761K01DN4;INF761K01DO2;18.25;;;24-Aug-2021
139529;BANK OF INDIA MID & SMALL CAP EQUITY & DEBT FUND - REGULAR  PLAN  GROWTH;INF761K01DP9;;21.37;;;24-Aug-2021
139528;BANK OF INDIA MID & SMALL CAP EQUITY & DEBT FUND - REGULAR  PLAN IDCW;INF761K01DQ7;INF761K01DR5;18.11;;;24-Aug-2021

Baroda BNP Paribas Mutual Fund
101912;BARODA  HYBRID EQUITY FUND - Plan A - Growth Option;INF955L01708;;77.56;;;24-Aug-2021
101913;BARODA HYBRID EQUITY FUND - Plan A - IDCW Option;INF955L01682;INF955L01690;18.69;;;24-Aug-2021
119326;BARODA HYBRID EQUITY FUND - Plan B (Direct) - Growth Option;INF955L01948;;84.84;;;24-Aug-2021
119325;BARODA HYBRID EQUITY FUND - Plan B (Direct) - IDCW Option;INF955L01922;;21.95;;;24-Aug-2021

BNP Paribas Mutual Fund
141005;BNP PARIBAS SUBSTANTIAL EQUITY HYBRID FUND -DIRECT PLAN- Income Distribution cum Capital Withdrawal OPTION;INF251K01PB5;INF251K01PA7;16.3114;;;24-Aug-2021
141006;BNP PARIBAS SUBSTANTIAL EQUITY HYBRID FUND- DIRECT PLAN - GROWTH OPTION;INF251K01OZ7;;18.9564;;;24-Aug-2021
141007;BNP PARIBAS SUBSTANTIAL EQUITY HYBRID FUND- REGULAR PLAN- Income Distribution cum Capital Withdrawal OPTION;INF251K01OY0;INF251K01OX2;15.2874;;;24-Aug-2021
141004;BNP PARIBAS SUBSTANTIAL EQUITY HYBRID FUND- REGULAT PLAN -GROWTH OPTION;INF251K01OW4;;17.6829;;;24-Aug-2021

Canara Robeco Mutual Fund
118272;CANARA ROBECO EQUITY HYBRID FUND - DIRECT PLAN - GROWTH OPTION;INF760K01EZ8;;255.9000;;;24-Aug-2021
118271;CANARA ROBECO EQUITY HYBRID FUND - DIRECT PLAN - MONTHLY IDCW (Payout/Reinvestment);INF760K01EX3;INF760K01EY1;107.8900;;;24-Aug-2021
106166;CANARA ROBECO EQUITY HYBRID FUND - REGULAR PLAN - GROWTH OPTION;INF760K01050;;236.7600;;;24-Aug-2021
106167;CANARA ROBECO EQUITY HYBRID FUND - REGULAR PLAN - MONTHLY IDCW (Payout/Reinvestment);INF760K01068;INF760K01076;92.5600;;;24-Aug-2021

DSP Mutual Fund
119019;DSP Aggressive Hybrid Fund - Direct Plan - Growth;INF740K01NY4;;247.828;;;24-Aug-2021
119020;DSP Aggressive Hybrid Fund - Direct Plan - IDCW;INF740K01NZ1;INF740K01OA2;53.498;;;24-Aug-2021
100081;DSP Aggressive Hybrid Fund- Regular Plan - Growth;INF740K01318;;229.516;;;24-Aug-2021
100082;DSP Aggressive Hybrid Fund- Regular Plan - IDCW;INF740K01326;INF740K01334;27.296;;;24-Aug-2021

Edelweiss Mutual Fund
118625;Edelweiss Aggressive Hybrid Fund  - Direct Plan - IDCW Option;INF754K01CB6;INF754K01CC4;23.8;;;24-Aug-2021
112013;Edelweiss Aggressive Hybrid Fund  - Plan B - IDCW Option;INF754K01137;INF754K01145;36.32;;;24-Aug-2021
112108;Edelweiss Aggressive Hybrid Fund - Regular Plan - Growth Option;INF754K01202;;36.1;;;24-Aug-2021
112109;Edelweiss Aggressive Hybrid Fund - Regular Plan - IDCW Option;INF754K01178;INF754K01186;21.73;;;24-Aug-2021
112012;Edelweiss Aggressive Hybrid Fund- Plan B-Growth Option;INF754K01160;;35.63;;;24-Aug-2021
118624;Edelweiss Aggressive Hybrid Fund-Direct Plan-Growth Option;INF754K01CE0;;38.78;;;24-Aug-2021

Franklin Templeton Mutual Fund
118546;Franklin India Equity Hybrid Fund - Direct - Growth;INF090I01FZ1;;187.1658;;;24-Aug-2021
118547;Franklin India Equity Hybrid Fund - Direct - IDCW ;INF090I01GA2;INF090I01GB0;28.8086;;;24-Aug-2021
100550;Franklin India Equity Hybrid Fund - Growth Plan;INF090I01817;;170.5910;;;24-Aug-2021
100549;Franklin India Equity Hybrid Fund - IDCW ;INF090I01825;INF090I01833;25.3109;;;24-Aug-2021

Groww Mutual Fund
145599;Groww Aggressive Hybrid Fund (formerly known as Indiabulls Equity Hybrid Fund) - Direct Plan - Growth option;INF666M01FA3;;14.7397;;;24-Aug-2021
145605;Groww Aggressive Hybrid Fund (formerly known as Indiabulls Equity Hybrid Fund) - Regular Plan - Growth option;INF666M01FJ4;;13.9558;;;24-Aug-2021
145600;Groww Aggressive Hybrid Fund (formerly known as Indiabulls Equity Hybrid Fund)- Direct Plan- - Income Distribution cum capital withdrawal Option (Payout & Reinvestment);INF666M01FB1;INF666M01FC9;14.6569;;;24-Aug-2021
145602;Groww Aggressive Hybrid Fund (formerly known as Indiabulls Equity Hybrid Fund)- Direct Plan- Half Yearly - Income Distribution cum capital withdrawal Option (Payout & Reinvestment);INF666M01FH8;INF666M01FI6;14.2164;;;24-Aug-2021
145606;Groww Aggressive Hybrid Fund (formerly known as Indiabulls Equity Hybrid Fund)- Direct Plan- Monthly - Income Distribution cum capital withdrawal Option (Payout & Reinvestment);INF666M01FD7;INF666M01FE5;14.6501;;;24-Aug-2021
145601;Groww Aggressive Hybrid Fund (formerly known as Indiabulls Equity Hybrid Fund)- Direct Plan- Quarterly - Income Distribution cum capital withdrawal Option (Payout & Reinvestment);INF666M01FF2;INF666M01FG0;14.4853;;;24-Aug-2021
145603;Groww Aggressive Hybrid Fund (formerly known as Indiabulls Equity Hybrid Fund)- Regular Plan- - Income Distribution cum capital withdrawal Option (Payout & Reinvestment);INF666M01FK2;INF666M01FL0;13.9505;;;24-Aug-2021
145608;Groww Aggressive Hybrid Fund (formerly known as Indiabulls Equity Hybrid Fund)- Regular Plan- Half Yearly - Income Distribution cum capital withdrawal Option (Payout & Reinvestment);INF666M01FQ9;INF666M01FR7;13.9213;;;24-Aug-2021
145604;Groww Aggressive Hybrid Fund (formerly known as Indiabulls Equity Hybrid Fund)- Regular Plan- Monthly - Income Distribution cum capital withdrawal Option (Payout & Reinvestment.;INF666M01FM8;INF666M01FN6;13.9528;;;24-Aug-2021
145607;Groww Aggressive Hybrid Fund (formerly known as Indiabulls Equity Hybrid Fund)- Regular Plan- Quarterly - Income Distribution cum capital withdrawal Option (Payout & Reinvestment);INF666M01FO4;INF666M01FP1;14.7902;;;24-Aug-2021

HDFC Mutual Fund
119062;HDFC Hybrid Equity Fund - Growth Option - Direct Plan;INF179K01XZ1;;79.166;;;24-Aug-2021
102948;HDFC Hybrid Equity Fund - Growth Plan;INF179K01AS4;;74.885;;;24-Aug-2021
119061;HDFC Hybrid Equity Fund - IDCW Option - Direct Plan;INF179K01XX6;INF179K01XY4;15.07;;;24-Aug-2021
102947;HDFC Hybrid Equity Fund - IDCW Plan;INF179K01AQ8;INF179K01AR6;13.844;;;24-Aug-2021

HSBC Mutual Fund
145226;HSBC Aggressive Hybrid Fund - Direct Annual IDCW;INF336L01NI2;INF336L01NJ0;15.7823;;;24-Aug-2021
145228;HSBC Aggressive Hybrid Fund - Direct Growth;INF336L01NH4;;15.8104;;;24-Aug-2021
145225;HSBC Aggressive Hybrid Fund - Regular Annual IDCW;INF336L01NL6;INF336L01NM4;15.1841;;;24-Aug-2021
145227;HSBC Aggressive Hybrid Fund - Regular Growth;INF336L01NK8;;15.1841;;;24-Aug-2021

ICICI Prudential Mutual Fund
136113;ICICI Prudential Equity & Debt Fund - Annual IDCW;INF109KB1QK6;INF109KB1QJ8;18.45;;;24-Aug-2021
136114;ICICI Prudential Equity & Debt Fund - Direct Plan - Annual IDCW;INF109KB1QM2;INF109KB1QL4;19.49;;;24-Aug-2021
120251;ICICI Prudential Equity & Debt Fund - Direct Plan - Growth;INF109K01Y07;;212.59;;;24-Aug-2021
131453;ICICI Prudential Equity & Debt Fund - Direct Plan - Half Yearly IDCW;INF109KA1Y19;INF109KA1Y01;20.32;;;24-Aug-2021
120252;ICICI Prudential Equity & Debt Fund - Direct Plan - Monthly IDCW;INF109K01X81;INF109K01X99;39.44;;;24-Aug-2021
100356;ICICI Prudential Equity & Debt Fund - Growth;INF109K01480;;195.94;;;24-Aug-2021
131452;ICICI Prudential Equity & Debt Fund - Half Yearly IDCW;INF109KA1X93;INF109KA1X85;19.03;;;24-Aug-2021
100355;ICICI Prudential Equity & Debt Fund - Monthly IDCW;INF109K01DX5;INF109K01498;27.19;;;24-Aug-2021

IDBI Mutual Fund
139971;IDBI Hybrid Equity Fund Growth Direct;INF397L01JC5;;16.1403;;;24-Aug-2021
139969;IDBI Hybrid Equity Fund Growth Regular;INF397L01JG6;;15.0596;;;24-Aug-2021
139972;IDBI Hybrid Equity Fund IDCW Direct;INF397L01IZ8;INF397L01JA9;14.8034;;;24-Aug-2021
139970;IDBI Hybrid Equity Fund IDCW Regular;INF397L01JD3;INF397L01JE1;13.7412;;;24-Aug-2021

Invesco Mutual Fund
143537;Invesco India Aggressive Hybrid Fund - Direct Plan - Growth;INF205K014Q7;;14.5653;;;24-Aug-2021
143532;Invesco India Aggressive Hybrid Fund - Direct Plan - IDCW (Payout / Reinvestment);INF205K013Q9;INF205K015Q4;14.5372;;;24-Aug-2021
143536;Invesco India Aggressive Hybrid Fund - Regular Plan - Growth;INF205K011Q3;;13.8814;;;24-Aug-2021
143534;Invesco India Aggressive Hybrid Fund - Regular Plan - IDCW (Payout / Reinvestment);INF205K010Q5;INF205K012Q1;13.8822;;;24-Aug-2021

JM Financial Mutual Fund
130904;JM Aggressive Hybrid Fund (Direct) - Annual Bonus Option;INF192K01HB8;;71.3135;;;24-Aug-2021
131477;JM Aggressive Hybrid Fund (Direct) - Annual IDCW;INF192K01HJ1;INF192K01HK9;24.0249;;;24-Aug-2021
133401;JM Aggressive Hybrid Fund (Direct) - Bonus Option - Principal Units;INF192K01GP0;;72.8840;;;24-Aug-2021
120484;JM Aggressive Hybrid Fund (Direct) - Growth Option;INF192K01BQ9;;71.1987;;;24-Aug-2021
133409;JM Aggressive Hybrid Fund (Direct) - Half Yearly Bonus Option - Principal Units;INF192K01HV6;;72.8840;;;24-Aug-2021
133402;JM Aggressive Hybrid Fund (Direct) - Half Yearly IDCW;INF192K01HH5;INF192K01HI3;51.2294;;;24-Aug-2021
120483;JM Aggressive Hybrid Fund (Direct) - IDCW;INF192K01BO4;INF192K01BP1;39.2527;;;24-Aug-2021
133412;JM Aggressive Hybrid Fund (Direct) - Monthly IDCW;INF192K01HN3;INF192K01HO1;51.2168;;;24-Aug-2021
133411;JM Aggressive Hybrid Fund (Direct) - Quarterly Bonus Option - Principal Units;INF192K01HZ7;;72.8840;;;24-Aug-2021
133406;JM Aggressive Hybrid Fund (Direct) - Quarterly IDCW;INF192K01HR4;INF192K01HS2;18.0163;;;24-Aug-2021
133407;JM Aggressive Hybrid Fund (Regular) - Annual Bonus Option - Principal Units;INF192K01GZ9;;67.4230;;;24-Aug-2021
131476;JM Aggressive Hybrid Fund (Regular) - Annual IDCW;INF192K01HF9;INF192K01HG7;18.2194;;;24-Aug-2021
133400;JM Aggressive Hybrid Fund (Regular) - Bonus Option - Principal Units;INF192K01GN5;;67.4230;;;24-Aug-2021
133403;JM Aggressive Hybrid Fund (Regular) - Half Yearly Bonus Option - Principal Units;INF192K01HT0;;67.4230;;;24-Aug-2021
133408;JM Aggressive Hybrid Fund (Regular) - Half Yearly IDCW;INF192K01HD4;INF192K01HE2;47.8848;;;24-Aug-2021
100220;JM Aggressive Hybrid Fund (Regular) - IDCW;INF192K01528;INF192K01536;18.3497;;;24-Aug-2021
133404;JM Aggressive Hybrid Fund (Regular) - Monthly IDCW;INF192K01HL7;INF192K01HM5;47.5042;;;24-Aug-2021
133410;JM Aggressive Hybrid Fund (Regular) - Quarterly Bonus Option - Principal Units;INF192K01HX2;;67.4230;;;24-Aug-2021
133405;JM Aggressive Hybrid Fund (Regular) - Quarterly IDCW;INF192K01HP8;INF192K01HQ6;16.9555;;;24-Aug-2021
100221;JM Aggressive Hybrid Fund (Regular) -Growth Option;INF192K01544;;65.6056;;;24-Aug-2021

Kotak Mahindra Mutual Fund
133036;Kotak Equity Hybrid - Growth;INF174K01E92;;37.408;;;24-Aug-2021
133035;Kotak Equity Hybrid - Growth - Direct;INF174K01F00;;41.65;;;24-Aug-2021
119767;Kotak Equity Hybrid - Payout of Income Distribution cum  capital withdrawal option - Direct;INF174K01LL7;INF174K01LM5;25.532;;;24-Aug-2021
100286;Kotak Equity Hybrid - Payout of Income Distribution cum capital withdrawal option;INF174K01450;INF174K01443;21.984;;;24-Aug-2021

L&T Mutual Fund
133871;L&T Hybrid Equity Fund - Direct Plan - Annual IDCW;INF917K01TY5;INF917K01TX7;16.856;;;24-Aug-2021
119348;L&T Hybrid Equity Fund - Direct Plan -IDCW;INF917K01LD6;;28.037;;;24-Aug-2021
119347;L&T Hybrid Equity Fund - Direct Plan-Growth;INF917K01LE4;;38.945;;;24-Aug-2021
133870;L&T Hybrid Equity Fund - Regular Plan- Annual IDCW;INF917K01TW9;INF917K01TV1;15.713;;;24-Aug-2021
118191;L&T Hybrid Equity Fund- Regular Plan - Growth;INF917K01LB0;;35.68;;;24-Aug-2021
118192;L&T Hybrid Equity Fund- Regular Plan - IDCW;INF917K01KZ1;INF917K01LA2;24.697;;;24-Aug-2021

LIC Mutual Fund
120261;LIC MF Aggressive Hybrid Fund-Direct Plan-Growth;INF767K01ED0;;146.5834;;;24-Aug-2021
120260;LIC MF Aggressive Hybrid Fund-Direct Plan-IDCW;INF767K01EC2;INF767K01EE8;16.9945;;;24-Aug-2021
100323;LIC MF Aggressive Hybrid Fund-Regular Plan-Growth;INF767K01030;;134.7593;;;24-Aug-2021
100321;LIC MF Aggressive Hybrid Fund-Regular Plan-IDCW;INF767K01022;INF767K01014;15.1496;;;24-Aug-2021

Mahindra Manulife Mutual Fund
147448;Mahindra Manulife Aggressive Hybrid Fund - Direct Plan - IDCW;INF174V01804;INF174V01796;15.8924;;;24-Aug-2021
147446;Mahindra Manulife Aggressive Hybrid Fund - Direct Plan -Growth;INF174V01788;;16.6271;;;24-Aug-2021
147447;Mahindra Manulife Aggressive Hybrid Fund - Regular Plan - Growth;INF174V01754;;15.9911;;;24-Aug-2021
147449;Mahindra Manulife Aggressive Hybrid Fund - Regular Plan - IDCW;INF174V01770;INF174V01762;15.2651;;;24-Aug-2021

Mirae Asset Mutual Fund
134813;Mirae Asset Aggressive Hybrid Fund - Direct Plan - Growth;INF769K01DH9;;23.424;;;24-Aug-2021
134814;Mirae Asset Aggressive Hybrid Fund - Direct Plan - IDCW;INF769K01DI7;INF769K01DJ5;18.495;;;24-Aug-2021
134815;Mirae Asset Aggressive Hybrid Fund - Regular Plan - Growth;INF769K01DE6;;21.171;;;24-Aug-2021
134816;Mirae Asset Aggressive Hybrid Fund - Regular Plan - IDCW;INF769K01DF3;INF769K01DG1;15.945;;;24-Aug-2021

Motilal Oswal Mutual Fund
144681;Motilal Oswal Equity Hybrid Fund (MOFEH) - Direct Plan Growth Option;INF247L01692;;15.4777;;;24-Aug-2021
144730;Motilal Oswal Equity Hybrid Fund (MOFEH) - Regular Plan Growth Option;INF247L01684;;14.7623;;;24-Aug-2021

Navi Mutual Fund
143163;Navi Aggressive Hybrid Fund - Direct Plan - Growth;INF959L01CX3;;14.4035;;;24-Aug-2021
143195;Navi Aggressive Hybrid Fund - Direct Plan Annual IDCW;INF959L01DG6;INF959L01DH4;14.3661;;;24-Aug-2021
143186;Navi Aggressive Hybrid Fund - Direct Plan Half Yearly IDCW;INF959L01DE1;INF959L01DF8;14.3642;;;24-Aug-2021
143192;Navi Aggressive Hybrid Fund - Direct Plan Monthly IDCW;INF959L01DA9;INF959L01DB7;14.3634;;;24-Aug-2021
143167;Navi Aggressive Hybrid Fund - Direct Plan Normal IDCW;INF959L01CY1;INF959L01CZ8;14.3632;;;24-Aug-2021
143185;Navi Aggressive Hybrid Fund - Direct Plan Quarterly IDCW;INF959L01DC5;INF959L01DD3;14.3637;;;24-Aug-2021
143162;Navi Aggressive Hybrid Fund - Regular Plan - Growth;INF959L01DI2;;13.5923;;;24-Aug-2021
143198;Navi Aggressive Hybrid Fund - Regular Plan Annual IDCW;INF959L01DR3;INF959L01DS1;13.59;;;24-Aug-2021
143189;Navi Aggressive Hybrid Fund - Regular Plan Half Yearly IDCW;INF959L01DP7;INF959L01DQ5;13.5925;;;24-Aug-2021
143197;Navi Aggressive Hybrid Fund - Regular Plan Monthly IDCW;INF959L01DL6;INF959L01DM4;13.5919;;;24-Aug-2021
143166;Navi Aggressive Hybrid Fund - Regular Plan Normal IDCW;INF959L01DJ0;INF959L01DK8;13.5927;;;24-Aug-2021
143199;Navi Aggressive Hybrid Fund - Regular Plan Quarterly IDCW;INF959L01DN2;INF959L01DO0;13.5923;;;24-Aug-2021

Nippon India Mutual Fund
118794;Nippon India Equity Hybrid Fund  - Direct Plan Growth Plan;INF204K01B08;;68.7724;;;24-Aug-2021
147690;NIPPON INDIA EQUITY HYBRID FUND -  SEGREGATED PORTFOLIO 1 - Direct Plan - IDCW Option;INF204KB19F7;INF204KB10G4;0.0206;;;24-Aug-2021
147684;NIPPON INDIA EQUITY HYBRID FUND -  SEGREGATED PORTFOLIO 1 - Direct Plan - MONTHLY IDCW Option;INF204KB11G2;INF204KB12G0;0.0104;;;24-Aug-2021
147683;NIPPON INDIA EQUITY HYBRID FUND -  SEGREGATED PORTFOLIO 1 - Direct Plan - QUARTERLY IDCW Option;INF204KB17F1;INF204KB18F9;0.0142;;;24-Aug-2021
147686;NIPPON INDIA EQUITY HYBRID FUND -  SEGREGATED PORTFOLIO 1 - IDCW Option;INF204KB16G1;INF204KB17G9;0.0159;;;24-Aug-2021
147687;NIPPON INDIA EQUITY HYBRID FUND -  SEGREGATED PORTFOLIO 1 - MONTHLY IDCW Option;INF204KB18G7;INF204KB19G5;0.0099;;;24-Aug-2021
147688;NIPPON INDIA EQUITY HYBRID FUND -  SEGREGATED PORTFOLIO 1 - QUARTERLY IDCW Option;INF204KB14G6;INF204KB15G3;0.0137;;;24-Aug-2021
148266;NIPPON INDIA EQUITY HYBRID FUND -  SEGREGATED PORTFOLIO 2 - DIRECT Plan - IDCW Option;INF204KB16T4;INF204KB17T2;0.0000;;;24-Aug-2021
148267;NIPPON INDIA EQUITY HYBRID FUND -  SEGREGATED PORTFOLIO 2 - DIRECT Plan - MONTHLY IDCW Option;INF204KB18T0;INF204KB19T8;0.0000;;;24-Aug-2021
148270;NIPPON INDIA EQUITY HYBRID FUND -  SEGREGATED PORTFOLIO 2 - DIRECT Plan - QUARTERLY IDCW Option;INF204KB14T9;INF204KB15T6;0.0000;;;24-Aug-2021
148272;NIPPON INDIA EQUITY HYBRID FUND -  SEGREGATED PORTFOLIO 2 - IDCW Option;INF204KB13U9;INF204KB14U7;0.0000;;;24-Aug-2021
148268;NIPPON INDIA EQUITY HYBRID FUND -  SEGREGATED PORTFOLIO 2 - MONTHLY IDCW Option;INF204KB15U4;INF204KB16U2;0.0000;;;24-Aug-2021
148269;NIPPON INDIA EQUITY HYBRID FUND -  SEGREGATED PORTFOLIO 2 - QUARTERLY IDCW Option;INF204KB11U3;INF204KB12U1;0.0000;;;24-Aug-2021
118793;NIPPON INDIA EQUITY HYBRID FUND - DIRECT Plan - IDCW Option;INF204K01B16;INF204K01B24;25.4362;;;24-Aug-2021
139679;NIPPON INDIA EQUITY HYBRID FUND - DIRECT Plan - MONTHLY IDCW Option;INF204KB1BD7;INF204KB1BE5;12.6991;;;24-Aug-2021
122766;NIPPON INDIA EQUITY HYBRID FUND - DIRECT Plan - QUARTERLY IDCW Option;INF204K011R2;INF204K012R0;17.7330;;;24-Aug-2021
112936;Nippon India Equity Hybrid Fund - Growth Plan;INF204K01FW1;;62.9298;;;24-Aug-2021
112937;NIPPON INDIA EQUITY HYBRID FUND - IDCW Option;INF204K01FX9;INF204K01FY7;19.3077;;;24-Aug-2021
139680;NIPPON INDIA EQUITY HYBRID FUND - MONTHLY IDCW Option;INF204KB1BF2;INF204KB1BG0;11.9606;;;24-Aug-2021
122765;NIPPON INDIA EQUITY HYBRID FUND - QUARTERLY IDCW Option;INF204K013R8;INF204K014R6;16.5820;;;24-Aug-2021
147689;Nippon India Equity Hybrid Fund - Segregated Portfolio 1 - Direct Plan - Growth Plan;INF204KB16F3;;0.0558;;;24-Aug-2021
147685;Nippon India Equity Hybrid Fund - Segregated Portfolio 1 - Growth Plan;INF204KB13G8;;0.0518;;;24-Aug-2021
148265;Nippon India Equity Hybrid Fund - Segregated Portfolio 2 - Direct Plan - Growth Plan;INF204KB13T1;;0.0000;;;24-Aug-2021
148271;Nippon India Equity Hybrid Fund - Segregated Portfolio 2 - Growth Plan;INF204KB10U5;;0.0000;;;24-Aug-2021

PGIM India Mutual Fund
138387;PGIM India Hybrid Equity Fund - Direct Plan - Dividend;INF663L01GY0;INF663L01GZ7;25.64;;;24-Aug-2021
138386;PGIM India Hybrid Equity Fund - Direct Plan - Growth;INF663L01GX2;;104.61;;;24-Aug-2021
138381;PGIM India Hybrid Equity Fund - Dividend Option;INF663L01HA8;INF663L01HB6;15.39;;;24-Aug-2021
138382;PGIM India Hybrid Equity Fund - Growth Option;INF663L01HC4;;93.3;;;24-Aug-2021
139820;PGIM India Hybrid Equity Fund-Direct Plan-Monthly Dividend Option;INF663L01OA4;INF663L01OB2;25.02;;;24-Aug-2021
139821;PGIM India Hybrid Equity Fund-Monthly Dividend Option;INF663L01NY6;INF663L01NZ3;23.77;;;24-Aug-2021

Principal Mutual Fund
119484;Principal Hybrid Equity Fund- Direct Plan - Growth Option;INF173K01FE6;;115.90;;;24-Aug-2021
101266;Principal Hybrid Equity Fund- Monthly Income Distribution CUM Capital Withdrawal;INF173K01CI4;INF173K01CJ2;27.74;;;24-Aug-2021
119485;Principal Hybrid Equity Fund-Direct Plan - Monthly Income Distribution CUM Capital Withdrawal Option;INF173K01FB2;INF173K01FC0;39.93;;;24-Aug-2021
101265;Principal Hybrid Equity Fund-Growth;INF173K01CL8;;105.87;;;24-Aug-2021

quant Mutual Fund
101070;quant Absolute Fund - Growth Option - Regular Plan;INF966L01267;;254.8415;;;24-Aug-2021
120819;quant Absolute Fund-Growth Option-Direct Plan;INF966L01556;;263.5389;;;24-Aug-2021
101069;quant Absolute Fund-IDCW Option - Regular Plan;INF966L01242;INF966L01259;35.1394;;;24-Aug-2021
120818;quant Absolute Fund-IDCW Option-Direct Plan;INF966L01531;INF966L01549;36.4995;;;24-Aug-2021

SBI Mutual Fund
119609;SBI EQUITY HYBRID FUND - DIRECT PLAN - Growth;INF200K01RY0;;207.3788;;;24-Aug-2021
119604;SBI Equity Hybrid Fund - Direct Plan - Income Distribution cum Capital Withdrawal Option (IDCW);INF200K01RW4;INF200K01RX2;60.6830;;;24-Aug-2021
101551;SBI Equity Hybrid Fund - Regular Plan - Income Distribution cum Capital Withdrawal Option (IDCW);INF200K01115;INF200K01123;40.8559;;;24-Aug-2021
102885;SBI EQUITY HYBRID FUND - REGULAR PLAN -Growth;INF200K01107;;192.8058;;;24-Aug-2021

Shriram Mutual Fund
125711;Shriram Aggressive Hybrid Fund- Direct Growth;INF680P01042;;23.9026;;;24-Aug-2021
125712;Shriram Aggressive Hybrid Fund- Direct- IDCW;INF680P01059;INF680P01067;18.9617;;;24-Aug-2021
125713;Shriram Aggressive Hybrid Fund- Regular Growth;INF680P01018;;22.2230;;;24-Aug-2021
125714;Shriram Aggressive Hybrid Fund- Regular-IDCW;INF680P01026;INF680P01034;17.7651;;;24-Aug-2021

Tata Mutual Fund
119053;Tata Hybrid Equity Fund -Direct Plan- Growth Option;INF277K01MN2;;316.6279;;;24-Aug-2021
119057;Tata Hybrid Equity Fund- Direct Plan - Monthly Payout of IDCW Option;INF277K01MO0;INF277K01MP7;79.4570;;;24-Aug-2021
119058;Tata Hybrid Equity Fund- Direct Plan - Periodic Payout of IDCW Option;INF277K01ML6;INF277K01MM4;90.1111;;;24-Aug-2021
100414;Tata Hybrid Equity Fund- Regular Plan - Growth Option;INF277K01303;;292.6791;;;24-Aug-2021
113134;Tata Hybrid Equity Fund- Regular Plan - Monthly Payout of IDCW Option;INF277K01CS2;INF277K01CW4;71.4862;;;24-Aug-2021
101222;Tata Hybrid Equity Fund- Regular Plan - Periodic Payout of IDCW Option;INF277K01DB6;INF277K01295;80.7571;;;24-Aug-2021

Union Mutual Fund
148592;Union Aggressive Hybrid Fund - Direct Plan - Growth Option;INF582M01GY0;;12.21;;;24-Aug-2021
148593;Union Aggressive Hybrid Fund - Direct Plan - IDCW Option;INF582M01HA8;INF582M01GZ7;12.21;;;24-Aug-2021
148591;Union Aggressive Hybrid Fund - Regular Plan - Growth Option;INF582M01HC4;;12.11;;;24-Aug-2021
148590;Union Aggressive Hybrid Fund - Regular Plan - IDCW Option;INF582M01HE0;INF582M01HD2;12.11;;;24-Aug-2021

UTI Mutual Fund
120673;UTI Aggressive Hybrid Fund - Direct Plan - IDCW;INF789F01SI3;INF789F01SJ1;34.7559;;;24-Aug-2021
100684;UTI Aggressive Hybrid Fund - Regular Plan - Growth;INF789F01323;;236.1432;;;24-Aug-2021
100685;UTI Aggressive Hybrid Fund - Regular Plan - IDCW;INF789F01307;INF789F01315;32.5603;;;24-Aug-2021
120674;UTI Aggressive Hybrid Fund -Direct Plan - Growth;INF789F01SK9;;247.8507;;;24-Aug-2021

Open Ended Schemes ( Hybrid Scheme - Dynamic Asset Allocation or Balanced Advantage )


Aditya Birla Sun Life Mutual Fund
131670;Aditya Birla Sun Life Balanced Advantage Fund - Direct Plan - Growth Option;INF084M01DJ5;;77.44;;;24-Aug-2021
131666;Aditya Birla Sun Life Balanced Advantage Fund - Regular Plan - Growth Option;INF084M01AB8;;71.45;;;24-Aug-2021
131671;Aditya Birla Sun Life Balanced Advantage Fund -DIRECT - IDCW;INF084M01DK3;INF084M01DL1;25.42;;;24-Aug-2021
131665;Aditya Birla Sun Life Balanced Advantage Fund -REGULAR - IDCW;INF084M01AC6;INF084M01AD4;23.42;;;24-Aug-2021

Axis Mutual Fund
141642;Axis Balanced Advantage Fund - Direct Plan - Growth;INF846K01A29;;14.82;;;24-Aug-2021
141643;Axis Balanced Advantage Fund - Direct Plan - IDCW;INF846K01A37;INF846K01A45;13.01;;;24-Aug-2021
141644;Axis Balanced Advantage Fund - Regular Plan - Growth;INF846K01A52;;13.97;;;24-Aug-2021
141645;Axis Balanced Advantage Fund - Regular Plan - IDCW;INF846K01A60;INF846K01A78;12.34;;;24-Aug-2021

Bandhan Mutual Fund
131355;BANDHAN Balanced Advantage Fund Direct Plan Growth;INF194KA1UH1;;19.44;;;24-Aug-2021
131356;BANDHAN Balanced Advantage Fund Direct Plan IDCW;INF194KA1UI9;INF194KA1UJ7;14.49;;;24-Aug-2021
131357;BANDHAN Balanced Advantage Fund Regular Plan Growth;INF194KA1UE8;;17.73;;;24-Aug-2021
131354;BANDHAN Balanced Advantage Fund Regular Plan IDCW;INF194KA1UF5;INF194KA1UG3;13.29;;;24-Aug-2021

Bank of India Mutual Fund
127852;BANK OF INDIA BALANCED ADVANTAGE FUND  DIRECT PLAN IDCW;INF761K01BM0;INF761K01BN8;10.2230;;;24-Aug-2021
127851;BANK OF INDIA BALANCED ADVANTAGE FUND  REGULAR PLAN IDCW;INF761K01BP3;INF761K01BQ1;11.3162;;;24-Aug-2021
127850;BANK OF INDIA BALANCED ADVANTAGE FUND DIRECT PLAN  GROWTH;INF761K01BO6;;16.8794;;;24-Aug-2021
127849;BANK OF INDIA BALANCED ADVANTAGE FUND REGULAR PLAN  GROWTH;INF761K01BR9;;16.2189;;;24-Aug-2021

Baroda BNP Paribas Mutual Fund
145396;Baroda BNP Paribas Balanced Advantage Fund-Direct Plan-Growth Option;INF955L01HF7;;16.09;;;24-Aug-2021
145397;Baroda BNP Paribas Balanced Advantage Fund-Direct Plan-IDCW Option;INF955L01HG5;INF955L01HH3;14.91;;;24-Aug-2021
145387;Baroda BNP Paribas Balanced Advantage Fund-Regular Plan -Growth Option;INF955L01HC4;;15.47;;;24-Aug-2021
145389;Baroda BNP Paribas Balanced Advantage Fund-Regular Plan-IDCW Option;INF955L01HD2;INF955L01HE0;14.29;;;24-Aug-2021

BNP Paribas Mutual Fund
146401;BNP Paribas Dynamic Equity Fund - Direct Plan-Annual Income Distribution cum Capital Withdrawal Option;INF251K01QJ6;INF251K01QI8;13.796;;;24-Aug-2021
146402;BNP Paribas Dynamic Equity Fund - Direct Plan-Growth Option;INF251K01QD9;;13.802;;;24-Aug-2021
146403;BNP Paribas Dynamic Equity Fund - Direct Plan-Monthly Income Distribution cum Capital Withdrawal Option;INF251K01QF4;INF251K01QE7;13.226;;;24-Aug-2021
146404;BNP Paribas Dynamic Equity Fund - Direct Plan-Quarterly Income Distribution cum Capital Withdrawal Option;INF251K01QH0;INF251K01QG2;13.107;;;24-Aug-2021
146400;BNP Paribas Dynamic Equity Fund - Regular Plan-Annual Income Distribution cum Capital Withdrawal Option;INF251K01QC1;INF251K01QB3;13.179;;;24-Aug-2021
146398;BNP Paribas Dynamic Equity Fund - Regular Plan-Growth Option;INF251K01PW1;;13.179;;;24-Aug-2021
146399;BNP Paribas Dynamic Equity Fund - Regular Plan-Monthly Income Distribution cum Capital Withdrawal Option;INF251K01PY7;INF251K01PX9;12.593;;;24-Aug-2021
146397;BNP Paribas Dynamic Equity Fund - Regular Plan-Quarterly Income Distribution cum Capital Withdrawal Option;INF251K01QA5;INF251K01PZ4;12.514;;;24-Aug-2021

DSP Mutual Fund
126393;DSP Dynamic Asset Allocation Fund - Direct Plan - Growth;INF740K01K81;;21.436;;;24-Aug-2021
126391;DSP Dynamic Asset Allocation Fund - Direct Plan - IDCW - Monthly;INF740K01K99;INF740K01L07;13.465;;;24-Aug-2021
126394;DSP Dynamic Asset Allocation Fund - Regular Plan - Growth;INF740K01K57;;19.625;;;24-Aug-2021
126392;DSP Dynamic Asset Allocation Fund - Regular Plan - IDCW - Monthly;INF740K01K65;INF740K01K73;12.271;;;24-Aug-2021

Edelweiss Mutual Fund
141767;Edelweiss Balanced Advantage Fund - Direct Plan - Monthly - IDCW Option;INF754K01IH0;INF754K01II8;23.41;;;24-Aug-2021
118614;Edelweiss Balanced Advantage Fund - Direct Plan - Quarterly - IDCW Option;INF754K01BP8;INF754K01BQ6;20.96;;;24-Aug-2021
112117;Edelweiss Balanced Advantage Fund - Regular Plan - Growth Option;INF754K01285;;34.6;;;24-Aug-2021
141766;Edelweiss Balanced Advantage Fund - Regular Plan - Monthly - IDCW Option;INF754K01IK4;INF754K01IL2;21;;;24-Aug-2021
112118;Edelweiss Balanced Advantage Fund - Regular Plan - Quarterly - IDCW Option;INF754K01251;INF754K01269;16.94;;;24-Aug-2021
118615;Edelweiss Balanced Advantage Fund -Direct Plan-Growth Option;INF754K01BS2;;37.47;;;24-Aug-2021

HDFC Mutual Fund
100119;HDFC Balanced Advantage Fund - Growth Plan;INF179K01830;;258.807;;;24-Aug-2021
118968;HDFC Balanced Advantage Fund - Growth Plan - Direct Plan;INF179K01WA6;;272.956;;;24-Aug-2021
100120;HDFC Balanced Advantage Fund - IDCW Plan;INF179K01814;INF179K01822;27.954;;;24-Aug-2021
118969;HDFC Balanced Advantage Fund - IDCW Plan - Direct Plan;INF179K01VY8;INF179K01VZ5;30.588;;;24-Aug-2021

ICICI Prudential Mutual Fund
120377;ICICI Prudential Balanced Advantage Fund - Direct Plan -  Growth;INF109K012B0;;51.30;;;24-Aug-2021
120376;ICICI Prudential Balanced Advantage Fund - Direct Plan -  IDCW;INF109K010B4;INF109K011B2;23.97;;;24-Aug-2021
122236;ICICI Prudential Balanced Advantage Fund - Direct Plan - Monthly IDCW;INF109K016W7;INF109K015W9;19.15;;;24-Aug-2021
131451;ICICI Prudential Balanced Advantage Fund - Direct Plan - Quarterly IDCW;INF109KA1Y50;INF109KA1Y43;17.94;;;24-Aug-2021
104685;ICICI Prudential Balanced Advantage Fund - Growth;INF109K01BH2;;47.12;;;24-Aug-2021
104686;ICICI Prudential Balanced Advantage Fund - IDCW;INF109K01EG8;INF109K01BG4;17.64;;;24-Aug-2021
122168;ICICI Prudential Balanced Advantage Fund - Monthly IDCW;INF109K018W3;INF109K017W5;16.85;;;24-Aug-2021
131450;ICICI Prudential Balanced Advantage Fund - Quarterly IDCW;INF109KA1Y35;INF109KA1Y27;16.51;;;24-Aug-2021

Invesco Mutual Fund
120333;Invesco India Balanced Advantage Fund - Direct Plan - Growth;INF205K01LN5;;40.53;;;24-Aug-2021
120332;Invesco India Balanced Advantage Fund - Direct Plan - IDCW (Payout / Reinvestment);INF205K01LL9;INF205K01LM7;20.39;;;24-Aug-2021
106317;Invesco India Balanced Advantage Fund - Growth;INF205K01213;;36.03;;;24-Aug-2021
106316;Invesco India Balanced Advantage Fund - IDCW (Payout / Reinvestment);INF205K01239;INF205K01221;18.44;;;24-Aug-2021

ITI Mutual Fund
147789;ITI Balanced Advantage Fund - Direct Plan - Growth Option;INF00XX01689;;10.3898;;;24-Aug-2021
147788;ITI Balanced Advantage Fund - Direct Plan - IDCW Option;INF00XX01697;INF00XX01705;10.3898;;;24-Aug-2021
147787;ITI Balanced Advantage Fund - Regular Plan - Growth Option;INF00XX01655;;10.0249;;;24-Aug-2021
147786;ITI Balanced Advantage Fund - Regular Plan - IDCW Option;INF00XX01663;INF00XX01671;10.0249;;;24-Aug-2021

Kotak Mahindra Mutual Fund
144335;Kotak Balanced Advantage Fund  - Direct Plan -Growth Option;INF174KA1210;;14.527;;;24-Aug-2021
144336;Kotak Balanced Advantage Fund - Regular Plan - Payout of Income Distribution cum capital withdrawal option Option;INF174KA1160;INF174KA1178;14.025;;;24-Aug-2021
144334;Kotak Balanced Advantage Fund -Direct Plan  -Payout of Income Distribution cum capital withdrawal option;INF174KA1194;INF174KA1202;14.527;;;24-Aug-2021
144333;Kotak Balanced Advantage Fund -Regular Plan - Growth Option;INF174KA1186;;14.025;;;24-Aug-2021

L&T Mutual Fund
119298;L&T Balanced Advantage Fund-Direct Plan-Growth;INF917K01IN1;;33.326;;;24-Aug-2021
119297;L&T Balanced Advantage Fund-Direct Plan-IDCW;INF917K01IM3;INF917K01IL5;20.277;;;24-Aug-2021
118194;L&T Balanced Advantage Fund-Regular Plan-Growth;INF917K01KY4;;30.315;;;24-Aug-2021
118193;L&T Balanced Advantage Fund-Regular Plan-IDCW;INF917K01KW8;INF917K01KX6;18.136;;;24-Aug-2021

Motilal Oswal Mutual Fund
139872;Motilal Oswal Balanced Advantage Fund  (MOFDYNAMIC) - Direct Plan - Growth Option;INF247L01635;;16.2545;;;24-Aug-2021
139863;Motilal Oswal Balanced Advantage Fund (MOFDYNAMIC) - Regular Plan - Annual Dividend Payout Option;INF247L01601;INF247L01627;13.9216;;;24-Aug-2021
139870;Motilal Oswal Balanced Advantage Fund (MOFDYNAMIC) - Regular Plan - Growth Option;INF247L01585;;15.3617;;;24-Aug-2021
139866;Motilal Oswal Balanced Advantage Fund Direct - Annual IDCW Payout/Reinvestment;INF247L01650;INF247L01676;14.1264;;;24-Aug-2021
139865;Motilal Oswal Balanced Advantage Fund Direct - Quarterly IDCW Payout/Reinvestment;INF247L01643;INF247L01668;12.6669;;;24-Aug-2021
139871;Motilal Oswal Balanced Advantage Fund Regular - Quarterly IDCW Payout/Reinvestment;INF247L01593;INF247L01619;12.4684;;;24-Aug-2021

PGIM India Mutual Fund
148658;PGIM India Balanced Advantage Fund -  Direct Plan - Growth Option;INF663L01V49;;11.19;;;24-Aug-2021
148659;PGIM India Balanced Advantage Fund - Direct Plan - Dividend Option;INF663L01V56;INF663L01V64;11.19;;;24-Aug-2021
148660;PGIM India Balanced Advantage Fund - Regular Plan - Dividend Option;INF663L01V80;INF663L01V98;11.08;;;24-Aug-2021
148657;PGIM India Balanced Advantage Fund - Regular Plan - Growth Option;INF663L01V72;;11.08;;;24-Aug-2021

Principal Mutual Fund
119482;Principal Balanced Advantage Fund - Direct Plan - Growth Option;INF173K01FI7;;27.12;;;24-Aug-2021
119483;Principal Balanced Advantage Fund - Direct Plan - Monthly Income Distribution CUM Capital Withdrawal Option;INF173K01FF3;INF173K01FG1;16.49;;;24-Aug-2021
114301;Principal Balanced Advantage Fund - Growth Option;INF173K01585;;24.52;;;24-Aug-2021
114302;Principal Balanced Advantage Fund - Monthly Income Distribution CUM Capital Withdrawal Option;INF173K01551;INF173K01569;14.30;;;24-Aug-2021

Shriram Mutual Fund
147406;Shriram Balanced Advantage Fund - Direct Growth;INF680P01208;;13.1137;;;24-Aug-2021
147403;Shriram Balanced Advantage Fund - Direct- IDCW;INF680P01216;INF680P01224;13.0842;;;24-Aug-2021
147405;Shriram Balanced Advantage Fund - Regular Growth;INF680P01174;;12.5739;;;24-Aug-2021
147404;Shriram Balanced Advantage Fund - Regular-IDCW;INF680P01182;INF680P01190;12.5746;;;24-Aug-2021

Sundaram Mutual Fund
148026;Sundaram Balanced Advantage Fund Direct Plan - Growth;INF903JA1IW0;;14.5534;;;24-Aug-2021
148027;Sundaram Balanced Advantage Fund Direct Plan - Payout of Income Distribution cum Capital Withdrawal (IDCW);INF903JA1IX8;;13.5446;;;24-Aug-2021
148028;Sundaram Balanced Advantage Fund Direct Plan - Reinvestment of Income Distribution cum Capital Withdrawal (IDCW);INF903JA1IY6;;13.5446;;;24-Aug-2021
148024;Sundaram Balanced Advantage Fund Regular Plan - Growth;INF903JA1IT6;;14.1517;;;24-Aug-2021
148023;Sundaram Balanced Advantage Fund Regular Plan - Payout of Income Distribution cum Capital Withdrawal (IDCW);INF903JA1IU4;;13.1696;;;24-Aug-2021
148025;Sundaram Balanced Advantage Fund Regular Plan - Reinvestment of Income Distribution cum Capital Withdrawal (IDCW);INF903JA1IV2;;13.1696;;;24-Aug-2021

Tata Mutual Fund
146006;TATA Balanced Advantage Fund Direct Plan - Payout of Income Distribution cum capital withdrawal option ;INF277K014S6;;14.7176;;;24-Aug-2021
146008;TATA Balanced Advantage Fund Direct Plan - Reinvestment of Income Distribution cum capital withdrawal option ;;INF277K015S3;14.7176;;;24-Aug-2021
146005;TATA Balanced Advantage Fund Regular Plan - Payout of Income Distribution cum capital withdrawal option ;INF277K011S2;;14.0592;;;24-Aug-2021
146009;TATA Balanced Advantage Fund Regular Plan - Reinvestment of Income Distribution cum capital withdrawal option;;INF277K012S0;14.0592;;;24-Aug-2021
146010;Tata Balanced Advantage Fund-Direct Plan-Growth;INF277K013S8;;14.7176;;;24-Aug-2021
146007;Tata Balanced Advantage Fund-Regular Plan-Growth;INF277K010S4;;14.0592;;;24-Aug-2021

Union Mutual Fund
142038;Union Balanced Advantage Fund - Direct Plan - Growth Option;INF582M01DE9;;15.06;;;24-Aug-2021
142037;Union Balanced Advantage Fund - Direct Plan - IDCW Option;INF582M01DG4;INF582M01DF6;15.06;;;24-Aug-2021
142035;Union Balanced Advantage Fund - Regular Plan - Growth Option;INF582M01DI0;;14.66;;;24-Aug-2021
142036;Union Balanced Advantage Fund - Regular Plan - IDCW Option;INF582M01DK6;INF582M01DJ8;14.66;;;24-Aug-2021

UTI Mutual Fund
100646;UTI - Unit Linked Insurance Plan;;;31.6443;;;24-Aug-2021
120784;UTI - Unit Linked Insurance Plan- Direct;;;33.2751;;;24-Aug-2021

Open Ended Schemes ( Hybrid Scheme - Multi Asset Allocation )


Axis Mutual Fund
120524;Axis Multi Asset Allocation Fund - Direct Plan - Growth Option;INF846K01EV4;;32.3189;;;24-Aug-2021
120523;Axis Multi Asset Allocation Fund - Direct Plan - Monthly IDCW;INF846K01ET8;INF846K01EU6;24.3241;;;24-Aug-2021
113064;Axis Multi Asset Allocation Fund - Regular Plan - Growth Option;INF846K01768;;29.2448;;;24-Aug-2021
113065;Axis Multi Asset Allocation Fund - Regular Plan - Monthly IDCW;INF846K01776;INF846K01784;20.4357;;;24-Aug-2021

HDFC Mutual Fund
103131;HDFC Multi-Asset Fund - Growth Option;INF179K01AP0;;45.939;;;24-Aug-2021
119131;HDFC Multi-Asset Fund - Growth Option - Direct Plan;INF179K01XW8;;48.831;;;24-Aug-2021
103130;HDFC Multi-Asset Fund - IDCW Option;INF179K01AN5;INF179K01AO3;15.273;;;24-Aug-2021
119130;HDFC Multi-Asset Fund - IDCW Option - Direct Plan;INF179K01XU2;INF179K01XV0;17.134;;;24-Aug-2021

ICICI Prudential Mutual Fund
120334;ICICI Prudential Multi-Asset Fund - Direct Plan - Growth;INF109K015K4;;402.9685;;;24-Aug-2021
120335;ICICI Prudential Multi-Asset Fund - Direct Plan - IDCW;INF109K013K9;INF109K014K7;32.655;;;24-Aug-2021
101144;ICICI Prudential Multi-Asset Fund - Growth;INF109K01761;;376.3502;;;24-Aug-2021
101143;ICICI Prudential Multi-Asset Fund - IDCW;INF109K01ED5;INF109K01779;22.3021;;;24-Aug-2021

Motilal Oswal Mutual Fund
148454;Motilal Oswal Multi Asset Fund - Direct Plan - Growth Option;INF247L01AI8;;10.8685;;;24-Aug-2021
148455;Motilal Oswal Multi Asset Fund - Regular Plan - Growth Option;INF247L01AJ6;;10.6958;;;24-Aug-2021

Navi Mutual Fund
146436;Navi 3 in 1 Fund - Direct Plan - Annual IDCW;INF959L01FH9;INF959L01FI7;23.5955;;;24-Aug-2021
119174;Navi 3 IN 1 FUND - Direct Plan Monthly IDCW Payout;INF959L01551;INF959L01569;22.5009;;;24-Aug-2021
119175;Navi 3 IN 1 FUND - Direct Plan Quarterly IDCW Payout;INF959L01577;INF959L01585;23.2877;;;24-Aug-2021
114854;Navi 3 IN 1 FUND - MONTHLY IDCW Payout;INF959L01023;INF959L01049;21.631;;;24-Aug-2021
115101;Navi 3 IN 1 FUND - QUARTERLY IDCW Payout;INF959L01031;INF959L01056;21.4372;;;24-Aug-2021
146440;Navi 3 in 1 Fund - Regular Plan - Annual IDCW;INF959L01FN7;INF959L01FO5;23.1794;;;24-Aug-2021
146439;Navi 3 in 1 Fund - Regular Plan - Normal IDCW;INF959L01FJ5;INF959L01FK3;23.1806;;;24-Aug-2021
119176;Navi 3 in 1 Fund-Direct Plan-Growth Option;INF959L01544;;26.8116;;;24-Aug-2021
114855;Navi 3 in 1 Fund-Growth;INF959L01015;;24.035;;;24-Aug-2021

Nippon India Mutual Fund
148457;Nippon India Multi Asset Allocation Fund - Direct Plan - Growth Option;INF204KB19V4;;12.8392;;;24-Aug-2021
148458;NIPPON INDIA MULTI ASSET ALLOCATION FUND - DIRECT Plan - IDCW Option;INF204KB10W1;INF204KB11W9;12.8392;;;24-Aug-2021
148460;NIPPON INDIA MULTI ASSET ALLOCATION FUND - IDCW Option;INF204KB17V8;INF204KB18V6;12.6339;;;24-Aug-2021
148459;Nippon India Multi Asset Allocation Fund - Regular Plan - Growth Option;INF204KB16V0;;12.6339;;;24-Aug-2021

quant Mutual Fund
120820;quant Multi Asset Fund - IDCW Option - Direct Plan;INF966L01564;INF966L01572;65.3261;;;24-Aug-2021
101071;quant Multi Asset Fund - IDCW Option - Regular Plan;INF966L01184;INF966L01192;64.325;;;24-Aug-2021
101072;quant Multi Asset Fund-GROWTH OPTION - Regular Plan;INF966L01200;;70.0912;;;24-Aug-2021
120821;quant Multi Asset Fund-GROWTH OPTION-Direct Plan;INF966L01580;;70.8473;;;24-Aug-2021

SBI Mutual Fund
119840;SBI Multi Asset Allocation Fund - Direct Plan - Annual Income Distribution cum Capital Withdrawal Option (IDCW);INF200K01TX8;INF200K01TY6;21.8784;;;24-Aug-2021
119843;SBI MULTI ASSET ALLOCATION FUND - DIRECT PLAN - GROWTH;INF200K01TZ3;;38.3987;;;24-Aug-2021
119841;SBI Multi Asset Allocation Fund - Direct Plan - Monthly Income Distribution cum Capital Withdrawal Option (IDCW);INF200K01UA4;INF200K01UB2;17.2426;;;24-Aug-2021
119842;SBI Multi Asset Allocation Fund - Direct Plan - Quarterly Income Distribution cum Capital Withdrawal Option (IDCW);INF200K01UC0;INF200K01UD8;18.2394;;;24-Aug-2021
103409;SBI Multi Asset Allocation Fund - Regular Plan - Annual Income Distribution cum Capital Withdrawal Option (IDCW);INF200K01784;INF200K01792;20.2813;;;24-Aug-2021
103408;SBI MULTI ASSET ALLOCATION FUND - REGULAR PLAN - GROWTH;INF200K01800;;35.8714;;;24-Aug-2021
103400;SBI Multi Asset Allocation Fund - Regular Plan - Monthly Income Distribution cum Capital Withdrawal Option (IDCW);INF200K01818;INF200K01826;16.0397;;;24-Aug-2021
103401;SBI Multi Asset Allocation Fund - Regular Plan - Quarterly Income Distribution cum Capital Withdrawal Option (IDCW);INF200K01834;INF200K01842;16.0242;;;24-Aug-2021

Tata Mutual Fund
148052;Tata Multi Asset Opportnities Fund-Direct Plan-Dividend Reinvestment;;INF277K010Z9;15.0697;;;24-Aug-2021
148049;Tata Multi Asset Opportunities Fund-Direct Plan-Dividend Payout;INF277K011Z7;;15.0697;;;24-Aug-2021
148053;Tata Multi Asset Opportunities Fund-Direct Plan-Growth;INF277K019Y3;;15.0697;;;24-Aug-2021
148054;Tata Multi Asset Opportunities Fund-Regular Plan-Dividend Payout;INF277K014Z1;;14.6596;;;24-Aug-2021
148051;Tata Multi Asset Opportunities Fund-Regular Plan-Dividend Reinvestment;;INF277K013Z3;14.6596;;;24-Aug-2021
148050;Tata Multi Asset Opportunities Fund-Regular Plan-Growth;INF277K012Z5;;14.6596;;;24-Aug-2021

UTI Mutual Fund
120760;UTI Multi Asset Allocation Fund - Direct Plan - Growth Option;INF789F01VE6;;45.841;;;24-Aug-2021
120761;UTI Multi Asset Allocation Fund - Direct Plan - IDCW;INF789F01VC0;INF789F01VD8;21.651;;;24-Aug-2021
111599;UTI Multi Asset Allocation Fund - Regular Plan - Growth Option;INF789F01AP6;;42.8851;;;24-Aug-2021
111602;UTI Multi Asset Allocation Fund - Regular Plan - IDCW;INF789F01AN1;INF789F01AO9;19.7735;;;24-Aug-2021

Open Ended Schemes ( Hybrid Scheme - Arbitrage Fund )


Aditya Birla Sun Life Mutual Fund
119526;Aditya Birla Sun Life Arbitrage Fund - Growth - Direct Plan;INF209K01VP1;;22.2335;;;24-Aug-2021
112088;Aditya BIRLA SUN LIFE ARBITRAGE FUND - REGULAR PLAN - GROWTH;INF209K01264;;21.191;;;24-Aug-2021
119525;Aditya Birla Sun Life Arbitrage Fund-DIRECT - IDCW;INF209K01P80;INF209K01VQ9;11.2184;;;24-Aug-2021
112087;Aditya Birla Sun Life Arbitrage Fund-Regular - IDCW;INF209K01256;INF209K01CI6;11.046;;;24-Aug-2021

Axis Mutual Fund
130773;Axis Arbitrage Fund - Direct Plan - Growth;INF846K01PZ1;;15.7388;;;24-Aug-2021
130774;Axis Arbitrage Fund - Direct Plan - Monthly IDCW;INF846K01QA2;INF846K01QB0;11.4812;;;24-Aug-2021
130771;Axis Arbitrage Fund - Regular Plan - Growth;INF846K01QC8;;14.8866;;;24-Aug-2021
130776;Axis Arbitrage Fund - Regular Plan - Monthly IDCW;INF846K01QD6;INF846K01QE4;10.7025;;;24-Aug-2021

Bandhan Mutual Fund
133680;BANDHAN Arbitrage Fund - Regular Plan - Annual IDCW;INF194KA1YD2;INF194KA1YE0;10.6837;;;24-Aug-2021
108845;BANDHAN Arbitrage Fund - Regular Plan - Growth;INF194K01649;;25.8959;;;24-Aug-2021
108847;BANDHAN Arbitrage Fund - Regular Plan - Monthly IDCW;INF194K01656;INF194K01664;12.9370;;;24-Aug-2021
118474;BANDHAN Arbitrage Fund-Direct Plan- Growth;INF194K01Y60;;27.2750;;;24-Aug-2021
133679;BANDHAN Arbitrage Fund-Direct Plan-Annual IDCW;INF194KA1YG5;INF194KA1YH3;11.9649;;;24-Aug-2021
118475;BANDHAN Arbitrage Fund-Direct Plan-Monthly IDCW;INF194K01Y78;INF194K01Y86;13.5857;;;24-Aug-2021

Bank of India Mutual Fund
143613;BANK OF INDIA Arbitrage Fund Direct Plan Annual IDCW;INF761K01EI2;INF761K01EJ0;10.5027;;;24-Aug-2021
143614;BANK OF INDIA Arbitrage Fund Direct Plan Growth;INF761K01ED3;;11.6017;;;24-Aug-2021
143615;BANK OF INDIA Arbitrage Fund Direct Plan Monthly IDCW;INF761K01EE1;INF761K01EF8;10.4722;;;24-Aug-2021
143616;BANK OF INDIA Arbitrage Fund Direct Plan Quarterly IDCW;INF761K01EG6;INF761K01EH4;11.0295;;;24-Aug-2021
143620;BANK OF INDIA Arbitrage Fund Regular Growth;INF761K01DW5;;11.3530;;;24-Aug-2021
143617;BANK OF INDIA Arbitrage Fund Regular Plan IDCW Annual IDCW;INF761K01EB7;INF761K01EC5;10.4835;;;24-Aug-2021
143618;BANK OF INDIA Arbitrage Fund Regular Plan IDCW Monthly IDCW;INF761K01DX3;INF761K01DY1;10.2882;;;24-Aug-2021
143619;BANK OF INDIA Arbitrage Fund Regular Plan IDCW Quarterly IDCW;INF761K01DZ8;INF761K01EA9;10.8586;;;24-Aug-2021

BNP Paribas Mutual Fund
140387;BNP PARIBAS ARBITRAGE FUND -DIRECT PLAN - ADHOC Income Distribution cum Capital Withdrawal OPTION;INF251K01OV6;INF251K01OU8;10.876;;;24-Aug-2021
141208;BNP PARIBAS ARBITRAGE FUND DIRECT PLAN MONTHLY Income Distribution cum Capital Withdrawal Option;INF251K01PF6;INF251K01PE9;10.468;;;24-Aug-2021
141209;BNP PARIBAS ARBITRAGE FUND DIRECT PLAN QUARTERLY Income Distribution cum Capital Withdrawal Option;INF251K01PJ8;INF251K01PI0;10.551;;;24-Aug-2021
141207;BNP PARIBAS ARBITRAGE FUND REGULAR PLAN MONTHLY Income Distribution cum Capital Withdrawal Option;INF251K01PD1;INF251K01PC3;10.270;;;24-Aug-2021
141210;BNP PARIBAS ARBITRAGE FUND REGULAR PLAN QUARTERLY Income Distribution cum Capital Withdrawal Option;INF251K01PH2;INF251K01PG4;10.346;;;24-Aug-2021
140385;BNP PARIBAS ARBITRAGE FUND- REGULAR PLAN- GROWTH OPTION;INF251K01ON3;;12.881;;;24-Aug-2021
140386;BNP PARIBAS ARBITRAGE FUND-DIRECT PLAN-GROWTH OPTION;INF251K01OT0;;13.242;;;24-Aug-2021
140388;BNP PARIBAS ARBITRAGE FUND-REGULAR PLAN- ADHOC Income Distribution cum Capital Withdrawal OPTION;INF251K01OP8;INF251K01OO1;10.749;;;24-Aug-2021

DSP Mutual Fund
142283;DSP Arbitrage Fund - Direct - Growth;INF740KA1DN4;;12.214;;;24-Aug-2021
142279;DSP Arbitrage Fund - Direct - IDCW;INF740KA1DO2;INF740KA1DP9;10.720;;;24-Aug-2021
142281;DSP Arbitrage Fund - Direct - IDCW - Monthly;INF740KA1DQ7;INF740KA1DR5;11.040;;;24-Aug-2021
142282;DSP Arbitrage Fund - Regular - Growth;INF740KA1DI4;;11.954;;;24-Aug-2021
142280;DSP Arbitrage Fund - Regular - IDCW;INF740KA1DJ2;INF740KA1DK0;10.556;;;24-Aug-2021
142278;DSP Arbitrage Fund - Regular - IDCW - Monthly;INF740KA1DL8;INF740KA1DM6;10.586;;;24-Aug-2021

Edelweiss Mutual Fund
130209;Edelweiss Arbitrage Fund - Direct Plan - IDCW Option;INF754K01EB2;INF754K01EC0;11.4872;;;24-Aug-2021
141606;Edelweiss Arbitrage Fund - Monthly  Direct Plan - IDCW Option;INF754K01HW1;INF754K01HX9;13.2005;;;24-Aug-2021
141605;Edelweiss Arbitrage Fund - Monthly  Regular Plan - IDCW Option;INF754K01HT7;INF754K01HU5;12.5675;;;24-Aug-2021
130207;Edelweiss Arbitrage Fund - Regular Plan - IDCW Option;INF754K01EG1;INF754K01EH9;11.2881;;;24-Aug-2021
130206;Edelweiss Arbitrage Fund- Direct Plan- Growth Option;INF754K01EA4;;16.0689;;;24-Aug-2021
130208;Edelweiss Arbitrage Fund- Regular Plan -Bonus Option;INF754K01EJ5;;15.3856;;;24-Aug-2021
130205;Edelweiss Arbitrage Fund- Regular Plan- Growth Option;INF754K01EF3;;15.3829;;;24-Aug-2021

Groww Mutual Fund
133181;Groww Arbitrage Fund (formerly known as Indiabulls Arbitrage Fund) - Direct Plan - Growth Option;INF666M01AW8;;14.9929;;;24-Aug-2021
140805;Groww Arbitrage Fund (formerly known as Indiabulls Arbitrage Fund) - Direct Plan- Half Yearly - Income Distribution cum capital withdrawal Option (Payout & Reinvestment);INF666M01CE2;INF666M01CF9;11.943;;;24-Aug-2021
140807;Groww Arbitrage Fund (formerly known as Indiabulls Arbitrage Fund) - Direct Plan- Yearly Income Distribution cum capital withdrawal Option (Payout & Reinvestment);INF666M01CC6;INF666M01CD4;11.8433;;;24-Aug-2021
133184;Groww Arbitrage Fund (formerly known as Indiabulls Arbitrage Fund) - Regular Plan - Growth Option;INF666M01BA2;;14.4004;;;24-Aug-2021
140801;Groww Arbitrage Fund (formerly known as Indiabulls Arbitrage Fund)- Direct Plan- Monthly - Income Distribution cum capital withdrawal Option (Payout & Reinvestment);INF666M01AX6;INF666M01AY4;11.0096;;;24-Aug-2021
140803;Groww Arbitrage Fund (formerly known as Indiabulls Arbitrage Fund)- Direct Plan- Quarterly - Income Distribution cum capital withdrawal Option (Payout & Reinvestment);INF666M01CA0;INF666M01CB8;11.8663;;;24-Aug-2021
140806;Groww Arbitrage Fund (formerly known as Indiabulls Arbitrage Fund)- Regular Plan- Half Yearly - Income Distribution cum capital withdrawal Option (Payout & Reinvestment);INF666M01CK9;INF666M01CL7;11.5944;;;24-Aug-2021
140802;Groww Arbitrage Fund (formerly known as Indiabulls Arbitrage Fund)- Regular Plan- Monthly - Income Distribution cum capital withdrawal Option (Payout & Reinvestment);INF666M01BB0;INF666M01BC8;10.7823;;;24-Aug-2021
140804;Groww Arbitrage Fund (formerly known as Indiabulls Arbitrage Fund)- Regular Plan- Quarterly - Income Distribution cum capital withdrawal Option (Payout & Reinvestment);INF666M01CG7;INF666M01CH5;11.6826;;;24-Aug-2021
140808;Groww Arbitrage Fund (formerly known as Indiabulls Arbitrage Fund)- Regular Plan- Yearly - Income Distribution cum capital withdrawal Option (Payout & Reinvestment);INF666M01CI3;INF666M01CJ1;11.6688;;;24-Aug-2021

HDFC Mutual Fund
118931;HDFC ARBITRAGE FUND - Growth Option - Direct Plan;INF179K01UU8;;24.957;;;24-Aug-2021
118930;HDFC ARBITRAGE FUND - Quarterly IDCW Option - Direct Plan;INF179K01UV6;INF179K01UW4;18.912;;;24-Aug-2021
106796;HDFC ARBITRAGE FUND - Retail Growth Option;INF179K01319;;23.829;;;24-Aug-2021
106799;HDFC ARBITRAGE FUND - Retail IDCW Option;;;17.698;;;24-Aug-2021
106797;HDFC ARBITRAGE FUND - Retail Quarterly IDCW Option;INF179K01327;;16.929;;;24-Aug-2021
106793;HDFC ARBITRAGE FUND - Wholesale Growth Option;INF179K01343;;24.41;;;24-Aug-2021
129052;HDFC ARBITRAGE FUND - Wholesale Growth Option - Direct Plan;INF179KA1KT6;;15.745;;;24-Aug-2021
106795;HDFC ARBITRAGE FUND - Wholesale IDCW Option;INF179KA1KM1;INF179KA1KL3;10.538;;;24-Aug-2021
129053;HDFC ARBITRAGE FUND - Wholesale IDCW Option - Direct Plan;INF179KA1KQ2;INF179KA1KP4;10.863;;;24-Aug-2021
129054;HDFC ARBITRAGE FUND - Wholesale Monthly IDCW - Direct Plan;INF179KA1KS8;INF179KA1KR0;10.568;;;24-Aug-2021
129051;HDFC ARBITRAGE FUND - Wholesale Monthly IDCW Option  ;INF179KA1KO7;INF179KA1KN9;10.894;;;24-Aug-2021

ICICI Prudential Mutual Fund
120364;ICICI Prudential Equity Arbitrage Fund - Direct Plan - Growth;INF109K016O4;;28.6219;;;24-Aug-2021
120365;ICICI Prudential Equity Arbitrage Fund - Direct Plan - IDCW;INF109K017O2;INF109K015O6;15.3297;;;24-Aug-2021
104683;ICICI Prudential Equity Arbitrage Fund - Growth;INF109K01BF6;;27.2865;;;24-Aug-2021
104681;ICICI Prudential Equity Arbitrage Fund - IDCW;INF109K01EF0;INF109K01BE9;14.1202;;;24-Aug-2021

Invesco Mutual Fund
130787;Invesco India Arbitrage Fund - Direct Plan - Annual Bonus;INF205K01P68;;26.5041;;;24-Aug-2021
120401;Invesco India Arbitrage Fund - Direct Plan - Growth Option;INF205K01KR8;;26.5068;;;24-Aug-2021
120400;Invesco India Arbitrage Fund - Direct Plan - IDCW (Payout / Reinvestment);INF205K01KP2;INF205K01KQ0;14.3935;;;24-Aug-2021
105603;Invesco India Arbitrage Fund - Growth Option;INF205K01122;;25.1485;;;24-Aug-2021
105604;Invesco India Arbitrage Fund - IDCW (Payout / Reinvestment);INF205K01148;INF205K01130;13.4214;;;24-Aug-2021

ITI Mutual Fund
147617;ITI Arbitrage Fund - Direct Plan - Growth Option;INF00XX01440;;10.8043;;;24-Aug-2021
147615;ITI Arbitrage Fund - Direct Plan - IDCW Option;INF00XX01457;INF00XX01465;10.8043;;;24-Aug-2021
147618;ITI Arbitrage Fund - Regular Plan - Growth Option;INF00XX01416;;10.6469;;;24-Aug-2021
147616;ITI Arbitrage Fund - Regular Plan - IDCW Option;INF00XX01424;INF00XX01432;10.6469;;;24-Aug-2021

JM Financial Mutual Fund
133395;JM Arbitrage Fund (Direct) - Annual Bonus Option - Principal Units;INF192K01GX4;;14.0918;;;24-Aug-2021
135173;JM Arbitrage Fund (Direct) - Annual IDCW;INF192K01KY4;INF192K01KZ1;12.4849;;;24-Aug-2021
130604;JM Arbitrage Fund (Direct) - Bonus Option - Principal Units;INF192K01GL9;;14.6829;;;24-Aug-2021
120482;JM Arbitrage Fund (Direct) - Growth Option;INF192K01BN6;;27.4353;;;24-Aug-2021
133397;JM Arbitrage Fund (Direct) - Half Yearly Bonus Option - Principal Units;INF192K01ID2;;27.4753;;;24-Aug-2021
135171;JM Arbitrage Fund (Direct) - Half Yearly IDCW;INF192K01KU2;INF192K01KV0;12.6965;;;24-Aug-2021
135172;JM Arbitrage Fund (Direct) - Monthly IDCW;INF192K01KM9;INF192K01KN7;11.0788;;;24-Aug-2021
133398;JM Arbitrage Fund (Direct) - Quarterly Bonus Option - Principal Units;INF192K01IH3;;27.4833;;;24-Aug-2021
135174;JM Arbitrage Fund (Direct) - Quarterly IDCW;INF192K01KQ0;INF192K01KR8;13.0339;;;24-Aug-2021
120481;JM Arbitrage Fund (Direct)- IDCW;INF192K01BL0;INF192K01BM8;12.9285;;;24-Aug-2021
133394;JM Arbitrage Fund (Regular) - Annual Bonus Option - Principal Units;INF192K01GV8;;26.6371;;;24-Aug-2021
135167;JM Arbitrage Fund (Regular) - Annual IDCW;INF192K01KW8;INF192K01KX6;11.6542;;;24-Aug-2021
130603;JM Arbitrage Fund (Regular) - Bonus Option - Principal Units;INF192K01GJ3;;14.3410;;;24-Aug-2021
103780;JM Arbitrage Fund (Regular) - Growth Option;INF192K01510;;26.3792;;;24-Aug-2021
133399;JM Arbitrage Fund (Regular) - Half Yearly Bonus Option - Principal Units;INF192K01IB6;;26.6822;;;24-Aug-2021
135170;JM Arbitrage Fund (Regular) - Half Yearly IDCW;INF192K01KS6;INF192K01KT4;11.7395;;;24-Aug-2021
103781;JM Arbitrage Fund (Regular) - IDCW ;INF192K01494;INF192K01502;12.2435;;;24-Aug-2021
135168;JM Arbitrage Fund (Regular) - Monthly IDCW;INF192K01KK3;INF192K01KL1;10.3713;;;24-Aug-2021
133396;JM Arbitrage Fund (Regular) - Quarterly Bonus Option - Principal Units;INF192K01IF7;;26.6822;;;24-Aug-2021
135169;JM Arbitrage Fund (Regular) - Quarterly IDCW;INF192K01KO5;INF192K01KP2;11.9137;;;24-Aug-2021

Kotak Mahindra Mutual Fund
133033;Kotak Equity Arbitrage Fund -  Payout of Income Distribution cum capital withdrawal option-Bimonthly Direct;INF174K01F26;INF174K01F42;20.2223;;;24-Aug-2021
140414;Kotak Equity Arbitrage Fund - Fortnightly -Payout of Income Distribution cum capital withdrawal option Regular;INF174K012K1;INF174K014K7;22.9884;;;24-Aug-2021
105968;Kotak Equity Arbitrage Fund - Growth;INF174K01302;;29.5754;;;24-Aug-2021
119771;Kotak Equity Arbitrage Fund - Growth - Direct;INF174K01LC6;;30.8965;;;24-Aug-2021
105967;Kotak Equity Arbitrage Fund - Payout of Income Distribution cum capital withdrawal option;INF174K01328;INF174K01310;10.7036;;;24-Aug-2021
119770;Kotak Equity Arbitrage Fund - Payout of Income Distribution cum capital withdrawal option - Direct;INF174K01LE2;INF174K01LD4;11.1846;;;24-Aug-2021
140413;Kotak Equity Arbitrage Fund -Fortnightly - Payout of Income Distribution cum capital withdrawal option- Direct;INF174K013K9;INF174K015K4;23.4682;;;24-Aug-2021
133034;Kotak Equity Arbitrage Fund -Payout of Income Distribution cum capital withdrawal option Bimonthly;INF174K01F18;INF174K01F34;20.0187;;;24-Aug-2021

L&T Mutual Fund
130450;L&T Arbitrage Opportunities Fund - Direct Plan - Growth;INF917K01QR5;;15.898;;;24-Aug-2021
130447;L&T Arbitrage Opportunities Fund - Direct Plan - Monthly IDCW;INF917K01QT1;INF917K01QS3;10.481;;;24-Aug-2021
130448;L&T Arbitrage Opportunities Fund - Direct Plan - Quarterly IDCW;INF917K01QV7;INF917K01QU9;11.23;;;24-Aug-2021
130446;L&T Arbitrage Opportunities Fund - Regular Plan - Growth;INF917K01QL8;;15.238;;;24-Aug-2021
130452;L&T Arbitrage Opportunities Fund - Regular Plan - Monthly IDCW;INF917K01QN4;INF917K01QM6;10.189;;;24-Aug-2021
130449;L&T Arbitrage Opportunities Fund - Regular Plan - Quarterly IDCW;INF917K01QP9;INF917K01QO2;10.939;;;24-Aug-2021

LIC Mutual Fund
145895;LIC MF Arbitrage Fund-Direct Plan-Growth;INF767K01PP0;;11.3175;;;24-Aug-2021
145894;LIC MF Arbitrage Fund-Direct Plan-Monthly IDCW;INF767K01PR6;INF767K01PS4;10.2908;;;24-Aug-2021
145891;LIC MF Arbitrage Fund-Direct Plan-Weekly IDCW;;INF767K01PQ8;10.6352;;;24-Aug-2021
145890;LIC MF Arbitrage Fund-Regular Plan-Growth;INF767K01PL9;;11.1349;;;24-Aug-2021
145892;LIC MF Arbitrage Fund-Regular Plan-Monthly IDCW;INF767K01PN5;INF767K01PO3;10.8788;;;24-Aug-2021
145893;LIC MF Arbitrage Fund-Regular Plan-Weekly IDCW;;INF767K01PM7;10.833;;;24-Aug-2021

Mahindra Manulife Mutual Fund
148470;Mahindra Manulife Arbitrage Fund - Direct Plan - IDCW;INF174V01AC6;INF174V01AB8;10.3803;;;24-Aug-2021
148468;Mahindra Manulife Arbitrage Fund - Direct Plan -Growth;INF174V01AA0;;10.3802;;;24-Aug-2021
148467;Mahindra Manulife Arbitrage Fund - Regular Plan - Growth;INF174V01978;;10.2924;;;24-Aug-2021
148469;Mahindra Manulife Arbitrage Fund - Regular Plan - IDCW;INF174V01994;INF174V01986;10.2924;;;24-Aug-2021

Mirae Asset Mutual Fund
148401;Mirae Asset Arbitrage Fund Direct Growth;INF769K01FS1;;10.505;;;24-Aug-2021
148402;Mirae Asset Arbitrage Fund Direct IDCW;INF769K01FR3;INF769K01FT9;10.505;;;24-Aug-2021
148400;Mirae Asset Arbitrage Fund Regular Growth;INF769K01FP7;;10.422;;;24-Aug-2021
148403;Mirae Asset Arbitrage Fund Regular IDCW;INF769K01FO0;INF769K01FQ5;10.421;;;24-Aug-2021

Nippon India Mutual Fund
118587;NIPPON INDIA ARBITRAGE FUND - DIRECT Plan - IDCW Option;INF204K01YA8;INF204K01YB6;13.7136;;;24-Aug-2021
128821;NIPPON INDIA ARBITRAGE FUND - DIRECT Plan - MONTHLY IDCW Option;INF204KA1MV7;INF204KA1MW5;11.6576;;;24-Aug-2021
118585;Nippon India Arbitrage Fund - Direct Plan Growth Plan - Growth Option;INF204K01XZ7;;22.2733;;;24-Aug-2021
113345;Nippon India Arbitrage Fund - Growth Plan - Growth Option;INF204K01IY1;;21.1973;;;24-Aug-2021
113346;NIPPON INDIA ARBITRAGE FUND - IDCW Option;INF204K01IZ8;INF204K01JA9;12.7033;;;24-Aug-2021
128820;NIPPON INDIA ARBITRAGE FUND - MONTHLY IDCW Option;INF204KA1MT1;INF204KA1MU9;11.0488;;;24-Aug-2021

PGIM India Mutual Fund
138875;PGIM India Arbitrage Fund - Direct Plan - Growth;INF223J013N7;;15.4422;;;24-Aug-2021
138878;PGIM India Arbitrage Fund - Direct Plan - Monthly Dividend;INF223J011N1;INF223J016N0;10.5886;;;24-Aug-2021
138877;PGIM India Arbitrage Fund - Direct Plan - Regular Dividend;INF223J019M6;INF223J014N5;11.8759;;;24-Aug-2021
138876;PGIM India Arbitrage Fund - Regular Plan - Growth;INF223J019N4;;14.8415;;;24-Aug-2021
138883;PGIM India Arbitrage Fund - Regular Plan - Monthly Dividend;INF223J011M3;INF223J015M4;10.6284;;;24-Aug-2021
138887;PGIM India Arbitrage Fund - Regular Plan - Regular Dividend;INF223J019L8;INF223J013M9;11.3686;;;24-Aug-2021

Principal Mutual Fund
139221;Principal Arbitrage Fund - Direct Plan - Growth;INF173K01NF7;;12.0795;;;24-Aug-2021
139219;Principal Arbitrage Fund - Direct Plan- Monthly Income Distribution CUM Capital Withdrawal;INF173K01NC4;INF173K01NE0;10.4461;;;24-Aug-2021
139224;Principal Arbitrage Fund - Regular Plan - Growth;INF173K01NB6;;11.7323;;;24-Aug-2021
139222;Principal Arbitrage Fund - Regular Plan - Monthly Income Distribution CUM Capital Withdrawal;INF173K01MY0;INF173K01NA8;10.3154;;;24-Aug-2021

SBI Mutual Fund
119574;SBI Arbitrage Opportunities Fund - Direct Plan - Gr;INF200K01QU0;;27.8040;;;24-Aug-2021
119567;SBI Arbitrage Opportunities Fund - Direct Plan - Income Distribution cum Capital Withdrawal Option (IDCW);INF200K01QS4;INF200K01QT2;15.0228;;;24-Aug-2021
104457;SBI Arbitrage Opportunities Fund - Regular Plan - Gr;INF200K01156;;26.6576;;;24-Aug-2021
104458;SBI Arbitrage Opportunities Fund - Regular Plan - Income Distribution cum Capital Withdrawal Option (IDCW);INF200K01131;INF200K01149;14.0187;;;24-Aug-2021

Sundaram Mutual Fund
147927;Sundaram Arbitrage Fund Direct Plan - Growth;INF903JA1IQ2;;10.7161;;;24-Aug-2021
147924;Sundaram Arbitrage Fund Direct Plan - Payout of Income Distribution cum Capital Withdrawal (IDCW);INF903JA1IR0;;10.7123;;;24-Aug-2021
147925;Sundaram Arbitrage Fund Direct Plan - Reinvestment of Income Distribution cum Capital Withdrawal (IDCW);;INF903JA1IS8;10.7123;;;24-Aug-2021
147922;Sundaram Arbitrage Fund Regular Plan - Growth;INF903JA1IN9;;10.6007;;;24-Aug-2021
147923;Sundaram Arbitrage Fund Regular Plan - Payout of Income Distribution cum Capital Withdrawal (IDCW);INF903JA1IO7;;10.6008;;;24-Aug-2021
147926;Sundaram Arbitrage Fund Regular Plan - Reinvestment of Income Distribution cum Capital Withdrawal (IDCW);;INF903JA1IP4;10.6008;;;24-Aug-2021

Tata Mutual Fund
145727;TATA Arbitrage Fund Direct Plan - Monthly Payout of Income Distribution cum capital withdrawal option ;INF277K018Q1;;11.2301;;;24-Aug-2021
145725;TATA Arbitrage Fund Direct Plan - Monthly Reinvestment of Income Distribution cum capital withdrawal option;;INF277K019Q9;11.2301;;;24-Aug-2021
145728;TATA Arbitrage Fund Regular Plan - Monthly Payout of Income Distribution cum capital withdrawal option ;INF277K016Q5;;10.9748;;;24-Aug-2021
145726;TATA Arbitrage Fund Regular Plan - Monthly Reinvestment of Income Distribution cum capital withdrawal option ;;INF277K010R6;10.9748;;;24-Aug-2021
145724;Tata Arbitrage Fund-Direct Plan-Growth;INF277K017Q3;;11.7137;;;24-Aug-2021
145723;Tata Arbitrage Fund-Regular Plan-Growth;INF277K015Q7;;11.4787;;;24-Aug-2021

Union Mutual Fund
146297;Union Arbitrage Fund - Direct Plan - Growth Option;INF582M01ES7;;11.3946;;;24-Aug-2021
146296;Union Arbitrage Fund - Direct Plan - IDCW Option;INF582M01EU3;INF582M01ET5;11.1242;;;24-Aug-2021
146294;Union Arbitrage Fund - Regular Plan - Growth Option;INF582M01EW9;;11.2595;;;24-Aug-2021
146295;Union Arbitrage Fund - Regular Plan - IDCW Option;INF582M01EY5;INF582M01EX7;10.9941;;;24-Aug-2021

UTI Mutual Fund
120795;UTI Arbitrage Fund - Direct Plan - Growth Option;INF789FB1RG6;;29.0551;;;24-Aug-2021
120796;UTI Arbitrage Fund - Direct Plan - IDCW;INF789FB1RE1;INF789FB1RF8;17.0459;;;24-Aug-2021
104075;UTI Arbitrage Fund - Regular Plan - Growth Option;INF789FB1RJ0;;27.8822;;;24-Aug-2021
104074;UTI Arbitrage Fund - Regular Plan - IDCW;INF789FB1RH4;INF789FB1RI2;15.7513;;;24-Aug-2021

Open Ended Schemes ( Hybrid Scheme - Equity Savings )


Aditya Birla Sun Life Mutual Fund
132996;Aditya Birla Sun Life Equity Savings Fund - Direct - IDCW;INF209KA1TQ7;INF209KA1TR5;15.29;;;24-Aug-2021
132995;Aditya Birla Sun Life Equity Savings Fund - Direct Plan - Growth;INF209KA1TP9;;18.37;;;24-Aug-2021
132997;Aditya Birla Sun Life Equity Savings Fund - Regular - IDCW;INF209KA1TT1;INF209KA1TU9;13.4;;;24-Aug-2021
132998;Aditya Birla Sun Life Equity Savings Fund - Regular Plan - Growth;INF209KA1TS3;;17.1;;;24-Aug-2021

Axis Mutual Fund
135120;Axis Equity Savings Fund - Direct Plan - Growth;INF846K01VJ3;;17.79;;;24-Aug-2021
135121;Axis Equity Savings Fund - Direct Plan - Monthly IDCW;INF846K01VK1;INF846K01VL9;13.52;;;24-Aug-2021
135124;Axis Equity Savings Fund - Direct Plan - Quarterly IDCW;INF846K01VM7;INF846K01VN5;13.82;;;24-Aug-2021
139520;Axis Equity Savings Fund - Direct Plan - Regular IDCW;INF846K01XP6;INF846K01XQ4;13.91;;;24-Aug-2021
135122;Axis Equity Savings Fund - Regular Plan - Growth;INF846K01VO3;;16.52;;;24-Aug-2021
135123;Axis Equity Savings Fund - Regular Plan - Monthly IDCW;INF846K01VP0;INF846K01VQ8;12.51;;;24-Aug-2021
135125;Axis Equity Savings Fund - Regular Plan - Quarterly IDCW;INF846K01VR6;INF846K01VS4;12.77;;;24-Aug-2021
139521;Axis Equity Savings Fund - Regular Plan - Regular IDCW;INF846K01XR2;INF846K01XS0;13.65;;;24-Aug-2021

Bandhan Mutual Fund
108995;BANDHAN Equity Savings Fund - Regular Plan - Growth;INF194K01581;;24.25;;;24-Aug-2021
108992;BANDHAN Equity Savings Fund - Regular Plan - Monthly IDCW;INF194K01599;INF194K01607;14.10;;;24-Aug-2021
133682;BANDHAN Equity Savings Fund - Regular Plan -Annual IDCW;INF194KA1XX2;INF194KA1XY0;12.27;;;24-Aug-2021
143259;BANDHAN Equity Savings Fund- Regular Plan -Quarterly IDCW;INF194KA16J0;INF194KA17J8;12.05;;;24-Aug-2021
143258;BANDHAN Equity Savings Fund-Direct Plan -Quarterly IDCW;INF194KA19J4;INF194KA10K1;12.18;;;24-Aug-2021
133681;BANDHAN Equity Savings Fund-Direct Plan-Annual IDCW;INF194KA1YA8;INF194KA1YB6;13.04;;;24-Aug-2021
118477;BANDHAN Equity Savings Fund-Direct Plan-Growth;INF194K01Z02;;25.90;;;24-Aug-2021
118476;BANDHAN Equity Savings Fund-Direct Plan-Monthly IDCW;INF194K01Z10;INF194K01Z28;14.99;;;24-Aug-2021

Baroda BNP Paribas Mutual Fund
147496;Baroda BNP Paribas Equity Savings Fund - Direct Plan - Growth;INF955L01IL3;;12.30;;;24-Aug-2021
147498;Baroda BNP Paribas Equity Savings Fund - Direct Plan - IDCW;;INF955L01IN9;12.30;;;24-Aug-2021
147494;Baroda BNP Paribas Equity Savings Fund - Regular Plan - Growth;INF955L01II9;;12.03;;;24-Aug-2021
147495;Baroda BNP Paribas Equity Savings Fund - Regular Plan - IDCW;;INF955L01IK5;12.03;;;24-Aug-2021

DSP Mutual Fund
136567;DSP Equity Savings Fund - Direct Plan - Growth;INF740KA1504;;17.176;;;24-Aug-2021
136568;DSP Equity Savings Fund - Direct Plan - IDCW;INF740KA1512;INF740KA1520;14.104;;;24-Aug-2021
136569;DSP Equity Savings Fund - Direct Plan - IDCW - Monthly;INF740KA1538;INF740KA1546;15.042;;;24-Aug-2021
136570;DSP Equity Savings Fund - Direct Plan - IDCW - Quarterly;INF740KA1553;INF740KA1561;14.991;;;24-Aug-2021
136563;DSP Equity Savings Fund - Regular Plan - Growth;INF740KA1439;;15.870;;;24-Aug-2021
136564;DSP Equity Savings Fund - Regular Plan - IDCW;INF740KA1447;INF740KA1454;13.387;;;24-Aug-2021
136565;DSP Equity Savings Fund - Regular Plan - IDCW - Monthly;INF740KA1462;INF740KA1470;12.958;;;24-Aug-2021
136566;DSP Equity Savings Fund - Regular Plan - IDCW - Quarterly;INF740KA1488;INF740KA1496;12.968;;;24-Aug-2021

Edelweiss Mutual Fund
140350;Edelweiss Equity Savings Fund - Direct Plan - Bonus Option;INF843K01KD6;;18.8858;;;24-Aug-2021
140347;Edelweiss Equity Savings Fund - Direct Plan - Growth Option;INF843K01KC8;;18.8782;;;24-Aug-2021
140348;Edelweiss Equity Savings Fund - Direct Plan - IDCW Option;INF843K01KE4;INF843K01KF1;13.9197;;;24-Aug-2021
141933;Edelweiss Equity Savings Fund - Direct Plan - Monthly - IDCW Option;INF754K01IN8;INF754K01IO6;14.2798;;;24-Aug-2021
140352;Edelweiss Equity Savings Fund - Regular Plan - Bonus Option;INF843K01KH7;;17.9088;;;24-Aug-2021
140351;Edelweiss Equity Savings Fund - Regular Plan - Growth Option;INF843K01KG9;;17.9002;;;24-Aug-2021
140349;Edelweiss Equity Savings Fund - Regular Plan - IDCW Option;INF843K01KI5;INF843K01KJ3;12.5701;;;24-Aug-2021
141934;Edelweiss Equity Savings Fund - Regular Plan - Monthly - IDCW Option;INF754K01IP3;INF754K01IQ1;13.5141;;;24-Aug-2021

Franklin Templeton Mutual Fund
144462;Franklin India Equity Savings Fund - Direct - IDCW ;INF090I01PC9;INF090I01PB1;12.4886;;;24-Aug-2021
144465;Franklin India Equity Savings Fund - Direct - Monthly - IDCW;INF090I01PH8;INF090I01PG0;12.3987;;;24-Aug-2021
144467;Franklin India Equity Savings Fund - Direct - Quarterly - IDCW;INF090I01PL0;INF090I01PK2;12.3010;;;24-Aug-2021
144468;Franklin India Equity Savings Fund - IDCW ;INF090I01OZ3;INF090I01OY6;11.8707;;;24-Aug-2021
144464;Franklin India Equity Savings Fund - Monthly - IDCW;INF090I01PF2;INF090I01PE5;11.7880;;;24-Aug-2021
144463;Franklin India Equity Savings Fund - Quarterly - IDCW;INF090I01PJ4;INF090I01PI6;11.6874;;;24-Aug-2021
144461;Franklin India Equity Savings Fund- Growth;INF090I01PA3;;12.3718;;;24-Aug-2021
144466;Franklin India Equity Savings Fund- Growth Direct;INF090I01PD7;;12.9896;;;24-Aug-2021

HDFC Mutual Fund
119128;HDFC Equity Savings Fund - Growth Option - Direct Plan;INF179K01XT4;;50.148;;;24-Aug-2021
101585;HDFC Equity Savings Fund - GROWTH PLAN;INF179K01AM7;;46.43;;;24-Aug-2021
119129;HDFC Equity Savings Fund - IDCW Option - Direct Plan;INF179K01XR8;INF179K01XS6;13.416;;;24-Aug-2021
101586;HDFC Equity Savings Fund - IDCW PLAN;INF179K01AK1;INF179K01AL9;12.093;;;24-Aug-2021

ICICI Prudential Mutual Fund
133051;ICICI Prudential Equity Savings Fund - Cumulative option;INF109KA14I5;;16.53;;;24-Aug-2021
133054;ICICI Prudential Equity Savings Fund - Direct Plan - Cumulative option;INF109KA11J9;;17.40;;;24-Aug-2021
133056;ICICI Prudential Equity Savings Fund - Direct Plan - Half Yearly IDCW;INF109KA14J3;INF109KA17J6;15.02;;;24-Aug-2021
133049;ICICI Prudential Equity Savings Fund - Direct Plan - Monthly IDCW;INF109KA12J7;INF109KA15J0;14.08;;;24-Aug-2021
133052;ICICI Prudential Equity Savings Fund - Direct Plan - Quarterly IDCW;INF109KA13J5;INF109KA16J8;13.84;;;24-Aug-2021
133057;ICICI Prudential Equity Savings Fund - Half Yearly IDCW;INF109KA17I8;INF109KA10J1;13.94;;;24-Aug-2021
133050;ICICI Prudential Equity Savings Fund - Monthly IDCW;INF109KA15I2;INF109KA18I6;12.09;;;24-Aug-2021
133053;ICICI Prudential Equity Savings Fund - Quarterly IDCW;INF109KA16I0;INF109KA19I4;12.29;;;24-Aug-2021

IDBI Mutual Fund
114982;IDBI Equity Savings Fund Growth Option;INF397L01315;;20.3724;;;24-Aug-2021
118452;IDBI Equity Savings Fund Growth Option Direct;INF397L01AZ5;;22.1199;;;24-Aug-2021
114630;IDBI Equity Savings Fund IDCW Option;INF397L01257;INF397L01265;16.0500;;;24-Aug-2021
118453;IDBI Equity Savings Fund IDCW Option Direct;INF397L01BA6;INF397L01BB4;14.9468;;;24-Aug-2021
118454;IDBI Equity Savings Fund Option Direct;INF397L01BD0;INF397L01BE8;12.3301;;;24-Aug-2021
114983;IDBI Equity Savings Fund Quarterly IDCW Option;INF397L01281;INF397L01299;15.1747;;;24-Aug-2021

Invesco Mutual Fund
146457;Invesco India Equity Savings Fund - Direct Plan - Growth;INF205KA1049;;12.8394;;;24-Aug-2021
146458;Invesco India Equity Savings Fund - Direct Plan - IDCW (Payout / Reinvestment);INF205KA1064;INF205KA1031;12.8029;;;24-Aug-2021
146456;Invesco India Equity Savings Fund - Regular Plan - Growth;INF205KA1023;;12.2868;;;24-Aug-2021
146455;Invesco India Equity Savings Fund - Regular Plan - IDCW (Payout / Reinvestment);INF205KA1015;INF205KA1056;12.2865;;;24-Aug-2021

Kotak Mahindra Mutual Fund
131373;Kotak Equity Savings Fund - Direct - Growth;INF174K01D28;;18.4952;;;24-Aug-2021
131375;Kotak Equity Savings Fund - Direct - Monthly Payout of Income Distribution cum capital withdrawal option;INF174K01D36;INF174K01D51;13.3931;;;24-Aug-2021
131377;Kotak Equity Savings Fund - Direct - Quarterly Payout of Income Distribution cum capital withdrawal option;INF174K01D44;INF174K01D69;13.0473;;;24-Aug-2021
131372;Kotak Equity Savings Fund - Regular - Growth;INF174K01C78;;17.5513;;;24-Aug-2021
131374;Kotak Equity Savings Fund - Regular - Monthly Payout of Income Distribution cum capital withdrawal option;INF174K01C86;INF174K01D02;12.945;;;24-Aug-2021
131376;Kotak Equity Savings Fund - Regular - QuarterlyPayout of Income Distribution cum capital withdrawal option;INF174K01C94;INF174K01D10;12.8922;;;24-Aug-2021

L&T Mutual Fund
119802;L&T Equity Savings Fund - Direct Plan-Growth;INF917K01GE4;;23.811;;;24-Aug-2021
119803;L&T Equity Savings Fund - Direct Plan-Monthly IDCW;INF917K01GA2;;14.488;;;24-Aug-2021
115887;L&T Equity Savings Fund - Regular Plan - Growth;INF917K01AA5;;22.222;;;24-Aug-2021
115883;L&T Equity Savings Fund - Regular Plan - Monthly IDCW;INF917K01965;INF917K01973;13.15;;;24-Aug-2021
115886;L&T Equity Savings Fund - Regular Plan - Quarterly IDCW;INF917K01981;INF917K01999;13.977;;;24-Aug-2021
119801;L&T Equity Savings Fund- Direct Plan-Quarterly IDCW;INF917K01GD6;INF917K01GC8;14.894;;;24-Aug-2021

Mahindra Manulife Mutual Fund
140444;Mahindra Manulife Equity Savings Fund - Direct Plan -Growth;INF174V01184;;16.3835;;;24-Aug-2021
140447;Mahindra Manulife Equity Savings Fund - Regular Plan - Growth;INF174V01150;;15.0230;;;24-Aug-2021
140442;Mahindra Manulife Equity Savings Fund -Direct Plan -Dividend;INF174V01192;INF174V01200;14.9338;;;24-Aug-2021
140446;Mahindra Manulife Equity Savings Fund -Regular Plan -Dividend;INF174V01168;INF174V01176;13.6656;;;24-Aug-2021

Mirae Asset Mutual Fund
145694;Mirae Asset Equity Savings Fund Direct IDCW;INF769K01EJ3;INF769K01EM7;13.438;;;24-Aug-2021
145696;Mirae Asset Equity Savings Fund Regular IDCW;INF769K01EH7;INF769K01EL9;13.020;;;24-Aug-2021
145693;Mirae Asset Equity Savings Fund- Direct Plan- Growth;INF769K01EK1;;14.589;;;24-Aug-2021
145695;Mirae Asset Equity Savings Fund- Regular Plan- Growth;INF769K01EI5;;14.163;;;24-Aug-2021

Nippon India Mutual Fund
148276;NIPPON INDIA EQUITY SAVINGS FUND -  SEGREGATED PORTFOLIO 2 - Direct Plan - IDCW Option;INF204KB11S7;INF204KB12S5;0.0000;;;24-Aug-2021
148277;NIPPON INDIA EQUITY SAVINGS FUND -  SEGREGATED PORTFOLIO 2 - Direct Plan - MONTHLY IDCW Option;INF204KB13S3;INF204KB14S1;0.0000;;;24-Aug-2021
148275;NIPPON INDIA EQUITY SAVINGS FUND -  SEGREGATED PORTFOLIO 2 - Direct Plan - QUARTERLY IDCW Option;INF204KB19R2;INF204KB10S9;0.0000;;;24-Aug-2021
148278;NIPPON INDIA EQUITY SAVINGS FUND -  SEGREGATED PORTFOLIO 2 - IDCW Option;INF204KB19S0;INF204KB10T7;0.0000;;;24-Aug-2021
148282;NIPPON INDIA EQUITY SAVINGS FUND -  SEGREGATED PORTFOLIO 2 - MONTHLY IDCW Option;INF204KB11T5;INF204KB12T3;0.0000;;;24-Aug-2021
148281;NIPPON INDIA EQUITY SAVINGS FUND -  SEGREGATED PORTFOLIO 2 - QUARTERLY IDCW Option;INF204KB17S4;INF204KB18S2;0.0000;;;24-Aug-2021
134597;NIPPON INDIA EQUITY SAVINGS FUND - Direct Plan - IDCW Option;INF204KA1W93;INF204KA1X01;11.0849;;;24-Aug-2021
134599;NIPPON INDIA EQUITY SAVINGS FUND - Direct Plan - MONTHLY IDCW Option;INF204KA1X35;INF204KA1X43;10.9250;;;24-Aug-2021
134601;NIPPON INDIA EQUITY SAVINGS FUND - Direct Plan - QUARTERLY IDCW Option;INF204KA1X19;INF204KA1X27;10.9146;;;24-Aug-2021
134596;NIPPON INDIA EQUITY SAVINGS FUND - IDCW Option;INF204KA1W10;INF204KA1W28;10.3555;;;24-Aug-2021
134598;NIPPON INDIA EQUITY SAVINGS FUND - MONTHLY IDCW Option;INF204KA1W51;INF204KA1W69;10.2151;;;24-Aug-2021
134600;NIPPON INDIA EQUITY SAVINGS FUND - QUARTERLY IDCW Option;INF204KA1W36;INF204KA1W44;10.2082;;;24-Aug-2021
147691;Nippon India Equity Savings Fund - Segregated Portfolio 1 - Direct Plan - Growth Plan - Bonus Option;INF204KB10E9;;0.3021;;;24-Aug-2021
147697;Nippon India Equity Savings Fund - Segregated Portfolio 1 - Direct Plan - Growth Plan - Growth Option;INF204KB11E7;;0.3021;;;24-Aug-2021
147692;NIPPON INDIA EQUITY SAVINGS FUND - SEGREGATED PORTFOLIO 1 - Direct Plan - IDCW Option;INF204KB14E1;INF204KB15E8;0.2604;;;24-Aug-2021
147693;NIPPON INDIA EQUITY SAVINGS FUND - SEGREGATED PORTFOLIO 1 - Direct Plan - MONTHLY IDCW Option;INF204KB16E6;INF204KB17E4;0.2566;;;24-Aug-2021
147698;NIPPON INDIA EQUITY SAVINGS FUND - SEGREGATED PORTFOLIO 1 - Direct Plan - QUARTERLY IDCW Option;INF204KB12E5;INF204KB13E3;0.2564;;;24-Aug-2021
147695;Nippon India Equity Savings Fund - Segregated Portfolio 1 - Growth Plan - Bonus Option;INF204KB18E2;;0.2885;;;24-Aug-2021
147700;Nippon India Equity Savings Fund - Segregated Portfolio 1 - Growth Plan - Growth Option;INF204KB19E0;;0.2885;;;24-Aug-2021
147694;NIPPON INDIA EQUITY SAVINGS FUND - SEGREGATED PORTFOLIO 1 - IDCW Option;INF204KB12F2;INF204KB13F0;0.2471;;;24-Aug-2021
147699;NIPPON INDIA EQUITY SAVINGS FUND - SEGREGATED PORTFOLIO 1 - MONTHLY IDCW Option;INF204KB14F8;INF204KB15F5;0.2437;;;24-Aug-2021
147696;NIPPON INDIA EQUITY SAVINGS FUND - SEGREGATED PORTFOLIO 1 - QUARTERLY IDCW Option;INF204KB10F6;INF204KB11F4;0.2436;;;24-Aug-2021
148273;Nippon India Equity Savings Fund - Segregated Portfolio 2 - Direct Plan - Growth Plan - Bonus Option;INF204KB17R6;;0.0000;;;24-Aug-2021
148274;Nippon India Equity Savings Fund - Segregated Portfolio 2 - Direct Plan - Growth Plan - Growth Option;INF204KB18R4;;0.0000;;;24-Aug-2021
148279;Nippon India Equity Savings Fund - Segregated Portfolio 2 - Growth Plan - Bonus Option;INF204KB15S8;;0.0000;;;24-Aug-2021
148280;Nippon India Equity Savings Fund - Segregated Portfolio 2 - Growth Plan - Growth Option;INF204KB16S6;;0.0000;;;24-Aug-2021
134595;Nippon India Equity Savings Fund- Direct Plan- Growth Plan- Bonus Option;INF204KA1W85;;12.8593;;;24-Aug-2021
134594;Nippon India Equity Savings Fund- Direct Plan- Growth Plan-Growth Option;INF204KA1W77;;12.8593;;;24-Aug-2021
134602;Nippon India Equity Savings Fund- Growth Plan- Bonus Option;INF204KA1W02;;12.0891;;;24-Aug-2021
134593;Nippon India Equity Savings Fund- Growth Plan- Growth Option;INF204KA1V94;;12.0891;;;24-Aug-2021

PGIM India Mutual Fund
138371;PGIM India Equity Savings Fund - Annual Dividend option;INF223J01EZ9;INF223J01FA9;15.283;;;24-Aug-2021
138375;PGIM India Equity Savings Fund - Direct Plan - Annual Dividend;INF223J01QA6;INF223J01QB4;15.6301;;;24-Aug-2021
138376;PGIM India Equity Savings Fund - Direct Plan - Growth;INF223J01QD0;;42.0602;;;24-Aug-2021
138377;PGIM India Equity Savings Fund - Direct Plan - Monthly Dividend;INF223J01QE8;INF223J01QF5;13.5113;;;24-Aug-2021
138372;PGIM India Equity Savings Fund - Growth Option;INF223J01FB7;;38.3359;;;24-Aug-2021
138369;PGIM India Equity Savings Fund - Monthly Dividend option;INF223J01FC5;INF223J01FD3;12.6801;;;24-Aug-2021

Principal Mutual Fund
119472;Principal Equity Savings Fund - Direct Plan - Growth Option;INF173K01GZ9;;51.3779;;;24-Aug-2021
119470;Principal Equity Savings Fund - Direct Plan - Income Distribution CUM Capital Withdrawal Option - Half Yearly;INF173K01HC6;INF173K01HD4;14.1186;;;24-Aug-2021
101498;Principal Equity Savings Fund - Growth Option;INF173K01213;;47.2011;;;24-Aug-2021
101499;Principal Equity Savings Fund - Half Yearly Income Distribution CUM Capital Withdrawal;INF173K01247;INF173K01254;14.0373;;;24-Aug-2021
101500;Principal Equity Savings Fund -Quaterly Income Distribution CUM Capital Withdrawal;INF173K01262;INF173K01270;14.7964;;;24-Aug-2021
119471;Principal Equity Savings Fund- Direct Plan - Income Distribution CUM Capital Withdrawal Option - Quaterly;INF173K01HF9;INF173K01HG7;20.1480;;;24-Aug-2021

SBI Mutual Fund
134643;SBI Equity Savings Fund - Direct Plan - Growth;INF200KA1DF3;;18.1238;;;24-Aug-2021
134641;SBI Equity Savings Fund - Direct Plan - Monthly Income Distribution cum Capital Withdrawal Option (IDCW);INF200KA1DG1;INF200KA1DH9;16.5826;;;24-Aug-2021
134640;SBI Equity Savings Fund - Direct Plan - Quarterly Income Distribution cum Capital Withdrawal Option (IDCW);INF200KA1DI7;INF200KA1DJ5;17.1631;;;24-Aug-2021
134644;SBI Equity Savings Fund - Regular Plan - Growth;INF200KA1DA4;;16.7791;;;24-Aug-2021
134639;SBI Equity Savings Fund - Regular Plan - Monthly Income Distribution cum Capital Withdrawal Option (IDCW);INF200KA1DB2;INF200KA1DC0;15.5558;;;24-Aug-2021
134642;SBI Equity Savings Fund - Regular Plan - Quarterly Income Distribution cum Capital Withdrawal Option (IDCW);INF200KA1DD8;INF200KA1DE6;15.8664;;;24-Aug-2021

Sundaram Mutual Fund
145478;Sundaram Equity Savings Fund Direct Plan - Growth;INF903JA1GK9;;12.9545;;;24-Aug-2021
145479;Sundaram Equity Savings Fund Direct Plan - Payout of Income Distribution cum Capital Withdrawal (IDCW);INF903JA1GL7;;12.9544;;;24-Aug-2021
145480;Sundaram Equity Savings Fund Direct Plan - Reinvestment of Income Distribution cum Capital Withdrawal (IDCW);INF903JA1GM5;;12.9544;;;24-Aug-2021
145475;Sundaram Equity Savings Fund Regular Plan - Growth;INF903JA1GH5;;12.3549;;;24-Aug-2021
145476;Sundaram Equity Savings Fund Regular Plan - Payout of Income Distribution cum Capital Withdrawal (IDCW);INF903JA1GI3;;12.3546;;;24-Aug-2021
145477;Sundaram Equity Savings Fund Regular Plan - Reinvestment of Income Distribution cum Capital Withdrawal (IDCW);INF903JA1GJ1;;12.3546;;;24-Aug-2021

Tata Mutual Fund
101906;Tata Equity Savings Fund -Regular Plan-Growth Option;INF277K01907;;40.0532;;;24-Aug-2021
119960;Tata Equity Savings Fund- Direct Plan- Growth Option;INF277K01QH5;;43.6962;;;24-Aug-2021
102118;Tata Equity Savings Fund- Regular Plan - Periodic Payout of IDCW Option;INF277K01EF5;INF277K01915;19.2037;;;24-Aug-2021
101609;TATA Equity Savings Fund- Regular Plan -Monthly Payout of IDCW option;INF277K01EE8;INF277K01899;14.9635;;;24-Aug-2021
119958;Tata Equity Savings Fund-Direct Plan - Monthly Payout of IDCW Option;INF277K01QI3;INF277K01QJ1;17.3166;;;24-Aug-2021
119959;Tata Equity Savings Fund-Direct Plan - Periodic Payout of IDCWS Option;INF277K01QK9;INF277K01QL7;21.3843;;;24-Aug-2021

Union Mutual Fund
144312;Union Equity Savings Fund - Direct Plan - Growth Option;INF582M01EC1;;13.25;;;24-Aug-2021
144313;Union Equity Savings Fund - Direct Plan - IDCW Option;INF582M01EE7;INF582M01ED9;13.25;;;24-Aug-2021
144310;Union Equity Savings Fund - Regular Plan - Growth Option;INF582M01EG2;;13.01;;;24-Aug-2021
144311;Union Equity Savings Fund - Regular Plan - IDCW Option;INF582M01EI8;INF582M01EH0;13.01;;;24-Aug-2021

UTI Mutual Fund
144490;UTI Equity Savings Fund - Direct Plan - Growth Option;INF789F1A777;;13.0432;;;24-Aug-2021
144491;UTI Equity Savings Fund - Direct Plan - IDCW;INF789F1A769;INF789F1A751;13.0432;;;24-Aug-2021
144489;UTI Equity Savings Fund - Direct Plan - Monthly IDCW;INF789F1A819;INF789F1A801;13.0442;;;24-Aug-2021
144488;UTI Equity Savings Fund - Direct Plan - Quarterly IDCW;INF789F1A850;INF789F1A843;13.0432;;;24-Aug-2021
144484;UTI Equity Savings Fund - Regular Plan - Growth Option;INF789F1A744;;12.6838;;;24-Aug-2021
144485;UTI Equity Savings Fund - Regular Plan - IDCW;INF789F1A736;INF789F1A728;12.6838;;;24-Aug-2021
144486;UTI Equity Savings Fund - Regular Plan - Monthly IDCW;INF789F1A793;INF789F1A785;12.6838;;;24-Aug-2021
144487;UTI Equity Savings Fund - Regular Plan - Quarterly IDCW;INF789F1A835;INF789F1A827;12.6837;;;24-Aug-2021

Open Ended Schemes ( Solution Oriented Scheme - Retirement Fund )


Aditya Birla Sun Life Mutual Fund
146576;Aditya Birla Sun Life Retirement Fund-The 30s Plan-Direct - Payout of IDCW;INF209KB1I31;INF209KB1I49;13.478;;;24-Aug-2021
146575;Aditya Birla Sun Life Retirement Fund-The 30s Plan-Direct Growth;INF209KB1I23;;13.488;;;24-Aug-2021
146574;Aditya Birla Sun Life Retirement Fund-The 30s Plan-Regular - Payout of IDCW;INF209KB1I07;INF209KB1I15;12.906;;;24-Aug-2021
146577;Aditya Birla Sun Life Retirement Fund-The 30s Plan-Regular Growth;INF209KB1H99;;12.912;;;24-Aug-2021
146927;Aditya Birla Sun Life Retirement Fund-The 40s Plan- Direct - Payout of IDCW;INF209KB1I98;INF209KB1J06;13.289;;;24-Aug-2021
146930;Aditya Birla Sun Life Retirement Fund-The 40s Plan-Direct Plan-Growth;INF209KB1I80;;13.289;;;24-Aug-2021
146928;Aditya Birla Sun Life Retirement Fund-The 40s Plan-Regular - Payout of IDCW;INF209KB1I64;;12.766;;;24-Aug-2021
146929;Aditya Birla Sun Life Retirement Fund-The 40s Plan-Regular Plan-Growth;INF209KB1I56;INF209KB1I72;12.766;;;24-Aug-2021
146937;Aditya Birla Sun Life Retirement Fund-The 50s Plan- Direct - Payout of IDCW;INF209KB1J55;INF209KB1J63;11.8508;;;24-Aug-2021
146939;Aditya Birla Sun Life Retirement Fund-The 50s Plan- Regular - Payout of IDCW;INF209KB1J22;INF209KB1J30;11.4329;;;24-Aug-2021
146940;Aditya Birla Sun Life Retirement Fund-The 50s Plan-Direct Plan-Growth;INF209KB1J48;;11.851;;;24-Aug-2021
146938;Aditya Birla Sun Life Retirement Fund-The 50s Plan-Regular Plan-Growth;INF209KB1J14;;11.4339;;;24-Aug-2021
146944;Aditya Birla Sun Life Retirement Fund-The 50s Plus-Debt Plan - Direct - Payout of IDCW;INF209KB1K11;INF209KB1K29;11.624;;;24-Aug-2021
146942;Aditya Birla Sun Life Retirement Fund-The 50s Plus-Debt Plan - Regular - Payout of IDCW;INF209KB1J89;INF209KB1J97;11.228;;;24-Aug-2021
146943;Aditya Birla Sun Life Retirement Fund-The 50s Plus-Debt Plan-Direct Plan-Growth;INF209KB1K03;;11.624;;;24-Aug-2021
146941;Aditya Birla Sun Life Retirement Fund-The 50s Plus-Debt Plan-Regular Plan-Growth;INF209KB1J71;;11.2272;;;24-Aug-2021

Axis Mutual Fund
147825;Axis Retirement Fund - Aggressive Plan - Direct Growth;INF846K01S86;;13.54;;;24-Aug-2021
147822;Axis Retirement Fund - Aggressive Plan - Direct Plan - IDCW;INF846K01S94;;13.51;;;24-Aug-2021
147823;Axis Retirement Fund - Aggressive Plan - Regular Growth;INF846K01T02;;13.16;;;24-Aug-2021
147824;Axis Retirement Fund - Aggressive Plan - Regular Plan - IDCW;INF846K01T10;;13.16;;;24-Aug-2021
147830;Axis Retirement Fund - Conservative Plan - Direct Growth;INF846K01T69;;12.5920;;;24-Aug-2021
147831;Axis Retirement Fund - Conservative Plan - Direct Plan - IDCW;INF846K01T77;;12.5086;;;24-Aug-2021
147832;Axis Retirement Fund - Conservative Plan - Regular Growth;INF846K01T85;;12.2230;;;24-Aug-2021
147833;Axis Retirement Fund - Conservative Plan - Regular Plan - IDCW;INF846K01T93;;12.2222;;;24-Aug-2021
147826;Axis Retirement Fund - Dynamic Plan - Direct Growth;INF846K01T28;;13.77;;;24-Aug-2021
147827;Axis Retirement Fund - Dynamic Plan - Direct Plan - IDCW;INF846K01T36;;13.65;;;24-Aug-2021
147828;Axis Retirement Fund - Dynamic Plan - Regular Growth;INF846K01T44;;13.35;;;24-Aug-2021
147829;Axis Retirement Fund - Dynamic Plan - Regular Plan - IDCW;INF846K01T51;;13.35;;;24-Aug-2021

Franklin Templeton Mutual Fund
118548;Franklin India  PENSION PLAN - Direct - Growth;INF090I01JZ3;;166.5565;;;24-Aug-2021
118549;Franklin India Pension Plan - Direct - IDCW ;INF090I01KA4;INF090I01KB2;19.4567;;;24-Aug-2021
100535;Franklin India Pension Plan - IDCW ;INF090I01528;INF090I01536;17.9716;;;24-Aug-2021
100536;Franklin India Pension Plan-Growth;INF090I01510;;156.6195;;;24-Aug-2021

HDFC Mutual Fund
136090;HDFC Retirement Savings Fund - Equity Plan - Growth Option;INF179KB1MG8;;26.924;;;24-Aug-2021
136094;HDFC Retirement Savings Fund - Equity Plan - Growth Option - Direct Plan;INF179KB1MF0;;29.146;;;24-Aug-2021
136466;HDFC Retirement Savings Fund - Hybrid-Debt Plan - Growth Option;INF179KB1MK0;;16.0816;;;24-Aug-2021
136465;HDFC Retirement Savings Fund - Hybrid-Debt Plan - Growth Option - Direct Plan;INF179KB1MJ2;;17.3284;;;24-Aug-2021
136463;HDFC Retirement Savings Fund - Hybrid-Equity Plan - Growth Option;INF179KB1MI4;;24.276;;;24-Aug-2021
136464;HDFC Retirement Savings Fund - Hybrid-Equity Plan - Growth Option - Direct Plan;INF179KB1MH6;;26.285;;;24-Aug-2021

ICICI Prudential Mutual Fund
146721;ICICI Prudential Retirement Fund - Hybrid Aggressive - Direct Plan - Growth Option;INF109KC1TW4;;14.94;;;24-Aug-2021
146720;ICICI Prudential Retirement Fund - Hybrid Aggressive - Direct Plan - IDCW Option;INF109KC1TX2;;14.94;;;24-Aug-2021
146722;ICICI Prudential Retirement Fund - Hybrid Aggressive - Growth Option;INF109KC1TU8;;14.30;;;24-Aug-2021
146723;ICICI Prudential Retirement Fund - Hybrid Aggressive - IDCW Option;INF109KC1TV6;;14.30;;;24-Aug-2021
146716;ICICI Prudential Retirement Fund - Hybrid Conservative - Direct Plan - Growth Option;INF109KC1UA8;;13.1241;;;24-Aug-2021
146718;ICICI Prudential Retirement Fund - Hybrid Conservative - Direct Plan - IDCW Option;INF109KC1UB6;;13.1238;;;24-Aug-2021
146717;ICICI Prudential Retirement Fund - Hybrid Conservative - Growth Option;INF109KC1TY0;;12.5704;;;24-Aug-2021
146719;ICICI Prudential Retirement Fund - Hybrid Conservative - IDCW Option;INF109KC1TZ7;;12.5703;;;24-Aug-2021
146727;ICICI Prudential Retirement Fund - Pure Debt - Direct Plan - Growth Option;INF109KC1UE0;;12.7892;;;24-Aug-2021
146725;ICICI Prudential Retirement Fund - Pure Debt - Direct Plan - IDCW Option;INF109KC1UF7;;12.7891;;;24-Aug-2021
146726;ICICI Prudential Retirement Fund - Pure Debt - Growth Option;INF109KC1UC4;;12.2414;;;24-Aug-2021
146724;ICICI Prudential Retirement Fund - Pure Debt - IDCW Option;INF109KC1UD2;;12.2416;;;24-Aug-2021
146349;ICICI Prudential Retirement Fund - Pure Equity - Direct Plan - Growth Option;INF109KC1TS2;;15.46;;;24-Aug-2021
146348;ICICI Prudential Retirement Fund - Pure Equity - Direct Plan - IDCW Option;INF109KC1TT0;;15.46;;;24-Aug-2021
146346;ICICI Prudential Retirement Fund - Pure Equity - Growth Option;INF109KC1TQ6;;14.80;;;24-Aug-2021
146347;ICICI Prudential Retirement Fund - Pure Equity - IDCW Option;INF109KC1TR4;;14.80;;;24-Aug-2021

Nippon India Mutual Fund
133570;NIPPON INDIA RETIREMENT FUND - INCOME GENERATION SCHEME - Direct Plan - IDCW Option;INF204KA1C71;;16.7408;;;24-Aug-2021
133571;NIPPON INDIA RETIREMENT FUND - INCOME GENERATION SCHEME - IDCW Option;INF204KA1C63;;15.3435;;;24-Aug-2021
133569;Nippon India Retirement Fund- Income Generation Scheme- Direct Plan- Growth Plan - Growth Option;INF204KA1C30;;16.7408;;;24-Aug-2021
133629;Nippon India Retirement Fund- Income Generation Scheme- Direct Plan-Growth Plan- Bonus Option;INF204KA1C55;;16.7408;;;24-Aug-2021
133628;Nippon India Retirement Fund- Income Generation Scheme- Growth Plan- Bonus Option;INF204KA1C48;;15.3414;;;24-Aug-2021
133572;Nippon India Retirement Fund- Income Generation Scheme-Growth Plan - Growth Option;INF204KA1C22;;15.3410;;;24-Aug-2021
133566;NIPPON INDIA RETIREMENT FUND - WEALTH CREATION SCHEME - Direct Plan - IDCW Option;INF204KA1C14;;16.4352;;;24-Aug-2021
133567;NIPPON INDIA RETIREMENT FUND - WEALTH CREATION SCHEME - IDCW Option;INF204KA1C06;;15.0639;;;24-Aug-2021
133568;Nippon India Retirement Fund- Wealth Creation Scheme- Direct Plan- Growth Plan - Growth Option;INF204KA1B72;;18.0417;;;24-Aug-2021
133630;Nippon India Retirement Fund- Wealth Creation Scheme- Direct Plan-Growth Plan- Bonus Option;INF204KA1B98;;18.0417;;;24-Aug-2021
133565;Nippon India Retirement Fund- Wealth Creation Scheme- Growth Plan - Growth Option;INF204KA1B64;;16.6409;;;24-Aug-2021
133631;Nippon India Retirement Fund- Wealth Creation Scheme- Growth Plan- Bonus Option;INF204KA1B80;;16.6409;;;24-Aug-2021

SBI Mutual Fund
148685;SBI Retirement Benefit Fund - Aggressive Hybrid Plan - Direct Plan - Growth;INF200KA1S97;;11.5446;;;24-Aug-2021
148686;SBI Retirement Benefit Fund - Aggressive Hybrid Plan - Direct Plan - Income Distribution cum Capital Withdrawal Option (IDCW);INF200KA1T05;;11.5477;;;24-Aug-2021
148695;SBI Retirement Benefit Fund - Aggressive Hybrid Plan - Regular Plan - Growth;INF200KA1S71;;11.4533;;;24-Aug-2021
148684;SBI Retirement Benefit Fund - Aggressive Hybrid Plan - Regular Plan - Income Distribution cum Capital Withdrawal Option (IDCW);INF200KA1S89;;11.4531;;;24-Aug-2021
148683;SBI Retirement Benefit Fund - Aggressive Plan - Direct Plan - Growth;INF200KA1S55;;11.7825;;;24-Aug-2021
148694;SBI Retirement Benefit Fund - Aggressive Plan - Direct Plan - Income Distribution cum Capital Withdrawal Option (IDCW);INF200KA1S63;;11.7787;;;24-Aug-2021
148698;SBI Retirement Benefit Fund - Aggressive Plan - Regular Plan - Growth;INF200KA1S30;;11.6794;;;24-Aug-2021
148691;SBI Retirement Benefit Fund - Aggressive Plan - Regular Plan - Income Distribution cum Capital Withdrawal Option (IDCW);INF200KA1S48;;11.6789;;;24-Aug-2021
148690;SBI Retirement Benefit Fund - Conservative Hybrid Plan - Direct Plan - Growth;INF200KA1T70;;10.8714;;;24-Aug-2021
148693;SBI Retirement Benefit Fund - Conservative Hybrid Plan - Direct Plan - Income Distribution cum Capital Withdrawal Option (IDCW);INF200KA1T88;;10.8715;;;24-Aug-2021
148692;SBI Retirement Benefit Fund - Conservative Hybrid Plan - Regular Plan - Growth;INF200KA1T54;;10.8215;;;24-Aug-2021
148697;SBI Retirement Benefit Fund - Conservative Hybrid Plan - Regular Plan - Income Distribution cum Capital Withdrawal Option (IDCW);INF200KA1T62;;10.8213;;;24-Aug-2021
148688;SBI Retirement Benefit Fund - Conservative Plan - Direct Plan - Growth;INF200KA1T39;;10.5547;;;24-Aug-2021
148689;SBI Retirement Benefit Fund - Conservative Plan - Direct Plan - Income Distribution cum Capital Withdrawal Option (IDCW);INF200KA1T47;;10.5545;;;24-Aug-2021
148696;SBI Retirement Benefit Fund - Conservative Plan - Regular Plan - Growth;INF200KA1T13;;10.5186;;;24-Aug-2021
148687;SBI Retirement Benefit Fund - Conservative Plan - Regular Plan - Income Distribution cum Capital Withdrawal Option (IDCW);INF200KA1T21;;10.5186;;;24-Aug-2021

Tata Mutual Fund
119256;Tata Retirement Savings Fund- Conservative Plan-Direct Plan-Growth Option;INF277K01QM5;;27.4604;;;24-Aug-2021
115944;Tata Retirement Savings Fund- Conservative Plan-Regular Plan-Growth Option;INF277K01FI6;;24.5614;;;24-Aug-2021
119255;Tata Retirement Savings Fund- Moderate Plan -Direct Plan-Growth Option;INF277K01QN3;;46.8594;;;24-Aug-2021
115943;Tata Retirement Savings Fund- Moderate Plan-Regular Plan-Growth Option;INF277K01FH8;;41.5975;;;24-Aug-2021
115942;Tata Retirement Savings Fund - Progressive Plan -Regular Plan-Growth Option;INF277K01FG0;;41.7827;;;24-Aug-2021
119251;Tata Retirement Savings Fund- Progressive Plan -Direct Plan-Growth Option;INF277K01QO1;;47.8543;;;24-Aug-2021

UTI Mutual Fund
100682;UTI Retirement Fund - Regular Plan;;;32.771;;;24-Aug-2021
120766;UTI Retirement Fund- Direct Plan;;;34.4658;;;24-Aug-2021

Open Ended Schemes ( Solution Oriented Scheme - Childrenâs Fund )


Aditya Birla Sun Life Mutual Fund
146407;ADITYA BIRLA SUN LIFE BAL BHAVISHYA YOJNA DIRECT GROWTH;INF209KB1E84;;13.98;;;24-Aug-2021
146409;ADITYA BIRLA SUN LIFE BAL BHAVISHYA YOJNA REGULAR GROWTH;INF209KB1E76;;13.34;;;24-Aug-2021
146408;ADITYA BIRLA SUN LIFE BAL BHAVISHYA YOJNA- Direct - IDCW;INF209KB1F18;INF209KB1F26;13.98;;;24-Aug-2021
146405;ADITYA BIRLA SUN LIFE BAL BHAVISHYA YOJNA- Regular - IDCW;INF209KB1E92;INF209KB1F00;13.34;;;24-Aug-2021

Axis Mutual Fund
135762;Axis Children's Fund - Lock in - Direct Growth;INF846K01WO1;;20.8721;;;24-Aug-2021
135765;Axis Children's Fund - Lock in - Direct Plan - IDCW;INF846K01WP8;;20.8543;;;24-Aug-2021
135759;Axis Children's Fund - Lock in - Regular Growth;INF846K01WJ1;;19.2132;;;24-Aug-2021
135760;Axis Children's Fund - Lock in - Regular Plan - IDCW;INF846K01WK9;;19.2237;;;24-Aug-2021
135764;Axis Children's Fund - No Lock in - Direct Growth;INF846K01WR4;;21.1060;;;24-Aug-2021
135763;Axis Children's Fund - No Lock in - Direct Plan - IDCW;INF846K01WS2;INF846K01WQ6;20.8625;;;24-Aug-2021
135766;Axis Children's Fund - No Lock in - Regular Plan - Growth;INF846K01WM5;;19.2108;;;24-Aug-2021
135761;Axis Children's Fund - No Lock in - Regular Plan - IDCW;INF846K01WN3;INF846K01WL7;19.2077;;;24-Aug-2021

HDFC Mutual Fund
119066;HDFC Childrens Fund - Direct Plan;;;190.114;;;24-Aug-2021
100900;HDFC Childrens Fund - Growth Plan;;;177.141;;;24-Aug-2021

ICICI Prudential Mutual Fund
101127;ICICI Prudential Child Care Fund (Gift Plan) - Cumulative;INF109K01605;;186.06;;;24-Aug-2021
120579;ICICI Prudential Child Care Fund (Gift Plan) - Direct Plan - Cumulative;INF109K01Y49;;198.74;;;24-Aug-2021

LIC Mutual Fund
120285;LIC MF Children's Fund-Direct Plan-Growth;INF767K01FB1;;25.1086;;;24-Aug-2021
101271;LIC MF Children's Fund-Regular Plan-Growth;INF767K01048;;23.1692;;;24-Aug-2021

SBI Mutual Fund
148490;SBI Magnum Children's Benefit Fund - Investment Plan - Direct Plan - Growth;INF200KA1R07;;19.6013;;;24-Aug-2021
148489;SBI Magnum Children's Benefit Fund - Investment Plan - Regular Plan - Growth;INF200KA1Q99;;19.3245;;;24-Aug-2021
119719;SBI Magnum Children's Benefit Fund - Savings Plan - DIRECT PLAN - GROWTH;INF200K01QR6;;77.5177;;;24-Aug-2021
101169;SBI Magnum Children's Benefit Fund - Savings Plan - REGULAR PLAN - GROWTH;INF200K01776;;72.1429;;;24-Aug-2021

Tata Mutual Fund
101491;Tata Young Citizens' Fund -Regular Plan-Growth Option;INF277K01AJ5;;39.3134;;;24-Aug-2021
119312;Tata Young Citizens' Fund-Direct Plan-Growth Option;INF277K01QW4;;42.7345;;;24-Aug-2021

UTI Mutual Fund
120724;UTI Children's Equity Fund - Direct Plan - Growth Option;;;60.9238;;;24-Aug-2021
120725;UTI Children's Equity Fund - Direct Plan - IDCW;;;61.0258;;;24-Aug-2021
102267;UTI Children's Equity Fund - Regular Plan - Growth Option;;;57.2126;;;24-Aug-2021
102266;UTI Children's Equity Fund - Regular Plan - IDCW;;;57.2161;;;24-Aug-2021
120771;UTI Children's Hybrid Fund - Direct Plan;;;29.2613;;;24-Aug-2021
100678;UTI Children's Hybrid Fund - Regular Plan;;;28.8526;;;24-Aug-2021

Open Ended Schemes ( Other Scheme - Index Funds )


Aditya Birla Sun Life Mutual Fund
148962;Aditya Birla Sun Life Nifty 50 Equal Weight Index Fund-Direct Growth;INF209KB1Z71;;10.3567;;;24-Aug-2021
148963;Aditya Birla Sun Life Nifty 50 Equal Weight Index Fund-Direct-IDCW;INF209KB1Z89;INF209KB1Z97;10.3568;;;24-Aug-2021
148965;Aditya Birla Sun Life Nifty 50 Equal Weight Index Fund-Regular Growth;INF209KB1Z48;;10.3435;;;24-Aug-2021
148964;Aditya Birla Sun Life Nifty 50 Equal Weight Index Fund-Regular IDCW;INF209KB1Z55;INF209KB1Z63;10.3435;;;24-Aug-2021
119648;Aditya Birla Sun Life Nifty 50 Index Fund - Growth - Direct Plan;INF209K01VY3;;166.004;;;24-Aug-2021
101314;Aditya Birla Sun Life Nifty 50 Index Fund - Growth - Regular Plan;INF209K01LB2;;164.2871;;;24-Aug-2021
119649;Aditya Birla Sun Life Nifty 50 Index Fund -DIRECT - IDCW;INF209K01VX5;;17.1631;;;24-Aug-2021
101313;Aditya Birla Sun Life Nifty 50 Index Fund -REGULAR - IDCW;INF209K01LA4;INF209K01LC0;16.7886;;;24-Aug-2021
148809;Aditya Birla Sun Life Nifty Midcap 150 Index Fund - Direct - Payout of IDCW;INF209KB1W82;INF209KB1W90;11.444;;;24-Aug-2021
148806;Aditya Birla Sun Life Nifty Midcap 150 Index Fund - Regular - Payout of IDCW;INF209KB1W58;INF209KB1W66;11.4176;;;24-Aug-2021
148807;Aditya Birla Sun Life Nifty Midcap 150 Index Fund-Direct Growth;INF209KB1W74;;11.4443;;;24-Aug-2021
148805;Aditya Birla Sun Life Nifty Midcap 150 Index Fund-Regular Growth;INF209KB1W41;;11.419;;;24-Aug-2021
148814;Aditya Birla Sun Life Nifty Smallcap 50 Index Fund-Direct - Payout of IDCW;INF209KB1W25;INF209KB1W33;12.015;;;24-Aug-2021
148815;Aditya Birla Sun Life Nifty Smallcap 50 Index Fund-Direct Growth;INF209KB1W17;;12.0173;;;24-Aug-2021
148812;Aditya Birla Sun Life Nifty Smallcap 50 Index Fund-Regular - Payout of IDCW;INF209KB1V91;INF209KB1W09;11.9866;;;24-Aug-2021
148811;Aditya Birla Sun Life Nifty Smallcap 50 Index Fund-Regular Growth;INF209KB1V83;;11.9867;;;24-Aug-2021

Axis Mutual Fund
147666;Axis Nifty 100 Index Fund - Direct Plan - Growth Option;INF846K01S29;;14.42;;;24-Aug-2021
147668;Axis Nifty 100 Index Fund - Direct Plan - IDCW;INF846K01S37;INF846K01S45;14.44;;;24-Aug-2021
147665;Axis Nifty 100 Index Fund - Regular Plan - Growth Option;INF846K01S52;;14.20;;;24-Aug-2021
147667;Axis Nifty 100 Index Fund - Regular Plan - IDCW;INF846K01S60;INF846K01S78;14.20;;;24-Aug-2021

Bandhan Mutual Fund
148792;BANDHAN CRISIL IBX Gilt April 2028 Index Fund Direct Plan-Growth;INF194KB1BV1;;10.3488;;;24-Aug-2021
148791;BANDHAN CRISIL IBX Gilt April 2028 Index Fund Direct Plan-IDCW;INF194KB1BW9;INF194KB1BX7;10.3494;;;24-Aug-2021
148790;BANDHAN CRISIL IBX Gilt April 2028 Index Fund Regular Plan-Growth;INF194KB1BS7;;10.3377;;;24-Aug-2021
148793;BANDHAN CRISIL IBX Gilt April 2028 Index Fund Regular Plan-IDCW;INF194KB1BT5;INF194KB1BU3;10.3380;;;24-Aug-2021
148789;BANDHAN CRISIL IBX Gilt June 2027 Index Fund Direct Plan-Growth;INF194KB1BP3;;10.3480;;;24-Aug-2021
148788;BANDHAN CRISIL IBX Gilt June 2027 Index Fund Direct Plan-IDCW;INF194KB1BQ1;INF194KB1BR9;10.3483;;;24-Aug-2021
148786;BANDHAN CRISIL IBX Gilt June 2027 Index Fund Regular Plan-Growth;INF194KB1BL2;;10.3373;;;24-Aug-2021
148787;BANDHAN CRISIL IBX Gilt June 2027 Index Fund Regular Plan-IDCW;INF194KB1BM0;INF194KB1BO6;10.3373;;;24-Aug-2021
112877;BANDHAN Nifty 50 Index Fund - Regular Plan - Growth;INF194K01920;;34.9743;;;24-Aug-2021
112878;BANDHAN Nifty 50 Index Fund - Regular Plan - IDCW;INF194K01938;INF194K01946;31.7324;;;24-Aug-2021
118482;BANDHAN Nifty 50 Index Fund-Direct Plan-Growth;INF194K012A8;;35.4115;;;24-Aug-2021
118483;BANDHAN Nifty 50 Index Fund-Direct Plan-IDCW;INF194K013A6;INF194K014A4;32.1851;;;24-Aug-2021

DSP Mutual Fund
141877;DSP Nifty 50 Equal Weight Index Fund - Direct Plan - Growth;INF740KA1CR7;;14.8564;;;24-Aug-2021
141878;DSP Nifty 50 Equal Weight Index Fund - Direct Plan - IDCW;INF740KA1CS5;INF740KA1CT3;14.8564;;;24-Aug-2021
141875;DSP Nifty 50 Equal Weight Index Fund - Regular Plan - Growth;INF740KA1CO4;;14.5924;;;24-Aug-2021
141876;DSP Nifty 50 Equal Weight Index Fund - Regular Plan - IDCW;INF740KA1CP1;INF740KA1CQ9;14.5924;;;24-Aug-2021
146376;DSP Nifty 50 Index Fund - Direct Plan - Growth;INF740KA1MM7;;15.6555;;;24-Aug-2021
146377;DSP Nifty 50 Index Fund - Direct Plan - IDCW;INF740KA1MN5;INF740KA1MO3;15.6555;;;24-Aug-2021
146379;DSP Nifty 50 Index Fund - Regular Plan - Growth;INF740KA1MJ3;;15.5795;;;24-Aug-2021
146378;DSP Nifty 50 Index Fund - Regular Plan - IDCW;INF740KA1MK1;INF740KA1ML9;15.5795;;;24-Aug-2021
146381;DSP Nifty Next 50 Index Fund - Direct Plan - Growth;INF740KA1MG9;;15.2898;;;24-Aug-2021
146382;DSP Nifty Next 50 Index Fund - Direct Plan - IDCW;INF740KA1MH7;INF740KA1MI5;15.2898;;;24-Aug-2021
146380;DSP Nifty Next 50 Index Fund - Regular Plan - Growth;INF740KA1MD6;;15.1758;;;24-Aug-2021
146383;DSP Nifty Next 50 Index Fund - Regular Plan - IDCW;INF740KA1ME4;INF740KA1MF1;15.1758;;;24-Aug-2021

Edelweiss Mutual Fund
148556;Edelweiss MSCI India Domestic & World Healthcare 45 Index Fund - Direct Plan - IDCW Option;INF754K01LW3;INF754K01LX1;12.8631;;;24-Aug-2021
148558;Edelweiss MSCI India Domestic & World Healthcare 45 Index Fund - Regular Plan - IDCW Option;INF754K01LS1;INF754K01LT9;12.7973;;;24-Aug-2021
148555;Edelweiss MSCI India Domestic & World Healthcare 45 Index Fund Direct Plan - Growth;INF754K01LV5;;12.8631;;;24-Aug-2021
148557;Edelweiss MSCI India Domestic & World Healthcare 45 index Fund Regular Plan - Growth;INF754K01LR3;;12.7973;;;24-Aug-2021
148794;Edelweiss NIFTY PSU Bond Plus SDL Apr 2026 50: 50 Index Fund - Regular Plan - IDCW Option;INF754K01MA7;INF754K01MB5;10.4416;;;24-Aug-2021
148795;Edelweiss NIFTY PSU Bond Plus SDL Apr 2026 50:50 Index Fund - Direct Plan - Growth;INF754K01MD1;;10.4482;;;24-Aug-2021
148796;Edelweiss NIFTY PSU Bond Plus SDL Apr 2026 50:50 Index Fund - Direct Plan - IDCW Option;INF754K01ME9;INF754K01MF6;10.4484;;;24-Aug-2021
148797;Edelweiss NIFTY PSU Bond Plus SDL Apr 2026 50:50 Index Fund - Regular Plan - Growth;INF754K01LZ6;;10.4412;;;24-Aug-2021

Franklin Templeton Mutual Fund
118580;Franklin India INDEX FUND- NSE Nifty 50 Index Fund - Direct - IDCW;INF090I01GQ8;INF090I01GR6;136.1018;;;24-Aug-2021
100484;Franklin India Index Fund- NSE Nifty 50 Index Fund - Growth;INF090I01890;;131.5029;;;24-Aug-2021
105067;Franklin India INDEX FUND- NSE NIFTY 50 INDEX FUND - IDCW;INF090I01874;INF090I01882;131.5029;;;24-Aug-2021
118581;Franklin India INDEX FUND- NSE NIFTY 50 INDEX FUND- Direct - Growth;INF090I01GS4;;136.1018;;;24-Aug-2021

HDFC Mutual Fund
119065;HDFC BSE Sensex Index Fund - Direct Plan;INF179K01WN9;;510.6176;;;24-Aug-2021
101281;HDFC BSE Sensex Index Fund - Growth Plan;INF179K01LA9;;501.9583;;;24-Aug-2021
119063;HDFC Nifty 50 Index Fund - Direct Plan;INF179K01WM1;;155.4194;;;24-Aug-2021
101525;HDFC Nifty 50 Index Fund - Growth Plan;INF179K01KZ8;;153.0618;;;24-Aug-2021
149107;HDFC NIFTY50 Equal weight Index Fund - Direct Plan - Growth Option;INF179KC1BM8;;10.0943;;;24-Aug-2021
149106;HDFC NIFTY50 Equal weight Index Fund - Growth Option;INF179KC1BN6;;10.0934;;;24-Aug-2021

ICICI Prudential Mutual Fund
141839;ICICI Prudential BSE Sensex Index Fund - Cumulative Option;INF109KB17W7;;17.6760;;;24-Aug-2021
141841;ICICI Prudential BSE Sensex Index Fund - Direct Plan - Cumulative Option;INF109KB10X0;;17.8326;;;24-Aug-2021
141842;ICICI Prudential BSE Sensex Index Fund - Direct Plan - IDCW Option;INF109KB12X6;;17.8326;;;24-Aug-2021
141840;ICICI Prudential BSE Sensex Index Fund - IDCW Option;INF109KB19W3;;17.6760;;;24-Aug-2021
101349;ICICI Prudential Nifty 50 Index Fund - Cumulative Option;INF109K01PI0;;162.4246;;;24-Aug-2021
120620;ICICI Prudential Nifty 50 Index Fund - Direct Plan Cumulative Option;INF109K012M7;;168.0102;;;24-Aug-2021
135391;ICICI Prudential Nifty 50 Index Fund - Direct Plan IDCW Option;INF109KB1NL1;INF109KB1NM9;22.5931;;;24-Aug-2021
135390;ICICI Prudential Nifty 50 Index Fund - IDCW Option;INF109KB1NN7;INF109KB1NO5;21.6396;;;24-Aug-2021
120684;ICICI Prudential Nifty Next 50 Index Fund - Direct Plan -  Growth;INF109K01Y80;;36.1341;;;24-Aug-2021
120683;ICICI Prudential Nifty Next 50 Index Fund - Direct Plan -  IDCW;INF109K01Y64;INF109K01Y72;36.1218;;;24-Aug-2021
112957;ICICI Prudential Nifty Next 50 Index Fund - Growth;INF109K01IF1;;34.7858;;;24-Aug-2021
112958;ICICI Prudential Nifty Next 50 Index Fund -IDCW;INF109K01PR1;INF109K01IE4;34.7858;;;24-Aug-2021

IDBI Mutual Fund
118347;IDBI NIFTY 50  Index Fund Growth Direct;INF397L01AP6;;32.7627;;;24-Aug-2021
113062;IDBI Nifty 50  Index Fund IDCW;INF397L01083;INF397L01075;29.0830;;;24-Aug-2021
113063;IDBI NIFTY 50 Index Fund Growth;INF397L01091;;30.4795;;;24-Aug-2021
118455;IDBI Nifty 50 Index Fund IDCW Direct;INF397L01AN1;INF397L01AO9;31.2399;;;24-Aug-2021
113250;IDBI Nifty Next 50  Index Fund IDCW;INF397L01166;INF397L01182;29.4839;;;24-Aug-2021
113249;IDBI Nifty Next 50 Index Fund Growth;INF397L01174;;29.4839;;;24-Aug-2021
118348;IDBI Nifty Next 50 Index Fund Growth Direct;INF397L01AW2;;31.6216;;;24-Aug-2021
118456;IDBI Nifty Next 50 Index Fund IDCW Direct;INF397L01AY8;INF397L01AX0;31.6216;;;24-Aug-2021

Kotak Mahindra Mutual Fund
148978;Kotak Nifty 50 Index Fund - Direct Plan-Growth;INF174KA1HA7;;10.569;;;24-Aug-2021
148976;Kotak Nifty 50 Index Fund - Direct Plan-IDCW Payout;INF174KA1HB5;INF174KA1HC3;10.569;;;24-Aug-2021
148974;Kotak Nifty 50 Index Fund - Regular Plan-Growth;INF174KA1GX1;;10.563;;;24-Aug-2021
148979;Kotak Nifty 50 Index Fund - Regular Plan-IDCW Payout;INF174KA1GY9;INF174KA1GZ6;10.563;;;24-Aug-2021
148745;Kotak Nifty Next 50 Index Fund - Direct Plan - Growth Option;INF174KA1GA9;;11.2426;;;24-Aug-2021
148746;Kotak Nifty Next 50 Index Fund - Direct Plan -Payout of Income Distribution cum capital withdrawal option;INF174KA1FZ8;INF174KA1GB7;11.2426;;;24-Aug-2021
148743;Kotak Nifty Next 50 Index Fund - Regular Plan - Growth Option;INF174KA1FX3;;11.2145;;;24-Aug-2021
148744;Kotak Nifty Next 50 Index Fund - Regular Plan - Payout of Income Distribution cum capital withdrawal option;INF174KA1FW5;INF174KA1FY1;11.2145;;;24-Aug-2021

L&T Mutual Fund
148360;L&T Nifty 50 Index Fund - Direct Plan - Growth;INF917K01D12;;18.777;;;24-Aug-2021
148359;L&T Nifty 50 Index Fund - Direct Plan - IDCW ;INF917K01C96;INF917K01D04;18.777;;;24-Aug-2021
148361;L&T Nifty 50 Index Fund - Regular Plan - Growth;INF917K01D38;;18.666;;;24-Aug-2021
148362;L&T Nifty 50 Index Fund - Regular Plan - IDCW ;INF917K01D20;INF917K01D46;18.666;;;24-Aug-2021
148363;L&T Next Nifty 50 Index Fund - Direct Plan - Growth Option;INF917K01D79;;17.187;;;24-Aug-2021
148366;L&T Nifty Next 50 Index Fund - Direct Plan - IDCW ;INF917K01D53;INF917K01D61;17.187;;;24-Aug-2021
148365;L&T Nifty Next 50 Index Fund - Regular Plan - Growth Option;INF917K01D95;;17.082;;;24-Aug-2021
148364;L&T Nifty Next 50 Index Fund - Regular Plan - IDCW ;INF917K01D87;INF917K01E03;17.081;;;24-Aug-2021

LIC Mutual Fund
120308;LIC MF BSE Sensex Index Fund-Direct Plan-Growth;INF767K01FJ4;;108.6156;;;24-Aug-2021
120312;LIC MF BSE Sensex Index Fund-Direct Plan-IDCW;INF767K01FI6;INF767K01FK2;36.4183;;;24-Aug-2021
101199;LIC MF BSE Sensex Index Fund-Regular Plan-Growth;INF767K01139;;104.0178;;;24-Aug-2021
101198;LIC MF BSE Sensex Index Fund-Regular Plan-IDCW;INF767K01121;INF767K01113;35.6529;;;24-Aug-2021
120307;LIC MF Nifty 50 Index Fund-Direct Plan-Growth;INF767K01FF2;;95.6452;;;24-Aug-2021
120309;LIC MF Nifty 50 Index Fund-Direct Plan-IDCW;INF767K01FG0;INF767K01FH8;35.2485;;;24-Aug-2021
101201;LIC MF Nifty 50 Index Fund-Regular Plan-Growth;INF767K01162;;91.5491;;;24-Aug-2021
101200;LIC MF Nifty 50 Index Fund-Regular Plan-IDCW;INF767K01154;INF767K01147;33.772;;;24-Aug-2021

Motilal Oswal Mutual Fund
147794;Motilal Oswal Nifty 50 Index Fund - Direct plan - Growth;INF247L01AE7;;13.8124;;;24-Aug-2021
147795;Motilal Oswal Nifty 50 Index Fund - Regular plan - Growth;INF247L01AF4;;13.7155;;;24-Aug-2021
147625;Motilal Oswal Nifty 500 Index Fund - Direct Plan;INF247L01957;;15.8812;;;24-Aug-2021
147626;Motilal Oswal Nifty 500 Index Fund - Regular Plan;INF247L01940;;15.6793;;;24-Aug-2021
147619;Motilal Oswal Nifty Bank Index - Regular Plan;INF247L01882;;12.7778;;;24-Aug-2021
147620;Motilal Oswal Nifty Bank Index Fund - Direct Plan;INF247L01890;;12.9415;;;24-Aug-2021
147622;Motilal Oswal Nifty Midcap 150 Index Fund - Direct Plan;INF247L01916;;18.2873;;;24-Aug-2021
147621;Motilal Oswal Nifty Midcap 150 Index Fund - Regular Plan;INF247L01908;;18.0460;;;24-Aug-2021
147796;Motilal Oswal Nifty Next 50 Index Fund - Direct plan - Growth;INF247L01AC1;;13.8775;;;24-Aug-2021
147797;Motilal Oswal Nifty Next 50 Index Fund - Regular plan - Growth;INF247L01AD9;;13.7235;;;24-Aug-2021
147624;Motilal Oswal Nifty Smallcap 250 Index - Regular Plan;INF247L01924;;18.7113;;;24-Aug-2021
147623;Motilal Oswal Nifty Smallcap 250 Index Fund- Direct Plan;INF247L01932;;18.9571;;;24-Aug-2021
148381;Motilal Oswal S&P 500 Index Fund - Direct Plan Growth;INF247L01AG2;;15.0477;;;24-Aug-2021
148382;Motilal Oswal S&P 500 Index Fund - Regular Plan Growth;INF247L01AH0;;14.9127;;;24-Aug-2021

Navi Mutual Fund
149039;Navi Nifty 50 Index Fund-Direct Plan-Growth;INF959L01FP2;;10.4378;;;24-Aug-2021
149040;Navi Nifty 50 Index Fund-Regular Plan-Growth;INF959L01FQ0;;10.4354;;;24-Aug-2021

Nippon India Mutual Fund
113295;NIPPON INDIA INDEX FUND - BSE SENSEX PLAN - ANNUAL - IDCW Option;INF204K01IQ7;INF204K01IT1;22.8672;;;24-Aug-2021
118786;NIPPON INDIA INDEX FUND - BSE SENSEX PLAN - DIRECT Plan - ANNUAL - IDCW Option;INF204K01K64;INF204K01K72;24.0167;;;24-Aug-2021
118788;NIPPON INDIA INDEX FUND - BSE SENSEX PLAN - DIRECT Plan - HALF YEARLY - IDCW Option;INF204K01K98;INF204K01L06;23.9863;;;24-Aug-2021
118790;NIPPON INDIA INDEX FUND - BSE SENSEX PLAN - DIRECT Plan - QUARTERLY - IDCW Option;INF204K01L14;INF204K01L22;24.0185;;;24-Aug-2021
118785;Nippon India Index Fund - BSE Sensex Plan - Direct Plan Growth Plan - Bonus Option;INF204K01K56;;28.9769;;;24-Aug-2021
118791;Nippon India Index Fund - BSE Sensex Plan - Direct Plan Growth Plan - Growth Option;INF204K01K80;;28.9769;;;24-Aug-2021
113270;Nippon India Index Fund - BSE Sensex Plan - Growth Plan - Bonus Option;INF204K01IN4;;27.7834;;;24-Aug-2021
113269;Nippon India Index Fund - BSE Sensex Plan - Growth Plan - Growth Option;INF204K01IM6;;27.7834;;;24-Aug-2021
113294;NIPPON INDIA INDEX FUND - BSE SENSEX PLAN - HALF YEARLY - IDCW Option;INF204K01IP9;INF204K01IS3;22.8716;;;24-Aug-2021
113271;NIPPON INDIA INDEX FUND - BSE SENSEX PLAN - QUARTERLY - IDCW Option;INF204K01IO2;INF204K01IR5;22.8696;;;24-Aug-2021
113300;NIPPON INDIA INDEX FUND - NIFTY 50 PLAN - ANNUAL - IDCW Option;INF204K01II4;INF204K01IL8;22.7449;;;24-Aug-2021
118743;NIPPON INDIA INDEX FUND - NIFTY 50 PLAN - DIRECT Plan - ANNUAL - IDCW Option;INF204K01H10;INF204K01H28;24.3058;;;24-Aug-2021
118745;NIPPON INDIA INDEX FUND - NIFTY 50 PLAN - DIRECT Plan - HALF YEARLY - IDCW Option;INF204K01H44;INF204K01H51;24.2724;;;24-Aug-2021
118740;NIPPON INDIA INDEX FUND - NIFTY 50 PLAN - DIRECT Plan - QUARTERLY - IDCW Option;INF204K01H69;INF204K01H77;24.2666;;;24-Aug-2021
118742;Nippon India Index Fund - Nifty 50 Plan - Direct Plan Growth Plan - Bonus Option;INF204K01H02;;29.2569;;;24-Aug-2021
118741;Nippon India Index Fund - Nifty 50 Plan - Direct Plan Growth Plan - Growth Option;INF204K01H36;;29.2569;;;24-Aug-2021
113297;Nippon India Index Fund - Nifty 50 Plan - Growth Plan - Bonus Option;INF204K01IF0;;27.7110;;;24-Aug-2021
113296;Nippon India Index Fund - Nifty 50 Plan - Growth Plan - Growth Option;INF204K01IE3;;27.7110;;;24-Aug-2021
113299;NIPPON INDIA INDEX FUND - NIFTY 50 PLAN - HALF YEARLY - IDCW Option;INF204K01IH6;INF204K01IK0;22.8201;;;24-Aug-2021
113298;NIPPON INDIA INDEX FUND - NIFTY 50 PLAN - QUARTERLY - IDCW Option;INF204K01IG8;INF204K01IJ2;22.8201;;;24-Aug-2021
148721;Nippon India Nifty 50 Value 20 Index Fund - Direct Plan - Growth Option;INF204KB12Z0;;11.8857;;;24-Aug-2021
148722;NIPPON INDIA NIFTY 50 VALUE 20 INDEX FUND - DIRECT Plan - IDCW Option;INF204KB13Z8;INF204KB14Z6;11.8857;;;24-Aug-2021
148720;NIPPON INDIA NIFTY 50 VALUE 20 INDEX FUND - IDCW Option;INF204KB10Z4;INF204KB11Z2;11.8467;;;24-Aug-2021
148719;Nippon India Nifty 50 Value 20 Index Fund - Regular Plan - Growth Option;INF204KB19Y8;;11.8467;;;24-Aug-2021
148726;Nippon India Nifty Midcap 150 Index Fund - Direct Plan - Growth Option;INF204KB18Z7;;11.7752;;;24-Aug-2021
148725;NIPPON INDIA NIFTY MIDCAP 150 INDEX FUND - DIRECT Plan - IDCW Option;INF204KB19Z5;INF204KC1014;11.7752;;;24-Aug-2021
148724;NIPPON INDIA NIFTY MIDCAP 150 INDEX FUND - IDCW Option;INF204KB16Z1;INF204KB17Z9;11.7400;;;24-Aug-2021
148723;Nippon India Nifty Midcap 150 Index Fund - Regular Plan - Growth Option;INF204KB15Z3;;11.7400;;;24-Aug-2021
148519;Nippon India Nifty Smallcap 250 Index Fund - Direct Plan - Growth Option;INF204KB15W0;;16.9510;;;24-Aug-2021
148521;NIPPON INDIA NIFTY SMALLCAP 250 INDEX FUND - DIRECT Plan - IDCW Option;INF204KB16W8;INF204KB17W6;16.9510;;;24-Aug-2021
148520;NIPPON INDIA NIFTY SMALLCAP 250 INDEX FUND - IDCW Option;INF204KB13W5;INF204KB14W3;16.8383;;;24-Aug-2021
148518;Nippon India Nifty Smallcap 250 Index Fund - Regular Plan - Growth Option;INF204KB12W7;;16.8383;;;24-Aug-2021

Principal Mutual Fund
119488;Principal Nifty 100 Equal Weight Fund - Direct Plan - Growth Option;INF173K01EZ4;;106.9368;;;24-Aug-2021
119487;Principal Nifty 100 Equal Weight Fund- Direct Plan - Income Distribution CUM Capital Withdrawal Option;INF173K01EW1;INF173K01EX9;62.8452;;;24-Aug-2021
100153;Principal Nifty 100 Equal Weight Fund-Growth;INF173K01AG2;;103.3185;;;24-Aug-2021
100152;Principal Nifty 100 Equal Weight Fund-Income Distribution CUM Capital Withdrawal;INF173K01AH0;INF173K01AI8;60.7222;;;24-Aug-2021

SBI Mutual Fund
119827;SBI NIFTY INDEX FUND - DIRECT PLAN - GROWTH;INF200K01TE8;;148.4588;;;24-Aug-2021
119826;SBI Nifty Index Fund - Direct Plan - Income Distribution cum Capital Withdrawal Option (IDCW);INF200K01TC2;INF200K01TD0;76.2548;;;24-Aug-2021
102272;SBI NIFTY INDEX FUND - REGULAR PLAN - GROWTH;INF200K01537;;143.1858;;;24-Aug-2021
102273;SBI Nifty Index Fund - Regular Plan - Income Distribution cum Capital Withdrawal Option (IDCW);INF200K01545;INF200K01552;73.4629;;;24-Aug-2021
148945;SBI Nifty Next 50 Index Fund - Direct Plan - Growth;INF200KA1W00;;10.7211;;;24-Aug-2021
148946;SBI Nifty Next 50 Index Fund - Direct Plan - Income Distribution cum Capital Withdrawal Option (IDCW);INF200KA1W18;INF200KA1W26;10.7211;;;24-Aug-2021
148943;SBI Nifty Next 50 Index Fund - Regular Plan - Growth;INF200KA1V76;;10.7068;;;24-Aug-2021
148944;SBI Nifty Next 50 Index Fund - Regular Plan - Income Distribution cum Capital Withdrawal Option (IDCW);INF200KA1V84;INF200KA1V92;10.7067;;;24-Aug-2021

Sundaram Mutual Fund
140453;Sundaram Smart Nifty 100 Equal Weight Fund Direct Plan - Growth;INF903JA1666;;17.5686;;;24-Aug-2021
140448;Sundaram Smart Nifty 100 Equal Weight Fund Direct Plan - Payout of Income Distribution cum Capital Withdrawal (IDCW);INF903JA1674;;15.6335;;;24-Aug-2021
140449;Sundaram Smart Nifty 100 Equal Weight Fund Direct Plan - Reinvestment of Income Distribution cum Capital Withdrawal (IDCW);;INF903JA1682;15.6335;;;24-Aug-2021
140452;Sundaram Smart Nifty 100 Equal Weight Fund Regular Plan - Growth;INF903JA1633;;17.0379;;;24-Aug-2021
140451;Sundaram Smart Nifty 100 Equal Weight Fund Regular Plan - Payout of Income Distribution cum Capital Withdrawal (IDCW);INF903JA1641;;15.1544;;;24-Aug-2021
140450;Sundaram Smart Nifty 100 Equal Weight Fund Regular Plan - Reinvestment of Income Distribution cum Capital Withdrawal (IDCW);;INF903JA1658;15.1544;;;24-Aug-2021

Tata Mutual Fund
119287;Tata S&P BSE Sensex Index Fund - Direct Plan;INF277K01PK1;;143.7108;;;24-Aug-2021
101746;Tata S&P BSE Sensex Index Fund -Regular Plan;INF277K01758;;137.4345;;;24-Aug-2021
119288;Tata Nifty 50 Index Fund -Direct Plan;INF277K01PJ3;;108.0957;;;24-Aug-2021
101659;Tata Nifty 50 Index Fund -Regular Plan;INF277K01741;;101.0021;;;24-Aug-2021

Taurus Mutual Fund
118881;Taurus Nifty 50 Index Fund - Direct Plan - Growth;INF044D01CQ5;;33.2510;;;24-Aug-2021
118882;Taurus Nifty 50 Index Fund - Direct Plan - Payout of Income Distribution cum Capital Withdrawal option;INF044D01CR3;INF044D01CS1;31.1189;;;24-Aug-2021
112948;Taurus Nifty 50 Index Fund - Regular Plan - Growth;INF044D01948;;31.5668;;;24-Aug-2021
112949;Taurus Nifty 50 Index Fund - Regular Plan - Payout of Income Distribution cum Capital Withdrawal option;INF044D01914;INF044D01922;20.1236;;;24-Aug-2021

UTI Mutual Fund
143341;UTI Nifty Next 50 Index Fund - Direct Plan - Growth Option;INF789FC12T1;;14.3461;;;24-Aug-2021
143340;UTI Nifty Next 50 Index Fund - Regular Plan - Growth Option;INF789FC11T3;;14.0879;;;24-Aug-2021
148703;UTI Nifty 200 Momentum 30 Index Fund - Direct Plan - Growth Option;INF789F1AUT5;;12.625;;;24-Aug-2021
148704;UTI Nifty 200 Momentum 30 Index Fund - Regular Plan - Growth Option;INF789F1AUS7;;12.5958;;;24-Aug-2021
120717;UTI Nifty 50 Index Fund - Direct Plan - IDCW;INF789F01WY2;INF789F01WZ9;56.2065;;;24-Aug-2021
120716;UTI Nifty 50 Index Fund - Growth Option- Direct;INF789F01XA0;;111.562;;;24-Aug-2021
100822;UTI Nifty 50 Index Fund - Regular Plan - Growth Option;INF789F01JN2;;110.5017;;;24-Aug-2021
100823;UTI Nifty 50 Index Fund - Regular Plan - IDCW;INF789F01JL6;INF789F01JM4;55.6708;;;24-Aug-2021

Open Ended Schemes ( Other Scheme - Gold ETF )


Aditya Birla Sun Life Mutual Fund
115127;Aditya Birla Sun Life Gold ETF;INF209KB18D3;;4342.776;;;24-Aug-2021

Axis Mutual Fund
113434;Axis Gold ETF;INF846K01W80;;41.1733;;;24-Aug-2021

HDFC Mutual Fund
113049;HDFC Gold ETF - Growth Option;INF179KC1981;;42.3042;;;24-Aug-2021

ICICI Prudential Mutual Fund
113076;ICICI Prudential Gold ETF;INF109KC1NT3;;42.2106;;;24-Aug-2021

IDBI Mutual Fund
115939;IDBI Gold Exchange Traded Fund;INF397L01554;;4383.9148;;;24-Aug-2021

Invesco Mutual Fund
112368;Invesco India Gold Exchange Traded Fund;INF205K01361;;4284.8864;;;24-Aug-2021

Kotak Mahindra Mutual Fund
106193;KOTAK GOLD ETF;INF174KA1HJ8;;41.2753;;;24-Aug-2021

Nippon India Mutual Fund
140088;Nippon India ETF Gold BeES;INF204KB17I5;;41.3586;;;24-Aug-2021

Quantum Mutual Fund
107693;Quantum Gold Fund;INF082J01408;;2048.9988;;;24-Aug-2021

SBI Mutual Fund
111954;SBI Gold ETF;INF200KA16D8;;4236.2721;;;24-Aug-2021

UTI Mutual Fund
105463;UTI GOLD Exchange Traded Fund;INF789F1AUX7;;41.3308;;;24-Aug-2021

Open Ended Schemes ( Other Scheme - Other  ETFs )


Aditya Birla Sun Life Mutual Fund
139581;Aditya Birla Sun Life BSE Sensex ETF;INF209KB10E8;;533.0307;;;24-Aug-2021
115512;Aditya Birla Sun Life Nifty 50 ETF;INF209KB19D1;;184.1474;;;24-Aug-2021
147735;Aditya Birla Sun Life Nifty Bank ETF;INF209KB17D5;;355.6888;;;24-Aug-2021
145881;Aditya Birla Sunlife Nifty Next 50 ETF;INF209KB16D7;;401.6509;;;24-Aug-2021

Axis Mutual Fund
141545;Axis Nifty 50 ETF;INF846K01W98;;174.0310;;;24-Aug-2021
148926;Axis Nifty AAA Bond Plus SDL Apr 2026 50:50 ETF;INF846K01Z04;;10.2843;;;24-Aug-2021
148559;Axis NIFTY Bank ETF;INF846K01X63;;358.2942;;;24-Aug-2021
148934;Axis NIFTY Healthcare ETF;INF846K01Z12;;89.1413;;;24-Aug-2021
148799;Axis IT ETF;INF846K01Y96;;340.8010;;;24-Aug-2021

Bandhan Mutual Fund
139840;BANDHAN BSE Sensex ETF;INF194KA1T91;;585.0964;;;24-Aug-2021
139839;BANDHAN Nifty 50 ETF;INF194KA1U07;;174.2121;;;24-Aug-2021

DSP Mutual Fund
142589;DSP NIFTY 1D Rate Liquid ETF - IDCW - Daily Reinvest;;INF740KA1EU7;1000.0000;;;24-Aug-2021

Edelweiss Mutual Fund
147848;Bharat Bond ETF - April 2023;INF754K01KN4;;1145.8311;;;24-Aug-2021
147849;Bharat Bond ETF - April 2030;INF754K01KO2;;1164.0131;;;24-Aug-2021
148444;BHARAT Bond ETF April 2025;INF754K01LD3;;1058.7047;;;24-Aug-2021
148445;BHARAT Bond ETF- April 2031;INF754K01LE1;;1042.8835;;;24-Aug-2021
139367;Edelweiss ETF - Nifty 100 Quality 30;INF754K01EM9;;407.8819;;;24-Aug-2021
134536;Edelweiss ETF - Nifty 50;INF754K01EK3;;18180.2142;;;24-Aug-2021
135859;Edelweiss ETF - Nifty Bank;INF754K01EL1;;3617.7144;;;24-Aug-2021

Groww Mutual Fund
147113;Groww Nifty50 Exchange Traded Fund (formerly known as Indiabulls Nifty50 Exchange Traded) Fund;INF666M01FS5;;172.0989;;;24-Aug-2021

HDFC Mutual Fund
135854;HDFC BSE Sensex ETF - Growth Plan;INF179KC1HX2;;599.35;;;24-Aug-2021
135853;HDFC NIFTY 50 ETF - Growth Plan;INF179KC1965;;177.24;;;24-Aug-2021
148461;HDFC NIFTY Bank ETF - GROWTH;INF179KC1HY0;;357.59;;;24-Aug-2021

ICICI Prudential Mutual Fund
141957;BHARAT 22 ETF;INF109KB15Y7;;39.8434;;;24-Aug-2021
143247;ICICI Prudential BSE 500 ETF;INF109KC1V59;;231.8329;;;24-Aug-2021
144947;ICICI Prudential BSE Liquid Rate ETF;INF109KC1KT9;;1000.0000;;;24-Aug-2021
139519;ICICI Prudential BSE Midcap Select ETF;INF109KC10W0;;97.5280;;;24-Aug-2021
101705;ICICI Prudential BSE Sensex ETF;INF346A01034;;606.7746;;;24-Aug-2021
123004;ICICI Prudential Nifty 100 ETF;INF109KC16V9;;181.8816;;;24-Aug-2021
141596;ICICI Prudential Nifty 100 Low Volatility 30 ETF;INF109KC19U5;;135.1421;;;24-Aug-2021
121366;ICICI Prudential Nifty 50 ETF;INF109K012R6;;178.0282;;;24-Aug-2021
148456;ICICI Prudential Nifty Alpha Low- Volatility 30 ETF;INF109KC17V7;;169.7705;;;24-Aug-2021
147483;ICICI Prudential Nifty Bank ETF;INF109KC15I8;;355.9259;;;24-Aug-2021
149072;ICICI Prudential Nifty FMCG ETF;INF109KC19V3;;382.3610;;;24-Aug-2021
148957;ICICI Prudential Nifty Healthcare ETF;INF109KC1Q72;;89.0529;;;24-Aug-2021
148466;ICICI Prudential Nifty IT ETF;INF109KC16I6;;343.0115;;;24-Aug-2021
147921;ICICI Prudential Nifty Midcap 150 ETF;INF109KC11W8;;104.0440;;;24-Aug-2021
144587;ICICI Prudential Nifty Next 50 ETF;INF109KC1NS5;;40.3199;;;24-Aug-2021
147530;ICICI Prudential Nifty Private Bank ETF;INF109KC18U7;;181.5731;;;24-Aug-2021
139455;ICICI Prudential Nifty50 Value 20 ETF;INF109KC11V0;;90.9594;;;24-Aug-2021

Invesco Mutual Fund
115284;Invesco India Nifty 50 Exchange Traded Fund;INF205K01DA9;;1808.0876;;;24-Aug-2021

Kotak Mahindra Mutual Fund
109010;Kotak BSE Sensex ETF;INF174KA1JD7;;585.2065;;;24-Aug-2021
112351;Kotak Nifty 50 ETF;INF174K014P6;;174.807;;;24-Aug-2021
135744;Kotak Nifty 50 Value 20 ETF - Payout of Income Distribution cum capital withdrawal option;INF174K01Z71;;92.6625;;;24-Aug-2021
133122;Kotak Nifty Bank ETF;INF174K01F59;;360.7958;;;24-Aug-2021
148763;Kotak Nifty IT ETF;INF174KA1GC5;;34.0681;;;24-Aug-2021
106929;Kotak Nifty PSU Bank ETF;INF373I01023;;223.0525;;;24-Aug-2021

LIC Mutual Fund
135672;LIC MF BSE Sensex ETF;INF767K01OT5;;598.8092;;;24-Aug-2021
136473;LIC MF Nifty 100 ETF;INF767K01PC8;;176.7821;;;24-Aug-2021
135607;LIC MF Nifty 50 ETF;INF767K01OS7;;176.8539;;;24-Aug-2021
133307;LIC MF Nifty 8-13 yr G-Sec ETF;INF767K01MV5;;22.2041;;;24-Aug-2021

Mirae Asset Mutual Fund
148572;Mirae Asset ESG Sector Leaders ETF;INF769K01GS9;;28.414;;;24-Aug-2021
145633;Mirae Asset Nifty 50 ETF;INF769K01EG9;;171.053;;;24-Aug-2021
149105;Mirae Asset Nifty Financial Services ETF;INF769K01HI8;;17.447;;;24-Aug-2021
147906;Mirae Asset Nifty Next 50 ETF;INF769K01FN2;;394.976;;;24-Aug-2021
148927;Mirae Asset NYSE FANG + ETF;INF769K01HF4;;53.406;;;24-Aug-2021

Motilal Oswal Mutual Fund
114984;Motilal Oswal Nasdaq 100 ETF (MOFN100);INF247L01AP3;;110.9543;;;24-Aug-2021
148620;Motilal Oswal Nifty 5 year Benchmark G-sec ETF;INF247L01AK4;;48.5550;;;24-Aug-2021
113069;Motilal Oswal Nifty 50 ETF;INF247L01536;;164.5656;;;24-Aug-2021
114456;Motilal Oswal Nifty Midcap 100 ETF;INF247L01023;;28.6359;;;24-Aug-2021

Nippon India Mutual Fund
140107;CPSE ETF;INF457M01133;;25.2274;;;24-Aug-2021
131331;Nippon India ETF BSE Sensex;INF204KA1UN7;;607.1843;;;24-Aug-2021
147579;Nippon India ETF BSE Sensex Next 50;INF204KB15D0;;44.6116;;;24-Aug-2021
140095;Nippon India ETF Hang Seng BeES;INF204KB19I1;;319.9996;;;24-Aug-2021
121146;Nippon India ETF Nifty 100;INF204K014N5;;173.1863;;;24-Aug-2021
140086;Nippon India ETF Nifty 1D Rate Liquid BeES - DAILY IDCW Option;INF732E01037;;1000.0000;;;24-Aug-2021
148800;Nippon India ETF Nifty 5 yr Benchmark G-Sec;INF204KC1030;;48.5654;;;24-Aug-2021
140084;Nippon India ETF Nifty 50 BeES;INF204KB14I2;;179.0367;;;24-Aug-2021
140094;Nippon India ETF Nifty 50 Shariah BeES;INF732E01128;;436.9997;;;24-Aug-2021
134782;Nippon India ETF Nifty 50 Value 20;INF204KA17D8;;93.7453;;;24-Aug-2021
139496;Nippon India ETF Nifty 8-13 yr G-Sec Long Term Gilt;INF204KB1882;;22.5681;;;24-Aug-2021
140087;Nippon India ETF Nifty Bank BeES;INF204KB15I9;;359.7168;;;24-Aug-2021
148585;Nippon India ETF Nifty CPSE Bond Plus SDL Sep2024 50:50;INF204KB18W4;;106.1333;;;24-Aug-2021
128639;Nippon India ETF Nifty Dividend Opportunities 50;INF204KA1MS3;;42.9326;;;24-Aug-2021
128331;Nippon India ETF Nifty India Consumption;INF204KA1LD7;;71.8956;;;24-Aug-2021
140102;Nippon India ETF Nifty Infrastructure BeES;INF732E01268;;468.8055;;;24-Aug-2021
148408;Nippon India ETF Nifty IT;INF204KB15V2;;34.4014;;;24-Aug-2021
146271;Nippon India ETF Nifty Midcap 150;INF204KB1V68;;104.1151;;;24-Aug-2021
140085;Nippon India ETF Nifty Next 50 Junior BeES;INF732E01045;;414.2378;;;24-Aug-2021
140089;Nippon India ETF Nifty PSU Bank BeES;INF204KB16I7;;24.8618;;;24-Aug-2021
148798;Nippon India ETF Nifty SDL Apr 2026 Top 20 Equal Weight;INF204KC1022;;104.9870;;;24-Aug-2021
149008;Nippon India Nifty Pharma ETF;INF204KC1089;;13.9282;;;24-Aug-2021

Quantum Mutual Fund
108479;Quantum Nifty 50 ETF;INF082J01028;;1733.9540;;;24-Aug-2021

SBI Mutual Fund
134014;SBI BSE 100 ETF;INF200KA1572;;176.6968;;;24-Aug-2021
121109;SBI BSE SENSEX ETF;INF200K01VT2;;589.3924;;;24-Aug-2021
144916;SBI BSE Sensex Next 50 ETF;INF200KA1VQ2;;453.0297;;;24-Aug-2021
139430;SBI Nifty 10 yr Benchmark G-Sec ETF;INF200KA1JT1;;203.8628;;;24-Aug-2021
145648;SBI Nifty 200 Quality 30 ETF;INF200KA1WX6;;146.8317;;;24-Aug-2021
135106;SBI Nifty 50 ETF;INF200KA1FS1;;169.3620;;;24-Aug-2021
134008;SBI Nifty Bank ETF;INF200KA1580;;356.7378;;;24-Aug-2021
149041;SBI Nifty Consumption ETF;INF200KA1X17;;66.5384;;;24-Aug-2021
148542;SBI Nifty IT ETF;INF200KA1S14;;343.4708;;;24-Aug-2021
134013;SBI Nifty Next 50 ETF;INF200KA1598;;409.7196;;;24-Aug-2021
148541;SBI Nifty Private Bank ETF;INF200KA1S22;;184.1037;;;24-Aug-2021

Tata Mutual Fund
145801;Tata Nifty 50 Exchange Traded Fund;INF277K015R5;;171.4774;;;24-Aug-2021
147614;Tata Nifty Private Bank Exchange Traded Fund;INF277K010X4;;186.5089;;;24-Aug-2021

UTI Mutual Fund
146388;UTI - BSE Sensex Next 50 Exchange Traded Fund;INF789F1AUU3;;45.151;;;24-Aug-2021
141665;UTI Nifty Next 50 Exchange Traded Fund;INF789F1AUW9;;41.1698;;;24-Aug-2021
135321;UTI BSE Sensex ETF;INF789FB1X58;;585.6304;;;24-Aug-2021
135320;UTI Nifty 50 ETF;INF789F1AZC0;;1743.1115;;;24-Aug-2021
148173;UTI Nifty Bank ETF;INF789F1AUV1;;35.788;;;24-Aug-2021

Open Ended Schemes ( Other Scheme - FoF Overseas )


Aditya Birla Sun Life Mutual Fund
132141;Aditya Birla Sun Life Global Emerging Opportunities Fund - Direct - IDCW;INF084M01EC8;INF084M01ED6;18.7875;;;24-Aug-2021
132140;Aditya Birla Sun Life Global Emerging Opportunities Fund - Direct plan - Growth Option;INF084M01EB0;;21.2418;;;24-Aug-2021
132139;Aditya Birla Sun Life Global Emerging Opportunities Fund - Regular - IDCW;INF084M01AU8;INF084M01AV6;20.7124;;;24-Aug-2021
132138;Aditya Birla SUn Life Global Emerging Opportunities Fund - Regular Plan - Growth Option;INF084M01AT0;;20.7094;;;24-Aug-2021
132009;Aditya Birla Sun Life Global Excellence Equity Fund Of Fund - Retail Plan - Direct Plan - Growth Option;INF084M01EH7;;25.2007;;;24-Aug-2021
132005;Aditya Birla Sun Life Global Excellence Equity Fund Of Fund- Retail Plan - Regular Plan - Growth Option;INF084M01AZ7;;24.2379;;;24-Aug-2021
132010;Aditya Birla Sun Life Global Excellence Equity Fund Of Fund-DIRECT - RETAIL - IDCW;INF084M01EI5;INF084M01EJ3;25.2226;;;24-Aug-2021
132003;Aditya Birla Sun Life Global Excellence Equity Fund Of Fund-REGULAR - RETAIL - IDCW;INF084M01BA8;INF084M01BB6;24.2532;;;24-Aug-2021

Axis Mutual Fund
148485;Axis Global Equity Alpha Fund of Fund - Direct Plan - Growth Option;INF846K01X06;;13.0722;;;24-Aug-2021
148487;Axis Global Equity Alpha Fund of Fund - Direct Plan - IDCW;INF846K01X14;INF846K01X22;13.0720;;;24-Aug-2021
148486;Axis Global Equity Alpha Fund of Fund - Regular Plan - Growth Option;INF846K01X30;;12.9213;;;24-Aug-2021
148488;Axis Global Equity Alpha Fund of Fund - Regular Plan - IDCW;INF846K01X48;INF846K01X55;12.9213;;;24-Aug-2021
148954;Axis Global Innovation Fund of Fund - Direct Plan - Growth;INF846K01Z20;;10.77;;;24-Aug-2021
148955;Axis Global Innovation Fund of Fund - Direct Plan - IDCW;INF846K01Z38;INF846K01Z46;10.76;;;24-Aug-2021
148953;Axis Global Innovation Fund of Fund - Regular Plan - Growth;INF846K01Z53;;10.73;;;24-Aug-2021
148956;Axis Global Innovation Fund of Fund - Regular Plan - IDCW;INF846K01Z61;INF846K01Z79;10.73;;;24-Aug-2021
148699;Axis Greater China Equity Fund of Fund - Direct Plan - Growth Option;INF846K01Y39;;8.86;;;24-Aug-2021
148700;Axis Greater China Equity Fund of Fund - Direct Plan - IDCW;INF846K01Y47;INF846K01Y54;8.86;;;24-Aug-2021
148701;Axis Greater China Equity Fund of Fund - Regular Plan - Growth Option;INF846K01Y62;;8.80;;;24-Aug-2021
148702;Axis Greater China Equity Fund of Fund - Regular Plan - IDCW;INF846K01Y70;INF846K01Y88;8.80;;;24-Aug-2021

Bandhan Mutual Fund
149098;BANDHAN US EQUITY FUND OF FUND - GROWTH - DIRECT PLAN;INF194KB1CF2;;10.11;;;24-Aug-2021
149100;BANDHAN US EQUITY FUND OF FUND - GROWTH - REGULAR PLAN;INF194KB1CC9;;10.11;;;24-Aug-2021
149099;BANDHAN US EQUITY FUND OF FUND - IDCW - DIRECT PLAN;INF194KB1CG0;;10.11;;;24-Aug-2021
149097;BANDHAN US EQUITY FUND OF FUND - IDCW - REGULAR PLAN;INF194KB1CD7;;10.11;;;24-Aug-2021

BNP Paribas Mutual Fund
148897;BNP Paribas Funds Aqua Fund of Fund - Direct Plan - Growth Option;INF251K01QT5;;10.9594;;;24-Aug-2021
148899;BNP Paribas Funds Aqua Fund of Fund - Direct Plan - Income Distribution cum Withdrawal Option;INF251K01QU3;INF251K01QV1;10.9594;;;24-Aug-2021
148898;BNP Paribas Funds Aqua Fund of Fund - Regular Plan - Income Distribution cum Capital Withdrawal Option;INF251K01QR9;INF251K01QS7;10.9210;;;24-Aug-2021
148896;BNP Paribas Funds Aqua Fund of Fund - Regular Plan Growth;INF251K01QQ1;;10.9210;;;24-Aug-2021

DSP Mutual Fund
130493;DSP Global Allocation Fund of Fund - Direct Plan - Growth;INF740K01Z50;;18.0576;;;24-Aug-2021
130491;DSP Global Allocation Fund of Fund - Direct Plan - IDCW;INF740K01Z68;INF740K01Z76;17.1374;;;24-Aug-2021
130492;DSP Global Allocation Fund of Fund - Regular Plan - Growth;INF740K01Z27;;17.4894;;;24-Aug-2021
130490;DSP Global Allocation Fund of Fund - Regular Plan - IDCW;INF740K01Z35;INF740K01Z43;16.6041;;;24-Aug-2021
119275;DSP Global Clean Energy Fund of Fund - Direct Plan - Growth;INF740K01PC5;;16.6446;;;24-Aug-2021
119276;DSP Global Clean Energy Fund of Fund - Direct Plan - IDCW;INF740K01PD3;INF740K01PE1;15.0086;;;24-Aug-2021
112126;DSP Global Clean Energy Fund of Fund - Regular Plan - Growth;INF740K01284;;16.1869;;;24-Aug-2021
112127;DSP Global Clean Energy Fund of Fund - Regular Plan - IDCW;INF740K01292;INF740K01300;13.8437;;;24-Aug-2021
119252;DSP US Flexible Equity Fund of Fund - Direct Plan - Growth;INF740K01OH7;;43.1110;;;24-Aug-2021
119253;DSP US Flexible Equity Fund of Fund - Direct Plan - IDCW;INF740K01OI5;INF740K01OJ3;41.9871;;;24-Aug-2021
117691;DSP US Flexible Equity Fund of Fund - Regular Plan - Growth Option;INF740K01LP6;;40.6676;;;24-Aug-2021
117692;DSP US Flexible Equity Fund of Fund - Regular Plan - IDCW;INF740K01LQ4;;23.7544;;;24-Aug-2021
119271;DSP World Agriculture Fund - Direct Plan - Growth;INF740K01OE4;;24.1105;;;24-Aug-2021
119272;DSP World Agriculture Fund - Direct Plan - IDCW;INF740K01OF1;INF740K01OG9;22.0595;;;24-Aug-2021
115882;DSP World Agriculture Fund - Regular Plan - Growth;INF740K01EK2;;23.4995;;;24-Aug-2021
115881;DSP World Agriculture Fund - Regular Plan - IDCW;INF740K01EL0;;16.7849;;;24-Aug-2021
119277;DSP World Gold Fund of Fund - Direct Plan - Growth;INF740K01OZ9;;18.0196;;;24-Aug-2021
119278;DSP World Gold Fund of Fund - Direct Plan - IDCW;INF740K01PA9;INF740K01PB7;13.2244;;;24-Aug-2021
106597;DSP World Gold Fund of Fund - Regular Plan - Growth;INF740K01250;;17.2942;;;24-Aug-2021
106596;DSP World Gold Fund of Fund - Regular Plan - IDCW;INF740K01268;INF740K01276;12.6923;;;24-Aug-2021
119279;DSP World Mining Fund of Fund - Direct Plan - Growth;INF740K01PF8;;14.8234;;;24-Aug-2021
119280;DSP World Mining Fund of Fund - Direct Plan - IDCW;INF740K01PG6;INF740K01PH4;14.8234;;;24-Aug-2021
112293;DSP World Mining Fund of Fund - Regular Plan - Growth;INF740K01730;;14.1388;;;24-Aug-2021
112347;DSP World Mining Fund of Fund - Regular Plan - IDCW;INF740K01748;INF740K01AL8;14.1388;;;24-Aug-2021

Edelweiss Mutual Fund
140256;Edelweiss ASEAN Equity Off-shore Fund - Direct Plan - Growth Option;INF843K01AW7;;24.798;;;24-Aug-2021
140255;Edelweiss ASEAN Equity Off-shore Fund - Regular Plan - Growth Option;INF843K01609;;22.852;;;24-Aug-2021
140327;Edelweiss Emerging Markets Opportunities Equity Offshore Fund - Direct Plan - Growth Option;INF843K01IZ3;;17.698;;;24-Aug-2021
140328;Edelweiss Emerging Markets Opportunities Equity Offshore Fund - Regular Plan - Growth Option;INF843K01IY6;;16.8619;;;24-Aug-2021
140296;Edelweiss Europe Dynamic Equity Offshore Fund - Growth Option - Direct Plan;INF843K01GI3;;16.8687;;;24-Aug-2021
140295;Edelweiss Europe Dynamic Equity Offshore Fund - Growth Option - Regular Plan;INF843K01GJ1;;15.799;;;24-Aug-2021
140243;Edelweiss Greater China Equity Off-shore Fund - Direct Plan - Growth Option;INF843K01AU1;;54.148;;;24-Aug-2021
140242;Edelweiss Greater China Equity Off-shore Fund - Regular Plan - Growth Option;INF843K01138;;49.951;;;24-Aug-2021
148063;Edelweiss US Technology Equity Fund of Fund- Direct Plan- Growth;INF754K01LB7;;19.5993;;;24-Aug-2021
148064;Edelweiss US Technology Equity Fund of Fund- Regular Plan- Growth;INF754K01LC5;;19.2978;;;24-Aug-2021
140274;Edelweiss US Value Equity Offshore Fund - Direct Plan - Growth Option;INF843K01EC1;;24.8458;;;24-Aug-2021
140273;Edelweiss US Value Equity Offshore Fund - Regular Plan - Growth Option;INF843K01ED9;;23.2726;;;24-Aug-2021

Franklin Templeton Mutual Fund
118550;Franklin India Feeder - Franklin U S Opportunities Fund - Direct - IDCW ;INF090I01JP4;INF090I01JQ2;64.5798;;;24-Aug-2021
116632;Franklin India Feeder - Franklin U S Opportunities Fund - IDCW ;INF090I01EV3;INF090I01EU5;59.3795;;;24-Aug-2021
116633;Franklin India Feeder - Franklin U.S. Opportunities Fund - Growth;INF090I01EW1;;59.3795;;;24-Aug-2021
118551;Franklin India Feeder - Franklin US Opportunities Fund - Direct - Growth;INF090I01JR0;;64.5798;;;24-Aug-2021
129440;Franklin India Feeder - Templeton European Opportunities Fund - Direct - Growth;INF090I01KX6;;10.9947;;;24-Aug-2021
129441;Franklin India Feeder - Templeton European Opportunities Fund - Direct - IDCW ;INF090I01KY4;INF090I01KZ1;10.9947;;;24-Aug-2021
129438;Franklin India Feeder - Templeton European Opportunities Fund - Growth;INF090I01KU2;;10.0969;;;24-Aug-2021
129439;Franklin India Feeder - Templeton European Opportunities Fund - IDCW ;INF090I01KV0;INF090I01KW8;10.0969;;;24-Aug-2021

HSBC Mutual Fund
127073;HSBC Asia Pacific (Ex Japan) Dividend Yield Fund - Growth;INF336L01HC7;;18.3087;;;24-Aug-2021
127071;HSBC Asia Pacific (Ex Japan) Dividend Yield Fund - Growth Direct;INF336L01HF0;;19.3242;;;24-Aug-2021
127072;HSBC Asia Pacific IDCW Yield Fund Direct Plan IDCW;INF336L01HG8;INF336L01HH6;19.3165;;;24-Aug-2021
127070;HSBC Asia Pacific IDCW Yield Fund IDCW;INF336L01HD5;INF336L01HE3;18.3087;;;24-Aug-2021
120035;HSBC Brazil Fund - Growth Direct;INF336L01BY4;;7.8694;;;24-Aug-2021
115117;HSBC Brazil Fund - IDCW;INF336L01172;INF336L01180;7.3813;;;24-Aug-2021
120036;HSBC Brazil Fund - IDCW Direct Plan;INF336L01BW8;INF336L01BX6;7.8641;;;24-Aug-2021
115116;HSBC Brazil Fund-Growth;INF336L01164;;7.3813;;;24-Aug-2021
120043;HSBC Global Emerging Market Fund - Growth Direct;INF336L01CJ3;;20.8748;;;24-Aug-2021
107988;HSBC Global Emerging Markets Fund - Growth;INF336L01446;;19.6128;;;24-Aug-2021
107989;HSBC Global Emerging Markets Fund - IDCW;INF336L01438;INF336L01420;18.7644;;;24-Aug-2021
120044;HSBC Global Emerging Markets Fund - IDCW Direct Plan;INF336L01CH7;INF336L01CI5;19.9721;;;24-Aug-2021
148738;HSBC Global Equity  Climate Change Fund of Fund Direct Plan IDCW;INF336L01PW8;INF336L01PX6;11.0463;;;24-Aug-2021
148737;HSBC Global Equity Climate Change Fund of Fund - Direct - Growth;INF336L01PV0;;11.0463;;;24-Aug-2021
148735;HSBC Global Equity Climate Change Fund of Fund - Regular - Growth;INF336L01PY4;;11.0094;;;24-Aug-2021
148736;HSBC Global Equity Climate Change Fund of Fund IDCW;INF336L01PZ1;INF336L01QA2;11.0094;;;24-Aug-2021

ICICI Prudential Mutual Fund
123654;ICICI Prudential Global Stable Equity Fund (FOF) - Direct - Growth;INF109KA1CE0;;22.22;;;24-Aug-2021
123652;ICICI Prudential Global Stable Equity Fund (FOF) - Direct - IDCW;INF109KA1CG5;INF109KA1CF7;22.22;;;24-Aug-2021
123651;ICICI Prudential Global Stable Equity Fund (FOF) - Growth;INF109KA1CB6;;20.85;;;24-Aug-2021
123653;ICICI Prudential Global Stable Equity Fund (FOF) - IDCW;INF109KA1CD2;INF109KA1CC4;20.85;;;24-Aug-2021

Invesco Mutual Fund
148614;Invesco India - Invesco Global Consumer Trends Fund of Fund - Direct Plan - Growth;INF205KA1270;;10.1609;;;24-Aug-2021
148615;Invesco India - Invesco Global Consumer Trends Fund of Fund - Direct Plan - IDCW (Payout / Reinvestment);INF205KA1262;INF205KA1288;10.1635;;;24-Aug-2021
148613;Invesco India - Invesco Global Consumer Trends Fund of Fund - Growth;INF205KA1247;;10.0821;;;24-Aug-2021
148612;Invesco India - Invesco Global Consumer Trends Fund of Fund - IDCW (Payout / Reinvestment);INF205KA1239;INF205KA1254;10.0819;;;24-Aug-2021
129188;Invesco India - Invesco Global Equity Income Fund of Fund - Direct Plan - Growth;INF205K01B49;;18.9646;;;24-Aug-2021
129190;Invesco India - Invesco Global Equity Income Fund of Fund - Direct Plan - IDCW (Payout / Reinvestment);INF205K01B56;INF205K01B64;18.7958;;;24-Aug-2021
129187;Invesco India - Invesco Global Equity Income Fund of Fund - Regular Plan - Growth;INF205K01B15;;17.5419;;;24-Aug-2021
129189;Invesco India - Invesco Global Equity Income Fund of Fund - Regular Plan - IDCW (Payout / Reinvestment);INF205K01B23;INF205K01B31;17.5164;;;24-Aug-2021
126353;Invesco India - Invesco Pan European Equity Fund of Fund - Direct Plan - Growth Option;INF205K01A24;;14.4984;;;24-Aug-2021
126352;Invesco India - Invesco Pan European Equity Fund of Fund - Direct Plan - IDCW (Payout / Reinvestment);INF205K01A32;INF205K01A40;14.4656;;;24-Aug-2021
126351;Invesco India - Invesco Pan European Equity Fund of Fund - Regular Plan - Growth Option;INF205K01ZZ9;;13.5193;;;24-Aug-2021
126350;Invesco India - Invesco Pan European Equity Fund of Fund - Regular Plan - IDCW (Payout / Reinvestment);INF205K01A08;INF205K01A16;13.5191;;;24-Aug-2021

Kotak Mahindra Mutual Fund
106441;Kotak Global Emerging Market Fund - Growth;INF174K01DV3;;22.422;;;24-Aug-2021
119779;Kotak Global Emerging Market Fund - Growth - Direct;INF174K01LW4;;23.853;;;24-Aug-2021
106442;Kotak Global Emerging Market Fund - Payout of Income Distribution cum capital withdrawal option;INF174K01DX9;INF174K01DW1;22.423;;;24-Aug-2021
119778;Kotak Global Emerging Market Fund - Payout of Income Distribution cum capital withdrawal option - Direct;INF174K01LX2;;23.954;;;24-Aug-2021
149056;Kotak Global Innovation Fund of Fund - Regular Plan-Growth;INF174KA1HD1;;10.0615;;;24-Aug-2021
149060;Kotak Global Innovation Fund of Fund- Direct Plan - IDCW Option;INF174KA1HH2;INF174KA1HI0;10.0712;;;24-Aug-2021
149059;Kotak Global Innovation Fund of Fund- Direct Plan -Growth;INF174KA1HG4;;10.0712;;;24-Aug-2021
149058;Kotak Global Innovation Fund of Fund- Regular Plan -IDCW Option;INF174KA1HE9;INF174KA1HF6;10.0615;;;24-Aug-2021
148646;Kotak International REIT FOF - Direct Plan - Growth;INF174KA1FO2;;10.2468;;;24-Aug-2021
148649;Kotak International REIT FOF - Direct Plan - Payout of Income Distribution cum capital withdrawal option;INF174KA1FN4;INF174KA1FP9;10.2468;;;24-Aug-2021
148645;Kotak International REIT FOF - Regular Plan - Growth;INF174KA1FL8;;10.1812;;;24-Aug-2021
148647;Kotak International REIT FOF - Regular Plan - Payout of Income Distribution cum capital withdrawal option;INF174KA1FK0;INF174KA1FM6;10.1812;;;24-Aug-2021
148662;Kotak NASDAQ 100 Fund of Fund - Direct Plan - Growth;INF174KA1FQ7;;11.5035;;;24-Aug-2021
148661;Kotak NASDAQ 100 Fund of Fund - Regular Plan - Growth;INF174KA1FR5;;11.4772;;;24-Aug-2021

PGIM India Mutual Fund
138457;PGIM India Emerging Markets Equity Fund - Direct Plan - Dividend;INF223J01NJ4;;15.49;;;24-Aug-2021
138456;PGIM India Emerging Markets Equity Fund - Direct Plan - Growth;INF223J01NL0;;20.93;;;24-Aug-2021
138454;PGIM India Emerging Markets Equity Fund - Dividend;INF223J01AW4;INF223J01AX2;17.6;;;24-Aug-2021
138453;PGIM India Emerging Markets Equity Fund - Growth;INF223J01AY0;;19.15;;;24-Aug-2021
138527;PGIM India Global Equity Opportunities Fund - Direct Plan - Dividend;INF223J01NG0;;41.7;;;24-Aug-2021
138528;PGIM India Global Equity Opportunities Fund - Direct Plan - Growth;INF223J01NF2;;41.7;;;24-Aug-2021
138524;PGIM India Global Equity Opportunities Fund - Dividend;INF223J01AS2;INF223J01AT0;34.41;;;24-Aug-2021
138523;PGIM India Global Equity Opportunities Fund - Growth;INF223J01AU8;;38.28;;;24-Aug-2021

Principal Mutual Fund
119458;Principal Global Opportunities Fund- Direct Plan - Income Distribution CUM Capital Withdrawal Option;INF173K01FJ5;INF173K01FK3;48.2054;;;24-Aug-2021
102336;Principal Global Opportunities Fund- Income Distribution CUM Capital Withdrawal Option;INF173K01CQ7;INF173K01CR5;46.5179;;;24-Aug-2021
119457;Principal Global Opportunities Fund-Direct Plan - Growth Option;INF173K01FM9;;48.2054;;;24-Aug-2021
102337;Principal Global Opportunities Fund-Growth Option;INF173K01CT1;;46.5179;;;24-Aug-2021

SBI Mutual Fund
148760;SBI International Access - US Equity FoF - Direct Plan - Growth;INF200KA1U28;;11.4959;;;24-Aug-2021
148762;SBI International Access - US Equity FoF - Regular Plan - Growth;INF200KA1T96;;11.4489;;;24-Aug-2021
148761;SBI International Access- US Equity FoF Direct Plan - Income Distribution cum Capital Withdrawal Option (IDCW);INF200KA1U36;INF200KA1U44;11.4961;;;24-Aug-2021
148759;SBI International Access- US Equity FoF Regular Plan - Income Distribution cum Capital Withdrawal Option (IDCW);INF200KA1U02;INF200KA1U10;11.4494;;;24-Aug-2021

Sundaram Mutual Fund
119602;Sundaram Global Brand Fund Direct Plan - Growth;INF903J01OB6;;26.5236;;;24-Aug-2021
119601;Sundaram Global Brand Fund Direct Plan - Income Distribution cum Capital Withdrawal (IDCW);INF903J01NZ7;INF903J01OA8;23.5943;;;24-Aug-2021
106370;Sundaram Global Brand Fund Regular Plan - Growth;INF903J01EX1;;25.2343;;;24-Aug-2021
106369;Sundaram Global Brand Fund Regular Plan - Income Distribution cum Capital Withdrawal (IDCW);INF903J01EY9;INF903J01EZ6;21.6237;;;24-Aug-2021

Open Ended Schemes ( Other Scheme - FoF Domestic )


Aditya Birla Sun Life Mutual Fund
131897;Aditya Birla Sun Life Active Debt Multi Manager FoF Scheme - DIRECT - IDCW;INF084M01DQ0;INF084M01DR8;19.5217;;;24-Aug-2021
131898;Aditya Birla Sun Life Active Debt Multi Manager FoF Scheme - Direct Plan - Growth Option;INF084M01DP2;;31.1759;;;24-Aug-2021
131895;Aditya Birla Sun Life Active Debt Multi Manager FoF Scheme - REGULAR - IDCW;INF084M01AI3;INF084M01AJ1;18.7728;;;24-Aug-2021
131896;Aditya Birla Sun Life Active Debt Multi Manager FoF Scheme - Regular Plan - Growth Option;INF084M01AH5;;29.9343;;;24-Aug-2021
131865;Aditya Birla Sun Life Asset Allocator FoF- Direct Plan - Growth Option;INF084M01DM9;;21.2085;;;24-Aug-2021
131864;Aditya Birla Sun Life Asset Allocator FoF- Regular Plan - Growth Option;INF084M01AE2;;41.8559;;;24-Aug-2021
131866;Aditya Birla Sun Life Asset Allocator FoF-DIRECT - IDCW;INF084M01DN7;INF084M01DO5;20.2091;;;24-Aug-2021
131863;Aditya Birla Sun Life Asset Allocator FoF-REGULAR - IDCW;INF084M01AF9;INF084M01AG7;38.544;;;24-Aug-2021
132187;Aditya Birla Sun Life Financial Planning Fund - Aggressive Plan - Direct - IDCW;INF084M01EX4;INF084M01EY2;31.5717;;;24-Aug-2021
132186;Aditya Birla Sun Life Financial Planning Fund - Aggressive Plan - Direct Plan - Growth Option;INF084M01EW6;;34.4746;;;24-Aug-2021
132180;Aditya Birla Sun Life Financial Planning Fund - Aggressive Plan - Regular Plan - Growth Option;INF084M01101;;32.3779;;;24-Aug-2021
132181;Aditya Birla Sun Life Financial Planning Fund - Aggressive Plan -Regular - IDCW;INF084M01119;INF084M01127;29.6368;;;24-Aug-2021
132183;Aditya Birla Sun Life Financial Planning Fund - Conservative Plan - Direct Plan - Growth Option;INF084M01EQ8;;24.5991;;;24-Aug-2021
132178;Aditya Birla Sun life Financial Planning Fund - Conservative Plan - Regular Plan - Growth Option;INF084M01044;;23.5157;;;24-Aug-2021
132184;Aditya Birla Sun Life Financial Planning Fund - Conservative Plan -Direct - IDCW;INF084M01ER6;INF084M01ES4;16.7022;;;24-Aug-2021
132179;Aditya Birla Sun Life Financial Planning Fund - Conservative Plan -Regular - IDCW;INF084M01051;INF084M01069;21.3951;;;24-Aug-2021
132185;Aditya Birla Sun Life Financial Planning Fund - Moderate Plan - Direct Plan - Growth Option;INF084M01ET2;;28.4253;;;24-Aug-2021
132174;Aditya Birla Sun Life Financial Planning Fund - Moderate Plan - Regular Plan - Growth Option;INF084M01077;;27.1691;;;24-Aug-2021
132175;Aditya Birla Sun Life Financial Planning Fund -Moderate  Plan -  Regular -  IDCW;INF084M01085;INF084M01093;24.3688;;;24-Aug-2021
132189;Aditya Birla Sun Life Financial Planning Fund -Moderate  Plan - Direct - IDCW;INF084M01EU0;INF084M01EV8;25.774;;;24-Aug-2021
120546;Aditya Birla Sun Life Gold Fund - Growth - Direct Plan;INF209K01YU5;;15.0542;;;24-Aug-2021
120545;Aditya Birla Sun Life Gold Fund-DIRECT - IDCW;INF209K01YT7;;15.0558;;;24-Aug-2021
116796;Aditya Birla Sun Life Gold Fund-Growth;INF209K01PF4;;14.6832;;;24-Aug-2021
116795;Aditya Birla Sun Life Gold Fund-REGULAR - IDCW;INF209K01PG2;INF209K01PH0;14.6822;;;24-Aug-2021

Axis Mutual Fund
147905;Axis All Seasons Debt Fund of Fund - Regular Plan - Quarterly IDCW;INF846K01V73;INF846K01V65;11.2983;;;24-Aug-2021
147895;Axis All Seasons Debt Fund of Funds - Direct Plan - Annual IDCW;INF846K01U25;INF846K01U17;11.3543;;;24-Aug-2021
147889;Axis All Seasons Debt Fund of Funds - Direct Plan - Growth Option;INF846K01U09;;11.3493;;;24-Aug-2021
147894;Axis All Seasons Debt Fund of Funds - Direct Plan - Half Yearly Dividend Option;INF846K01U74;INF846K01U82;10.0325;;;24-Aug-2021
147891;Axis All Seasons Debt Fund of Funds - Direct Plan - IDCW;INF846K01U90;INF846K01V08;11.3546;;;24-Aug-2021
147892;Axis All Seasons Debt Fund of Funds - Direct Plan - Monthly IDCW;INF846K01U41;INF846K01U33;11.3590;;;24-Aug-2021
147893;Axis All Seasons Debt Fund of Funds - Direct Plan - Quarterly IDCW;INF846K01U66;INF846K01U58;11.3526;;;24-Aug-2021
147898;Axis All Seasons Debt Fund of Funds - Regular Plan - Annual IDCW;INF846K01V32;INF846K01V24;11.3268;;;24-Aug-2021
147890;Axis All Seasons Debt Fund of Funds - Regular Plan - Growth Option;INF846K01V16;;11.2982;;;24-Aug-2021
147897;Axis All Seasons Debt Fund of Funds - Regular Plan - Half Yearly IDCW;INF846K01V81;INF846K01V99;12.1698;;;24-Aug-2021
147888;Axis All Seasons Debt Fund of Funds - Regular Plan - IDCW;INF846K01W07;INF846K01W15;11.2981;;;24-Aug-2021
147896;Axis All Seasons Debt Fund of Funds - Regular Plan - Monthly IDCW;INF846K01V57;INF846K01V40;11.2976;;;24-Aug-2021
120473;Axis Gold Fund - Direct Plan - Growth option;INF846K01DS2;;15.7117;;;24-Aug-2021
120472;Axis Gold Fund - Direct Plan - IDCW;INF846K01DQ6;INF846K01DR4;15.7263;;;24-Aug-2021
115897;Axis Gold Fund - Regular Plan - Growth Option;INF846K01AL3;;14.5802;;;24-Aug-2021
115898;Axis Gold Fund - Regular Plan - IDCW;INF846K01AM1;INF846K01AN9;14.5986;;;24-Aug-2021

Bandhan Mutual Fund
118412;BANDHAN ALL SEASONS BOND FUND - DIRECT PLAN-WEEKLY IDCW;;INF194K01V71;11.6212;;;24-Aug-2021
108547;BANDHAN All Seasons Bond Fund - Regular Plan - Annual IDCW;INF194K01SG0;INF194K01SF2;13.5854;;;24-Aug-2021
117868;BANDHAN All Seasons Bond Fund - Regular Plan - Daily IDCW;;INF194K01F55;11.6094;;;24-Aug-2021
115874;BANDHAN All Seasons Bond Fund - Regular Plan - Fortnightly IDCW;INF194K01SM8;INF194K01SL0;11.6223;;;24-Aug-2021
108545;BANDHAN All Seasons Bond Fund - Regular Plan - Growth;INF194K01SE5;;35.0278;;;24-Aug-2021
108546;BANDHAN All Seasons Bond Fund - Regular Plan - Half Yearly IDCW;INF194K01SI6;INF194K01SH8;11.9928;;;24-Aug-2021
131399;BANDHAN All Seasons Bond Fund - Regular Plan - Periodic IDCW;INF194KA1TS0;INF194KA1TT8;12.2459;;;24-Aug-2021
108544;BANDHAN All Seasons Bond Fund - Regular Plan - Quarterly IDCW;INF194K01SK2;INF194K01SJ4;12.5072;;;24-Aug-2021
117867;BANDHAN All Seasons Bond Fund - Regular Plan - Weekly IDCW;;INF194K01F63;11.6213;;;24-Aug-2021
118408;BANDHAN All Seasons Bond Fund-Direct Plan-Annual IDCW;INF194K01U98;INF194K01U80;14.2565;;;24-Aug-2021
118409;BANDHAN All Seasons Bond Fund-Direct Plan-Daily IDCW;;INF194K01V63;11.6183;;;24-Aug-2021
118414;BANDHAN All Seasons Bond Fund-Direct Plan-Fortnightly IDCW;INF194K01V55;INF194K01V48;11.6312;;;24-Aug-2021
118410;BANDHAN All Seasons Bond Fund-Direct Plan-Growth;INF194K01U72;;36.3178;;;24-Aug-2021
118411;BANDHAN All Seasons Bond Fund-Direct Plan-Half Yearly IDCW;INF194K01V14;INF194K01V06;13.6358;;;24-Aug-2021
131398;BANDHAN All Seasons Bond Fund-Direct Plan-Periodic IDCW;INF194KA1TV4;INF194KA1TW2;12.4828;;;24-Aug-2021
118413;BANDHAN All Seasons Bond Fund-Direct Plan-Quarterly IDCW;INF194K01V30;INF194K01V22;12.6669;;;24-Aug-2021
112332;BANDHAN Asset Allocation Fund - Regular Plan - Aggressive Plan - Growth;INF194K01953;;30.2353;;;24-Aug-2021
112331;BANDHAN Asset Allocation Fund - Regular Plan - Aggressive Plan - IDCW;INF194K01961;INF194K01979;20.3208;;;24-Aug-2021
118485;BANDHAN Asset Allocation Fund Of Fund-Aggressive Plan-Direct Plan-Growth;INF194K012B6;;31.7710;;;24-Aug-2021
118484;BANDHAN Asset Allocation Fund Of Fund-Aggressive Plan-Direct Plan-IDCW;INF194K013B4;INF194K014B2;22.7796;;;24-Aug-2021
112327;BANDHAN Asset Allocation Fund - Regular Plan - Conservative Plan - Growth;INF194K01987;;25.3976;;;24-Aug-2021
112328;BANDHAN Asset Allocation Fund - Regular Plan - Conservative Plan - IDCW;INF194K01995;INF194K01AA1;16.0327;;;24-Aug-2021
118486;BANDHAN Asset Allocation Fund Of Fund-Conservative Plan-Direct Plan-Growth;INF194K016A9;;26.6105;;;24-Aug-2021
118487;BANDHAN Asset Allocation Fund Of Fund-Conservative Plan-Direct Plan-IDCW;INF194K017A7;INF194K018A5;16.8107;;;24-Aug-2021
112329;BANDHAN Asset Allocation Fund - Regular Plan - Moderate Plan - Growth;INF194K01AB9;;28.3757;;;24-Aug-2021
112330;BANDHAN Asset Allocation Fund - Regular Plan - Moderate Plan - IDCW;INF194K01AC7;INF194K01AD5;18.7129;;;24-Aug-2021
118489;BANDHAN Asset Allocation Fund Of Fund-Moderate Plan-Direct Plan-Growth;INF194K019A3;;29.6555;;;24-Aug-2021
118488;BANDHAN Asset Allocation Fund Of Fund-Moderate Plan-Direct Plan-IDCW;INF194K010B0;INF194K011B8;19.2866;;;24-Aug-2021

Edelweiss Mutual Fund
147851;Bharat Bond FOF - April 2023 - Direct Plan - Growth Option;INF754K01KS3;;11.4358;;;24-Aug-2021
147852;BHARAT Bond FOF - April 2023 - Direct Plan - IDCW Option;INF754K01KT1;INF754K01KU9;11.4358;;;24-Aug-2021
147850;Bharat Bond FOF - April 2023 - Regular Plan - Growth Option;INF754K01KP9;;11.4358;;;24-Aug-2021
147853;BHARAT Bond FOF - April 2023 - Regular Plan - IDCW Option;INF754K01KQ7;INF754K01KR5;11.4358;;;24-Aug-2021
147857;Bharat Bond FOF - April 2030 - Direct Plan - Growth Option;INF754K01KY1;;11.6214;;;24-Aug-2021
147855;BHARAT Bond FOF - April 2030 - Direct Plan - IDCW Option;INF754K01KZ8;INF754K01LA9;11.6214;;;24-Aug-2021
147854;Bharat Bond FOF - April 2030 - Regular Plan - Growth Option;INF754K01KV7;;11.6214;;;24-Aug-2021
147856;BHARAT Bond FOF - April 2030 - Regular Plan - IDCW Option;INF754K01KW5;INF754K01KX3;11.6214;;;24-Aug-2021
148449;BHARAT Bond FOF - April 2025 - Direct Plan - IDCW Option;INF754K01LJ0;INF754K01LK8;10.5737;;;24-Aug-2021
148447;BHARAT Bond FOF - April 2025 - Regular Plan - IDCW Option;INF754K01LG6;INF754K01LH4;10.5737;;;24-Aug-2021
148446;BHARAT Bond FOF- April 2025- Direct Pan- Growth Option;INF754K01LI2;;10.5737;;;24-Aug-2021
148448;BHARAT Bond FOF- April 2025- Regular Plan- Growth Option;INF754K01LF8;;10.5737;;;24-Aug-2021
148453;BHARAT Bond FOF - April 2031 - Direct Plan - IDCW Option;INF754K01LP7;INF754K01LQ5;10.4246;;;24-Aug-2021
148451;BHARAT Bond FOF - April 2031 - Regular Plan - IDCW Option;INF754K01LM4;INF754K01LN2;10.4246;;;24-Aug-2021
148450;BHARAT Bond FOF- April 2031- Direct Plan- Growth Option;INF754K01LO0;;10.4246;;;24-Aug-2021
148452;BHARAT Bond FOF- April 2031- Regular Plan- Growth Option;INF754K01LL6;;10.4246;;;24-Aug-2021

Franklin Templeton Mutual Fund
118543;Franklin India Dynamic Asset Allocation Fund Of Funds - Direct - Growth;INF090I01HV6;;110.6513;;;24-Aug-2021
118542;Franklin India Dynamic Asset Allocation Fund of funds - Direct - IDCW ;INF090I01HT0;INF090I01HU8;40.9507;;;24-Aug-2021
101657;Franklin India Dynamic Asset Allocation Fund of funds - IDCW ;INF090I01247;INF090I01254;36.1264;;;24-Aug-2021
101656;Franklin India Dynamic Asset Allocation Fund of Funds-Growth;INF090I01262;;101.5217;;;24-Aug-2021
118511;Franklin India Life Stage Fund of Funds - 20's Plan - Direct - IDCW ;INF090I01HW4;INF090I01HX2;35.6034;;;24-Aug-2021
102108;Franklin India Life Stage Fund of Funds - 20's Plan - IDCW ;INF090I01577;;33.7594;;;24-Aug-2021
102107;Franklin INDIA LIFE STAGE FUND OF FUNDS - THE 20S PLAN (G);INF090I01593;;112.2292;;;24-Aug-2021
118512;Franklin INDIA LIFE STAGE FUND OF FUNDS - THE 20S PLAN - Direct - Growth;INF090I01HY0;;116.9436;;;24-Aug-2021
118513;Franklin India Life Stage Fund of Funds - 30's Plan - Direct - IDCW ;INF090I01HZ7;INF090I01IA8;26.0975;;;24-Aug-2021
102110;Franklin India Life Stage Fund of Funds - 30's Plan - IDCW ;INF090I01601;;24.4370;;;24-Aug-2021
102109;Franklin INDIA LIFE STAGE FUND OF FUNDS - THE 30S PLAN (G);INF090I01627;;75.2748;;;24-Aug-2021
118514;Franklin India Life Stage Fund of Funds - The 30s Plan - Direct - Growth;INF090I01IB6;;79.1476;;;24-Aug-2021
118515;Franklin India Life Stage Fund of Funds - 40's Plan - Direct - IDCW ;INF090I01IC4;INF090I01ID2;15.2584;;;24-Aug-2021
102111;Franklin India Life Stage Fund of Funds - 40's Plan - IDCW ;INF090I01635;;14.4183;;;24-Aug-2021
102112;Franklin INDIA LIFE STAGE FUND OF FUNDS - THE 40S PLAN (G);INF090I01650;;55.0953;;;24-Aug-2021
118516;Franklin India Life Stage Fund of Funds - The 40s Plan - Direct - Growth;INF090I01IE0;;58.3707;;;24-Aug-2021
118520;Franklin India Life Stage Fund of Funds - 50's Plus Floating Rate Plan - Direct - IDCW ;INF090I01JM1;INF090I01JN9;15.0687;;;24-Aug-2021
102546;Franklin India Life Stage Fund Of Funds - 50's Plus Floating Rate Plan - IDCW ;INF090I01692;;14.4450;;;24-Aug-2021
102547;Franklin India Life Stage Fund of Funds - The 50s Plus Flo (Gro);INF090I01718;;45.4710;;;24-Aug-2021
118519;Franklin India Life Stage Fund Of Funds - The 50S Plus Floating Rate Plan - Direct - Growth;INF090I01JO7;;47.2728;;;24-Aug-2021
118517;Franklin India Life Stage Fund of Funds - 50's Plus Plan - Direct - IDCW ;INF090I01IF7;INF090I01IG5;12.2460;;;24-Aug-2021
102113;Franklin India Life Stage Fund of Funds - 50's Plus Plan - IDCW ;INF090I01668;;11.5003;;;24-Aug-2021
102114;Franklin INDIA LIFE STAGE FUND OF FUNDS - THE 50+S PLAN (G);INF090I01684;;34.9590;;;24-Aug-2021
118518;Franklin India Life Stage Fund of Funds - The 50s Plus - Direct - Growth;INF090I01IH3;;37.0831;;;24-Aug-2021
132990;Franklin India Multi - Asset Solution Fund of Funds - Direct - IDCW;INF090I01LI5;INF090I01LJ3;14.7998;;;24-Aug-2021
132987;Franklin India Multi - Asset Solution Fund of Funds- Growth Plan;INF090I01LE4;;13.6224;;;24-Aug-2021
132989;Franklin India Multi - Asset Solution Fund of Funds- Growth Plan - Direct;INF090I01LH7;;14.7998;;;24-Aug-2021
132988;Franklin India Multi - Asset Solution Fund of Funds- IDCW;INF090I01LF1;INF090I01LG9;13.6224;;;24-Aug-2021

HDFC Mutual Fund
148901;HDFC Asset Allocator Fund of Funds - Growth Option;INF179KC1BD7;;10.8;;;24-Aug-2021
148903;HDFC Asset Allocator Fund of Funds - Growth Option -Direct Plan;INF179KC1BA3;;10.85;;;24-Aug-2021
148900;HDFC Asset Allocator Fund of Funds - IDCW Option;INF179KC1BE5;;10.8;;;24-Aug-2021
148902;HDFC Asset Allocator Fund of Funds - IDCW Option - Direct Plan;INF179KC1BB1;;10.85;;;24-Aug-2021
130533;HDFC Dynamic PE Ratio Fund of Funds - Growth Option;INF179KA1SF8;;25.3433;;;24-Aug-2021
130543;HDFC Dynamic PE Ratio Fund of Funds - Growth Option - Direct Plan;INF179KA1SC5;;27.1432;;;24-Aug-2021
130540;HDFC Dynamic PE Ratio Fund of Funds - IDCW Option;INF179KA1SG6;;22.2076;;;24-Aug-2021
130547;HDFC Dynamic PE Ratio Fund of Funds - IDCW Option - Direct Plan;INF179KA1SD3;;23.841;;;24-Aug-2021
119132;HDFC Gold ETF Fund of Fund - Direct Plan;INF179K01VX0;;15.5239;;;24-Aug-2021
115934;HDFC Gold ETF Fund of Fund - Growth Option;INF179K01LC5;;15.0175;;;24-Aug-2021

HSBC Mutual Fund
129195;HSBC Managed Solutions - Conservative - Growth;INF336L01IM4;;17.2306;;;24-Aug-2021
129197;HSBC Managed Solutions - Conservative - Growth Direct;INF336L01IP7;;17.7545;;;24-Aug-2021
129196;HSBC Managed Solutions India Conservative Fund IDCW;INF336L01IK8;INF336L01IL6;17.2306;;;24-Aug-2021
129199;HSBC Managed Solutions - Growth - Dividend;INF336L01HY1;INF336L01HZ8;25.5193;;;24-Aug-2021
129201;HSBC Managed Solutions - Growth - Dividend Direct;INF336L01IB7;INF336L01IC5;26.0786;;;24-Aug-2021
129065;HSBC Managed Solutions - Growth - Growth;INF336L01IA9;;25.5193;;;24-Aug-2021
129200;HSBC Managed Solutions - Growth - Growth Direct;INF336L01ID3;;26.0786;;;24-Aug-2021
129191;HSBC Managed Solutions - Moderate - Growth;INF336L01IG6;;23.4644;;;24-Aug-2021
129193;HSBC Managed Solutions - Moderate - Growth Direct;INF336L01IJ0;;24.0971;;;24-Aug-2021
129194;HSBC Managed Solutions India Moderate Fund Direct Plan IDCW;INF336L01IH4;INF336L01II2;15.1048;;;24-Aug-2021
129192;HSBC Managed Solutions India Moderate Fund IDCW;INF336L01IE1;INF336L01IF8;23.4644;;;24-Aug-2021

ICICI Prudential Mutual Fund
120679;ICICI Prudential Asset Allocator Fund (FOF) - Direct Plan - Growth;INF109K01X16;;79.8606;;;24-Aug-2021
120680;ICICI Prudential Asset Allocator Fund (FOF) - Direct Plan - IDCW;INF109K01W90;INF109K01X08;79.8220;;;24-Aug-2021
102137;ICICI Prudential Asset Allocator Fund (FOF) - Growth;INF109K01837;;75.4541;;;24-Aug-2021
102138;ICICI Prudential Asset Allocator Fund (FOF) - IDCW;INF109K01FJ9;INF109K01845;75.4541;;;24-Aug-2021
143904;ICICI Prudential BHARAT 22 FOF - Cumulative Option;INF109KC1FW3;;11.7340;;;24-Aug-2021
143903;ICICI Prudential BHARAT 22 FOF - Direct Plan Cumulative Option;INF109KC1FX1;;11.7339;;;24-Aug-2021
120703;ICICI Prudential Debt Management Fund (FOF) - Direct Plan -  IDCW;INF109K01X57;INF109K01X65;36.3734;;;24-Aug-2021
120702;ICICI Prudential Debt Management Fund (FOF) - Direct Plan - Growth;INF109K01X73;;36.2389;;;24-Aug-2021
102141;ICICI Prudential Debt Management Fund (FOF) - Growth;INF109K01878;;35.1443;;;24-Aug-2021
102143;ICICI Prudential Debt Management Fund (FOF ) - IDCW;INF109K01FS0;INF109K01886;35.1443;;;24-Aug-2021
147648;ICICI Prudential Global Advantage Fund (FOF) - Direct Plan - Growth Option;INF109KC1F34;;13.9520;;;24-Aug-2021
147645;ICICI Prudential Global Advantage Fund (FOF) - Direct Plan - IDCW;INF109KC1F42;;13.9520;;;24-Aug-2021
147647;ICICI Prudential Global Advantage Fund (FOF) - Growth Option;INF109KC1F00;;13.8038;;;24-Aug-2021
147646;ICICI Prudential Global Advantage Fund (FOF) - IDCW;INF109KC1F18;;13.8038;;;24-Aug-2021
120313;ICICI Prudential Income Optimizer Fund (FOF) - Direct Plan - Growth;INF109K01W82;;44.8890;;;24-Aug-2021
120314;ICICI Prudential Income Optimizer Fund (FOF) - Direct Plan - IDCW;INF109K01W66;INF109K01W74;44.5795;;;24-Aug-2021
102139;ICICI Prudential Income Optimizer Fund (FOF) - Growth;INF109K01811;;42.8883;;;24-Aug-2021
102140;ICICI Prudential Income Optimizer Fund (FOF) - IDCW;INF109K01EB9;INF109K01829;42.8883;;;24-Aug-2021
148035;ICICI Prudential India Equity FOF - Direct Plan - Growth;INF109KC1I49;;15.5085;;;24-Aug-2021
148036;ICICI Prudential India Equity FOF - Direct Plan - IDCW;INF109KC1I64;INF109KC1I56;15.5085;;;24-Aug-2021
148033;ICICI Prudential India Equity FOF - Growth;INF109KC1I15;;15.2962;;;24-Aug-2021
148034;ICICI Prudential India Equity FOF - IDCW;INF109KC1I31;INF109KC1I23;15.2962;;;24-Aug-2021
148822;ICICI Prudential Nifty 100 Low Volatility 30 ETF FOF - Direct Plan - Growth;INF109KC1P81;;11.4107;;;24-Aug-2021
148823;ICICI Prudential Nifty 100 Low Volatility 30 ETF FOF - Direct Plan - IDCW;INF109KC1Q07;INF109KC1P99;11.4107;;;24-Aug-2021
148821;ICICI Prudential Nifty 100 Low Volatility 30 ETF FOF - Growth;INF109KC1P57;;11.3893;;;24-Aug-2021
148824;ICICI Prudential Nifty 100 Low Volatility 30 ETF FOF - IDCW;INF109KC1P73;INF109KC1P65;11.3893;;;24-Aug-2021
102134;ICICI Prudential Passive Strategy Fund (FOF) - IDCW;INF109K01DW7;INF109K01803;93.7250;;;24-Aug-2021
120243;ICICI Prudential Passive Strategy Fund (FOF) - Direct Plan -  IDCW;INF109K01W33;INF109K01W41;97.0451;;;24-Aug-2021
120242;ICICI Prudential Passive Strategy Fund (FOF) - Direct Plan - Growth;INF109K01W58;;97.0481;;;24-Aug-2021
102133;ICICI Prudential Passive Strategy Fund (FOF) - Growth;INF109K01795;;93.7250;;;24-Aug-2021
120685;ICICI Prudential Regular Gold Savings Fund (FOF) - Direct Plan -  Growth;INF109K01U92;;15.9296;;;24-Aug-2021
120686;ICICI Prudential Regular Gold Savings Fund (FOF) - Direct Plan -  IDCW;INF109K01U76;INF109K01U84;15.9310;;;24-Aug-2021
115833;ICICI Prudential Regular Gold Savings Fund (FOF) - Growth;INF109K01TK8;;15.5510;;;24-Aug-2021
115834;ICICI Prudential Regular Gold Savings Fund (FOF) - IDCW;INF109K01TM4;INF109K01TL6;15.5510;;;24-Aug-2021
120700;ICICI Prudential Thematic Advantage Fund (FOF) - Direct Plan - Growth;INF109K01X40;;122.0305;;;24-Aug-2021
102135;ICICI Prudential Thematic Advantage Fund (FOF) - Growth;INF109K01852;;119.7483;;;24-Aug-2021
102136;ICICI Prudential Thematic Advantage Fund (FOF) - IDCW;INF109K01FR2;INF109K01860;119.7484;;;24-Aug-2021

IDBI Mutual Fund
117714;IDBI GOLD FUND;INF397L01992;;13.0059;;;24-Aug-2021
118343;IDBI GOLD FUND Direct;INF397L01BU4;;13.4908;;;24-Aug-2021

Invesco Mutual Fund
120530;Invesco India Gold ETF Fund of Fund - Direct Plan - IDCW (Payout / Reinvestment);INF205K01NH3;INF205K01NI1;14.5551;;;24-Aug-2021
120531;Invesco India Gold ETF Fund of Fund - Direct Plan- - Growth;INF205K01NJ9;;14.576;;;24-Aug-2021
116077;Invesco India Gold ETF Fund of Fund - Growth;INF205K01FA4;;14.2058;;;24-Aug-2021
116075;Invesco India Gold ETF Fund of Fund - IDCW (Payout / Reinvestment);INF205K01FB2;INF205K01FC0;14.2076;;;24-Aug-2021

Kotak Mahindra Mutual Fund
114758;Kotak Gold Fund Growth;INF174K01AT3;;19.4648;;;24-Aug-2021
119781;Kotak Gold Fund Growth - Direct;INF174K01MP6;;20.2263;;;24-Aug-2021
114757;Kotak Gold Fund Payout of Income Distribution cum capital withdrawal option;INF174K01AU1;INF174K01AV9;19.4647;;;24-Aug-2021
119780;Kotak Gold Fund Payout of Income Distribution cum capital withdrawal option- Direct;INF174K01MQ4;INF174K01MR2;20.2261;;;24-Aug-2021
119777;Kotak Multi Asset Allocator Fund of Fund - Dynamic - Direct Growth - Direct;INF174K01LN3;;134.119;;;24-Aug-2021
119776;Kotak Multi Asset Allocator Fund of Fund - Dynamic - Direct Payout of Income Distribution cum capital withdrawal option;INF174K01LO1;INF174K01LP8;131.705;;;24-Aug-2021
102574;Kotak Multi Asset Allocator Fund of Fund - Dynamic - Growth;INF174K01468;;128.361;;;24-Aug-2021
102573;Kotak Multi Asset Allocator Fund of Fund - Dynamic - Payout of Income Distribution cum capital withdrawal option;INF174K01484;INF174K01476;124.946;;;24-Aug-2021

Mirae Asset Mutual Fund
148501;Mirae Asset Equity Allocator Fund  of Fund Direct IDCW;INF769K01GD1;INF769K01GF6;14.979;;;24-Aug-2021
148503;Mirae Asset Equity Allocator Fund  of Fund Regular IDCW;INF769K01GA7;INF769K01GC3;14.960;;;24-Aug-2021
148500;Mirae Asset Equity Allocator Fund of Fund Direct Growth;INF769K01GE9;;14.977;;;24-Aug-2021
148502;Mirae Asset Equity allocator Fund Of Fund Regular Growth;INF769K01GB5;;14.958;;;24-Aug-2021
148575;Mirae Asset ESG Sector Leaders Fund  of Fund Direct IDCW;INF769K01GP5;INF769K01GR1;12.658;;;24-Aug-2021
148573;Mirae Asset ESG Sector Leaders Fund  of Fund Regular IDCW;INF769K01GM2;INF769K01GO8;12.617;;;24-Aug-2021
148574;Mirae Asset ESG Sector Leaders Fund of Fund Direct Growth;INF769K01GQ3;;12.661;;;24-Aug-2021
148576;Mirae Asset ESG Sector Leaders Fund of Fund Regular Growth;INF769K01GN0;;12.614;;;24-Aug-2021
148928;Mirae Asset NYSE FANG + ETF Fund of Fund Direct Growth;INF769K01HH0;;11.233;;;24-Aug-2021
148929;Mirae Asset NYSE FANG + ETF Fund of Fund Regular Growth;INF769K01HG2;;11.217;;;24-Aug-2021

Motilal Oswal Mutual Fund
148747;Motilal Oswal Asset Allocation FOF- A- Direct Growth;INF247L01AL2;;11.0206;;;24-Aug-2021
148748;Motilal Oswal Asset Allocation FOF- A- Regular Growth;INF247L01AM0;;10.9933;;;24-Aug-2021
148750;Motilal Oswal Asset Allocation FOF- C- Direct Growth;INF247L01AN8;;10.7425;;;24-Aug-2021
148749;Motilal Oswal Asset Allocation FOF- C- Regular Growth;INF247L01AO6;;10.7128;;;24-Aug-2021
145552;Motilal Oswal Nasdaq 100 Fund of Fund- Direct Plan Growth;INF247L01718;;24.0622;;;24-Aug-2021
145551;Motilal Oswal Nasdaq 100 Fund of Fund- Regular Plan Growth;INF247L01700;;23.8000;;;24-Aug-2021

Nippon India Mutual Fund
148666;Nippon India Asset Allocator FoF - Direct Plan - Growth Option;INF204KB16Y4;;11.7644;;;24-Aug-2021
148664;NIPPON INDIA ASSET ALLOCATOR FOF - DIRECT Plan - IDCW Option;INF204KB17Y2;INF204KB18Y0;11.7644;;;24-Aug-2021
148665;NIPPON INDIA ASSET ALLOCATOR FOF - IDCW Option;INF204KB14Y9;INF204KB15Y6;11.7001;;;24-Aug-2021
148663;Nippon India Asset Allocator FoF - Regular Plan - Growth Option;INF204KB13Y1;;11.7001;;;24-Aug-2021
118662;NIPPON INDIA GOLD SAVINGS FUND - Direct Plan - IDCW Option;INF204K01YD2;INF204K01YE0;19.9849;;;24-Aug-2021
118663;Nippon India Gold Savings Fund - Direct Plan Growth Plan - Growth Option;INF204K01YC4;;19.9849;;;24-Aug-2021
114617;NIPPON INDIA GOLD SAVINGS FUND - IDCW Option;INF204K01KO8;INF204K01KP5;19.2898;;;24-Aug-2021
114616;Nippon India Gold Savings Fund-Growth plan- Growth Option;INF204K01KN0;;19.2898;;;24-Aug-2021
146513;Nippon India Nifty Next 50 Junior BeES FoF - Direct Plan - Growth Plan - Growth Option;INF204KB1X25;;14.5601;;;24-Aug-2021
146515;NIPPON INDIA NIFTY NEXT 50 JUNIOR BEES FOF - DIRECT Plan - IDCW Option;INF204KB1X41;INF204KB1X33;14.5601;;;24-Aug-2021
146514;Nippon India Nifty Next 50 Junior BeES FoF - Growth Plan - Growth Option;INF204KB1W91;;14.4643;;;24-Aug-2021
146512;NIPPON INDIA NIFTY NEXT 50 JUNIOR BEES FOF - IDCW Option;INF204KB1X17;INF204KB1X09;14.4643;;;24-Aug-2021
148642;Nippon India Passive Flexicap FoF - Direct Plan - Growth Option;INF204KB16X6;;12.6779;;;24-Aug-2021
148644;NIPPON INDIA PASSIVE FLEXICAP FOF - DIRECT Plan - IDCW Option;INF204KB17X4;INF204KB18X2;12.6779;;;24-Aug-2021
148643;NIPPON INDIA PASSIVE FLEXICAP FOF - IDCW Option;INF204KB14X1;INF204KB15X8;12.6295;;;24-Aug-2021
148641;Nippon India Passive Flexicap FoF - Regular Plan - Growth Option;INF204KB13X3;;12.6295;;;24-Aug-2021

Quantum Mutual Fund
112039;Quantum Equity Fund of Funds - Direct Plan Growth Option;INF082J01093;;51.262;;;24-Aug-2021
112038;Quantum Equity Fund Of Funds - Direct Plan IDCW;INF082J01101;INF082J01119;51.262;;;24-Aug-2021
141063;Quantum Equity Fund of Funds - Regular Plan Growth Option;INF082J01275;;50.850;;;24-Aug-2021
141062;Quantum Equity Fund Of Funds - Regular Plan IDCW;INF082J01283;INF082J01291;50.850;;;24-Aug-2021
115132;Quantum Gold Savings Fund - Direct Plan Growth Option;INF082J01150;;19.0231;;;24-Aug-2021
141064;Quantum Gold Savings Fund - Regular Plan Growth Option;INF082J01358;;18.9266;;;24-Aug-2021
117608;Quantum Multi Asset Fund of Funds - Direct Plan Growth Option;INF082J01168;;23.1786;;;24-Aug-2021
141072;Quantum Multi Asset Fund of Funds - Regular Plan Growth Option;INF082J01341;;22.9711;;;24-Aug-2021

SBI Mutual Fund
119789;SBI Gold Fund - Direct Plan - Income Distribution cum Capital Withdrawal Option (IDCW);INF200K01RN3;INF200K01RO1;15.1118;;;24-Aug-2021
115677;SBI Gold Fund - Regular Plan - Income Distribution cum Capital Withdrawal Option (IDCW);INF200K01HB9;INF200K01HC7;14.6138;;;24-Aug-2021
115676;SBI GOLD FUND REGULAR PLAN - GROWTH;INF200K01HA1;;14.6100;;;24-Aug-2021
119788;SBI GOLD FUND- DIRECT PLAN - GROWTH;INF200K01RP8;;15.1334;;;24-Aug-2021

Open Ended Schemes ( Equity Scheme - Flexi Cap Fund )


Aditya Birla Sun Life Mutual Fund
120564;Aditya Birla Sun Life Flexi Cap Fund - Growth - Direct Plan;INF209K01XX1;;1184.93;;;24-Aug-2021
103166;Aditya Birla Sun Life Flexi Cap Fund - Growth - Regular Plan;INF209K01AJ8;;1095.02;;;24-Aug-2021
120565;Aditya Birla Sun Life Flexi Cap Fund -DIRECT - IDCW;INF209KA1LE0;INF209K01XY9;178.66;;;24-Aug-2021
103165;Aditya Birla Sun Life Flexi Cap Fund -Regular - IDCW;INF209K01AQ3;INF209K01DT1;130.65;;;24-Aug-2021

Axis Mutual Fund
141925;Axis Flexi Cap Fund - Direct Plan - Growth;INF846K01B28;;19.29;;;24-Aug-2021
141926;Axis Flexi Cap fund - Direct Plan - IDCW;INF846K01B02;INF846K01B10;15.89;;;24-Aug-2021
141927;Axis Flexi Cap Fund - Regular Plan - Growth;INF846K01B51;;18.23;;;24-Aug-2021
141928;Axis Flexi Cap Fund - Regular Plan - IDCW;INF846K01B36;INF846K01B44;15.05;;;24-Aug-2021

Bandhan Mutual Fund
108594;BANDHAN Flexi Cap Fund - Regular Plan - Growth;INF194K01391;;127.07;;;24-Aug-2021
108595;BANDHAN Flexi Cap Fund - Regular Plan - IDCW;INF194K01409;INF194K01417;39.00;;;24-Aug-2021
118424;BANDHAN Flexi Cap Fund-Direct Plan-Growth;INF194K01W62;;135.11;;;24-Aug-2021
118423;BANDHAN Flexi Cap Fund-Direct Plan-IDCW;INF194K01W70;INF194K01W88;41.34;;;24-Aug-2021

Bank of India Mutual Fund
148404;BANK OF INDIA Flexi Cap Fund Direct Plan -Growth;INF761K01FF5;;18.33;;;24-Aug-2021
148406;BANK OF INDIA Flexi Cap Fund Direct Plan -IDCW;INF761K01FE8;INF761K01FG3;15.67;;;24-Aug-2021
148405;BANK OF INDIA Flexi Cap Fund Regular Plan -Growth;INF761K01FI9;;17.95;;;24-Aug-2021
148407;BANK OF INDIA Flexi Cap Fund Regular Plan -IDCW;INF761K01FH1;INF761K01FJ7;16.31;;;24-Aug-2021

Canara Robeco Mutual Fund
118275;CANARA ROBECO FLEXICAP FUND - DIRECT PLAN - GROWTH OPTION;INF760K01EF0;;228.8200;;;24-Aug-2021
118276;CANARA ROBECO FLEXICAP FUND - DIRECT PLAN - IDCW (Payout/Reinvestment);INF760K01ED5;INF760K01EE3;69.6400;;;24-Aug-2021
101922;CANARA ROBECO FLEXICAP FUND - REGULAR PLAN - GROWTH OPTION;INF760K01019;;214.0400;;;24-Aug-2021
101923;CANARA ROBECO FLEXICAP FUND - REGULAR PLAN - IDCW (Payout/Reinvestment);INF760K01027;INF760K01035;48.1000;;;24-Aug-2021

DSP Mutual Fund
119076;DSP Flexi Cap Fund - Direct Plan - Growth;INF740K01PI2;;68.795;;;24-Aug-2021
119077;DSP Flexi Cap Fund - Direct Plan - IDCW;INF740K01PJ0;INF740K01PK8;78.763;;;24-Aug-2021
105875;DSP Flexi Cap Fund - Regular Plan - Growth;INF740K01037;;64.516;;;24-Aug-2021
100080;DSP Flexi Cap Fund - Regular Plan - IDCW;INF740K01011;INF740K01029;56.877;;;24-Aug-2021

Edelweiss Mutual Fund
140353;Edelweiss Flexi Cap Fund - Direct Plan - Growth Option;INF843K01KK1;;23.424;;;24-Aug-2021
140354;Edelweiss Flexi Cap Fund - Direct Plan - IDCW Option;INF843K01KL9;INF843K01KM7;19.931;;;24-Aug-2021
140356;Edelweiss Flexi Cap Fund - Regular - IDCW Option;INF843K01KO3;INF843K01KP0;18.418;;;24-Aug-2021
140355;Edelweiss Flexi Cap Fund - Regular Plan - Growth Option;INF843K01KN5;;21.574;;;24-Aug-2021

Franklin Templeton Mutual Fund
118535;Franklin India Flexi Cap Fund - Direct - Growth;INF090I01FK3;;947.5940;;;24-Aug-2021
118534;Franklin India Flexi Cap Fund - Direct - IDCW ;INF090I01FL1;INF090I01FM9;51.6976;;;24-Aug-2021
100520;Franklin India Flexi Cap Fund - Growth;INF090I01239;;876.7866;;;24-Aug-2021
100519;Franklin India Flexi Cap Fund - IDCW ;INF090I01213;INF090I01221;46.4340;;;24-Aug-2021

HDFC Mutual Fund
118955;HDFC Flexi Cap Fund - Growth Option - Direct Plan;INF179K01UT0;;954.934;;;24-Aug-2021
101762;HDFC Flexi Cap Fund - Growth Plan;INF179K01608;;896.159;;;24-Aug-2021
118954;HDFC Flexi Cap Fund - IDCW Option - Direct Plan;INF179K01VL5;INF179K01VM3;58.792;;;24-Aug-2021
101763;HDFC Flexi Cap Fund - IDCW Plan;INF179K01582;INF179K01590;52.867;;;24-Aug-2021

HSBC Mutual Fund
120046;HSBC Flexi Cap Fund - Direct Growth;INF336L01DH5;;132.8821;;;24-Aug-2021
120045;HSBC Flexi Cap Fund - Direct IDCW;INF336L01DF9;INF336L01DG7;32.4651;;;24-Aug-2021
102252;HSBC Flexi Cap Fund - Regular Growth;INF336L01AF5;;123.4487;;;24-Aug-2021
102251;HSBC Flexi Cap Fund - Regular IDCW;INF336L01AE8;INF336L01AD0;33.2398;;;24-Aug-2021

ICICI Prudential Mutual Fund
148990;ICICI Prudential Flexicap Fund - Direct Plan - Growth;INF109KC1R14;;10.23;;;24-Aug-2021
148991;ICICI Prudential Flexicap Fund - Direct Plan - IDCW;INF109KC1R22;INF109KC1R30;10.23;;;24-Aug-2021
148989;ICICI Prudential Flexicap Fund - Growth;INF109KC1Q80;;10.22;;;24-Aug-2021
148988;ICICI Prudential Flexicap Fund - IDCW;INF109KC1Q98;INF109KC1R06;10.22;;;24-Aug-2021

IDBI Mutual Fund
128236;IDBI FLEXI CAP FUND Growth Direct;INF397L01HF2;;35.13;;;24-Aug-2021
128235;IDBI FLEXI CAP FUND Growth Regular;INF397L01HJ4;;31.91;;;24-Aug-2021
128233;IDBI FLEXI CAP FUND IDCW - Direct Plan;INF397L01HC9;;22.17;;;24-Aug-2021
128234;IDBI FLEXI CAP FUND IDCW - Regular Plan;INF397L01HG0;;19.58;;;24-Aug-2021

JM Financial Mutual Fund
120492;JM Flexicap Fund (Direct) - Growth Option;INF192K01CC7;;52.2922;;;24-Aug-2021
120491;JM Flexicap Fund (Direct) - IDCW;INF192K01CA1;INF192K01CB9;47.5311;;;24-Aug-2021
109522;JM Flexicap Fund (Regular) - Growth option;INF192K01635;;48.0046;;;24-Aug-2021
109523;JM Flexicap Fund (Regular) - IDCW;INF192K01619;INF192K01627;36.9912;;;24-Aug-2021

Kotak Mahindra Mutual Fund
112090;Kotak Flexicap Fund - Growth;INF174K01336;;50.246;;;24-Aug-2021
120166;Kotak Flexicap Fund - Growth - Direct;INF174K01LS2;;54.666;;;24-Aug-2021
112089;Kotak Flexicap Fund - Payout of Income Distribution cum capital withdrawal option;INF174K01351;INF174K01344;30.341;;;24-Aug-2021
120165;Kotak Flexicap Fund - Payout of Income Distribution cum capital withdrawal option- Direct;INF174K01LQ6;INF174K01LR4;33.385;;;24-Aug-2021

LIC Mutual Fund
120264;LIC MF Flexi Cap Fund-Direct Plan-Growth;INF767K01EG3;;68.7675;;;24-Aug-2021
120263;LIC MF Flexi Cap Fund-Direct Plan-IDCW;INF767K01EF5;INF767K01EH1;24.9334;;;24-Aug-2021
100313;LIC MF Flexi Cap Fund-Regular Plan-Growth;INF767K01071;;64.6135;;;24-Aug-2021
100312;LIC MF Flexi Cap Fund-Regular Plan-IDCW;INF767K01063;INF767K01055;21.1466;;;24-Aug-2021

Motilal Oswal Mutual Fund
129047;Motilal Oswal Flexi Cap Fund Direct - IDCW Payout/Reinvestment;INF247L01528;INF247L01510;26.3440;;;24-Aug-2021
129046;Motilal Oswal Flexi cap Fund Direct Plan-Growth Option;INF247L01502;;37.4695;;;24-Aug-2021
129049;Motilal Oswal Flexi cap Fund Regular - IDCW Payout/Reinvestment;INF247L01494;INF247L01486;26.2795;;;24-Aug-2021
129048;Motilal Oswal Flexi Cap Fund Regular Plan-Growth Option;INF247L01478;;34.9604;;;24-Aug-2021

Navi Mutual Fund
143793;Navi Flexi Cap Fund - Direct Plan - Growth;INF959L01DT9;;15.8746;;;24-Aug-2021
143798;NAVI FLEXI CAP FUND - DIRECT PLAN ANNUAL IDCW PAYOUT;INF959L01EC3;INF959L01ED1;15.7692;;;24-Aug-2021
143797;NAVI FLEXI CAP FUND - DIRECT PLAN HALF YEARLY IDCW PAYOUT;INF959L01EA7;INF959L01EB5;15.7696;;;24-Aug-2021
143796;NAVI FLEXI CAP FUND - DIRECT PLAN MONTHLY IDCW PAYOUT;INF959L01DW3;INF959L01DX1;15.7671;;;24-Aug-2021
143792;NAVI FLEXI CAP FUND - DIRECT PLAN NORMAL IDCW PAYOUT;INF959L01DU7;INF959L01DV5;15.7665;;;24-Aug-2021
143791;NAVI FLEXI CAP FUND - DIRECT PLAN QUARTERLY IDCW PAYOUT;INF959L01DY9;INF959L01DZ6;15.7812;;;24-Aug-2021
143787;Navi Flexi Cap Fund - Regular Plan - Growth;INF959L01EE9;;14.8702;;;24-Aug-2021
143795;NAVI FLEXI CAP FUND - REGULAR PLAN ANNUAL IDCW PAYOUT;INF959L01EN0;INF959L01EO8;14.8719;;;24-Aug-2021
143794;NAVI FLEXI CAP FUND - REGULAR PLAN HALF YEARLY IDCW PAYOUT;INF959L01EL4;INF959L01EM2;14.8726;;;24-Aug-2021
143790;NAVI FLEXI CAP FUND - REGULAR PLAN MONTHLY IDCW PAYOUT;INF959L01EH2;INF959L01EI0;14.8696;;;24-Aug-2021
143789;NAVI FLEXI CAP FUND - REGULAR PLAN NORMAL IDCW PAYOUT;INF959L01EF6;INF959L01EG4;14.8727;;;24-Aug-2021
143788;NAVI FLEXI CAP FUND - REGULAR PLAN QUARTERLY IDCW PAYOUT;INF959L01EJ8;INF959L01EK6;14.8718;;;24-Aug-2021

Nippon India Mutual Fund
149094;Nippon India Flexi Cap Fund - Direct Plan - Growth Plan - Growth Option;INF204KC1121;;10.0481;;;24-Aug-2021
149095;Nippon India Flexi Cap Fund - Direct Plan - IDCW Option;INF204KC1139;INF204KC1147;10.0481;;;24-Aug-2021
149089;Nippon India Flexi Cap Fund - Regular Plan - Growth Plan - Growth Option;INF204KC1097;;10.0426;;;24-Aug-2021
149096;Nippon India Flexi Cap Fund - Regular Plan - IDCW Option;INF204KC1105;INF204KC1113;10.0426;;;24-Aug-2021

PGIM India Mutual Fund
133837;PGIM India Flexi Cap Fund - Direct Plan - Dividend Option;INF663L01FG9;INF663L01FH7;20.24;;;24-Aug-2021
133839;PGIM India Flexi Cap Fund - Direct Plan - Growth Option;INF663L01FF1;;27.8;;;24-Aug-2021
133838;PGIM India Flexi Cap Fund - Regular Plan - Dividend Option;INF663L01FK1;INF663L01FL9;18.99;;;24-Aug-2021
133836;PGIM India Flexi Cap Fund - Regular Plan - Growth Option;INF663L01FJ3;;25.21;;;24-Aug-2021

PPFAS Mutual Fund
122639;Parag Parikh Flexi Cap Fund - Direct Plan - Growth;INF879O01027;;48.8341;;;24-Aug-2021
122640;Parag Parikh Flexi Cap Fund - Regular Plan - Growth;INF879O01019;;46.2758;;;24-Aug-2021

quant Mutual Fund
109830;quant Flexi Cap Fund - Growth Option - Regular Plan;INF966L01457;;53.1155;;;24-Aug-2021
120843;quant Flexi Cap Fund - Growth Option-Direct Plan;INF966L01911;;56.5272;;;24-Aug-2021
120842;quant Flexi Cap Fund - IDCW Option - Direct Plan;INF966L01895;INF966L01903;38.4118;;;24-Aug-2021
109831;quant Flexi Cap Fund - IDCW Option - Regular Plan;INF966L01432;INF966L01440;38.0784;;;24-Aug-2021

SBI Mutual Fund
119718;SBI Flexicap Fund - DIRECT PLAN - Growth Option;INF200K01UG1;;77.6176;;;24-Aug-2021
119717;SBI Flexicap Fund - Direct Plan - Income Distribution cum Capital Withdrawal Option (IDCW);INF200K01UE6;INF200K01UF3;38.7955;;;24-Aug-2021
103216;SBI Flexicap Fund - Regular Plan - Income Distribution cum Capital Withdrawal Option (IDCW);INF200K01230;INF200K01248;32.1915;;;24-Aug-2021
103215;SBI Flexicap Fund - REGULAR PLAN -Growth Option;INF200K01222;;71.8916;;;24-Aug-2021

Shriram Mutual Fund
144905;Shriram Flexi Cap Fund - Direct Growth;INF680P01109;;14.5601;;;24-Aug-2021
144906;Shriram Flexi Cap Fund - Direct-IDCW;INF680P01117;INF680P01125;14.5018;;;24-Aug-2021
144902;Shriram Flexi Cap Fund - Regular Growth;INF680P01075;;13.8129;;;24-Aug-2021
144903;Shriram Flexi Cap Fund - Regular-IDCW;INF680P01083;INF680P01091;13.8089;;;24-Aug-2021

Tata Mutual Fund
144547;TATA Flexi Cap Fund - Direct Plan - Payout of Income Distribution cum capital withdrawal option ;INF277K017K6;;15.9316;;;24-Aug-2021
144548;Tata Flexi Cap Fund -Regular Plan-Growth;INF277K019K2;;15.1059;;;24-Aug-2021
144543;TATA Flexi Cap Fund Direct Plan - Reinvestment of Income Distribution cum capital withdrawal option;;INF277K016K8;15.9316;;;24-Aug-2021
144544;TATA Flexi Cap Fund Regular Plan - Payout of Income Distribution cum capital withdrawal option ;INF277K011L7;;15.1059;;;24-Aug-2021
144545;TATA Flexi Cap Fund Regular Plan - Reinvestment of Income Distribution cum capital withdrawal option ;;INF277K010L9;15.1059;;;24-Aug-2021
144546;Tata Flexi Cap Fund-Direct Plan-Growth;INF277K015K0;;15.9316;;;24-Aug-2021

Taurus Mutual Fund
118884;Taurus Flexi Cap Fund - Direct Plan -  Payout of Income Distribution cum Capital Withdrawal option;INF044D01BV7;INF044D01BW5;73.36;;;24-Aug-2021
118883;Taurus Flexi Cap Fund - Direct Plan - Growth;INF044D01BU9;;145.42;;;24-Aug-2021
100476;Taurus Flexi Cap Fund - Regular Plan - Growth ;INF044D01989;;140.05;;;24-Aug-2021
111640;Taurus Flexi Cap Fund - Regular Plan - Payout of Income Distribution cum Capital Withdrawal option;INF044D01955;INF044D01963;67.96;;;24-Aug-2021

Union Mutual Fund
119292;Union Flexi Cap Fund - Direct Plan - Growth Option;INF582M01633;;33.88;;;24-Aug-2021
119293;Union Flexi Cap Fund - Direct Plan - IDCW Option;INF582M01658;INF582M01641;29.60;;;24-Aug-2021
115270;Union Flexi Cap Fund - Growth Option;INF582M01104;;31.81;;;24-Aug-2021
115290;Union Flexi Cap Fund - IDCW Option;INF582M01120;INF582M01112;20.09;;;24-Aug-2021

UTI Mutual Fund
100669;UTI - Flexi Cap Fund-Growth Option;INF789F01513;;248.863;;;24-Aug-2021
120662;UTI - Flexi Cap Fund-Growth Option - Direct;INF789F01TC4;;259.1659;;;24-Aug-2021
120663;UTI Flexi Cap Fund - Direct Plan - IDCW;INF789F01TA8;INF789F01TB6;176.934;;;24-Aug-2021
100668;UTI Flexi Cap Fund - Regular Plan - IDCW;INF189A01053;INF789F01505;169.0354;;;24-Aug-2021

Close Ended Schemes ( Income )


Aditya Birla Sun Life Mutual Fund
146205;Aditya Birla Sun Life Dual Advantage Fund - Series 2 - Direct - IDCW;INF209KB1E27;;13.153;;;24-Aug-2021
146204;Aditya Birla Sun Life Dual Advantage Fund - Series 2 - Regular - IDCW;INF209KB1E01;;12.9074;;;24-Aug-2021
146203;Aditya Birla Sun Life Dual Advantage Fund - Series 2 - Regular Plan - Growth;INF209KB1D93;;12.9074;;;24-Aug-2021
146201;Aditya Birla Sun Life Dual Advantage Fund- Series 2 - Direct Plan - Growth;INF209KB1E19;;13.153;;;24-Aug-2021
143304;Aditya Birla Sun Life Fixed Term Plan - Series PU (1463 days) - Direct Plan-Growth;INF209KB1PF7;;13.341;;;24-Aug-2021
143300;Aditya Birla Sun Life Fixed Term Plan - Series PU (1463 days) - Regular Plan-Growth;INF209KB1PC4;;13.257;;;24-Aug-2021
143305;Aditya Birla Sun Life Fixed Term Plan - Series PU (1463 days) -Direct - Normal IDCW;INF209KB1PG5;;13.3405;;;24-Aug-2021
143301;Aditya Birla Sun Life Fixed Term Plan - Series PU (1463 days) -Direct - Quarterly IDCW;INF209KB1PH3;;11.2796;;;24-Aug-2021
143302;Aditya Birla Sun Life Fixed Term Plan - Series PU (1463 days) -Regular -Normal IDCW;INF209KB1PD2;;13.2569;;;24-Aug-2021
143303;Aditya Birla Sun Life Fixed Term Plan - Series PU (1463 days) -Regular -Quarterly IDCW;INF209KB1PE0;;11.253;;;24-Aug-2021
143318;Aditya Birla Sun Life Fixed Term Plan - Series PV (1462 days) - Direct Plan-Growth;INF209KB1PL5;;13.3512;;;24-Aug-2021
143316;Aditya Birla Sun Life Fixed Term Plan - Series PV (1462 days) - Regular Plan-Growth;INF209KB1PI1;;13.2688;;;24-Aug-2021
143319;Aditya Birla Sun Life Fixed Term Plan - Series PV (1462 days) -Direct - Normal IDCW;INF209KB1PM3;;13.3523;;;24-Aug-2021
143321;Aditya Birla Sun Life Fixed Term Plan - Series PV (1462 days) -Direct - Quarterly IDCW;INF209KB1PN1;;11.2591;;;24-Aug-2021
143320;Aditya Birla Sun Life Fixed Term Plan - Series PV (1462 days) -Regular -Normal IDCW;INF209KB1PJ9;;13.2687;;;24-Aug-2021
143317;Aditya Birla Sun Life Fixed Term Plan - Series PV (1462 days) -Regular -Quarterly IDCW;INF209KB1PK7;;11.2281;;;24-Aug-2021
143547;Aditya Birla Sun Life Fixed Term Plan - Series PY (1409 days) - Direct Plan-Growth;INF209KB1QD0;;13.2138;;;24-Aug-2021
143542;Aditya Birla Sun Life Fixed Term Plan - Series PY (1409 days) - Regular Plan-Growth;INF209KB1QA6;;13.1255;;;24-Aug-2021
143545;Aditya Birla Sun Life Fixed Term Plan - Series PY (1409 days) -Direct - Normal IDCW;INF209KB1QE8;;13.2476;;;24-Aug-2021
143546;Aditya Birla Sun Life Fixed Term Plan - Series PY (1409 days) -Direct - Quarterly IDCW;INF209KB1QF5;;11.1491;;;24-Aug-2021
143928;Aditya Birla Sun Life Fixed Term Plan - Series QF (1385 days) - Direct Plan-Growth;INF209KB1RP2;;13.214;;;24-Aug-2021
143925;Aditya Birla Sun Life Fixed Term Plan - Series QF (1385 days) - Regular Plan-Growth;INF209KB1RM9;;13.1193;;;24-Aug-2021
143927;Aditya Birla Sun Life Fixed Term Plan - Series QF (1385 days) -\Regular -Quarterly IDCW;INF209KB1RO5;;11.2097;;;24-Aug-2021
143930;Aditya Birla Sun Life Fixed Term Plan - Series QF (1385 days) -Direct - Quarterly IDCW;INF209KB1RR8;;11.2351;;;24-Aug-2021
143926;Aditya Birla Sun Life Fixed Term Plan - Series QF (1385 days) -Regular -Normal IDCW;INF209KB1RN7;;13.1186;;;24-Aug-2021
144686;Aditya Birla Sun Life Fixed Term Plan - Series QQ (1100 days) - Direct Plan-Growth;INF209KB1VH1;;11.6465;;;24-Aug-2021
144682;Aditya Birla Sun Life Fixed Term Plan - Series QQ (1100 days) - Regular Plan-Growth;INF209KB1VE8;;11.5341;;;24-Aug-2021
144687;Aditya Birla Sun Life Fixed Term Plan - Series QQ (1100 days) -Direct - Normal IDCW;INF209KB1VI9;;11.6464;;;24-Aug-2021
144685;Aditya Birla Sun Life Fixed Term Plan - Series QQ (1100 days) -Direct - Quarterly IDCW;INF209KB1VJ7;;10.7488;;;24-Aug-2021
144683;Aditya Birla Sun Life Fixed Term Plan - Series QQ (1100 days) -Regular -Normal IDCW;INF209KB1VF5;;11.5343;;;24-Aug-2021
144684;Aditya Birla Sun Life Fixed Term Plan - Series QQ (1100 days) -Regular -Quarterly IDCW;INF209KB1VG3;;10.7136;;;24-Aug-2021
145100;Aditya Birla Sun Life Fixed Term Plan - Series QR (1126 days) - Direct Plan-Growth;INF209KB1XJ3;;12.5245;;;24-Aug-2021
145098;Aditya Birla Sun Life Fixed Term Plan - Series QR (1126 days) - Regular Plan-Growth;INF209KB1XG9;;12.4148;;;24-Aug-2021
145102;Aditya Birla Sun Life Fixed Term Plan - Series QR (1126 days) -Direct - Normal IDCW;INF209KB1XK1;;12.5243;;;24-Aug-2021
145101;Aditya Birla Sun Life Fixed Term Plan - Series QR (1126 days) -Direct - Quarterly IDCW;INF209KB1XL9;;10.9791;;;24-Aug-2021
145097;Aditya Birla Sun Life Fixed Term Plan - Series QR (1126 days) -Regular -Normal IDCW;INF209KB1XH7;;12.4148;;;24-Aug-2021
145099;Aditya Birla Sun Life Fixed Term Plan - Series QR (1126 days) -Regular -Quarterly IDCW;INF209KB1XI5;;10.9456;;;24-Aug-2021
144706;Aditya Birla Sun Life Fixed Term Plan - Series QX (1103 days) - Direct - Normal IDCW;INF209KB1VO7;;12.4217;;;24-Aug-2021
144704;Aditya Birla Sun Life Fixed Term Plan - Series QX (1103 days) - Direct - Quarterly IDCW;INF209KB1VP4;;10.7655;;;24-Aug-2021
144707;Aditya Birla Sun Life Fixed Term Plan - Series QX (1103 days) - Direct Plan-Growth;INF209KB1VN9;;12.4194;;;24-Aug-2021
144703;Aditya Birla Sun Life Fixed Term Plan - Series QX (1103 days) - Regular -Normal IDCW;INF209KB1VL3;;12.3295;;;24-Aug-2021
144705;Aditya Birla Sun Life Fixed Term Plan - Series QX (1103 days) - Regular -Quarterly IDCW;INF209KB1VM1;;10.7355;;;24-Aug-2021
144702;Aditya Birla Sun Life Fixed Term Plan - Series QX (1103 days) - Regular Plan-Growth;INF209KB1VK5;;12.3292;;;24-Aug-2021
144751;Aditya Birla Sun Life Fixed Term Plan - Series QY (1100 days) - Direct Plan-Growth;INF209KB1VT6;;12.3686;;;24-Aug-2021
144747;Aditya Birla Sun Life Fixed Term Plan - Series QY (1100 days) - Regular Plan-Growth;INF209KB1VR0;;12.2791;;;24-Aug-2021
144749;Aditya Birla Sun Life Fixed Term Plan - Series QY (1100 days) -Direct - Normal IDCW;INF209KB1VU4;;12.3674;;;24-Aug-2021
144750;Aditya Birla Sun Life Fixed Term Plan - Series QY (1100 days) -Direct - Quarterly IDCW;INF209KB1VV2;;10.7406;;;24-Aug-2021
144752;Aditya Birla Sun Life Fixed Term Plan - Series QY (1100 days) -Regular -Normal IDCW;INF209KB1VQ2;;12.2788;;;24-Aug-2021
144748;Aditya Birla Sun Life Fixed Term Plan - Series QY (1100 days) -Regular -Quarterly IDCW;INF209KB1VS8;;10.7065;;;24-Aug-2021
144895;Aditya Birla Sun Life Fixed Term Plan - Series RA (1100 days) - Direct - Normal IDCW;INF209KB1WG1;;12.4217;;;24-Aug-2021
144897;Aditya Birla Sun Life Fixed Term Plan - Series RA (1100 days) - Direct - Quarterly IDCW;INF209KB1WH9;;10.7779;;;24-Aug-2021
144894;Aditya Birla Sun Life Fixed Term Plan - Series RA (1100 days) - Direct Plan-Growth;INF209KB1WF3;;12.4218;;;24-Aug-2021
144893;Aditya Birla Sun Life Fixed Term Plan - Series RA (1100 days) - Regular -Normal IDCW;INF209KB1WD8;;12.3027;;;24-Aug-2021
144896;Aditya Birla Sun Life Fixed Term Plan - Series RA (1100 days) - Regular -Quarterly IDCW;INF209KB1WE6;;10.7407;;;24-Aug-2021
144892;Aditya Birla Sun Life Fixed Term Plan - Series RA (1100 days) - Regular Plan-Growth;INF209KB1WC0;;12.3028;;;24-Aug-2021
145068;Aditya Birla Sun Life Fixed Term Plan - Series RC (1295 days) - Direct - Normal IDCW;INF209KB1WS6;;12.7867;;;24-Aug-2021
145063;Aditya Birla Sun Life Fixed Term Plan - Series RC (1295 days) - Direct - Quarterly IDCW;INF209KB1WT4;;11.0579;;;24-Aug-2021
145066;Aditya Birla Sun Life Fixed Term Plan - Series RC (1295 days) - Direct Plan - Growth;INF209KB1WR8;;12.7865;;;24-Aug-2021
145064;Aditya Birla Sun Life Fixed Term Plan - Series RC (1295 days) - Regular -Normal IDCW;INF209KB1WP2;;12.6938;;;24-Aug-2021
145067;Aditya Birla Sun Life Fixed Term Plan - Series RC (1295 days) - Regular -Quarterly IDCW;INF209KB1WQ0;;11.0196;;;24-Aug-2021
145058;Aditya Birla Sun Life Fixed Term Plan - Series RC (1295 days) - Regular Plan-Growth;INF209KB1WO5;;12.6937;;;24-Aug-2021
145069;Aditya Birla Sun Life Fixed Term Plan- Series RD (1293 days)-Direct Plan-Growth;INF209KB1WX6;;12.7796;;;24-Aug-2021
145071;Aditya Birla Sun Life Fixed Term Plan-Series RD (1293 days)-Direct - Normal IDCW;INF209KB1WY4;;12.7796;;;24-Aug-2021
145072;Aditya Birla Sun Life Fixed Term Plan-Series RD (1293 days)-Regular -Normal IDCW;INF209KB1WV0;;12.6878;;;24-Aug-2021
145073;Aditya Birla Sun Life Fixed Term Plan-Series RD (1293 days)-Regular -Quarterly IDCW;INF209KB1WW8;;11.0769;;;24-Aug-2021
145074;Aditya Birla Sun Life Fixed Term Plan-Series RD (1293 days)-Regular Plan-Growth;INF209KB1WU2;;12.6874;;;24-Aug-2021
145091;Aditya Birla Sun Life Fixed Term Plan - Series RE (1100 days) - Direct - Normal IDCW;INF209KB1XE4;;12.4203;;;24-Aug-2021
145090;Aditya Birla Sun Life Fixed Term Plan - Series RE (1100 days) - Direct - Quarterly IDCW;INF209KB1XF1;;10.8893;;;24-Aug-2021
145089;Aditya Birla Sun Life Fixed Term Plan - Series RE (1100 days) - Direct Plan-Growth;INF209KB1XD6;;12.4038;;;24-Aug-2021
145092;Aditya Birla Sun Life Fixed Term Plan - Series RE (1100 days) - Regular -Normal IDCW;INF209KB1XB0;;12.2964;;;24-Aug-2021
145088;Aditya Birla Sun Life Fixed Term Plan - Series RE (1100 days) - Regular -Quarterly IDCW;INF209KB1XC8;;10.8528;;;24-Aug-2021
145087;Aditya Birla Sun Life Fixed Term Plan - Series RE (1100 days) - Regular Plan-Growth;INF209KB1XA2;;12.297;;;24-Aug-2021
145237;Aditya Birla Sun Life Fixed Term Plan - Series RH (1281 days) - Direct - Normal IDCW;INF209KB1YC6;;12.7144;;;24-Aug-2021
145238;Aditya Birla Sun Life Fixed Term Plan - Series RH (1281 days) - Direct - Quarterly IDCW;INF209KB1YD4;;11.0736;;;24-Aug-2021
145236;Aditya Birla Sun Life Fixed Term Plan - Series RH (1281 days) - Direct Plan - Growth;INF209KB1YB8;;12.7047;;;24-Aug-2021
145234;Aditya Birla Sun Life Fixed Term Plan - Series RH (1281 days) - Regular -Normal IDCW;INF209KB1XZ9;;12.6175;;;24-Aug-2021
145235;Aditya Birla Sun Life Fixed Term Plan - Series RH (1281 days) - Regular -Quarterly IDCW;INF209KB1YA0;;11.0343;;;24-Aug-2021
145233;Aditya Birla Sun Life Fixed Term Plan - Series RH (1281 days) - Regular Plan-Growth;INF209KB1XY2;;12.6175;;;24-Aug-2021
145354;Aditya Birla Sun Life Fixed Term Plan - Series RI (1100 days) - Direct - Payout of IDCW;INF209KB1YL7;;12.3648;;;24-Aug-2021
145353;Aditya Birla Sun Life Fixed Term Plan - Series RI (1100 days) - Direct Plan-Growth;INF209KB1YK9;;12.3646;;;24-Aug-2021
145352;Aditya Birla Sun Life Fixed Term Plan - Series RI (1100 days) - Regular - Payout of IDCW;INF209KB1YJ1;;12.2641;;;24-Aug-2021
145351;Aditya Birla Sun Life Fixed Term Plan - Series RI (1100 days) - Regular Plan-Growth;INF209KB1YI3;;12.2641;;;24-Aug-2021
145412;Aditya Birla Sun Life Fixed Term Plan - Series RL (1254 days) - Direct Plan-Growth;INF209KB1YS2;;12.6717;;;24-Aug-2021
145409;Aditya Birla Sun Life Fixed Term Plan - Series RL (1254 days) - Regular Plan-Growth;INF209KB1YQ6;;12.5819;;;24-Aug-2021
145410;Aditya Birla Sun Life Fixed Term Plan - Series RL (1254 days) -Regular - Payout of IDCW;INF209KB1YR4;;12.582;;;24-Aug-2021
145470;Aditya Birla Sun Life Fixed Term Plan - Series RN (1240 days) - Direct - Payout of IDCW;INF209KB1ZB5;;12.6718;;;24-Aug-2021
145469;Aditya Birla Sun Life Fixed Term Plan - Series RN (1240 days) - Direct Plan-Growth;INF209KB1ZA7;;12.6718;;;24-Aug-2021
145468;Aditya Birla Sun Life Fixed Term Plan - Series RN (1240 days) - Regular - Payout of IDCW;INF209KB1YZ7;;12.5846;;;24-Aug-2021
145467;Aditya Birla Sun Life Fixed Term Plan - Series RN (1240 days) - Regular Plan-Growth;INF209KB1YY0;;12.5846;;;24-Aug-2021
145576;Aditya Birla Sun Life Fixed Term Plan - Series RO (1241 days) - Direct Plan-Growth;INF209KB1ZW1;;12.6762;;;24-Aug-2021
145574;Aditya Birla Sun Life Fixed Term Plan - Series RO (1241 days) - Regular - Payout of IDCW;INF209KB1ZV3;;12.595;;;24-Aug-2021
145573;Aditya Birla Sun Life Fixed Term Plan - Series RO (1241 days) - Regular Plan-Growth;INF209KB1ZU5;;12.595;;;24-Aug-2021
145580;Aditya Birla Sun Life Fixed Term Plan - Series RP (1239 days) - Direct - Payout of IDCW;INF209KB1ZT7;;12.7983;;;24-Aug-2021
145579;Aditya Birla Sun Life Fixed Term Plan - Series RP (1239 days) - Direct Plan-Growth;INF209KB1ZS9;;12.7965;;;24-Aug-2021
145578;Aditya Birla Sun Life Fixed Term Plan - Series RP (1239 days) - Regular - Payout of IDCW;INF209KB1ZR1;;12.7606;;;24-Aug-2021
145577;Aditya Birla Sun Life Fixed Term Plan - Series RP (1239 days) - Regular Plan-Growth;INF209KB1ZQ3;;12.7615;;;24-Aug-2021
145571;Aditya Birla Sun Life Fixed Term Plan - Series RQ (1103 days) - Direct Plan-Growth;INF209KB1ZO8;;12.1609;;;24-Aug-2021
145569;Aditya Birla Sun Life Fixed Term Plan - Series RQ (1103 days) - Regular Plan-Growth;INF209KB1ZM2;;12.0788;;;24-Aug-2021
145572;Aditya Birla Sun Life Fixed Term Plan - Series RQ (1103 days) Direct - Payout of IDCW;INF209KB1ZP5;;12.1611;;;24-Aug-2021
145570;Aditya Birla Sun Life Fixed Term Plan - Series RQ (1103 days) Regular - Payout of IDCW;INF209KB1ZN0;;12.0782;;;24-Aug-2021
145686;Aditya Birla Sun Life Fixed Term Plan - Series RR (1240 days) -  Direct - Payout of IDCW;INF209KB1A13;;12.6777;;;24-Aug-2021
145687;Aditya Birla Sun Life Fixed Term Plan - Series RR (1240 days) -  Regular - Payout of IDCW;INF209KB1ZZ4;;12.5933;;;24-Aug-2021
145688;Aditya Birla Sun Life Fixed Term Plan - Series RR (1240 days) - Direct Plan-Growth;INF209KB1A05;;12.677;;;24-Aug-2021
145685;Aditya Birla Sun Life Fixed Term Plan - Series RR (1240 days) - Regular Plan-Growth;INF209KB1ZY7;;12.5933;;;24-Aug-2021
145774;Aditya Birla Sun Life Fixed Term Plan - Series RU (1225 days) - Direct Plan-Growth;INF209KB1B20;;12.6333;;;24-Aug-2021
145773;Aditya Birla Sun Life Fixed Term Plan - Series RU (1225 days) - Regular Plan-Growth;INF209KB1B04;;12.5499;;;24-Aug-2021
145775;Aditya Birla Sun Life Fixed Term Plan - Series RU (1225 days) -Direct - Payout of IDCW;INF209KB1B38;;12.6105;;;24-Aug-2021
145776;Aditya Birla Sun Life Fixed Term Plan - Series RU (1225 days) -Regular - Payout of IDCW;INF209KB1B12;;12.5499;;;24-Aug-2021
145807;Aditya Birla Sun Life Fixed Term Plan - Series RV (1224 days) - Direct Plan-Growth;INF209KB1B61;;12.6156;;;24-Aug-2021
145806;Aditya Birla Sun Life Fixed Term Plan - Series RV (1224 days) - Regular Plan-Growth;INF209KB1B46;;12.5354;;;24-Aug-2021
145808;Aditya Birla Sun Life Fixed Term Plan - Series RV (1224 days) -Direct - Payout of IDCW;INF209KB1B79;;12.6156;;;24-Aug-2021
145809;Aditya Birla Sun Life Fixed Term Plan - Series RV (1224 days) -Regular - Payout of IDCW;INF209KB1B53;;12.5347;;;24-Aug-2021
145920;Aditya Birla Sun Life Fixed Term Plan - Series RW (1202 days) - Direct - Payout of IDCW;INF209KB1C29;;12.6043;;;24-Aug-2021
145919;Aditya Birla Sun Life Fixed Term Plan - Series RW (1202 days) - Direct Plan-Growth;INF209KB1C11;;12.6043;;;24-Aug-2021
145918;Aditya Birla Sun Life Fixed Term Plan - Series RW (1202 days) - Regular Plan-Growth;INF209KB1B95;;12.5364;;;24-Aug-2021
145924;Aditya Birla Sun Life Fixed Term Plan - Series RX (1200 days) - Direct - IDCW;INF209KB1C60;;12.3783;;;24-Aug-2021
145925;Aditya Birla Sun Life Fixed Term Plan - Series RX (1200 days) - Direct Plan-Growth;INF209KB1C52;;12.3601;;;24-Aug-2021
145923;Aditya Birla Sun Life Fixed Term Plan - Series RX (1200 days) - Regular - Payout of IDCW;INF209KB1C45;;12.2644;;;24-Aug-2021
145922;Aditya Birla Sun Life Fixed Term Plan - Series RX (1200 days) - Regular Plan-Growth;INF209KB1C37;;12.2644;;;24-Aug-2021
145944;Aditya Birla Sun Life Fixed Term Plan - Series RY (1199 days) - Direct Plan-Growth;INF209KB1C94;;12.572;;;24-Aug-2021
145942;Aditya Birla Sun Life Fixed Term Plan - Series RY (1199 days) - Regular Plan-Growth;INF209KB1C78;;12.5049;;;24-Aug-2021
145945;Aditya Birla Sun Life Fixed Term Plan - Series RY (1199 days) -Direct - Payout of IDCW;INF209KB1D02;;12.603;;;24-Aug-2021
145943;Aditya Birla Sun Life Fixed Term Plan - Series RY (1199 days) -Regular - Payout of IDCW;INF209KB1C86;;12.5049;;;24-Aug-2021
146133;Aditya Birla Sun Life Fixed Term Plan - Series SA (1180 days) -  Regular - Payout of IDCW;INF209KB1D69;;12.3661;;;24-Aug-2021
146135;Aditya Birla Sun Life Fixed Term Plan - Series SA (1180 days) - Direct - Payout of IDCW;INF209KB1D85;;12.4292;;;24-Aug-2021
146134;Aditya Birla Sun Life Fixed Term Plan - Series SA (1180 days) - Direct Plan-Growth;INF209KB1D77;;12.43;;;24-Aug-2021
146136;Aditya Birla Sun Life Fixed Term Plan - Series SA (1180 days) - Regular Plan-Growth;INF209KB1D51;;12.3659;;;24-Aug-2021
146396;Aditya Birla Sun Life Fixed Term Plan - Series SF (1161 days) - Direct Plan-Growth;INF209KB1G90;;12.3943;;;24-Aug-2021
146393;Aditya Birla Sun Life Fixed Term Plan - Series SF (1161 days) - Regular Plan-Growth;INF209KB1G74;;12.3392;;;24-Aug-2021
146395;Aditya Birla Sun Life Fixed Term Plan - Series SF (1161 days) -Direct - Payout of IDCW;INF209KB1H08;;12.3994;;;24-Aug-2021
146394;Aditya Birla Sun Life Fixed Term Plan - Series SF (1161 days) -Regular - Payout of IDCW;INF209KB1G82;;12.338;;;24-Aug-2021
146492;Aditya Birla Sun Life Fixed Term Plan - Series SG (1155 days) - Direct - Payout of IDCW;INF209KB1H81;;12.3889;;;24-Aug-2021
146491;Aditya Birla Sun Life Fixed Term Plan - Series SG (1155 days) - Direct Plan - Growth;INF209KB1H73;;12.389;;;24-Aug-2021
146490;Aditya Birla Sun Life Fixed Term Plan - Series SG (1155 days) - Regular - Payout of IDCW;INF209KB1H65;;12.3311;;;24-Aug-2021
146489;Aditya Birla Sun Life Fixed Term Plan - Series SG (1155 days) - Regular Plan - Growth;INF209KB1H57;;12.3311;;;24-Aug-2021
146626;Aditya Birla Sun Life Fixed Term Plan - Series SI (1141 days) - Direct Plan- Growth;INF209KB1K94;;12.3492;;;24-Aug-2021
146623;Aditya Birla Sun Life Fixed Term Plan - Series SI (1141 days) - Regular Plan-Growth;INF209KB1K78;;12.2957;;;24-Aug-2021
146625;Aditya Birla Sun Life Fixed Term Plan - Series SI (1141 days) -Direct - Payout of IDCW;INF209KB1L02;;12.3536;;;24-Aug-2021
146624;Aditya Birla Sun Life Fixed Term Plan - Series SI (1141 days) -Regular - Payout of IDCW;INF209KB1K86;;12.2957;;;24-Aug-2021
146640;Aditya Birla Sun Life Fixed Term Plan - Series SJ (1135 days) - Direct Plan-Growth;INF209KB1L36;;12.3;;;24-Aug-2021
146637;Aditya Birla Sun Life Fixed Term Plan - Series SJ (1135 days) - Regular Plan-Growth;INF209KB1L10;;12.2701;;;24-Aug-2021
146638;Aditya Birla Sun Life Fixed Term Plan - Series SJ (1135 days) -Direct - Payout of IDCW;INF209KB1L44;;12.308;;;24-Aug-2021
146639;Aditya Birla Sun Life Fixed Term Plan - Series SJ (1135 days) -Regular - Payout of IDCW;INF209KB1L28;;12.2701;;;24-Aug-2021
146780;Aditya Birla Sun Life Fixed Term Plan - Series SK (1128 days) - Direct Plan-Growth;INF209KB1L77;;12.1994;;;24-Aug-2021
146779;Aditya Birla Sun Life Fixed Term Plan - Series SK (1128 days) - Regular Plan-Growth;INF209KB1L51;;12.1692;;;24-Aug-2021
146781;Aditya Birla Sun Life Fixed Term Plan - Series SK (1128 days) -Direct - Payout of IDCW;INF209KB1L85;;12.2079;;;24-Aug-2021
146782;Aditya Birla Sun Life Fixed Term Plan - Series SK (1128 days) -Regular - Payout of IDCW;INF209KB1L69;;12.1692;;;24-Aug-2021
146909;Aditya Birla Sun Life Fixed Term Plan - Series SL (1120 days) - Direct Plan-Growth;INF209KB1M19;;12.1997;;;24-Aug-2021
146907;Aditya Birla Sun Life Fixed Term Plan - Series SL (1120 days) - Regular Plan-Growth;INF209KB1L93;;12.1714;;;24-Aug-2021
146910;Aditya Birla Sun Life Fixed Term Plan - Series SL (1120 dys) - Direct - Payout of IDCW;INF209KB1M27;;12.1998;;;24-Aug-2021
146908;Aditya Birla Sun Life Fixed Term Plan - Series SL (1120 dys) - Regular - Payout of IDCW;INF209KB1M01;;12.1714;;;24-Aug-2021
147208;Aditya Birla Sun Life Fixed Term Plan - Series SN (1099 days)  -Regular - Payout of IDCW;INF209KB1M84;;12.1388;;;24-Aug-2021
147210;Aditya Birla Sun Life Fixed Term Plan - Series SN (1099 days) - Direct Plan-Growth;INF209KB1M92;;12.1952;;;24-Aug-2021
147207;Aditya Birla Sun Life Fixed Term Plan - Series SN (1099 days) - Regular Plan-Growth;INF209KB1M76;;12.1388;;;24-Aug-2021
147209;Aditya Birla Sun Life Fixed Term Plan - Series SN (1099 days) -Direct - Payout of IDCW;INF209KB1N00;;12.1963;;;24-Aug-2021
147253;Aditya Birla Sun Life Fixed Term Plan - Series SO (1099 days) - Direct Plan-Growth;INF209KB1N34;;11.9448;;;24-Aug-2021
147251;Aditya Birla Sun Life Fixed Term Plan - Series SO (1099 days) - Regular Plan-Growth;INF209KB1N18;;11.8913;;;24-Aug-2021
147252;Aditya Birla Sun Life Fixed Term Plan - Series SO (1099 days) -Direct - Payout of IDCW;INF209KB1N42;;11.9454;;;24-Aug-2021
147254;Aditya Birla Sun Life Fixed Term Plan - Series SO (1099 days) -Regular - Payout of IDCW;INF209KB1N26;;11.891;;;24-Aug-2021
149017;Aditya Birla Sun Life Fixed Term Plan - Series TI (1837 days) - Direct Plan - Growth Option;INF209KB12A2;;10.1232;;;24-Aug-2021
149018;Aditya Birla Sun Life Fixed Term Plan - Series TI (1837 days) - Direct Plan - Payout of IDCW option;INF209KB13A0;;10.1232;;;24-Aug-2021
149015;Aditya Birla Sun Life Fixed Term Plan - Series TI (1837 days) - Regular Plan - Growth Option;INF209KB10A6;;10.1216;;;24-Aug-2021
149016;Aditya Birla Sun Life Fixed Term Plan - Series TI (1837 days) - Regular Plan - Payout of IDCW option;INF209KB11A4;;10.1216;;;24-Aug-2021
149062;Aditya Birla Sun Life Fixed Term Plan - Series TJ (1838 days) - Direct Plan - Growth Option;INF209KB16A3;;10.102;;;24-Aug-2021
149063;Aditya Birla Sun Life Fixed Term Plan - Series TJ (1838 days) - Direct Plan - Payout of IDCW Option;INF209KB17A1;;10.1019;;;24-Aug-2021
149064;Aditya Birla Sun Life Fixed Term Plan - Series TJ (1838 days) - Regular Plan - Growth Option;INF209KB14A8;;10.1008;;;24-Aug-2021
149065;Aditya Birla Sun Life Fixed Term Plan - Series TJ (1838 days) - Regular Plan - Payout of IDCW Option;INF209KB15A5;;10.1008;;;24-Aug-2021
106412;Aditya Birla Sun Life Interval Income Fund - Quarterly Series 1 - Growth - Regular Plan;INF209K01HN5;;26.7459;;;24-Aug-2021
106413;Aditya Birla Sun Life Interval Income Fund - Quarterly Series 1 - institutional - IDCW;INF209K01HR6;INF209K01HS4;10.0683;;;24-Aug-2021
106411;Aditya Birla Sun Life Interval Income Fund - Quarterly Series 1 - Regular - IDCW;INF209K01HO3;INF209K01HP0;10.0684;;;24-Aug-2021
119535;Aditya Birla Sun Life Interval Income Fund - Quarterly Series I - Growth - Direct Plan;INF209K01YQ3;;26.8081;;;24-Aug-2021

Axis Mutual Fund
146157;Axis Fixed Term Plan - Series 100 (1172 Days) - Direct Plan - Growth Option;INF846K01L00;;12.4812;;;24-Aug-2021
146160;Axis Fixed Term Plan - Series 100 (1172 Days) - Regular Plan - Growth Option;INF846K01L42;;12.4006;;;24-Aug-2021
146163;Axis Fixed Term Plan Series 100 (1172 Days) - Regular Plan - Quarterly IDCW;INF846K01L75;;12.4006;;;24-Aug-2021
146162;Axis Fixed Term Plan Series 100 (1172 Days) - Regular Plan - Regular IDCW;INF846K01L59;;12.4012;;;24-Aug-2021
146320;Axis Fixed Term Plan - Series 101 (1154 Days) - Direct Plan - Growth Option;INF846K01L83;;12.4143;;;24-Aug-2021
146322;Axis Fixed Term Plan - Series 101 (1154 Days) - Regular Plan - Growth Option;INF846K01M25;;12.3361;;;24-Aug-2021
146318;Axis Fixed Term Plan Series 101 (1154 Days) - Regular Plan - Half Yearly IDCW;INF846K01M41;;12.3365;;;24-Aug-2021
146319;Axis Fixed Term Plan Series 101 (1154 Days) - Regular Plan - Quarterly IDCW;INF846K01M58;;12.3360;;;24-Aug-2021
146323;Axis Fixed Term Plan Series 101 (1154 Days) - Regular Plan - Regular IDCW;INF846K01M33;;12.3364;;;24-Aug-2021
146566;Axis Fixed Term Plan - Series 102 (1133 Days) - Direct Plan - Growth Option;INF846K01M66;;12.3373;;;24-Aug-2021
146563;Axis Fixed Term Plan - Series 102 (1133 Days) - Regular Plan - Growth Option;INF846K01M90;;12.2613;;;24-Aug-2021
146560;Axis Fixed Term Plan Series 102 (1133 Days) - Direct Plan - Quarterly IDCW;INF846K01N24;;12.3378;;;24-Aug-2021
146561;Axis Fixed Term Plan Series 102 (1133 Days) - Regular Plan - Quarterly IDCW;INF846K01N32;;12.2678;;;24-Aug-2021
146565;Axis Fixed Term Plan Series 102 (1133 Days) - Regular Plan - Regular IDCW;INF846K01N08;;12.2613;;;24-Aug-2021
146886;Axis Fixed Term Plan - Series 104 (1112 Days) - Direct Plan - Growth Option;INF846K01O64;;12.1669;;;24-Aug-2021
146883;Axis Fixed Term Plan - Series 104 (1112 Days) - Regular Plan - Growth Option;INF846K01O98;;12.0792;;;24-Aug-2021
146881;Axis Fixed Term Plan Series 104 (1112 Days) - Direct Plan - Half Yearly IDCW;INF846K01O80;;12.1671;;;24-Aug-2021
146888;Axis Fixed Term Plan Series 104 (1112 Days) - Direct Plan - Quarterly IDCW;INF846K01P22;;12.1707;;;24-Aug-2021
146882;Axis Fixed Term Plan Series 104 (1112 Days) - Direct Plan - Regular IDCW;INF846K01O72;;12.1689;;;24-Aug-2021
146884;Axis Fixed Term Plan Series 104 (1112 Days) - Regular Plan - Half Yearly IDCW;INF846K01P14;;12.0792;;;24-Aug-2021
146887;Axis Fixed Term Plan Series 104 (1112 Days) - Regular Plan - Quarterly IDCW;INF846K01P30;;12.0792;;;24-Aug-2021
146885;Axis Fixed Term Plan Series 104 (1112 Days) - Regular Plan - Regular IDCW;INF846K01P06;;12.0792;;;24-Aug-2021
144016;Axis Fixed Term Plan - Series 95 (1185 Days) - Direct Plan - Growth Option;INF846K01D26;;12.8048;;;24-Aug-2021
144013;Axis Fixed Term Plan - Series 95 (1185 Days) - Regular Plan - Growth Option;INF846K01D59;;12.6545;;;24-Aug-2021
144045;Axis Fixed Term Plan Series 95 (1185 Days) - Direct Plan - Quarterly IDCW;INF846K01D83;;12.8090;;;24-Aug-2021
144043;Axis Fixed Term Plan Series 95 (1185 Days) - Regular Plan - Half Yearly IDCW;INF846K01D75;;12.6775;;;24-Aug-2021
144046;Axis Fixed Term Plan Series 95 (1185 Days) - Regular Plan - Quarterly IDCW;INF846K01D91;;12.6543;;;24-Aug-2021
144015;Axis Fixed Term Plan Series 95 (1185 Days) - Regular Plan - Regular IDCW;INF846K01D67;;12.6883;;;24-Aug-2021
144826;Axis Fixed Term Plan - Series 96 (1124 Days) - Direct Plan - Growth Option;INF846K01H06;;11.7561;;;24-Aug-2021
144830;Axis Fixed Term Plan - Series 96 (1124 Days) - Regular Plan - Growth Option;INF846K01H30;;11.6560;;;24-Aug-2021
144831;Axis Fixed Term Plan Series 96 (1124 Days) - Regular Plan - Half Yearly IDCW;INF846K01H55;;11.6595;;;24-Aug-2021
144832;Axis Fixed Term Plan Series 96 (1124 Days) - Regular Plan - Quarterly IDCW;INF846K01H71;;11.6797;;;24-Aug-2021
144833;Axis Fixed Term Plan Series 96 (1124 Days) - Regular Plan - Regular IDCW;INF846K01H48;;11.6560;;;24-Aug-2021
144868;Axis Fixed Term Plan - Series 97 (1116 Days) - Direct Plan - Growth Option;INF846K01H89;;12.0580;;;24-Aug-2021
144874;Axis Fixed Term Plan - Series 97 (1116 Days) - Regular Plan - Growth Option;INF846K01I13;;11.9888;;;24-Aug-2021
144869;Axis Fixed Term Plan Series 97 (1116 Days) - Direct Plan - Half Yearly IDCW;INF846K01I05;;12.0678;;;24-Aug-2021
144872;Axis Fixed Term Plan Series 97 (1116 Days) - Regular Plan - Half Yearly IDCW;INF846K01I39;;11.9888;;;24-Aug-2021
144875;Axis Fixed Term Plan Series 97 (1116 Days) - Regular Plan - Regular IDCW;INF846K01I21;;12.0187;;;24-Aug-2021

Bandhan Mutual Fund
146699;BANDHAN Fixed Term Plan Series 179 DIRECT PLAN HALF YEARLY-IDCW (3652 days);INF194KB1793;;11.4350;;;24-Aug-2021
146701;BANDHAN Fixed Term Plan Series 179 DIRECT PLAN-GROWTH (3652 days);INF194KB1777;;12.9690;;;24-Aug-2021
146702;BANDHAN Fixed Term Plan Series 179 REGULAR PLAN PERIODIC-IDCW (3652 days);INF194KB1769;;11.0844;;;24-Aug-2021
146695;BANDHAN Fixed Term Plan Series 179 REGULAR PLAN-GROWTH (3652 days);INF194KB1736;;12.8898;;;24-Aug-2021
143579;IDFC Fixed Term Plan Series 149 Direct Plan -Growth (1424 Days);INF194KA18L2;;12.7388;;;24-Aug-2021
143575;IDFC Fixed Term Plan Series 149 Direct Plan -Quarterly-IDCW (1424 Days);INF194KA11M5;;10.6758;;;24-Aug-2021
143577;IDFC Fixed Term Plan Series 149 Regular Plan-Growth (1424 Days);INF194KA12M3;;12.6425;;;24-Aug-2021
143573;IDFC Fixed Term Plan Series 149 Regular Plan-Halfyearly-IDCW (1424 Days);INF194KA14M9;;10.7587;;;24-Aug-2021
143574;IDFC Fixed Term Plan Series 149 Regular Plan-Periodic-IDCW (1424 Days);INF194KA13M1;;10.6454;;;24-Aug-2021
143572;IDFC Fixed Term Plan Series 149 Regular Plan-Quarterly-IDCW (1424 Days);INF194KA15M6;;10.6684;;;24-Aug-2021
143892;IDFC Fixed Term Plan Series 152 Direct Plan -Growth (1452 Days);INF194KA18N8;;12.9017;;;24-Aug-2021
143885;IDFC Fixed Term Plan Series 152 Regular Plan-Growth (1452 Days);INF194KA12O9;;12.8021;;;24-Aug-2021
143886;IDFC Fixed Term Plan Series 152 Regular Plan-Halfyearly-IDCW (1452);INF194KA14O5;;10.8512;;;24-Aug-2021
144725;IDFC Fixed Term Plan Series 161 DIRECT PLAN-GROWTH (1098 days);INF194KA14X6;;12.6814;;;24-Aug-2021
144722;IDFC Fixed Term Plan Series 161 REGULAR PLAN-GROWTH (1098 days);INF194KA18X7;;12.6115;;;24-Aug-2021
144720;IDFC Fixed Term Plan Series 161 REGULAR PLAN-HALF YEARLY IDCW (1098 days);INF194KA10Y2;;10.4343;;;24-Aug-2021
145767;IDFC Fixed Term Plan Series 163 DIRECT PLAN-GROWTH (1223 days);INF194KB1074;;12.7234;;;24-Aug-2021
145764;IDFC Fixed Term Plan Series 163 REGULAR PLAN-GROWTH (1223 days);INF194KB1116;;12.6551;;;24-Aug-2021
145766;IDFC Fixed Term Plan Series 163 REGULAR PLAN-PERIODIC IDCW (1223 days);INF194KB1140;;10.4888;;;24-Aug-2021
145980;IDFC Fixed Term Plan Series 166 DIRECT PLAN-GROWTH (1207 days);INF194KB1157;;12.6651;;;24-Aug-2021
145973;IDFC Fixed Term Plan Series 166 REGULAR PLAN-GROWTH (1207 days);INF194KB1199;;12.6043;;;24-Aug-2021
145978;IDFC Fixed Term Plan Series 166 REGULAR PLAN-PERIODIC IDCW (1207 days);INF194KB1223;;10.4374;;;24-Aug-2021
146088;IDFC Fixed Term Plan Series 167 DIRECT PLAN-GROWTH (1202 days);INF194KB1231;;12.6202;;;24-Aug-2021
146082;IDFC Fixed Term Plan Series 167 REGULAR PLAN HALF YEARLY-IDCW (1202 days);INF194KB1298;;10.5923;;;24-Aug-2021
146081;IDFC Fixed Term Plan Series 167 REGULAR PLAN QUARTERLY-IDCW (1202 days);INF194KB1280;;10.4977;;;24-Aug-2021
146087;IDFC Fixed Term Plan Series 167 REGULAR PLAN-GROWTH (1202 days);INF194KB1272;;12.5546;;;24-Aug-2021
146505;IDFC Fixed Term Plan Series 176 DIRECT PLAN-GROWTH (1170 days);INF194KB1611;;12.4872;;;24-Aug-2021
146509;IDFC Fixed Term Plan Series 176 REGULAR PLAN-GROWTH (1170 days);INF194KB1579;;12.3967;;;24-Aug-2021
146689;IDFC Fixed Term Plan Series 177 DIRECT PLAN-GROWTH (1160 days);INF194KB1694;;12.3985;;;24-Aug-2021
146694;IDFC Fixed Term Plan Series 177 REGULAR PLAN-GROWTH (1160 days);INF194KB1652;;12.3064;;;24-Aug-2021
146851;IDFC Fixed Term Plan Series 178 DIRECT PLAN-GROWTH (1154 Days);INF194KB1850;;12.3428;;;24-Aug-2021
146855;IDFC Fixed Term Plan Series 178 REGULAR PLAN QUARTERLY-IDCW (1154 Days);INF194KB1827;;10.5554;;;24-Aug-2021
146849;IDFC Fixed Term Plan Series 178 REGULAR PLAN-GROWTH (1154 Days);INF194KB1819;;12.2751;;;24-Aug-2021

Baroda BNP Paribas Mutual Fund
146386;Baroda BNP Paribas Fixed Maturity Plan- Series P- Direct Plan- Growth Option;INF955L01HQ4;;12.3550;;;24-Aug-2021
146387;Baroda BNP Paribas Fixed Maturity Plan- Series P- Direct Plan- IDCW Option;INF955L01HR2;;12.3550;;;24-Aug-2021
146384;Baroda BNP Paribas Fixed Maturity Plan- Series P- Regular Plan- Growth Option;INF955L01HO9;;12.2601;;;24-Aug-2021
146385;Baroda BNP Paribas Fixed Maturity Plan- Series P- Regular Plan- IDCW Option;INF955L01HP6;;12.2601;;;24-Aug-2021

Canara Robeco Mutual Fund
146302;CANARA ROBECO CAPITAL PROTECTION ORIENTED FUND SERIES 10 - DIRECT PLAN - GROWTH OPTION;INF760K01JI3;;12.8226;;;24-Aug-2021
146304;CANARA ROBECO CAPITAL PROTECTION ORIENTED FUND SERIES 10 - DIRECT PLAN - IDCW (Payout/Reinvestment);INF760K01JJ1;;12.8187;;;24-Aug-2021
146303;CANARA ROBECO CAPITAL PROTECTION ORIENTED FUND SERIES 10 - REGULAR PLAN - GROWTH OPTION;INF760K01JK9;;12.7188;;;24-Aug-2021
146305;CANARA ROBECO CAPITAL PROTECTION ORIENTED FUND SERIES 10 - REGULAR PLAN - IDCW (Payout/Reinvestment);INF760K01JL7;;12.7189;;;24-Aug-2021
145197;CANARA ROBECO FMP SERIES 8 - DIRECT PLAN - GROWTH OPTION;INF760K01IY2;;12.6043;;;24-Aug-2021
145195;CANARA ROBECO FMP SERIES 8 - REGULAR PLAN - GROWTH OPTION;INF760K01JA0;;12.4985;;;24-Aug-2021
145196;CANARA ROBECO FMP SERIES 8 - REGULAR PLAN - IDCW (Payout/Reinvestment);INF760K01JB8;;12.4985;;;24-Aug-2021

DSP Mutual Fund
144520;DSP FMP Series - 241 - 36M - Direct Plan - Growth;INF740KA1JI1;;12.7949;;;24-Aug-2021
144517;DSP FMP Series - 241 - 36M - Direct Plan - IDCW - Quarterly Payout;INF740KA1JK7;;12.7942;;;24-Aug-2021
144516;DSP FMP Series - 241 - 36M - Regular Plan - Growth;INF740KA1JF7;;12.6209;;;24-Aug-2021
144518;DSP FMP Series - 241 - 36M - Regular Plan - IDCW - Payout;INF740KA1JG5;;12.6208;;;24-Aug-2021
144519;DSP FMP Series - 241 - 36M - Regular Plan - IDCW - Quarterly Payout;INF740KA1JH3;;12.6209;;;24-Aug-2021
144633;DSP FMP Series - 243 - 36M - Direct Plan - Growth;INF740KA1JU6;;12.7793;;;24-Aug-2021
144631;DSP FMP Series - 243 - 36M - Direct Plan - IDCW - Payout;INF740KA1JV4;;12.7792;;;24-Aug-2021
144632;DSP FMP Series - 243 - 36M - Direct Plan - IDCW - Quarterly Payout;INF740KA1JW2;;12.7791;;;24-Aug-2021
144628;DSP FMP Series - 243 - 36M - Regular Plan - Growth;INF740KA1JR2;;12.6650;;;24-Aug-2021
144629;DSP FMP Series - 243 - 36M - Regular Plan - IDCW - Payout;INF740KA1JS0;;12.6650;;;24-Aug-2021
144630;DSP FMP Series - 243 - 36M - Regular Plan - IDCW - Quarterly Payout;INF740KA1JT8;;12.6649;;;24-Aug-2021
144823;DSP FMP Series - 244 - 36M - Direct Plan - Growth;INF740KA1KO7;;12.5761;;;24-Aug-2021
144824;DSP FMP Series - 244 - 36M - Direct Plan - IDCW - Payout;INF740KA1KP4;;12.5765;;;24-Aug-2021
144825;DSP FMP Series - 244 - 36M - Direct Plan - IDCW - Quarterly Payout;INF740KA1KQ2;;12.5771;;;24-Aug-2021
144820;DSP FMP Series - 244 - 36M - Regular Plan - Growth;INF740KA1KL3;;12.4828;;;24-Aug-2021
144822;DSP FMP Series - 244 - 36M - Regular Plan - IDCW - Quarterly Payout;INF740KA1KN9;;12.4827;;;24-Aug-2021
146462;DSP FMP Series - 250 - 39M - Direct Plan - Growth;INF740KA1MY2;;12.3530;;;24-Aug-2021
146463;DSP FMP Series - 250 - 39M - Direct Plan - IDCW - Payout;INF740KA1MZ9;;12.3514;;;24-Aug-2021
146464;DSP FMP Series - 250 - 39M - Direct Plan - IDCW - Quarterly Payout;INF740KA1NA0;;12.3518;;;24-Aug-2021
146459;DSP FMP Series - 250 - 39M - Regular Plan - Growth;INF740KA1MV8;;12.2757;;;24-Aug-2021
146460;DSP FMP Series - 250 - 39M - Regular Plan - IDCW - Payout;INF740KA1MW6;;12.2757;;;24-Aug-2021
146461;DSP FMP Series - 250 - 39M - Regular Plan - IDCW - Quarterly Payout;INF740KA1MX4;;12.2755;;;24-Aug-2021
146741;DSP FMP Series - 251 - 38M - Direct Plan - Growth;INF740KA1NE2;;12.2001;;;24-Aug-2021
146742;DSP FMP Series - 251 - 38M - Direct Plan - IDCW - Payout;INF740KA1NF9;;12.1990;;;24-Aug-2021
146744;DSP FMP Series - 251 - 38M - Regular Plan - Growth;INF740KA1NB8;;12.1260;;;24-Aug-2021
146739;DSP FMP Series - 251 - 38M - Regular Plan - IDCW - Payout;INF740KA1NC6;;12.1274;;;24-Aug-2021
146740;DSP FMP Series - 251 - 38M - Regular Plan - IDCW - Quarterly Payout;INF740KA1ND4;;12.1262;;;24-Aug-2021

Edelweiss Mutual Fund
146703;Edelweiss Fixed Maturity Plan - Series 55  - Regular Plan - Growth;INF754K01JT3;;12.4622;;;24-Aug-2021
146733;Edelweiss Fixed Maturity Plan - Series 55 - Direct Plan - Growth;INF754K01JR7;;12.5848;;;24-Aug-2021
146732;Edelweiss Fixed Maturity Plan - Series 55 - Regular Plan - Dividend;INF754K01JU1;;12.4622;;;24-Aug-2021
146734;EDELWEISS FIXED MATURITY PLAN - SERIES 55-Direct Plan - IDCW Option;INF754K01JS5;;12.5848;;;24-Aug-2021

Franklin Templeton Mutual Fund
144764;Franklin India Fixed Maturity Plans Series4 - Plan D (1098 days) Growth- Direct;INF090I01PV9;;12.1230;;;24-Aug-2021
144763;Franklin India Fixed Maturity Plans- Series 4- Plan D (1098 days) - Growth;INF090I01PS5;;12.0031;;;24-Aug-2021
144766;Franklin India Fixed Maturity Plans-Series 4 - Plan D 1098 days - IDCW ;INF090I01PT3;;10.8331;;;24-Aug-2021
144765;Franklin India Fixed Maturity Plans-Series 4 - Plan D 1098 days -QTR - IDCW ;INF090I01PU1;;10.2177;;;24-Aug-2021
145529;Franklin India Fixed Maturity Plans- Series 5- Plan B (1244 days)- Growth;INF090I01QQ7;;12.6831;;;24-Aug-2021
145530;Franklin India Fixed Maturity Plans- Series 5- Plan B (1244 days)- Growth Direct;INF090I01QT1;;12.7872;;;24-Aug-2021
145534;Franklin India Fixed Maturity Plans-Series 5 - Plan B 1244 days - IDCW ;INF090I01QR5;;10.9330;;;24-Aug-2021
145533;Franklin India Fixed Maturity Plans-Series 5 - Plan B 1244 days -QTR - IDCW ;INF090I01QS3;;10.3277;;;24-Aug-2021
146049;Franklin India Fixed Maturity Plans- Series 5- Plan E (1224 days)- Growth;INF090I01RI2;;12.4965;;;24-Aug-2021
146053;Franklin India Fixed Maturity Plans- Series 5- Plan E (1224 days)- Growth- Direct;INF090I01RL6;;12.5774;;;24-Aug-2021
146052;Franklin India Fixed Maturity Plans-Series 5 - Plan E 1224 days - Direct - IDCW ;INF090I01RM4;;10.8280;;;24-Aug-2021
146050;Franklin India Fixed Maturity Plans-Series 5 - Plan E 1224 days - IDCW ;INF090I01RJ0;;10.7515;;;24-Aug-2021
146051;Franklin India Fixed Maturity Plans-Series 5 - Plan E 1224 days - QTR Direct - IDCW ;INF090I01RN2;;10.4557;;;24-Aug-2021
146054;Franklin India Fixed Maturity Plans-Series 5 - Plan E 1224 days -QTR - IDCW ;INF090I01RK8;;10.3814;;;24-Aug-2021
146668;Franklin India Fixed Maturity Plans - Series 6 Plan C (1169 days)- Growth;INF090I01SG4;;12.2823;;;24-Aug-2021
146670;Franklin India Fixed Maturity Plans- Series 6 Plan C (1169 days)- Growth- Direct;INF090I01SJ8;;12.3422;;;24-Aug-2021
146665;Franklin India Fixed Maturity Plans-Series 6 - Plan C 1169 days - IDCW ;INF090I01SH2;;10.6215;;;24-Aug-2021
146669;Franklin India Fixed Maturity Plans-Series 6 - Plan C 1169 days -QTR - IDCW ;INF090I01SI0;;10.4490;;;24-Aug-2021
144653;Franklin India Fixed Maturity Plans Series 4 Plan C (1098 days) -Growth -Direct;INF090I01PP1;;12.6870;;;24-Aug-2021
144652;Franklin India Fixed Maturity Plans- Series 4 Plan C (1098 days) -Growth;INF090I01PM8;;12.5734;;;24-Aug-2021
144654;Franklin India Fixed Maturity Plans-Series 4 - Plan C 1098 days - IDCW ;INF090I01PN6;;10.0957;;;24-Aug-2021
144657;Franklin India Fixed Maturity Plans-Series 4 - Plan C 1098 days - QTR Direct - IDCW ;INF090I01PR7;;10.0976;;;24-Aug-2021
144656;Franklin India Fixed Maturity Plans-Series 4 - Plan C 1098 days -QTR - IDCW ;INF090I01PO4;;10.0882;;;24-Aug-2021
145318;Franklin India Fixed Maturity Plans - Series 5 Plan A (1273 days)- Growth -Direct;INF090I01QN4;;12.9591;;;24-Aug-2021
145317;Franklin India Fixed Maturity Plans -Series 5 Plan A (1273 days)- Growth;INF090I01QK0;;12.8501;;;24-Aug-2021
145319;Franklin India Fixed Maturity Plans-Series 5 - Plan A 1273 days - Direct - IDCW ;INF090I01QO2;;11.0828;;;24-Aug-2021
145321;Franklin India Fixed Maturity Plans-Series 5 - Plan A 1273 days - IDCW ;INF090I01QL8;;10.9888;;;24-Aug-2021
145320;Franklin India Fixed Maturity Plans-Series 5 - Plan A 1273 days - QTR Direct - IDCW ;INF090I01QP9;;10.4821;;;24-Aug-2021
145322;Franklin India Fixed Maturity Plans-Series 5 - Plan A 1273 days -QTR - IDCW ;INF090I01QM6;;10.3833;;;24-Aug-2021
145171;Franklin India Fixed Maturity Plans - Series 4 Plan F (1286 days)- Growth -Direct;INF090I01QH6;;12.9744;;;24-Aug-2021
145167;Franklin India Fixed Maturity Plans- Series 4 Plan F (1286 days) -Growth;INF090I01QE3;;12.8387;;;24-Aug-2021
145169;Franklin India Fixed Maturity Plans-Series 4 - Plan F 1286 days - Direct - IDCW ;INF090I01QI4;;11.0558;;;24-Aug-2021
145168;Franklin India Fixed Maturity Plans-Series 4 - Plan F 1286 days - IDCW ;INF090I01QF0;;11.0436;;;24-Aug-2021
145172;Franklin India Fixed Maturity Plans-Series 4 - Plan F 1286 days - QTR Direct - IDCW ;INF090I01QJ2;;10.4367;;;24-Aug-2021
145170;Franklin India Fixed Maturity Plans-Series 4 - Plan F 1286 days -QTR - IDCW ;INF090I01QG8;;10.4103;;;24-Aug-2021
144959;Franklin India Fixed Maturit Plans- Series 4- Plan E (1098 days)- Growth - Direct;INF090I01QB9;;12.7466;;;24-Aug-2021
144958;Franklin India Fixed Maturity Plans- Series 4- Plan E (1098 days)- Growth;INF090I01PY3;;12.6201;;;24-Aug-2021
144963;Franklin India Fixed Maturity Plans-Series 4 - Plan E 1098 days - IDCW ;INF090I01PZ0;;10.8608;;;24-Aug-2021
144961;Franklin India Fixed Maturity Plans-Series 4 - Plan E 1098 days - QTR Direct - IDCW ;INF090I01QD5;;10.3649;;;24-Aug-2021
144962;Franklin India Fixed Maturity Plans-Series 4 - Plan E 1098 days -QTR - IDCW ;INF090I01QA1;;10.2417;;;24-Aug-2021
145929;Franklin India Fixed Maturity Plans -Series 5 Plan D (1238 days)- Growth - Direct;INF090I01RF8;;12.6048;;;24-Aug-2021
145926;Franklin India Fixed Maturity Plans- Series 5 Plan D (1238 days)- Growth;INF090I01RC5;;12.5225;;;24-Aug-2021
145931;Franklin India Fixed Maturity Plans-Series 5 - Plan D 1238 days - Direct - IDCW ;INF090I01RG6;;10.8328;;;24-Aug-2021
145930;Franklin India Fixed Maturity Plans-Series 5 - Plan D 1238 days - IDCW ;INF090I01RD3;;10.7551;;;24-Aug-2021
145927;Franklin India Fixed Maturity Plans-Series 5 - Plan D 1238 days -QTR - IDCW ;INF090I01RE1;;10.3890;;;24-Aug-2021
146371;Franklin India Fixed Maturity Plans Series 5 Plan F (1203 days)- Growth;INF090I01RO0;;12.4152;;;24-Aug-2021
146375;Franklin India Fixed Maturity Plans- Series 5 Plan F (1203 days)-Growth Direct;INF090I01RR3;;12.4780;;;24-Aug-2021
146374;Franklin India Fixed Maturity Plans-Series 5 - Plan F 1203 days - Direct - IDCW ;INF090I01RS1;;10.7270;;;24-Aug-2021
146373;Franklin India Fixed Maturity Plans-Series 5 - Plan F 1203 days - IDCW ;INF090I01RP7;;10.6702;;;24-Aug-2021
146372;Franklin India Fixed Maturity Plans-Series 5 - Plan F 1203 days - QTR Direct - IDCW ;INF090I01RT9;;10.3556;;;24-Aug-2021
146370;Franklin India Fixed Maturity Plans-Series 5 - Plan F 1203 days -QTR - IDCW ;INF090I01RQ5;;10.2971;;;24-Aug-2021
145782;Franklin Idnia Fixed Maturity Palns- Series 5 Plan C (1259 days)- Growth;INF090I01QW5;;12.6065;;;24-Aug-2021
145780;Franklin India Fixed Maturity Plans - Series5 Plan C (1259 days)- Growth Direct;INF090I01QZ8;;12.6913;;;24-Aug-2021
145778;Franklin India Fixed Maturity Plans-Series 5 - Plan C 1259 days - Direct - IDCW ;INF090I01RA9;;10.9315;;;24-Aug-2021
145781;Franklin India Fixed Maturity Plans-Series 5 - Plan C 1259 days - IDCW ;INF090I01QX3;;10.8517;;;24-Aug-2021
145779;Franklin India Fixed Maturity Plans-Series 5 - Plan C 1259 days - QTR Direct - IDCW ;INF090I01RB7;;10.5428;;;24-Aug-2021
145777;Franklin India Fixed Maturity Plans-Series 5 - Plan C 1259 days -QTR - IDCW ;INF090I01QY1;;10.4595;;;24-Aug-2021

HDFC Mutual Fund
147236;HDFC FMP 1100D April 2019 (1) - Growth Option;INF179KC1932;;12.085;;;24-Aug-2021
147237;HDFC FMP 1100D April 2019 (1) - Growth Option - Direct Plan;INF179KC1908;;12.1545;;;24-Aug-2021
147235;HDFC FMP 1100D April 2019 (1) - IDCW Option;INF179KC1940;;12.085;;;24-Aug-2021
147233;HDFC FMP 1100D April 2019 (1) - IDCW Option - Direct Plan;INF179KC1916;;12.1545;;;24-Aug-2021
147234;HDFC FMP 1100D April 2019 (1) - Quarterly IDCW Option;INF179KC1957;;10.3574;;;24-Aug-2021
147238;HDFC FMP 1100D April 2019 (1) - Quarterly IDCW Option - Direct Plan;INF179KC1924;;10.358;;;24-Aug-2021
144806;HDFC FMP 1105D August 2018 (2) - Growth Option;INF179KB10N4;;12.5305;;;24-Aug-2021
144804;HDFC FMP 1105D August 2018 (2) - Growth Option - Direct Plan;INF179KB17M1;;12.6234;;;24-Aug-2021
144805;HDFC FMP 1105D August 2018 (2) - IDCW Option;INF179KB11N2;;12.5305;;;24-Aug-2021
144802;HDFC FMP 1105D August 2018 (2) - IDCW Option - Direct Plan;INF179KB18M9;;12.6234;;;24-Aug-2021
144807;HDFC FMP 1105D August 2018 (2) - Quarterly IDCW Option;INF179KB12N0;;10.0766;;;24-Aug-2021
144803;HDFC FMP 1105D August 2018 (2) - Quarterly IDCW Option - Direct Plan;INF179KB19M7;;10.0767;;;24-Aug-2021
144563;HDFC FMP 1113D August 2018 (1) - Growth Option;INF179KB18L1;;12.5957;;;24-Aug-2021
144560;HDFC FMP 1113D August 2018 (1) - Growth Option - Direct Plan;INF179KB15L7;;12.6886;;;24-Aug-2021
144562;HDFC FMP 1113D August 2018 (1) - IDCW Option;INF179KB19L9;;12.5957;;;24-Aug-2021
144559;HDFC FMP 1113D August 2018 (1) - IDCW Option - Direct Plan;INF179KB16L5;;12.6886;;;24-Aug-2021
144564;HDFC FMP 1113D August 2018 (1) - Quarterly IDCW Option;INF179KB10M6;;10.0839;;;24-Aug-2021
144561;HDFC FMP 1113D August 2018 (1) - Quarterly IDCW Option - Direct Plan;INF179KB17L3;;10.0843;;;24-Aug-2021
144860;HDFC FMP 1115D September 2018 (1) - Growth Option;INF179KB18O5;;12.5991;;;24-Aug-2021
144861;HDFC FMP 1115D September 2018 (1) - Growth Option - Direct Plan;INF179KB15O1;;12.6926;;;24-Aug-2021
144857;HDFC FMP 1115D September 2018 (1) - IDCW Option;INF179KB19O3;;12.5991;;;24-Aug-2021
144856;HDFC FMP 1115D September 2018 (1) - IDCW Option - Direct Plan;INF179KB16O9;;12.6926;;;24-Aug-2021
144859;HDFC FMP 1115D September 2018 (1) - Quarterly IDCW Option;INF179KB10P9;;10.1984;;;24-Aug-2021
144858;HDFC FMP 1115D September 2018 (1) - Quarterly IDCW Option - Direct Plan;INF179KB17O7;;10.1987;;;24-Aug-2021
146896;HDFC FMP 1118D March 2019 (1) - Growth Option;INF179KC1692;;12.1115;;;24-Aug-2021
146898;HDFC FMP 1118D March 2019 (1) - Growth Option - Direct Plan;INF179KC1668;;12.1634;;;24-Aug-2021
146900;HDFC FMP 1118D March 2019 (1) - IDCW Option;INF179KC1700;;12.1115;;;24-Aug-2021
146895;HDFC FMP 1118D March 2019 (1) - IDCW Option - Direct Plan;INF179KC1676;;12.1634;;;24-Aug-2021
146897;HDFC FMP 1118D March 2019 (1) - Quarterly IDCW Option;INF179KC1718;;10.1584;;;24-Aug-2021
146892;HDFC FMP 1120D March 2019 (1) - Growth Option;INF179KC1635;;12.0736;;;24-Aug-2021
146893;HDFC FMP 1120D March 2019 (1) - Growth Option - Direct Plan;INF179KC1601;;12.1679;;;24-Aug-2021
146891;HDFC FMP 1120D March 2019 (1) - IDCW Option;INF179KC1643;;12.0736;;;24-Aug-2021
146889;HDFC FMP 1120D March 2019 (1) - IDCW Option - Direct Plan;INF179KC1619;;12.1679;;;24-Aug-2021
146894;HDFC FMP 1120D March 2019 (1) - Quarterly IDCW Option;INF179KC1650;;10.187;;;24-Aug-2021
146890;HDFC FMP 1120D March 2019 (1) - Quarterly IDCW Option - Direct Plan;INF179KC1627;;10.1873;;;24-Aug-2021
144744;HDFC FMP 1122D August 2018 (1) - Growth Option;INF179KB14M8;;12.5239;;;24-Aug-2021
144746;HDFC FMP 1122D August 2018 (1) - Growth Option - Direct Plan;INF179KB11M4;;12.6167;;;24-Aug-2021
144743;HDFC FMP 1122D August 2018 (1) - IDCW Option;INF179KB15M5;;12.5239;;;24-Aug-2021
144741;HDFC FMP 1122D August 2018 (1) - IDCW Option - Direct Plan;INF179KB12M2;;12.6167;;;24-Aug-2021
144745;HDFC FMP 1122D August 2018 (1) - Quarterly IDCW Option;INF179KB16M3;;10.115;;;24-Aug-2021
144742;HDFC FMP 1122D August 2018 (1) - Quarterly IDCW Option - Direct Plan;INF179KB13M0;;10.1154;;;24-Aug-2021
146649;HDFC FMP 1126D March 2019 (1) - Growth Option;INF179KC1510;;12.2181;;;24-Aug-2021
146650;HDFC FMP 1126D March 2019 (1) - Growth Option - Direct Plan;INF179KC1486;;12.3134;;;24-Aug-2021
146647;HDFC FMP 1126D March 2019 (1) - IDCW Option;;INF179KC1528;12.2181;;;24-Aug-2021
146645;HDFC FMP 1126D March 2019 (1) - IDCW Option - Direct Plan;INF179KC1494;;12.3134;;;24-Aug-2021
146648;HDFC FMP 1126D March 2019 (1) - Quarterly IDCW Option;INF179KC1536;;10.259;;;24-Aug-2021
146646;HDFC FMP 1126D March 2019 (1) - Quarterly IDCW Option - Direct Plan;INF179KC1502;;10.2596;;;24-Aug-2021
146778;HDFC FMP 1127D March 2019 (1) - Growth Option;INF179KC1577;;12.1275;;;24-Aug-2021
146777;HDFC FMP 1127D March 2019 (1) - Growth Option - Direct Plan;INF179KC1544;;12.2223;;;24-Aug-2021
146775;HDFC FMP 1127D March 2019 (1) - IDCW Option;INF179KC1585;;12.1275;;;24-Aug-2021
146773;HDFC FMP 1127D March 2019 (1) - IDCW Option - Direct Plan;INF179KC1551;;12.2223;;;24-Aug-2021
146776;HDFC FMP 1127D March 2019 (1) - Quarterly IDCW Option;INF179KC1593;;10.2383;;;24-Aug-2021
146774;HDFC FMP 1127D March 2019 (1) - Quarterly IDCW Option - Direct Plan;INF179KC1569;;10.2389;;;24-Aug-2021
146634;HDFC FMP 1133D February 2019 (1) - Growth Option;INF179KC1452;;12.2487;;;24-Aug-2021
146631;HDFC FMP 1133D February 2019 (1) - Growth Option - Direct Plan;INF179KC1429;;12.3446;;;24-Aug-2021
146633;HDFC FMP 1133D February 2019 (1) - IDCW Option;INF179KC1460;;12.2487;;;24-Aug-2021
146636;HDFC FMP 1133D February 2019 (1) - IDCW Option - Direct Plan;INF179KC1437;;12.3446;;;24-Aug-2021
146635;HDFC FMP 1133D February 2019 (1) - Quarterly IDCW Option;INF179KC1478;;10.2809;;;24-Aug-2021
146632;HDFC FMP 1133D February 2019 (1) - Quarterly IDCW Option - Direct Plan;INF179KC1445;;10.2813;;;24-Aug-2021
144360;HDFC FMP 1133D JULY 2018 (1) - Growth Option;INF179KB19J3;;12.5297;;;24-Aug-2021
144356;HDFC FMP 1133D JULY 2018 (1) - Growth Option - Direct Plan;INF179KB16J9;;12.6228;;;24-Aug-2021
144359;HDFC FMP 1133D JULY 2018 (1) - IDCW Option;INF179KB10K0;;12.5297;;;24-Aug-2021
144355;HDFC FMP 1133D JULY 2018 (1) - IDCW Option - Direct Plan;INF179KB17J7;;12.6228;;;24-Aug-2021
144358;HDFC FMP 1133D JULY 2018 (1) - Quarterly IDCW Option;INF179KB11K8;;10.0943;;;24-Aug-2021
144357;HDFC FMP 1133D JULY 2018 (1) - Quarterly IDCW Option - Direct Plan;INF179KB18J5;;10.0947;;;24-Aug-2021
144506;HDFC FMP 1141D August 2018 (1) - Growth Option;INF179KB12L4;;12.8894;;;24-Aug-2021
144503;HDFC FMP 1141D August 2018 (1) - Growth Option - Direct Plan;INF179KB18K3;;13.0043;;;24-Aug-2021
144505;HDFC FMP 1141D August 2018 (1) - IDCW Option;INF179KB13L2;;12.8894;;;24-Aug-2021
144502;HDFC FMP 1141D August 2018 (1) - IDCW Option - Direct Plan;INF179KB19K1;;13.0043;;;24-Aug-2021
144507;HDFC FMP 1141D August 2018 (1) - Quarterly IDCW Option;INF179KB14L0;;10.3187;;;24-Aug-2021
144504;HDFC FMP 1141D August 2018 (1) - Quarterly IDCW Option - Direct Plan;INF179KB11L6;;10.319;;;24-Aug-2021
146502;HDFC FMP 1146D February 2019 (1) - Growth Option;INF179KC1395;;12.2967;;;24-Aug-2021
146498;HDFC FMP 1146D February 2019 (1) - Growth Option - Direct Plan;INF179KC1361;;12.3935;;;24-Aug-2021
146501;HDFC FMP 1146D February 2019 (1) - IDCW Option;INF179KC1403;;12.2967;;;24-Aug-2021
146497;HDFC FMP 1146D February 2019 (1) - IDCW Option - Direct Plan;INF179KC1379;;12.3935;;;24-Aug-2021
146500;HDFC FMP 1146D February 2019 (1) - Quarterly IDCW Option;INF179KC1411;;10.2904;;;24-Aug-2021
146499;HDFC FMP 1146D February 2019 (1) - Quarterly IDCW Option - Direct Plan;INF179KC1387;;10.2909;;;24-Aug-2021
146469;HDFC FMP 1154D February 2019 (1) - Growth Option;INF179KC1338;;12.2917;;;24-Aug-2021
146468;HDFC FMP 1154D February 2019 (1) - Growth Option - Direct Plan;INF179KC1304;;12.3879;;;24-Aug-2021
146467;HDFC FMP 1154D February 2019 (1) - IDCW Option;INF179KC1346;;12.2917;;;24-Aug-2021
146465;HDFC FMP 1154D February 2019 (1) - IDCW Option - Direct Plan;INF179KC1312;;12.3879;;;24-Aug-2021
146466;HDFC FMP 1154D February 2019 (1) - Quarterly IDCW Option;INF179KC1353;;10.2801;;;24-Aug-2021
146470;HDFC FMP 1154D February 2019 (1) - Quarterly IDCW Option - Direct Plan;INF179KC1320;;10.2805;;;24-Aug-2021
146280;HDFC FMP 1168D January 2019 (1) - Growth Option;INF179KC1270;;12.3734;;;24-Aug-2021
146277;HDFC FMP 1168D January 2019 (1) - Growth Option - Direct Plan;INF179KC1247;;12.4765;;;24-Aug-2021
146279;HDFC FMP 1168D January 2019 (1) - IDCW Option;INF179KC1288;;12.3734;;;24-Aug-2021
146276;HDFC FMP 1168D January 2019 (1) - IDCW Option - Direct Plan;INF179KC1254;;12.4765;;;24-Aug-2021
146281;HDFC FMP 1168D January 2019 (1) - Quarterly IDCW Option;INF179KC1296;;10.3072;;;24-Aug-2021
146278;HDFC FMP 1168D January 2019 (1) - Quarterly IDCW Option - Direct Plan;INF179KC1262;;10.3077;;;24-Aug-2021
146153;HDFC FMP 1175D January 2019 (1) - Growth Option;INF179KC1213;;12.3918;;;24-Aug-2021
146155;HDFC FMP 1175D January 2019 (1) - Growth Option - Direct Plan;INF179KC1189;;12.495;;;24-Aug-2021
146152;HDFC FMP 1175D January 2019 (1) - IDCW Option;INF179KC1221;;12.3918;;;24-Aug-2021
146149;HDFC FMP 1175D January 2019 (1) - IDCW Option - Direct Plan;INF179KC1197;;12.495;;;24-Aug-2021
146156;HDFC FMP 1175D January 2019 (1) - Quarterly IDCW Option;INF179KC1239;;10.3361;;;24-Aug-2021
146154;HDFC FMP 1175D January 2019 (1) - Quarterly IDCW Option - Direct Plan;INF179KC1205;;10.3365;;;24-Aug-2021
146147;HDFC FMP 1182D January 2019 (1) - Growth Option;INF179KC1155;;12.4287;;;24-Aug-2021
146145;HDFC FMP 1182D January 2019 (1) - Growth Option - Direct Plan;INF179KC1122;;12.5207;;;24-Aug-2021
146146;HDFC FMP 1182D January 2019 (1) - IDCW Option;INF179KC1163;;12.4287;;;24-Aug-2021
146144;HDFC FMP 1182D January 2019 (1) - Quarterly IDCW Option;INF179KC1171;;10.2947;;;24-Aug-2021
146148;HDFC FMP 1182D January 2019 (1) - Quarterly IDCW Option - Direct Plan;INF179KC1148;;10.295;;;24-Aug-2021
146058;HDFC FMP 1190D January 2019 (1) - Growth Option;INF179KC1098;;12.4528;;;24-Aug-2021
146056;HDFC FMP 1190D January 2019 (1) - Growth Option - Direct Plan;INF179KC1064;;12.5441;;;24-Aug-2021
146055;HDFC FMP 1190D January 2019 (1) - IDCW Option - Direct Plan;INF179KC1072;;12.5441;;;24-Aug-2021
146059;HDFC FMP 1190D January 2019 (1) - Quarterly IDCW Option;INF179KC1114;;10.3138;;;24-Aug-2021
146057;HDFC FMP 1190D January 2019 (1) - Quarterly IDCW Option - Direct Plan;INF179KC1080;;10.3142;;;24-Aug-2021
145985;HDFC FMP 1196D December 2018 (1) - Growth Option;INF179KC1031;;12.4642;;;24-Aug-2021
145982;HDFC FMP 1196D December 2018 (1) - Growth Option - Direct Plan;INF179KB19Z9;;12.5621;;;24-Aug-2021
145984;HDFC FMP 1196D December 2018 (1) - IDCW Option;INF179KC1049;;12.4642;;;24-Aug-2021
145981;HDFC FMP 1196D December 2018 (1) - IDCW Option - Direct Plan;INF179KC1015;;12.5621;;;24-Aug-2021
145986;HDFC FMP 1196D December 2018 (1) - Quarterly IDCW Option;INF179KC1056;;10.3078;;;24-Aug-2021
145983;HDFC FMP 1196D December 2018 (1) - Quarterly IDCW Option - Direct Plan;INF179KC1023;;10.3082;;;24-Aug-2021
145869;HDFC FMP 1203D December 2018 (1) - Growth Option;INF179KB16Z5;;12.4861;;;24-Aug-2021
145866;HDFC FMP 1203D December 2018 (1) - Growth Option - Direct Plan;INF179KB13Z2;;12.5778;;;24-Aug-2021
145868;HDFC FMP 1203D December 2018 (1) - IDCW Option;INF179KB17Z3;;12.4861;;;24-Aug-2021
145870;HDFC FMP 1203D December 2018 (1) - Quarterly IDCW Option;INF179KB18Z1;;10.2836;;;24-Aug-2021
145862;HDFC FMP 1211D December 2018 (1) - Growth Option;INF179KB10Z8;;12.506;;;24-Aug-2021
145860;HDFC FMP 1211D December 2018 (1) - Growth Option - Direct Plan;INF179KB17Y6;;12.6016;;;24-Aug-2021
145799;HDFC FMP 1218D December 2018 (1) - Growth Option;INF179KB14Y3;;12.5736;;;24-Aug-2021
145796;HDFC FMP 1218D December 2018 (1) - Growth Option - Direct Plan;INF179KB11Y9;;12.665;;;24-Aug-2021
145798;HDFC FMP 1218D December 2018 (1) - IDCW Option;INF179KB15Y0;;12.5736;;;24-Aug-2021
145795;HDFC FMP 1218D December 2018 (1) - IDCW Option - Direct Plan;INF179KB12Y7;;12.665;;;24-Aug-2021
145800;HDFC FMP 1218D December 2018 (1) - Quarterly IDCW Option;INF179KB16Y8;;10.3597;;;24-Aug-2021
145719;HDFC FMP 1224D DECEMBER 2018 (1) - Growth Option;INF179KB18X6;;12.5463;;;24-Aug-2021
145720;HDFC FMP 1224D DECEMBER 2018 (1) - Growth Option - Direct Plan;INF179KB15X2;;12.6517;;;24-Aug-2021
145721;HDFC FMP 1224D DECEMBER 2018 (1) - IDCW Option;INF179KB19X4;;12.5463;;;24-Aug-2021
145717;HDFC FMP 1224D DECEMBER 2018 (1) - IDCW Option - Direct Plan;INF179KB16X0;;12.6517;;;24-Aug-2021
145722;HDFC FMP 1224D DECEMBER 2018 (1) - Quarterly IDCW Option;INF179KB10Y1;;10.3306;;;24-Aug-2021
145639;HDFC FMP 1232D NOVEMBER 2018 (1) - Growth Option;INF179KB18W8;;12.6659;;;24-Aug-2021
145643;HDFC FMP 1232D NOVEMBER 2018 (1) - Growth Option - Direct Plan;INF179KB15W4;;12.7592;;;24-Aug-2021
145642;HDFC FMP 1232D NOVEMBER 2018 (1) - Quarterly IDCW Option;INF179KB10X3;;10.3681;;;24-Aug-2021
145640;HDFC FMP 1232D NOVEMBER 2018 (1) - Quarterly IDCW Option - Direct Plan;INF179KB17W0;;10.3685;;;24-Aug-2021
145495;HDFC FMP 1246D NOVEMBER 2018 (1) - Growth Option;INF179KB12W1;;12.6919;;;24-Aug-2021
145492;HDFC FMP 1246D NOVEMBER 2018 (1) - Growth Option - Direct Plan;INF179KB19V8;;12.7852;;;24-Aug-2021
145494;HDFC FMP 1246D NOVEMBER 2018 (1) - IDCW Option;INF179KB13W9;;12.6919;;;24-Aug-2021
145491;HDFC FMP 1246D NOVEMBER 2018 (1) - IDCW Option - Direct Plan;INF179KB10W5;;12.7852;;;24-Aug-2021
145496;HDFC FMP 1246D NOVEMBER 2018 (1) - Quarterly IDCW Option;INF179KB14W7;;10.3979;;;24-Aug-2021
145493;HDFC FMP 1246D NOVEMBER 2018 (1) - Quarterly IDCW Option - Direct Plan;INF179KB11W3;;10.3983;;;24-Aug-2021
145462;HDFC FMP 1260D October 2018 (1) - Growth Option;INF179KB16V4;;12.7828;;;24-Aug-2021
145461;HDFC FMP 1260D October 2018 (1) - Growth Option - Direct Plan;INF179KB13V1;;12.8731;;;24-Aug-2021
145458;HDFC FMP 1260D October 2018 (1) - Quarterly IDCW Option - Direct Plan;INF179KB15V6;;10.4069;;;24-Aug-2021
145395;HDFC FMP 1261D October 2018 (1) - Growth Option;INF179KB10V7;;12.7064;;;24-Aug-2021
145394;HDFC FMP 1261D October 2018 (1) - Growth Option - Direct Plan;INF179KB17U4;;12.7967;;;24-Aug-2021
145388;HDFC FMP 1261D October 2018 (1) - IDCW Option - Direct Plan;INF179KB18U2;;12.7967;;;24-Aug-2021
145391;HDFC FMP 1261D October 2018 (1) - Quarterly IDCW Option - Direct Plan;INF179KB19U0;;10.3593;;;24-Aug-2021
145429;HDFC FMP 1265D October 2018 (1) - Growth Option;INF179KB14U1;;12.766;;;24-Aug-2021
145426;HDFC FMP 1265D October 2018 (1) - Growth Option - Direct Plan;INF179KB11U7;;12.8956;;;24-Aug-2021
145428;HDFC FMP 1265D October 2018 (1) - IDCW Option;INF179KB15U8;;12.766;;;24-Aug-2021
145425;HDFC FMP 1265D October 2018 (1) - IDCW Option - Direct Plan;INF179KB12U5;;12.8956;;;24-Aug-2021
145430;HDFC FMP 1265D October 2018 (1) - Quarterly IDCW Option;INF179KB16U6;;10.3858;;;24-Aug-2021
145427;HDFC FMP 1265D October 2018 (1) - Quarterly IDCW Option - Direct Plan;INF179KB13U3;;10.3864;;;24-Aug-2021
145301;HDFC FMP 1274D October 2018 (1) - Growth Option;INF179KB18T4;;12.8115;;;24-Aug-2021
145298;HDFC FMP 1274D October 2018 (1) - Growth Option - Direct Plan;INF179KB15T0;;12.9254;;;24-Aug-2021
145300;HDFC FMP 1274D October 2018 (1) - IDCW Option;INF179KB19T2;;12.8115;;;24-Aug-2021
145297;HDFC FMP 1274D October 2018 (1) - IDCW Option - Direct Plan;INF179KB16T8;;12.9254;;;24-Aug-2021
145302;HDFC FMP 1274D October 2018 (1) - Quarterly IDCW Option;INF179KB10U9;;10.4284;;;24-Aug-2021
145299;HDFC FMP 1274D October 2018 (1) - Quarterly IDCW Option - Direct Plan;INF179KB17T6;;10.429;;;24-Aug-2021
145274;HDFC FMP 1280D October 2018 (1) - Growth Option;INF179KB16S0;;12.8363;;;24-Aug-2021
145272;HDFC FMP 1280D October 2018 (1) - Growth Option - Direct Plan;INF179KB13S7;;12.9569;;;24-Aug-2021
145275;HDFC FMP 1280D October 2018 (1) - Quarterly IDCW Option;INF179KB18S6;;10.4351;;;24-Aug-2021
145286;HDFC FMP 1344D October 2018 (1) - Growth Option;INF179KB12T7;;12.9422;;;24-Aug-2021
145285;HDFC FMP 1344D October 2018 (1) - Growth Option - Direct Plan;INF179KB19S4;;13.0528;;;24-Aug-2021
145283;HDFC FMP 1344D October 2018 (1) - IDCW Option;INF179KB13T5;;12.9422;;;24-Aug-2021
145281;HDFC FMP 1344D October 2018 (1) - IDCW Option - Direct Plan;INF179KB10T1;;13.0528;;;24-Aug-2021
145284;HDFC FMP 1344D October 2018 (1) - Quarterly IDCW Option;INF179KB14T3;;10.624;;;24-Aug-2021
145282;HDFC FMP 1344D October 2018 (1) - Quarterly IDCW Option - Direct Plan;INF179KB11T9;;10.6305;;;24-Aug-2021
145107;HDFC FMP 1372D September 2018 (1) - Growth Option;INF179KB10S3;;12.9343;;;24-Aug-2021
145104;HDFC FMP 1372D September 2018 (1) - Growth Option - Direct Plan;INF179KB17R0;;13.0366;;;24-Aug-2021
145106;HDFC FMP 1372D September 2018 (1) - IDCW Option;INF179KB11S1;;12.9343;;;24-Aug-2021
145103;HDFC FMP 1372D September 2018 (1) - IDCW Option - Direct Plan;INF179KB18R8;;13.0366;;;24-Aug-2021
145105;HDFC FMP 1372D September 2018 (1) - Quarterly IDCW Option - Direct Plan;INF179KB19R6;;10.53;;;24-Aug-2021
144979;HDFC FMP 1381D September 2018 (1) - Growth Option;INF179KB12Q3;;13.0659;;;24-Aug-2021
144981;HDFC FMP 1381D September 2018 (1) - Growth Option - Direct Plan;INF179KB19P0;;13.0974;;;24-Aug-2021
144978;HDFC FMP 1381D September 2018 (1) - IDCW Option;INF179KB13Q1;;13.0659;;;24-Aug-2021
144976;HDFC FMP 1381D September 2018 (1) - IDCW Option - Direct Plan;INF179KB10Q7;;13.0974;;;24-Aug-2021
144980;HDFC FMP 1381D September 2018 (1) - Quarterly IDCW Option;INF179KB14Q9;;11.4867;;;24-Aug-2021
144977;HDFC FMP 1381D September 2018 (1) - Quarterly IDCW Option - Direct Plan;INF179KB11Q5;;11.487;;;24-Aug-2021
143252;HDFC FMP 1434D May 2018 (1) - Growth Option;INF179KB11E1;;13.1036;;;24-Aug-2021
143253;HDFC FMP 1434D May 2018 (1) - Growth Option - Direct Plan;INF179KB18D8;;13.2123;;;24-Aug-2021
143251;HDFC FMP 1434D May 2018 (1) - IDCW Option;INF179KB12E9;;13.1036;;;24-Aug-2021
143248;HDFC FMP 1434D May 2018 (1) - IDCW Option - Direct Plan;INF179KB19D6;;13.2123;;;24-Aug-2021
143250;HDFC FMP 1434D May 2018 (1) - Quarterly IDCW Option;INF179KB13E7;;10.4032;;;24-Aug-2021
143249;HDFC FMP 1434D May 2018 (1) - Quarterly IDCW Option - Direct Plan;INF179KB10E3;;10.4082;;;24-Aug-2021
144798;HDFC FMP 1487D August 2018 (1) - Growth Option;INF179KB12O8;;13.1122;;;24-Aug-2021
144800;HDFC FMP 1487D August 2018 (1) - Growth Option - Direct Plan;INF179KB19N5;;13.294;;;24-Aug-2021
144797;HDFC FMP 1487D August 2018 (1) - IDCW Option;INF179KB13O6;;13.1122;;;24-Aug-2021
144796;HDFC FMP 1487D August 2018 (1) - IDCW Option - Direct Plan;INF179KB10O2;;13.294;;;24-Aug-2021
144801;HDFC FMP 1487D August 2018 (1) - Quarterly IDCW Option - Direct Plan;INF179KB11O0;;10.6729;;;24-Aug-2021
123401;HDFC FMP 1846D August 2013 (1) - Growth Option;INF179KB15P8;;20.0649;;;24-Aug-2021
123402;HDFC FMP 1846D August 2013 (1) - Growth Option - Direct Plan;INF179KB11P7;;20.5581;;;24-Aug-2021
123406;HDFC FMP 1846D August 2013 (1) - IDCW Option;INF179KB16P6;;13.1618;;;24-Aug-2021
123403;HDFC FMP 1846D August 2013 (1) - IDCW Option - Direct Plan;INF179KB12P5;;13.2857;;;24-Aug-2021
128541;HDFC FMP 3360D March 2014 (1) - Flexi Option;INF179KA1II3;;17.2013;;;24-Aug-2021
128539;HDFC FMP 3360D March 2014 (1) - Flexi Option - Direct Plan;INF179KA1IE2;;17.3294;;;24-Aug-2021
128542;HDFC FMP 3360D March 2014 (1) - Growth Option;INF179KA1IF9;;17.2013;;;24-Aug-2021
128544;HDFC FMP 3360D March 2014 (1) - Growth Option - Direct Plan;INF179KA1IB8;;17.3294;;;24-Aug-2021
128540;HDFC FMP 3360D March 2014 (1) - IDCW Option;INF179KA1IG7;;17.2013;;;24-Aug-2021
128538;HDFC FMP 3360D March 2014 (1) - IDCW Option - Direct Plan;INF179KA1IC6;;17.3294;;;24-Aug-2021
128543;HDFC FMP 3360D March 2014 (1) - Quarterly IDCW Option;INF179KA1IH5;;10.3236;;;24-Aug-2021
128545;HDFC FMP 3360D March 2014 (1) - Quarterly IDCW Option - Direct Plan;INF179KA1ID4;;10.3257;;;24-Aug-2021

HSBC Mutual Fund
144556;HSBC Fixed Term Series 136 - Direct Plan Growth Option;INF336L01ND3;;11.3139;;;24-Aug-2021
144555;HSBC Fixed Term Series 136 - Growth Option;INF336L01NF8;;11.2053;;;24-Aug-2021
144557;HSBC FTS 136 - IDCW - Tenure 1145 Days - Maturity: 30-Sep-2021;INF336L01NG6;;11.2053;;;24-Aug-2021
144558;HSBC FTS 136 - IDCW Direct Plan - Tenure 1145 Days - Maturity: 30-Sep-2021;INF336L01NE1;;11.3139;;;24-Aug-2021
146104;HSBC Fixed Term Series 137 - Growth Option;INF336L01NP7;;12.4204;;;24-Aug-2021
146102;HSBC Fixed Term Series 137 Direct Plan Growth Option;INF336L01NN2;;12.5068;;;24-Aug-2021
146103;HSBC FTS 137 - IDCW - Tenure 1187 Days - Maturity: 18-Apr-2022;INF336L01NQ5;;12.4204;;;24-Aug-2021
146101;HSBC FTS 137 - IDCW Direct Plan - Tenure 1187 Days - Maturity: 18-Apr-2022;INF336L01NO0;;12.5068;;;24-Aug-2021
146487;HSBC Fixed Term Series 139 - Direct Plan - Direct Plan - Growth Option;INF336L01NR3;;12.3904;;;24-Aug-2021
146488;HSBC Fixed Term Series 139 - Growth Option;INF336L01NT9;;12.3081;;;24-Aug-2021
146485;HSBC FTS 139 - IDCW - Tenure 1163 Days - Maturity: 03-May-2022;INF336L01NU7;;12.3081;;;24-Aug-2021
146486;HSBC FTS 139 - IDCW Direct Plan - Tenure 1163 Days - Maturity: 03-May-2022;INF336L01NS1;;12.3904;;;24-Aug-2021
147149;HSBC Fixed Term Series 140 - Growth Option;INF336L01OD1;;12.1555;;;24-Aug-2021
147152;HSBC Fixed Term Series 140 Direct plan - Growth Option;INF336L01OB5;;12.2316;;;24-Aug-2021
147151;HSBC FTS 140 - IDCW - Tenure 1147 Days - Maturity: 15-Jun-2022;INF336L01OE9;;12.1555;;;24-Aug-2021
147150;HSBC FTS 140 - IDCW Direct Plan - Tenure 1147 Days - Maturity: 15-Jun-2022;INF336L01OC3;;12.2316;;;24-Aug-2021

ICICI Prudential Mutual Fund
140143;ICICI Prudential Capital Protection Oriented Fund - Series XI - Plan A 2056 Days - Cumulative Option;INF109KB1K88;;14.6813;;;24-Aug-2021
140142;ICICI Prudential Capital Protection Oriented Fund - Series XI - Plan A 2056 Days - Direct Plan - Cumulative Option;INF109KB1L04;;15.3625;;;24-Aug-2021
140141;ICICI Prudential Capital Protection Oriented Fund - Series XI - Plan A 2056 Days - Direct Plan - IDCW Option;INF109KB1L12;;15.3625;;;24-Aug-2021
140140;ICICI Prudential Capital Protection Oriented Fund - Series XI - Plan A 2056 Days - IDCW Option;INF109KB1K96;;14.6813;;;24-Aug-2021
145521;ICICI Prudential Capital Protection Oriented Fund - Series XIV - Plan A 1275 Days - Cumulative Option;INF109KC1PC4;;13.1886;;;24-Aug-2021
145522;ICICI Prudential Capital Protection Oriented Fund - Series XIV - Plan A 1275 Days - Direct Plan - Cumulative Option;INF109KC1PE0;;13.3271;;;24-Aug-2021
145523;ICICI Prudential Capital Protection Oriented Fund - Series XIV - Plan A 1275 Days - Direct Plan - IDCW Option;INF109KC1PF7;;13.3271;;;24-Aug-2021
145524;ICICI Prudential Capital Protection Oriented Fund - Series XIV - Plan A 1275 Days - IDCW Option;INF109KC1PD2;;13.1886;;;24-Aug-2021
130062;ICICI Prudential Fixed Maturity Plan - Series 74 - 9 Years Plan U Direct Plan IDCW Option;INF109KA1WP4;;17.7862;;;24-Aug-2021
130064;ICICI Prudential Fixed Maturity Plan - Series 74 -9 Years Plan U Direct Plan Cumulative Option;INF109KA1WO7;;17.7862;;;24-Aug-2021
130063;ICICI Prudential Fixed Maturity Plan -Series 74 -9 Years Plan U Cumulative Option;INF109KA1WM1;;17.4459;;;24-Aug-2021
130061;ICICI Prudential Fixed Maturity Plan -Series 74 -9 Years Plan U IDCW Option;INF109KA1WN9;;17.4459;;;24-Aug-2021
144602;ICICI Prudential Fixed Maturity Plan - Series 83 - 1100 Days Plan X - Cumulative Option;INF109KC1JL8;;12.5822;;;24-Aug-2021
144603;ICICI Prudential Fixed Maturity Plan - Series 83 - 1100 Days Plan X - Direct Plan Cumulative Option;INF109KC1JO2;;12.6980;;;24-Aug-2021
144605;ICICI Prudential Fixed Maturity Plan - Series 83 - 1100 Days Plan X - Direct Plan Half Yearly IDCW Option;INF109KC1JQ7;;12.6980;;;24-Aug-2021
144606;ICICI Prudential Fixed Maturity Plan - Series 83 - 1100 Days Plan X - Direct Plan Quarterly IDCW Option;INF109KC1JP9;;12.6979;;;24-Aug-2021
144607;ICICI Prudential Fixed Maturity Plan - Series 83 - 1100 Days Plan X - Half Yearly IDCW Option;INF109KC1JN4;;12.5822;;;24-Aug-2021
144604;ICICI Prudential Fixed Maturity Plan - Series 83 - 1100 Days Plan X - Quarterly IDCW Option;INF109KC1JM6;;12.5822;;;24-Aug-2021
144696;ICICI Prudential Fixed Maturity Plan - Series 83 - 1101 Days Plan Z - Cumulative Option;INF109KC1JX3;;12.5953;;;24-Aug-2021
144697;ICICI Prudential Fixed Maturity Plan - Series 83 - 1101 Days Plan Z - Direct Plan Cumulative Option;INF109KC1KA9;;12.6775;;;24-Aug-2021
144700;ICICI Prudential Fixed Maturity Plan - Series 83 - 1101 Days Plan Z - Direct Plan Half Yearly IDCW Option;INF109KC1KC5;;12.6775;;;24-Aug-2021
144701;ICICI Prudential Fixed Maturity Plan - Series 83 - 1101 Days Plan Z - Direct Plan Quarterly IDCW Option;INF109KC1KB7;;12.6786;;;24-Aug-2021
144699;ICICI Prudential Fixed Maturity Plan - Series 83 - 1101 Days Plan Z - Half Yearly IDCW Option;INF109KC1JZ8;;12.5952;;;24-Aug-2021
144698;ICICI Prudential Fixed Maturity Plan - Series 83 - 1101 Days Plan Z - Quarterly IDCW Option;INF109KC1JY1;;12.5953;;;24-Aug-2021
144387;ICICI Prudential Fixed Maturity Plan - Series 83 - 1110 Days Plan T - Cumulative Option;INF109KC1II6;;12.5554;;;24-Aug-2021
144388;ICICI Prudential Fixed Maturity Plan - Series 83 - 1110 Days Plan T - Direct Plan Cumulative Option;INF109KC1IL0;;12.6606;;;24-Aug-2021
144389;ICICI Prudential Fixed Maturity Plan - Series 83 - 1110 Days Plan T - Quarterly IDCW Option;INF109KC1IJ4;;12.5554;;;24-Aug-2021
144596;ICICI Prudential Fixed Maturity Plan - Series 83 - 1111 Days Plan Y - Cumulative Option;INF109KC1JR5;;12.6119;;;24-Aug-2021
144599;ICICI Prudential Fixed Maturity Plan - Series 83 - 1111 Days Plan Y - Direct Plan Cumulative Option;INF109KC1JU9;;12.6902;;;24-Aug-2021
144598;ICICI Prudential Fixed Maturity Plan - Series 83 - 1111 Days Plan Y - Half Yearly IDCW Option;INF109KC1JT1;;12.6118;;;24-Aug-2021
144601;ICICI Prudential Fixed Maturity Plan - Series 83 - 1111 Days Plan Y - Quarterly IDCW Option;INF109KC1JS3;;12.6119;;;24-Aug-2021
143734;ICICI Prudential Fixed Maturity Plan - Series 83 - 1392 Days Plan J - Cumulative Option;INF109KC1FG6;;13.0906;;;24-Aug-2021
143735;ICICI Prudential Fixed Maturity Plan - Series 83 - 1392 Days Plan J - Direct Plan Cumulative Option;INF109KC1FJ0;;13.1933;;;24-Aug-2021
143733;ICICI Prudential Fixed Maturity Plan - Series 83 - 1392 Days Plan J - Direct Plan Half Yearly IDCW Option;INF109KC1FL6;;13.1933;;;24-Aug-2021
143731;ICICI Prudential Fixed Maturity Plan - Series 83 - 1392 Days Plan J - Direct Plan Quarterly IDCW Option;INF109KC1FK8;;13.1930;;;24-Aug-2021
143732;ICICI Prudential Fixed Maturity Plan - Series 83 - 1392 Days Plan J - Half Yearly IDCW Option;INF109KC1FI2;;13.0905;;;24-Aug-2021
143730;ICICI Prudential Fixed Maturity Plan - Series 83 - 1392 Days Plan J - Quarterly IDCW Option;INF109KC1FH4;;13.0906;;;24-Aug-2021
143442;ICICI Prudential Fixed Maturity Plan - Series 83 - 1406 Days Plan D - Cumulative Option;INF109KC1DU2;;13.1338;;;24-Aug-2021
143443;ICICI Prudential Fixed Maturity Plan - Series 83 - 1406 Days Plan D - Direct Plan Cumulative Option;INF109KC1DX6;;13.2516;;;24-Aug-2021
143447;ICICI Prudential Fixed Maturity Plan - Series 83 - 1406 Days Plan D - Half Yearly IDCW Option;INF109KC1DV0;;13.1333;;;24-Aug-2021
143445;ICICI Prudential Fixed Maturity Plan - Series 83 - 1406 Days Plan D - Quarterly IDCW Option;INF109KC1DW8;;13.1337;;;24-Aug-2021
143393;ICICI Prudential Fixed Maturity Plan - Series 83 - 1412 Days Plan B - Cumulative Option;INF109KC1DG1;;13.1389;;;24-Aug-2021
143392;ICICI Prudential Fixed Maturity Plan - Series 83 - 1412 Days Plan B - Direct Plan Cumulative Option;INF109KC1DJ5;;13.2482;;;24-Aug-2021
143395;ICICI Prudential Fixed Maturity Plan - Series 83 - 1412 Days Plan B - Direct Plan Half Yearly IDCW Option;INF109KC1DL1;;13.2481;;;24-Aug-2021
143394;ICICI Prudential Fixed Maturity Plan - Series 83 - 1412 Days Plan B - Direct Plan Quarterly IDCW Option;INF109KC1DK3;;13.2482;;;24-Aug-2021
143389;ICICI Prudential Fixed Maturity Plan - Series 83 - 1412 Days Plan B - Quarterly IDCW Option;INF109KC1DH9;;13.1389;;;24-Aug-2021
144077;ICICI Prudential Fixed Maturity Plan - Series 83 - 1735 Days Plan P - Cumulative Option;INF109KC1HA5;;13.3779;;;24-Aug-2021
144078;ICICI Prudential Fixed Maturity Plan - Series 83 - 1735 Days Plan P - Direct Plan Cumulative Option;INF109KC1HD9;;13.4540;;;24-Aug-2021
144080;ICICI Prudential Fixed Maturity Plan - Series 83 - 1735 Days Plan P - Direct Plan Quarterly IDCW Option;INF109KC1HE7;;13.4541;;;24-Aug-2021
144075;ICICI Prudential Fixed Maturity Plan - Series 83 - 1735 Days Plan P - Half Yearly IDCW Option;INF109KC1HC1;;13.3779;;;24-Aug-2021
144079;ICICI Prudential Fixed Maturity Plan - Series 83 - 1735 Days Plan P - Quarterly IDCW Option;INF109KC1HB3;;13.3779;;;24-Aug-2021
144817;ICICI Prudential Fixed Maturity Plan - Series 84 - 1101 Days Plan A - Cumulative Option;INF109KC1KD3;;12.5293;;;24-Aug-2021
144819;ICICI Prudential Fixed Maturity Plan - Series 84 - 1101 Days Plan A - Direct Plan Cumulative Option;INF109KC1KG6;;12.6155;;;24-Aug-2021
144816;ICICI Prudential Fixed Maturity Plan - Series 84 - 1101 Days Plan A - Direct Plan Half Yearly IDCW Option;INF109KC1KI2;;12.6155;;;24-Aug-2021
144815;ICICI Prudential Fixed Maturity Plan - Series 84 - 1101 Days Plan A - Direct Plan Quarterly IDCW Option;INF109KC1KH4;;12.6159;;;24-Aug-2021
144814;ICICI Prudential Fixed Maturity Plan - Series 84 - 1101 Days Plan A - Quarterly IDCW Option;INF109KC1KE1;;12.5293;;;24-Aug-2021
144941;ICICI Prudential Fixed Maturity Plan - Series 84 - 1103 Days Plan C - Cumulative Option;INF109KC1KN2;;12.7791;;;24-Aug-2021
144944;ICICI Prudential Fixed Maturity Plan - Series 84 - 1103 Days Plan C - Direct Plan Cumulative Option;INF109KC1KQ5;;12.8862;;;24-Aug-2021
144945;ICICI Prudential Fixed Maturity Plan - Series 84 - 1103 Days Plan C - Direct Plan Quarterly IDCW Option;INF109KC1KS1;;12.8862;;;24-Aug-2021
144946;ICICI Prudential Fixed Maturity Plan - Series 84 - 1103 Days Plan C - Half Yearly IDCW Option;INF109KC1KO0;;12.7791;;;24-Aug-2021
144942;ICICI Prudential Fixed Maturity Plan - Series 84 - 1103 Days Plan C - Quarterly IDCW Option;INF109KC1KP7;;12.7791;;;24-Aug-2021
146112;ICICI Prudential Fixed Maturity Plan - Series 84 - 1188 Days Plan Z - Cumulative Option;INF109KC1SC8;;12.4700;;;24-Aug-2021
146113;ICICI Prudential Fixed Maturity Plan - Series 84 - 1188 Days Plan Z - Direct Plan Cumulative Option;INF109KC1SH7;;12.5860;;;24-Aug-2021
146110;ICICI Prudential Fixed Maturity Plan - Series 84 - 1188 Days Plan Z - Half Yearly IDCW Option;INF109KC1SE4;;12.4701;;;24-Aug-2021
146111;ICICI Prudential Fixed Maturity Plan - Series 84 - 1188 Days Plan Z - Quarterly IDCW Option;INF109KC1SD6;;12.4701;;;24-Aug-2021
146017;ICICI Prudential Fixed Maturity Plan - Series 84 - 1204 Days Plan Y - Cumulative Option;INF109KC1RW8;;12.4666;;;24-Aug-2021
146018;ICICI Prudential Fixed Maturity Plan - Series 84 - 1204 Days Plan Y - Direct Plan Cumulative Option;INF109KC1SB0;;12.5443;;;24-Aug-2021
146022;ICICI Prudential Fixed Maturity Plan - Series 84 - 1204 Days Plan Y - Half Yearly IDCW Option;INF109KC1RY4;;12.4664;;;24-Aug-2021
146019;ICICI Prudential Fixed Maturity Plan - Series 84 - 1204 Days Plan Y - Quarterly IDCW Option;INF109KC1RX6;;12.4668;;;24-Aug-2021
145756;ICICI Prudential Fixed Maturity Plan - Series 84 - 1224 Days Plan S - Cumulative Option;INF109KC1PY8;;12.5652;;;24-Aug-2021
145751;ICICI Prudential Fixed Maturity Plan - Series 84 - 1224 Days Plan S - Direct Plan Cumulative Option;INF109KC1QB4;;12.6484;;;24-Aug-2021
145754;ICICI Prudential Fixed Maturity Plan - Series 84 - 1224 Days Plan S - Half Yearly IDCW Option;INF109KC1QA6;;12.5651;;;24-Aug-2021
145752;ICICI Prudential Fixed Maturity Plan - Series 84 - 1224 Days Plan S - Quarterly IDCW Option;INF109KC1PZ5;;12.5651;;;24-Aug-2021
145707;ICICI Prudential Fixed Maturity Plan - Series 84 - 1235 Days Plan R - Cumulative Option;INF109KC1QE8;;12.6256;;;24-Aug-2021
145709;ICICI Prudential Fixed Maturity Plan - Series 84 - 1235 Days Plan R - Direct Plan Cumulative Option;INF109KC1QH1;;12.7321;;;24-Aug-2021
145712;ICICI Prudential Fixed Maturity Plan - Series 84 - 1235 Days Plan R - Direct Plan Half Yearly IDCW Option;INF109KC1QJ7;;12.7279;;;24-Aug-2021
145711;ICICI Prudential Fixed Maturity Plan - Series 84 - 1235 Days Plan R - Direct Plan Quarterly IDCW Option;INF109KC1QI9;;12.7316;;;24-Aug-2021
145708;ICICI Prudential Fixed Maturity Plan - Series 84 - 1235 Days Plan R - Half Yearly IDCW Option;INF109KC1QG3;;12.6253;;;24-Aug-2021
145710;ICICI Prudential Fixed Maturity Plan - Series 84 - 1235 Days Plan R - Quarterly IDCW Option;INF109KC1QF5;;12.6256;;;24-Aug-2021
145520;ICICI Prudential Fixed Maturity Plan - Series 84 - 1245 Days Plan N - Cumulative Option;INF109KC1NU1;;12.7460;;;24-Aug-2021
145515;ICICI Prudential Fixed Maturity Plan - Series 84 - 1245 Days Plan N - Direct Plan Cumulative Option;INF109KC1NX5;;12.8336;;;24-Aug-2021
145517;ICICI Prudential Fixed Maturity Plan - Series 84 - 1245 Days Plan N - Direct Plan Quarterly IDCW Option;INF109KC1NY3;;12.8336;;;24-Aug-2021
145516;ICICI Prudential Fixed Maturity Plan - Series 84 - 1245 Days Plan N - Quarterly IDCW Option;INF109KC1NV9;;12.7460;;;24-Aug-2021
145436;ICICI Prudential Fixed Maturity Plan - Series 84 - 1247 Days Plan M - Cumulative Option;INF109KC1NI6;;12.6109;;;24-Aug-2021
145431;ICICI Prudential Fixed Maturity Plan - Series 84 - 1247 Days Plan M - Direct Plan Cumulative Option;INF109KC1NL0;;12.6964;;;24-Aug-2021
145434;ICICI Prudential Fixed Maturity Plan - Series 84 - 1247 Days Plan M - Half Yearly IDCW Option;INF109KC1NK2;;12.6108;;;24-Aug-2021
145432;ICICI Prudential Fixed Maturity Plan - Series 84 - 1247 Days Plan M - Quarterly IDCW Option;INF109KC1NJ4;;12.6108;;;24-Aug-2021
145996;ICICI Prudential Fixed Maturity Plan - Series 84 - 1247 Days Plan W - Cumulative Option;INF109KC1RK3;;12.4863;;;24-Aug-2021
145997;ICICI Prudential Fixed Maturity Plan - Series 84 - 1247 Days Plan W - Direct Plan Cumulative Option;INF109KC1RP2;;12.5663;;;24-Aug-2021
145999;ICICI Prudential Fixed Maturity Plan - Series 84 - 1247 Days Plan W - Direct Plan Half Yearly IDCW Option;INF109KC1RO5;;12.5663;;;24-Aug-2021
145998;ICICI Prudential Fixed Maturity Plan - Series 84 - 1247 Days Plan W - Direct Plan Quarterly IDCW Option;INF109KC1RN7;;12.5663;;;24-Aug-2021
146000;ICICI Prudential Fixed Maturity Plan - Series 84 - 1247 Days Plan W - Half Yearly IDCW Option;INF109KC1RM9;;12.4863;;;24-Aug-2021
145995;ICICI Prudential Fixed Maturity Plan - Series 84 - 1247 Days Plan W - Quarterly IDCW Option;INF109KC1RL1;;12.4863;;;24-Aug-2021
145904;ICICI Prudential Fixed Maturity Plan - Series 84 - 1254 Days Plan U - Cumulative Option;INF109KC1QU4;;12.4810;;;24-Aug-2021
145905;ICICI Prudential Fixed Maturity Plan - Series 84 - 1254 Days Plan U - Direct Plan Cumulative Option;INF109KC1QZ3;;12.5644;;;24-Aug-2021
145909;ICICI Prudential Fixed Maturity Plan - Series 84 - 1254 Days Plan U - Direct Plan Half Yearly IDCW Option;INF109KC1QY6;;12.5644;;;24-Aug-2021
145907;ICICI Prudential Fixed Maturity Plan - Series 84 - 1254 Days Plan U - Half Yearly IDCW Option;INF109KC1QW0;;12.4757;;;24-Aug-2021
145906;ICICI Prudential Fixed Maturity Plan - Series 84 - 1254 Days Plan U - Quarterly IDCW Option;INF109KC1QV2;;12.4809;;;24-Aug-2021
145705;ICICI Prudential Fixed Maturity Plan - Series 84 - 1272 Days Plan Q - Cumulative Option;INF109KC1PS0;;12.6463;;;24-Aug-2021
145701;ICICI Prudential Fixed Maturity Plan - Series 84 - 1272 Days Plan Q - Direct Plan Cumulative Option;INF109KC1PV4;;12.7282;;;24-Aug-2021
145706;ICICI Prudential Fixed Maturity Plan - Series 84 - 1272 Days Plan Q - Half Yearly IDCW Option;INF109KC1PU6;;12.6463;;;24-Aug-2021
145702;ICICI Prudential Fixed Maturity Plan - Series 84 - 1272 Days Plan Q - Quarterly IDCW Option;INF109KC1PT8;;12.6463;;;24-Aug-2021
145312;ICICI Prudential Fixed Maturity Plan - Series 84 - 1275 Days Plan K - Cumulative Option;INF109KC1MO6;;12.8007;;;24-Aug-2021
145307;ICICI Prudential Fixed Maturity Plan - Series 84 - 1275 Days Plan K - Direct Plan Cumulative Option;INF109KC1MR9;;12.9103;;;24-Aug-2021
145310;ICICI Prudential Fixed Maturity Plan - Series 84 - 1275 Days Plan K - Direct Plan Half Yearly IDCW Option;INF109KC1MT5;;12.9103;;;24-Aug-2021
145309;ICICI Prudential Fixed Maturity Plan - Series 84 - 1275 Days Plan K - Half Yearly IDCW Option;INF109KC1MQ1;;12.8007;;;24-Aug-2021
145308;ICICI Prudential Fixed Maturity Plan - Series 84 - 1275 Days Plan K - Quarterly IDCW Option;INF109KC1MP3;;12.8007;;;24-Aug-2021
145627;ICICI Prudential Fixed Maturity Plan - Series 84 - 1279 Days Plan P - Cumulative Option;INF109KC1PM3;;12.6567;;;24-Aug-2021
145628;ICICI Prudential Fixed Maturity Plan - Series 84 - 1279 Days Plan P - Direct Plan Cumulative Option;INF109KC1PP6;;12.7435;;;24-Aug-2021
145630;ICICI Prudential Fixed Maturity Plan - Series 84 - 1279 Days Plan P - Half Yearly IDCW Option;INF109KC1PO9;;12.6598;;;24-Aug-2021
145632;ICICI Prudential Fixed Maturity Plan - Series 84 - 1279 Days Plan P - Quarterly IDCW Option;INF109KC1PN1;;12.6567;;;24-Aug-2021
145119;ICICI Prudential Fixed Maturity Plan - Series 84 - 1286 Days Plan F - Cumulative Option;INF109KC1LM2;;12.8517;;;24-Aug-2021
145122;ICICI Prudential Fixed Maturity Plan - Series 84 - 1286 Days Plan F - Direct Plan Cumulative Option;INF109KC1LP5;;12.9352;;;24-Aug-2021
145124;ICICI Prudential Fixed Maturity Plan - Series 84 - 1286 Days Plan F - Direct Plan Quarterly IDCW Option;INF109KC1LQ3;;12.9352;;;24-Aug-2021
145123;ICICI Prudential Fixed Maturity Plan - Series 84 - 1286 Days Plan F - Quarterly IDCW Option;INF109KC1LN0;;12.8517;;;24-Aug-2021
145184;ICICI Prudential Fixed Maturity Plan - Series 84 - 1287 Days Plan I - Cumulative Option;INF109KC1MI8;;12.8685;;;24-Aug-2021
145185;ICICI Prudential Fixed Maturity Plan - Series 84 - 1287 Days Plan I - Direct Plan Cumulative Option;INF109KC1ML2;;12.9801;;;24-Aug-2021
145183;ICICI Prudential Fixed Maturity Plan - Series 84 - 1287 Days Plan I - Half Yearly IDCW Option;INF109KC1MK4;;12.8680;;;24-Aug-2021
145186;ICICI Prudential Fixed Maturity Plan - Series 84 - 1287 Days Plan I - Quarterly IDCW Option;INF109KC1MJ6;;12.8683;;;24-Aug-2021
145024;ICICI Prudential Fixed Maturity Plan - Series 84 - 1288 Days Plan E - Cumulative Option;INF109KC1LA7;;12.8613;;;24-Aug-2021
145028;ICICI Prudential Fixed Maturity Plan - Series 84 - 1288 Days Plan E - Direct Plan Cumulative Option;INF109KC1LD1;;12.9517;;;24-Aug-2021
145026;ICICI Prudential Fixed Maturity Plan - Series 84 - 1288 Days Plan E - Half Yearly IDCW Option;INF109KC1LC3;;12.8613;;;24-Aug-2021
145025;ICICI Prudential Fixed Maturity Plan - Series 84 - 1288 Days Plan E - Quarterly IDCW Option;INF109KC1LB5;;12.8611;;;24-Aug-2021
145623;ICICI Prudential Fixed Maturity Plan - Series 84 - 1288 Days Plan O - Cumulative Option;INF109KC1PG5;;12.7918;;;24-Aug-2021
145625;ICICI Prudential Fixed Maturity Plan - Series 84 - 1288 Days Plan O - Direct Plan Cumulative Option;INF109KC1PJ9;;12.8274;;;24-Aug-2021
145626;ICICI Prudential Fixed Maturity Plan - Series 84 - 1288 Days Plan O - Direct Plan Quarterly IDCW Option;INF109KC1PK7;;12.8274;;;24-Aug-2021
145023;ICICI Prudential Fixed Maturity Plan - Series 84 - 1293 Days Plan D - Cumulative Option;INF109KC1KU7;;12.9503;;;24-Aug-2021
145018;ICICI Prudential Fixed Maturity Plan - Series 84 - 1293 Days Plan D - Direct Plan Cumulative Option;INF109KC1KX1;;13.0497;;;24-Aug-2021
145021;ICICI Prudential Fixed Maturity Plan - Series 84 - 1293 Days Plan D - Half Yearly IDCW Option;INF109KC1KW3;;12.9515;;;24-Aug-2021
145019;ICICI Prudential Fixed Maturity Plan - Series 84 - 1293 Days Plan D - Quarterly IDCW Option;INF109KC1KV5;;12.9503;;;24-Aug-2021
146797;ICICI Prudential Fixed Maturity Plan - Series 85 - 10 Years Plan I - Cumulative Option;INF109KC1VQ2;;12.8637;;;24-Aug-2021
146795;ICICI Prudential Fixed Maturity Plan - Series 85 - 10 Years Plan I - Direct Plan Cumulative Option;INF109KC1VT6;;12.9422;;;24-Aug-2021
146800;ICICI Prudential Fixed Maturity Plan - Series 85 - 10 Years Plan I - Quarterly IDCW Option;INF109KC1VR0;;12.8637;;;24-Aug-2021
146911;ICICI Prudential Fixed Maturity Plan - Series 85 - 1127 Days Plan O - Cumulative Option;INF109KC1WY4;;12.0958;;;24-Aug-2021
146912;ICICI Prudential Fixed Maturity Plan - Series 85 - 1127 Days Plan O - Direct Plan Cumulative Option;INF109KC1XB0;;12.1690;;;24-Aug-2021
146915;ICICI Prudential Fixed Maturity Plan - Series 85 - 1127 Days Plan O - Half Yearly IDCW Option;INF109KC1XA2;;12.0958;;;24-Aug-2021
146935;ICICI Prudential Fixed Maturity Plan - Series 85 - 1127 Days Plan Q - Cumulative Option;INF109KC1XO3;;12.1097;;;24-Aug-2021
146931;ICICI Prudential Fixed Maturity Plan - Series 85 - 1127 Days Plan Q - Direct Plan Cumulative Option;INF109KC1XR6;;12.1681;;;24-Aug-2021
146932;ICICI Prudential Fixed Maturity Plan - Series 85 - 1127 Days Plan Q - Half Yearly IDCW Option;INF109KC1XQ8;;12.1103;;;24-Aug-2021
146933;ICICI Prudential Fixed Maturity Plan - Series 85 - 1127 Days Plan Q - Quarterly IDCW Option;INF109KC1XP0;;12.1097;;;24-Aug-2021
146926;ICICI Prudential Fixed Maturity Plan - Series 85 - 1129 Days Plan P - Cumulative Option;INF109KC1XI5;;12.1574;;;24-Aug-2021
146924;ICICI Prudential Fixed Maturity Plan - Series 85 - 1129 Days Plan P - Direct Plan Cumulative Option;INF109KC1XL9;;12.1867;;;24-Aug-2021
146925;ICICI Prudential Fixed Maturity Plan - Series 85 - 1129 Days Plan P - Quarterly IDCW Option;INF109KC1XJ3;;12.1574;;;24-Aug-2021
146981;ICICI Prudential Fixed Maturity Plan - Series 85 - 1140 Days Plan R - Cumulative Option;INF109KC1XU0;;12.2854;;;24-Aug-2021
146982;ICICI Prudential Fixed Maturity Plan - Series 85 - 1140 Days Plan R - Direct Plan Cumulative Option;INF109KC1XX4;;12.3440;;;24-Aug-2021
146983;ICICI Prudential Fixed Maturity Plan - Series 85 - 1140 Days Plan R - Quarterly IDCW Option;INF109KC1XV8;;12.2854;;;24-Aug-2021
146810;ICICI Prudential Fixed Maturity Plan - Series 85 - 1143 Days Plan J - Cumulative Option;INF109KC1VK5;;12.1728;;;24-Aug-2021
146811;ICICI Prudential Fixed Maturity Plan - Series 85 - 1143 Days Plan J - Direct Plan Cumulative Option;INF109KC1VN9;;12.2026;;;24-Aug-2021
146809;ICICI Prudential Fixed Maturity Plan - Series 85 - 1143 Days Plan J - Direct Plan Quarterly IDCW Option;INF109KC1VO7;;12.2026;;;24-Aug-2021
146807;ICICI Prudential Fixed Maturity Plan - Series 85 - 1143 Days Plan J - Half Yearly IDCW Option;INF109KC1VM1;;12.1728;;;24-Aug-2021
146531;ICICI Prudential Fixed Maturity Plan - Series 85 - 1156 Days Plan F - Cumulative Option;INF109KC1UK7;;12.2736;;;24-Aug-2021
146532;ICICI Prudential Fixed Maturity Plan - Series 85 - 1156 Days Plan F - Direct Plan Cumulative Option;INF109KC1UN1;;12.3668;;;24-Aug-2021
146530;ICICI Prudential Fixed Maturity Plan - Series 85 - 1156 Days Plan F - Direct Plan Half Yearly IDCW Option;INF109KC1UP6;;12.3668;;;24-Aug-2021
146535;ICICI Prudential Fixed Maturity Plan - Series 85 - 1156 Days Plan F - Half Yearly IDCW Option;INF109KC1UM3;;12.2736;;;24-Aug-2021
146533;ICICI Prudential Fixed Maturity Plan - Series 85 - 1156 Days Plan F - Quarterly IDCW Option;INF109KC1UL5;;12.2736;;;24-Aug-2021
146662;ICICI Prudential Fixed Maturity Plan - Series 85 - 1156 Days Plan G - Cumulative Option;INF109KC1UQ4;;12.3295;;;24-Aug-2021
146663;ICICI Prudential Fixed Maturity Plan - Series 85 - 1156 Days Plan G - Direct Plan Cumulative Option;INF109KC1UT8;;12.3599;;;24-Aug-2021
146664;ICICI Prudential Fixed Maturity Plan - Series 85 - 1156 Days Plan G - Half Yearly IDCW Option;INF109KC1US0;;12.3295;;;24-Aug-2021
146659;ICICI Prudential Fixed Maturity Plan - Series 85 - 1156 Days Plan G - Quarterly IDCW Option;INF109KC1UR2;;12.3295;;;24-Aug-2021
146448;ICICI Prudential Fixed Maturity Plan - Series 85 - 1168 Days Plan E - Cumulative Option;INF109KC1TK9;;12.3679;;;24-Aug-2021
146450;ICICI Prudential Fixed Maturity Plan - Series 85 - 1168 Days Plan E - Direct Plan Cumulative Option;INF109KC1TN3;;12.3834;;;24-Aug-2021
146446;ICICI Prudential Fixed Maturity Plan - Series 85 - 1168 Days Plan E - Direct Plan Quarterly IDCW Option;INF109KC1TO1;;12.3834;;;24-Aug-2021
146445;ICICI Prudential Fixed Maturity Plan - Series 85 - 1168 Days Plan E - Quarterly IDCW Option;INF109KC1TL7;;12.3679;;;24-Aug-2021
146306;ICICI Prudential Fixed Maturity Plan - Series 85 - 1175 Days Plan D - Cumulative Option;INF109KC1TA0;;12.3470;;;24-Aug-2021
146309;ICICI Prudential Fixed Maturity Plan - Series 85 - 1175 Days Plan D - Direct Plan Cumulative Option;INF109KC1TD4;;12.4236;;;24-Aug-2021
146308;ICICI Prudential Fixed Maturity Plan - Series 85 - 1175 Days Plan D - Direct Plan Quarterly IDCW Option;INF109KC1TE2;;12.4236;;;24-Aug-2021
146310;ICICI Prudential Fixed Maturity Plan - Series 85 - 1175 Days Plan D - Half Yearly IDCW Option;INF109KC1TC6;;12.3469;;;24-Aug-2021
146307;ICICI Prudential Fixed Maturity Plan - Series 85 - 1175 Days Plan D - Quarterly IDCW Option;INF109KC1TB8;;12.3470;;;24-Aug-2021
146255;ICICI Prudential Fixed Maturity Plan - Series 85 - 1178 Days Plan B - Cumulative Option;INF109KC1SO3;;12.4060;;;24-Aug-2021
146256;ICICI Prudential Fixed Maturity Plan - Series 85 - 1178 Days Plan B - Direct Plan Cumulative Option;INF109KC1SR6;;12.5108;;;24-Aug-2021
146258;ICICI Prudential Fixed Maturity Plan - Series 85 - 1178 Days Plan B - Direct Plan Half Yearly IDCW Option;INF109KC1ST2;;12.5110;;;24-Aug-2021
146259;ICICI Prudential Fixed Maturity Plan - Series 85 - 1178 Days Plan B - Direct Plan Quarterly IDCW Option;INF109KC1SS4;;12.5093;;;24-Aug-2021
146260;ICICI Prudential Fixed Maturity Plan - Series 85 - 1178 Days Plan B - Half Yearly IDCW Option;INF109KC1SQ8;;12.4060;;;24-Aug-2021
146257;ICICI Prudential Fixed Maturity Plan - Series 85 - 1178 Days Plan B - Quarterly IDCW Option;INF109KC1SP0;;12.4057;;;24-Aug-2021
146340;ICICI Prudential Fixed Maturity Plan - Series 85 - 1185 Days Plan C - Cumulative Option;INF109KC1SU0;;12.5228;;;24-Aug-2021
146344;ICICI Prudential Fixed Maturity Plan - Series 85 - 1185 Days Plan C - Direct Plan Cumulative Option;INF109KC1SX4;;12.6178;;;24-Aug-2021
146343;ICICI Prudential Fixed Maturity Plan - Series 85 - 1185 Days Plan C - Direct Plan Half Yearly IDCW Option;INF109KC1SZ9;;12.6178;;;24-Aug-2021
146342;ICICI Prudential Fixed Maturity Plan - Series 85 - 1185 Days Plan C - Half Yearly IDCW Option;INF109KC1SW6;;12.5226;;;24-Aug-2021
146345;ICICI Prudential Fixed Maturity Plan - Series 85 - 1185 Days Plan C - Quarterly IDCW Option;INF109KC1SV8;;12.5228;;;24-Aug-2021
146115;ICICI Prudential Fixed Maturity Plan - Series 85 - 1197 Days Plan A - Cumulative Option;INF109KC1SI5;;12.4423;;;24-Aug-2021
146117;ICICI Prudential Fixed Maturity Plan - Series 85 - 1197 Days Plan A - Direct Plan Cumulative Option;INF109KC1SL9;;12.5265;;;24-Aug-2021
146116;ICICI Prudential Fixed Maturity Plan - Series 85 - 1197 Days Plan A - Direct Plan Quarterly IDCW Option;INF109KC1SM7;;12.5265;;;24-Aug-2021
146118;ICICI Prudential Fixed Maturity Plan - Series 85 - 1197 Days Plan A - Half Yearly IDCW Option;INF109KC1SK1;;12.4422;;;24-Aug-2021
146119;ICICI Prudential Fixed Maturity Plan - Series 85 - 1197 Days Plan A - Quarterly IDCW Option;INF109KC1SJ3;;12.4423;;;24-Aug-2021
147137;ICICI Prudential Fixed Maturity Plan - Series 86 - 1099 Days Plan A - Cumulative Option;INF109KC1A21;;12.1076;;;24-Aug-2021
147138;ICICI Prudential Fixed Maturity Plan - Series 86 - 1099 Days Plan A - Direct Plan Cumulative Option;INF109KC1A54;;12.1797;;;24-Aug-2021
147141;ICICI Prudential Fixed Maturity Plan - Series 86 - 1099 Days Plan A - Direct Plan Half Yearly IDCW Option;INF109KC1A70;;12.1797;;;24-Aug-2021
147142;ICICI Prudential Fixed Maturity Plan - Series 86 - 1099 Days Plan A - Half Yearly IDCW Option;INF109KC1A47;;12.0988;;;24-Aug-2021
147139;ICICI Prudential Fixed Maturity Plan - Series 86 - 1099 Days Plan A - Quarterly IDCW Option;INF109KC1A39;;12.1076;;;24-Aug-2021
148185;ICICI Prudential Fixed Maturity Plan - Series 87 - 1141 Days Plan G - Cumulative Option;INF109KC1K52;;11.3484;;;24-Aug-2021
148186;ICICI Prudential Fixed Maturity Plan - Series 87 - 1141 Days Plan G - Direct Plan Cumulative Option;INF109KC1K86;;11.3586;;;24-Aug-2021
148187;ICICI Prudential Fixed Maturity Plan - Series 87 - 1141 Days Plan G - Half Yearly IDCW Option;INF109KC1K78;;11.3482;;;24-Aug-2021
148182;ICICI Prudential Fixed Maturity Plan - Series 87 - 1141 Days Plan G - Quarterly IDCW Option;INF109KC1K60;;11.3483;;;24-Aug-2021
147899;ICICI Prudential Fixed Maturity Plan - Series 87 - 1174 Days Plan B - Cumulative Option;INF109KC1G90;;11.3692;;;24-Aug-2021
147900;ICICI Prudential Fixed Maturity Plan - Series 87 - 1174 Days Plan B - Direct Plan Cumulative Option;INF109KC1H24;;11.3934;;;24-Aug-2021
147902;ICICI Prudential Fixed Maturity Plan - Series 87 - 1174 Days Plan B - Direct Plan Half Yearly IDCW Option;INF109KC1H40;;11.3934;;;24-Aug-2021
147904;ICICI Prudential Fixed Maturity Plan - Series 87 - 1174 Days Plan B - Direct Plan Quarterly IDCW Option;INF109KC1H32;;11.3934;;;24-Aug-2021
147901;ICICI Prudential Fixed Maturity Plan - Series 87 - 1174 Days Plan B - Half Yearly IDCW Option;INF109KC1H16;;11.3692;;;24-Aug-2021
147903;ICICI Prudential Fixed Maturity Plan - Series 87 - 1174 Days Plan B - Quarterly IDCW Option;INF109KC1H08;;11.3692;;;24-Aug-2021
147858;ICICI Prudential Fixed Maturity Plan - Series 87 - 1214 Days Plan A - Cumulative Option;INF109KC1G25;;11.5495;;;24-Aug-2021
147859;ICICI Prudential Fixed Maturity Plan - Series 87 - 1214 Days Plan A - Direct Plan Cumulative Option;INF109KC1G58;;11.5717;;;24-Aug-2021
147862;ICICI Prudential Fixed Maturity Plan - Series 87 - 1214 Days Plan A - Direct Plan Half Yearly IDCW Option;INF109KC1G74;;11.5716;;;24-Aug-2021
147860;ICICI Prudential Fixed Maturity Plan - Series 87 - 1214 Days Plan A - Direct Plan Quarterly IDCW Option;INF109KC1G66;;11.5717;;;24-Aug-2021
147861;ICICI Prudential Fixed Maturity Plan - Series 87 - 1214 Days Plan A - Half Yearly IDCW Option;INF109KC1G41;;11.5495;;;24-Aug-2021
147863;ICICI Prudential Fixed Maturity Plan - Series 87 - 1214 Days Plan A - Quarterly IDCW Option;INF109KC1G33;;11.5495;;;24-Aug-2021

Invesco Mutual Fund
143548;Invesco India Fixed Maturity Plan - Series 31 - Plan D - Direct - Growth;INF205K015P6;;13.3467;;;24-Aug-2021
143549;Invesco India Fixed Maturity Plan - Series 31 - Plan D - Regular - Growth;INF205K013P1;;13.2588;;;24-Aug-2021
143550;Invesco India Fixed Maturity Plan - Series 31 - Plan D - Regular - IDCW (Payout);INF205K012P3;;13.2538;;;24-Aug-2021
144610;Invesco India Fixed Maturity Plan - Series 32 - Plan D - Direct - Growth;INF205K011S9;;12.712;;;24-Aug-2021
144609;Invesco India Fixed Maturity Plan - Series 32 - Plan D - Direct - IDCW (Payout);INF205K010S1;;12.7121;;;24-Aug-2021
144611;Invesco India Fixed Maturity Plan - Series 32 - Plan D - Regular - Growth;INF205K019R4;;12.6346;;;24-Aug-2021
144608;Invesco India Fixed Maturity Plan - Series 32 - Plan D - Regular - IDCW (Payout);INF205K018R6;;12.6346;;;24-Aug-2021
144879;Invesco India Fixed Maturity Plan - Series 32 - Plan E - Direct - Growth;INF205K015S0;;12.7526;;;24-Aug-2021
144876;Invesco India Fixed Maturity Plan - Series 32 - Plan E - Direct - IDCW (Payout);INF205K014S3;;12.7488;;;24-Aug-2021
144878;Invesco India Fixed Maturity Plan - Series 32 - Plan E - Regular - Growth;INF205K013S5;;12.6768;;;24-Aug-2021
144877;Invesco India Fixed Maturity Plan - Series 32 - Plan E - Regular - IDCW (Payout);INF205K012S7;;12.6768;;;24-Aug-2021
145079;Invesco India Fixed Maturity Plan - Series 33 - Plan B - Direct - Growth;INF205K013U1;;13.0354;;;24-Aug-2021
145081;Invesco India Fixed Maturity Plan - Series 33 - Plan B - Regular - Growth;INF205K011U5;;12.959;;;24-Aug-2021
145699;Invesco India Fixed Maturity Plan - Series 33 - Plan D - Direct - Growth;INF205K011V3;;12.7407;;;24-Aug-2021
145698;Invesco India Fixed Maturity Plan - Series 33 - Plan D - Regular - Growth;INF205K019U8;;12.6536;;;24-Aug-2021

Kotak Mahindra Mutual Fund
143343;Kotak FMP Series 226 - Direct Plan- Growth Option;INF174K017X3;;13.3587;;;24-Aug-2021
143345;KOtak FMP Series 226 - Direct Plan- Payout of Income Distribution cum capital withdrawal Option;INF174K018X1;;13.3587;;;24-Aug-2021
143344;Kotak FMP Series 226 - Regular Plan - Payout of Income Distribution cum capital withdrawal Option;INF174K016X5;;13.2756;;;24-Aug-2021
143342;Kotak FMP Series 226 - Regular Plan- Growth Option;INF174K015X7;;13.2756;;;24-Aug-2021
144279;Kotak FMP Series 234 - Direct Plan - Growth Option;INF174KA1103;;12.9781;;;24-Aug-2021
144281;Kotak FMP Series 234 - Regular Plan - Growth Option;INF174KA1087;;12.8827;;;24-Aug-2021
144282;Kotak FMP Series 234 -Regular Plan-Payout of Income Distribution cum capital withdrawal Option;INF174KA1095;;12.8827;;;24-Aug-2021
144283;Kotak FMP Series 235 - Direct Plan - Growth option;INF174KA1145;;12.7323;;;24-Aug-2021
144284;Kotak FMP Series 235 - Regular Plan - Growth Option;INF174KA1129;;12.6385;;;24-Aug-2021
144286;Kotak FMP Series 235 - Regular Plan - Payout of Income Distribution cum capital withdrawal Option;INF174KA1137;;12.6391;;;24-Aug-2021
144459;Kotak FMP Series 237 - Direct Plan-Growth Option;INF174KA1285;;12.7689;;;24-Aug-2021
144457;Kotak FMP Series 237 - Regular Plan -Payout of Income Distribution cum capital withdrawal Option;INF174KA1277;;12.677;;;24-Aug-2021
144460;Kotak FMP Series 237- Regular Plan -Growth Option;INF174KA1269;;12.6761;;;24-Aug-2021
144589;Kotak FMP Series 239 - Direct Plan - Growth option;INF174KA1368;;13.1352;;;24-Aug-2021
144590;Kotak FMP Series 239 - Direct Plan - Payout of Income Distribution cum capital withdrawal Option;INF174KA1376;;13.1353;;;24-Aug-2021
144588;Kotak FMP Series 239 - Regular plan -Growth option;INF174KA1343;;13.1015;;;24-Aug-2021
144591;Kotak FMP Series 239 - Regular plan- Payout of Income Distribution cum capital withdrawal Option;INF174KA1350;;13.1015;;;24-Aug-2021
144614;Kotak FMP Series 240 - Direct Plan - Growth Option;INF174KA1400;;12.7338;;;24-Aug-2021
144615;Kotak FMP Series 240 - Regular Plan - Growth option;INF174KA1384;;12.6428;;;24-Aug-2021
144612;Kotak FMP Series 240-Regular Plan - Payout of Income Distribution cum capital withdrawal Option;INF174KA1392;;12.6421;;;24-Aug-2021
144671;Kotak FMP Series 242 - Direct Plan  -Growth Option;INF174KA1483;;12.7078;;;24-Aug-2021
144672;Kotak FMP Series 242 - Direct Plan - Payout of Income Distribution cum capital withdrawal Option;INF174KA1491;;12.7077;;;24-Aug-2021
144669;Kotak FMP Series 242 - Regular Growth;INF174KA1467;;12.6183;;;24-Aug-2021
144670;Kotak FMP Series 242 -Regular Plan -Payout of Income Distribution cum capital withdrawal Option;INF174KA1475;;12.6183;;;24-Aug-2021
144849;Kotak FMP Series 243 - Regular Plan -Payout of Income Distribution cum capital withdrawal Option;INF174KA1558;;13.0144;;;24-Aug-2021
144851;Kotak FMP Series 243-Direct Plan - Payout of Income Distribution cum capital withdrawal Option;INF174KA1574;;13.1254;;;24-Aug-2021
144850;Kotak FMP Series 243-Direct Plan -Growth Option;INF174KA1566;;13.1254;;;24-Aug-2021
144848;Kotak FMP Series 243-Regular Plan-Growth Option;INF174KA1541;;13.0144;;;24-Aug-2021
145005;Kotak FMP Series 245 -Regular Plan-Payout of Income Distribution cum capital withdrawal Option;INF174KA1632;;12.5119;;;24-Aug-2021
145006;Kotak FMP Series 245-Direct Plan-Growth Option;INF174KA1640;;12.6161;;;24-Aug-2021
145007;Kotak FMP Series 245-Direct Plan-Payout of Income Distribution cum capital withdrawal Option;INF174KA1657;;12.6161;;;24-Aug-2021
145004;Kotak FMP Series 245-Regular Plan-Growth Option;INF174KA1624;;12.5119;;;24-Aug-2021
145086;Kotak FMP Series 246 - Direct Plan - Growth Option;INF174KA1681;;12.7976;;;24-Aug-2021
145085;Kotak FMP Series 246 - Regular Plan - Payout of Income Distribution cum capital withdrawal Option;INF174KA1673;;12.638;;;24-Aug-2021
145083;Kotak FMP Series 246 -Direct plan - Payout of Income Distribution cum capital withdrawal Option;INF174KA1699;;12.7976;;;24-Aug-2021
145084;Kotak FMP Series 246 -Regular Plan - Growth oPtion;INF174KA1665;;12.638;;;24-Aug-2021
145189;Kotak FMP Series 247 - Regular Plan -Payout of Income Distribution cum capital withdrawal Option;INF174KA1715;;13.0013;;;24-Aug-2021
145187;Kotak FMP Series 247 -Direct Plan -Growth option;INF174KA1723;;13.1103;;;24-Aug-2021
145188;Kotak FMP Series 247 -Regular Plan - Growth option;INF174KA1707;;13.0013;;;24-Aug-2021
145240;Kotak FMP Series 248 - Direct Plan -Growth Option;INF174KA1764;;13.0409;;;24-Aug-2021
145239;Kotak FMP Series 248 - Direct Plan -Payout of Income Distribution cum capital withdrawal Option;INF174KA1772;;13.0406;;;24-Aug-2021
145242;Kotak FMP Series 248 -Regular Plan - Growth Option;INF174KA1749;;12.9172;;;24-Aug-2021
145241;Kotak FMP Series 248- Regular Plan - Payout of Income Distribution cum capital withdrawal Option;INF174KA1756;;12.9172;;;24-Aug-2021
145381;Kotak FMP Series 250-Direct Plan-Growth Option;INF174KA1848;;12.9563;;;24-Aug-2021
145379;Kotak FMP Series 250-Regular plan-growth option;INF174KA1822;;12.8467;;;24-Aug-2021
145380;Kotak FMP Series 250-regular plan-Payout of Income Distribution cum capital withdrawal Option;INF174KA1830;;12.8467;;;24-Aug-2021
145588;Kotak FMP Series 251-1265 days-Direct Paln-Gwoth option;INF174KA1AA2;;12.7834;;;24-Aug-2021
145586;Kotak Fmp series 251-1265 days-Direct Plan-Payout of Income Distribution cum capital withdrawal option ;INF174KA1AB0;;12.7834;;;24-Aug-2021
145587;Kotak FMP Series 251-1265 days-Regular Plan-Growth Option;INF174KA1988;;12.6723;;;24-Aug-2021
145637;Kotak FMP Series 252-1261 days Direct plan-Growth option;INF174KA1AE4;;12.7666;;;24-Aug-2021
145635;Kotak FMP Series 252-1261 days-Regular Plan-Payout of Income Distribution cum capital withdrawal option ;INF174KA1AD6;;12.6623;;;24-Aug-2021
145634;Kotak FMP Series 252-1261days-Regular Plan-Growth Option;INF174KA1AC8;;12.6624;;;24-Aug-2021
145714;Kotak FMP Series 253-1260 days -Regular paln-Payout of Income Distribution cum capital withdrawal option;INF174KA1AH7;;12.6511;;;24-Aug-2021
145715;Kotak FMP Series 253-1260 days-direct paln-Payout of Income Distribution cum capital withdrawal option;INF174KA1AJ3;;12.6857;;;24-Aug-2021
145716;Kotak FMP Series 253-1260 days-direct plan-growth option;INF174KA1AI5;;12.6855;;;24-Aug-2021
145713;Kotak FMP Series 253-1260 days-Regular plan-Growth option;INF174KA1AG9;;12.6511;;;24-Aug-2021
145783;Kotak FMP Series 254-Direct Plan-Growth Option;INF174KA1AM7;;12.657;;;24-Aug-2021
145786;Kotak FMP Series 254-Regular Plan-Growth Option;INF174KA1AK1;;12.589;;;24-Aug-2021
145902;Kotak FMP Series 255-Direct Plan-Growth n;INF174KA1AQ8;;12.59;;;24-Aug-2021
145900;Kotak FMP Series 255-Regular Plan-Growth Option;INF174KA1AO3;;12.5099;;;24-Aug-2021
145903;Kotak FMP Series 255-Regular Plan-Payout of Income Distribution cum capital withdrawal option;INF174KA1AP0;;12.5099;;;24-Aug-2021
145961;Kotak FMP Series 256-Direct Plan-Growth Option;INF174KA1AU0;;12.678;;;24-Aug-2021
145962;Kotak FMP Series 256-Direct Plan-Payout of Income Distribution cum capital withdrawal option;INF174KA1AV8;;12.678;;;24-Aug-2021
145959;Kotak FMP Series 256-Regular Plan-Growth Option;INF174KA1AS4;;12.5112;;;24-Aug-2021
145960;Kotak FMP Series 256-Regular Plan-Payout of Income Distribution cum capital withdrawal option;INF174KA1AT2;;12.5112;;;24-Aug-2021
146045;Kotak FMP Series 257-Direct plan-Growth Option;INF174KA1AY2;;12.5474;;;24-Aug-2021
146047;Kotak FMP Series 257-Direct Plan-Payout of Income Distribution cum capital withdrawal option;INF174KA1AZ9;;12.5499;;;24-Aug-2021
146048;Kotak FMP Series 257-Regular Plan-Growth Option;INF174KA1AW6;;12.4818;;;24-Aug-2021
146046;Kotak FMP Series 257-Regular Plan-Payout of Income Distribution cum capital withdrawal option ;INF174KA1AX4;;12.4818;;;24-Aug-2021
146284;kotak FMP Series 259 -Direct Plan-Growth Option;INF174KA1BO1;;12.5289;;;24-Aug-2021
146283;kotak FMP Series 259-Regular Plan-Growth Option;INF174KA1BM5;;12.4646;;;24-Aug-2021
146282;kotak FMP Series 259-Regular Plan-Payout of Income Distribution cum capital withdrawal option;INF174KA1BN3;;12.4646;;;24-Aug-2021
146327;kotak FMP Series 261-Direct Plan-Growth Option;INF174KA1BW4;;12.4976;;;24-Aug-2021
146324;kotak FMP Series 261-direct plan-Payout of Income Distribution cum capital withdrawal option;INF174KA1BX2;;12.4976;;;24-Aug-2021
146326;kotak FMP Series 261-Regular Plan-Growth Option;INF174KA1BU8;;12.4342;;;24-Aug-2021
146325;kotak FMP Series 261-Regular Plan-Payout of Income Distribution cum capital withdrawal option;INF174KA1BV6;;12.4342;;;24-Aug-2021
146605;Kotak FMP Series 263-1203 days- Direct Plan- Growth;INF174KA1CO9;;12.2989;;;24-Aug-2021
146607;Kotak FMP Series 263-1203 days- Regular plan- Growth;INF174KA1CM3;;12.2379;;;24-Aug-2021
146604;Kotak FMP Series 263-1203 days- Regular plan- Payout of Income Distribution cum capital withdrawal option ;INF174KA1CN1;;12.2379;;;24-Aug-2021
146834;Kotak FMP Series 265-Direct Plan-Growth Option;INF174KA1CW2;;12.3092;;;24-Aug-2021
146833;Kotak FMP Series 265-Regular Plan-Growth Option;INF174KA1CU6;;12.2641;;;24-Aug-2021
147021;Kotak FMP Series 267-Direct PLan-Growth Option;INF174KA1DK5;;12.2014;;;24-Aug-2021
147022;Kotak FMP Series 267-Regular Plan-Growth Option;INF174KA1DI9;;12.1528;;;24-Aug-2021
147019;Kotak FMP series 267-Regular Plan-Payout of Income Distribution cum capital withdrawal option ;INF174KA1DJ7;;12.1528;;;24-Aug-2021
149139;Kotak FMP Series 292 - Direct Plan - Growth;INF174KA1HM2;;10.0313;;;24-Aug-2021
149138;Kotak FMP Series 292 - Direct Plan - IDCW Payout;INF174KA1HN0;;10.0313;;;24-Aug-2021
149136;Kotak FMP Series 292 - Regular Plan - Growth;INF174KA1HK6;;10.0303;;;24-Aug-2021
149137;Kotak FMP Series 292 - Regular Plan - IDCW Payout;INF174KA1HL4;;10.0303;;;24-Aug-2021

L&T Mutual Fund
144040;L&T FMP Series XVII - Plan B - Direct Plan - Growth Option;INF917K01ZW6;;13.139;;;24-Aug-2021
144039;L&T FMP Series XVII - Plan B - Direct Plan - IDCW;INF917K01ZV8;;13.139;;;24-Aug-2021
144042;L&T FMP Series XVII - Plan B - Regular Plan - Growth Option;INF917K01ZY2;;13.0242;;;24-Aug-2021
144041;L&T FMP Series XVII - Plan B - Regular Plan - IDCW;INF917K01ZX4;;13.0242;;;24-Aug-2021
144912;L&T FMP Series XVII - Plan C - Direct Plan - Growth Option;INF917K01A07;;12.6755;;;24-Aug-2021
144913;L&T FMP Series XVII - Plan C - Direct Plan - IDCW;INF917K01ZZ9;;12.6755;;;24-Aug-2021
144915;L&T FMP Series XVII - Plan C - Regular Plan - Growth Option;INF917K01A23;;12.5617;;;24-Aug-2021
144914;L&T FMP Series XVII - Plan C - Regular Plan - IDCW;INF917K01A15;;12.5617;;;24-Aug-2021
145164;L&T FMP Series XVIII - Plan A - Direct Plan - Growth Option;INF917K01A49;;12.5586;;;24-Aug-2021
145163;L&T FMP Series XVIII - Plan A - Direct Plan - IDCW;INF917K01A31;;12.5586;;;24-Aug-2021
145166;L&T FMP Series XVIII - Plan A - Regular Plan - Growth Option;INF917K01A64;;12.4479;;;24-Aug-2021
145165;L&T FMP Series XVIII - Plan A - Regular Plan - IDCW;INF917K01A56;;12.4478;;;24-Aug-2021
145682;L&T FMP Series XVIII - Plan B - Direct Plan - Growth Option;INF917K01B48;;12.6917;;;24-Aug-2021
145684;L&T FMP Series XVIII - Plan B - Regular Plan - Growth Option;INF917K01B63;;12.6051;;;24-Aug-2021
145683;L&T FMP Series XVIII - Plan B - Regular Plan - IDCW;INF917K01B55;;12.6052;;;24-Aug-2021
146424;L&T FMP Series XVIII - Plan C - Direct Plan - Growth Option;INF917K01C21;;12.4731;;;24-Aug-2021
146423;L&T FMP Series XVIII - Plan C - Direct Plan - IDCW;INF917K01C13;;12.4731;;;24-Aug-2021
146426;L&T FMP Series XVIII - Plan C - Regular Plan - Growth Option;INF917K01C47;;12.4013;;;24-Aug-2021
146425;L&T FMP Series XVIII - Plan C - Regular Plan - IDCW;INF917K01C39;;12.4015;;;24-Aug-2021
146428;L&T FMP Series XVIII - Plan D - Direct Plan - Growth Option;INF917K01C62;;12.4003;;;24-Aug-2021
146427;L&T FMP Series XVIII - Plan D - Direct Plan - IDCW;INF917K01C54;;12.4004;;;24-Aug-2021
146430;L&T FMP Series XVIII - Plan D - Regular Plan - Growth Option;INF917K01C88;;12.3532;;;24-Aug-2021
146429;L&T FMP Series XVIII - Plan D - Regular Plan - IDCW;INF917K01C70;;12.3533;;;24-Aug-2021

Mirae Asset Mutual Fund
146788;Mirae Asset Fixed Maturity Plan - Series III -1122 Direct IDCW;INF769K01EQ8;;12.2629;;;24-Aug-2021
146790;Mirae Asset Fixed Maturity Plan - Series III -1122 Regular IDCW;INF769K01EO3;;12.2036;;;24-Aug-2021
146789;Mirae Asset Fixed Maturity Plan Series III 1122 Days Regular Plan Growth;INF769K01EN5;;12.2036;;;24-Aug-2021
146787;Mirae Asset Fixed Maturity Plan Series III Direct Plan Growth;INF769K01EP0;;12.2629;;;24-Aug-2021

Nippon India Mutual Fund
148180;Nippon India Capital Protection Oriented Fund  II - Plan A - Regular Plan - Growth Option;INF204KB10O8;;16.7539;;;24-Aug-2021
148178;Nippon India Capital Protection Oriented Fund II - Plan A - Direct Plan - Growth Option;INF204KB12O4;;16.9210;;;24-Aug-2021
148181;NIPPON INDIA CAPITAL PROTECTION ORIENTED FUND II - PLAN A - IDCW Option;INF204KB11O6;;16.7539;;;24-Aug-2021
146671;NIPPON INDIA FIXED HORIZON FUND - XLI - SERIES 1 - DIRECT Plan - IDCW Option;INF204KB1Z07;;12.2690;;;24-Aug-2021
146672;Nippon India Fixed Horizon Fund XLI - Series 1 - Direct Plan - Growth Option;INF204KB1Y99;;12.2690;;;24-Aug-2021
146673;Nippon India Fixed Horizon Fund XLI - Series 1 - Growth Option;INF204KB1Y73;;12.2391;;;24-Aug-2021
147352;NIPPON INDIA FIXED HORIZON FUND - XLI - SERIES 10 - DIRECT Plan - IDCW Option;INF204KB16C0;;12.4433;;;24-Aug-2021
147354;NIPPON INDIA FIXED HORIZON FUND - XLI - SERIES 10 - IDCW Option;INF204KB14C5;;12.2940;;;24-Aug-2021
147353;Nippon India Fixed Horizon Fund XLI - Series 10 - Direct Plan - Growth Option;INF204KB15C2;;12.4433;;;24-Aug-2021
147351;Nippon India Fixed Horizon Fund XLI - Series 10 - Growth Option;INF204KB13C7;;12.2940;;;24-Aug-2021
147358;NIPPON INDIA FIXED HORIZON FUND - XLI - SERIES 11 - DIRECT Plan - IDCW Option;INF204KB10D1;;12.0092;;;24-Aug-2021
147356;NIPPON INDIA FIXED HORIZON FUND - XLI - SERIES 11 - IDCW Option;INF204KB18C6;;11.9424;;;24-Aug-2021
147355;Nippon India Fixed Horizon Fund XLI - Series 11 - Direct Plan - Growth Option;INF204KB19C4;;12.0092;;;24-Aug-2021
147357;Nippon India Fixed Horizon Fund XLI - Series 11 - Growth Option;INF204KB17C8;;11.9424;;;24-Aug-2021
147461;NIPPON INDIA FIXED HORIZON FUND - XLI - SERIES 12 - DIRECT Plan - IDCW Option;INF204KB14D3;;12.3330;;;24-Aug-2021
147460;NIPPON INDIA FIXED HORIZON FUND - XLI - SERIES 12 - IDCW Option;INF204KB12D7;;12.1899;;;24-Aug-2021
147463;Nippon India Fixed Horizon Fund XLI - Series 12 - Direct Plan - Growth Option;INF204KB13D5;;12.3330;;;24-Aug-2021
147462;Nippon India Fixed Horizon Fund XLI - Series 12 - Growth Option;INF204KB11D9;;12.1899;;;24-Aug-2021
146845;NIPPON INDIA FIXED HORIZON FUND - XLI - SERIES 4 - DIRECT Plan - IDCW Option;INF204KB12A3;;11.8014;;;24-Aug-2021
146848;NIPPON INDIA FIXED HORIZON FUND - XLI - SERIES 4 - IDCW Option;INF204KB10A7;;11.6319;;;24-Aug-2021
146847;Nippon India Fixed Horizon Fund XLI - Series 4 - Direct Plan - Growth Option;INF204KB11A5;;11.8014;;;24-Aug-2021
146846;Nippon India Fixed Horizon Fund XLI - Series 4 - Growth Option;INF204KB1Z98;;11.6319;;;24-Aug-2021
147095;NIPPON INDIA FIXED HORIZON FUND - XLI - SERIES 8 - DIRECT Plan - IDCW Option;INF204KB18B8;;12.7354;;;24-Aug-2021
147096;NIPPON INDIA FIXED HORIZON FUND - XLI - SERIES 8 - IDCW Option;INF204KB16B2;;12.6466;;;24-Aug-2021
147098;Nippon India Fixed Horizon Fund XLI - Series 8 - Direct Plan - Growth Option;INF204KB17B0;;12.7354;;;24-Aug-2021
147097;Nippon India Fixed Horizon Fund XLI - Series 8 - Growth Option;INF204KB15B4;;12.6466;;;24-Aug-2021
148176;Nippon India Fixed Horizon fund - XLII - Series 4 - Direct Plan - Growth Option;INF204KB17N5;;11.3540;;;24-Aug-2021
148174;NIPPON INDIA FIXED HORIZON FUND - XLII - SERIES 4 - IDCW Option;INF204KB16N7;;11.3295;;;24-Aug-2021
148175;Nippon India Fixed Horizon Fund - XLII - Series 4 - Regular Plan - Growth Option;INF204KB15N9;;11.3295;;;24-Aug-2021
149130;Nippon India Fixed Horizon Fund - XLIII - Series 1 - Direct Plan - Income Distribution Cum Capital Withdrawal Plan;INF204KC1188;;9.9896;;;24-Aug-2021
149131;Nippon India Fixed Horizon Fund - XLIII - Series 1 - Regular Plan - Growth Option;INF204KC1154;;9.9892;;;24-Aug-2021
149128;Nippon India Fixed Horizon Fund - XLIII - Series 1 - Regular Plan - Income Distribution cum Capital Withdrawal Plan;INF204KC1162;;9.9892;;;24-Aug-2021
149129;Nippon India Fixed Horizon Fund - XLIII - Series 1- Direct Plan - Growth Option;INF204KC1170;;9.9896;;;24-Aug-2021
145525;NIPPON INDIA FIXED HORIZON FUND - XXXIX - SERIES 15 - IDCW Option;INF204KB1N50;;12.7824;;;24-Aug-2021
145527;Nippon India Fixed Horizon Fund XXXIX - Series 15 Growth option;INF204KB1N43;;12.7824;;;24-Aug-2021
145528;Nippon India Fixed Horizon Fund XXXIX- Series15- Direct Plan - Growth option;INF204KB1N68;;12.8678;;;24-Aug-2021
145609;NIPPON INDIA FIXED HORIZON FUND - XXXX - SERIES 1 - DIRECT Plan - IDCW Option;INF204KB1O18;;12.8404;;;24-Aug-2021
145610;NIPPON INDIA FIXED HORIZON FUND - XXXX - SERIES 1 - IDCW Option;INF204KB1N92;;12.7527;;;24-Aug-2021
145612;Nippon India Fixed Horizon Fund XXXX - Series 1 - Direct Plan - Growth Option;INF204KB1O00;;12.8404;;;24-Aug-2021
145611;Nippon India Fixed Horizon Fund XXXX - Series 1 - Growth Option;INF204KB1N84;;12.7527;;;24-Aug-2021
146027;NIPPON INDIA FIXED HORIZON FUND - XXXX - SERIES 11 - IDCW Option;INF204KB1U10;;12.4346;;;24-Aug-2021
146030;Nippon India Fixed Horizon Fund XXXX - Series 11 - Direct Plan - Growth Plan;INF204KB1U28;;12.5156;;;24-Aug-2021
146029;Nippon India Fixed Horizon Fund XXXX - Series 11 - Growth Option;INF204KB1U02;;12.4346;;;24-Aug-2021
146041;NIPPON INDIA FIXED HORIZON FUND - XXXX - SERIES 12 - DIRECT Plan - IDCW Option;INF204KB1U77;;11.9597;;;24-Aug-2021
146042;NIPPON INDIA FIXED HORIZON FUND - XXXX - SERIES 12 - IDCW Option;INF204KB1U51;;11.7771;;;24-Aug-2021
146043;Nippon India Fixed Horizon Fund XXXX - Series 12 - Direct Plan - Growth Option;INF204KB1U69;;11.9597;;;24-Aug-2021
146044;Nippon India Fixed Horizon Fund XXXX - Series 12 - Growth Option;INF204KB1U44;;11.7771;;;24-Aug-2021
146171;NIPPON INDIA FIXED HORIZON FUND - XXXX - SERIES 14 - IDCW Option;INF204KB1V35;;12.4457;;;24-Aug-2021
146172;Nippon India Fixed Horizon Fund XXXX - Series 14 - Direct Plan - Growth Option;INF204KB1V43;;12.5297;;;24-Aug-2021
146169;Nippon India Fixed Horizon Fund XXXX - Series 14 - Growth Option;INF204KB1V27;;12.4457;;;24-Aug-2021
146300;NIPPON INDIA FIXED HORIZON FUND - XXXX - SERIES 15 - IDCW Option;INF204KB1V84;;12.3763;;;24-Aug-2021
146299;Nippon India Fixed Horizon Fund XXXX - Series 15 - Direct Plan - Growth Option;INF204KB1V92;;12.4566;;;24-Aug-2021
146301;Nippon India Fixed Horizon Fund XXXX - Series 15 - Growth Option;INF204KB1V76;;12.3763;;;24-Aug-2021
146328;NIPPON INDIA FIXED HORIZON FUND - XXXX - SERIES 16 - DIRECT Plan - IDCW Option;INF204KB1W42;;11.9996;;;24-Aug-2021
146329;NIPPON INDIA FIXED HORIZON FUND - XXXX - SERIES 16 - IDCW Option;INF204KB1W26;;11.8205;;;24-Aug-2021
146331;Nippon India Fixed Horizon Fund XXXX - Series 16 - Direct Plan - Growth Option;INF204KB1W34;;11.9996;;;24-Aug-2021
146330;Nippon India Fixed Horizon Fund XXXX - Series 16 - Growth Option;INF204KB1W18;;11.8205;;;24-Aug-2021
146473;Nippon India Fixed Horizon Fund XXXX - Series 17 - Direct Plan - Growth Option;INF204KB1W75;;12.3894;;;24-Aug-2021
146472;Nippon India Fixed Horizon Fund XXXX - Series 17 - Growth Option;INF204KB1W59;;12.3119;;;24-Aug-2021
146594;NIPPON INDIA FIXED HORIZON FUND - XXXX - SERIES 19 - DIRECT Plan - IDCW Option;INF204KB1Y24;;11.7963;;;24-Aug-2021
146597;NIPPON INDIA FIXED HORIZON FUND - XXXX - SERIES 19 - IDCW Option;INF204KB1Y08;;11.6249;;;24-Aug-2021
146596;Nippon India Fixed Horizon Fund XXXX - Series 19 - Direct Plan - Growth Option;INF204KB1Y16;;11.7962;;;24-Aug-2021
146595;Nippon India Fixed Horizon Fund XXXX - Series 19 - Growth Option;INF204KB1X90;;11.6249;;;24-Aug-2021
145613;NIPPON INDIA FIXED HORIZON FUND - XXXX - SERIES 2 - DIRECT Plan - IDCW Option;INF204KB1O59;;12.7869;;;24-Aug-2021
145615;NIPPON INDIA FIXED HORIZON FUND - XXXX - SERIES 2 - IDCW Option;INF204KB1O34;;12.6999;;;24-Aug-2021
145616;Nippon India Fixed Horizon Fund XXXX - Series 2 - Direct Plan - Growth Option;INF204KB1O42;;12.7869;;;24-Aug-2021
145614;Nippon India Fixed Horizon Fund XXXX - Series 2 - Growth Option;INF204KB1O26;;12.6999;;;24-Aug-2021
145617;NIPPON INDIA FIXED HORIZON FUND - XXXX - SERIES 3 - DIRECT Plan - IDCW Option;INF204KB1O91;;11.6013;;;24-Aug-2021
145620;NIPPON INDIA FIXED HORIZON FUND - XXXX - SERIES 3 - IDCW Option;INF204KB1O75;;11.4150;;;24-Aug-2021
145619;Nippon India Fixed Horizon Fund XXXX - Series 3 - Direct Plan - Growth Option;INF204KB1O83;;11.6013;;;24-Aug-2021
145618;Nippon India Fixed Horizon Fund XXXX - Series 3 - Growth Option;INF204KB1O67;;11.4150;;;24-Aug-2021
145663;NIPPON INDIA FIXED HORIZON FUND - XXXX - SERIES 4 - DIRECT Plan - IDCW Option;INF204KB1P33;;12.7416;;;24-Aug-2021
145665;Nippon India Fixed Horizon Fund XXXX - Series 4 - Direct Plan - Growth Option;INF204KB1P25;;12.7416;;;24-Aug-2021
145666;Nippon India Fixed Horizon Fund XXXX - Series 4 - Growth Option;INF204KB1P09;;12.6558;;;24-Aug-2021
145759;NIPPON INDIA FIXED HORIZON FUND - XXXX - SERIES 5 - DIRECT Plan - IDCW Option;INF204KB1Q57;;12.7054;;;24-Aug-2021
145757;NIPPON INDIA FIXED HORIZON FUND - XXXX - SERIES 5 - IDCW Option;INF204KB1Q32;;12.6205;;;24-Aug-2021
145760;Nippon India Fixed Horizon Fund XXXX - Series 5 - Direct Plan - Growth Option;INF204KB1Q40;;12.7054;;;24-Aug-2021
145758;Nippon India Fixed Horizon Fund XXXX - Series 5 - Growth Option;INF204KB1Q24;;12.6205;;;24-Aug-2021
145787;NIPPON INDIA FIXED HORIZON FUND - XXXX - SERIES 6 - DIRECT Plan - IDCW Option;INF204KB1S30;;12.6206;;;24-Aug-2021
145788;NIPPON INDIA FIXED HORIZON FUND - XXXX - SERIES 6 - IDCW Option;INF204KB1S14;;12.5365;;;24-Aug-2021
145790;Nippon India Fixed Horizon Fund XXXX - Series 6 - Direct Plan - Growth Option;INF204KB1S22;;12.6206;;;24-Aug-2021
145789;Nippon India Fixed Horizon Fund XXXX - Series 6 - Growth Option;INF204KB1S06;;12.5365;;;24-Aug-2021
145880;Nippon India Fixed Horizon Fund XXXX - Series 7 - Direct Plan - Growth Option;INF204KB1S63;;12.6202;;;24-Aug-2021
145879;Nippon India Fixed Horizon Fund XXXX - Series 7 - Growth Option;INF204KB1S48;;12.5366;;;24-Aug-2021
145914;NIPPON INDIA FIXED HORIZON FUND - XXXX - SERIES 8 - DIRECT Plan - IDCW Option;INF204KB1T13;;11.6824;;;24-Aug-2021
145915;NIPPON INDIA FIXED HORIZON FUND - XXXX - SERIES 8 - IDCW Option;INF204KB1S97;;11.5212;;;24-Aug-2021
145917;Nippon India Fixed Horizon Fund XXXX - Series 8 - Direct Plan - Growth Option;INF204KB1T05;;11.6824;;;24-Aug-2021
145916;Nippon India Fixed Horizon Fund XXXX - Series 8 - Growth Option;INF204KB1S89;;11.5212;;;24-Aug-2021
145406;NIPPON INDIA FIXED HORIZON FUND - XXXIX - SERIES 14 - DIRECT Plan - IDCW Option;INF204KB1N35;;12.8688;;;24-Aug-2021
145405;NIPPON INDIA FIXED HORIZON FUND - XXXIX - SERIES 14 - IDCW Option;INF204KB1N19;;12.7820;;;24-Aug-2021
145408;Nippon India Fixed Horizon Fund XXXIX -  Series 14 -Growth Option;INF204KB1N01;;12.7820;;;24-Aug-2021
145407;Nippon India Fixed Horizon Fund XXXIX - Series 14 - Direct Plan - Growth Option;INF204KB1N27;;12.8688;;;24-Aug-2021
144693;NIPPON INDIA FIXED HORIZON FUND - XXXIX - SERIES 1 - DIRECT Plan - IDCW Option;INF204KB1G59;;12.7868;;;24-Aug-2021
144695;NIPPON INDIA FIXED HORIZON FUND - XXXIX - SERIES 1 - IDCW Option;INF204KB1G34;;12.6916;;;24-Aug-2021
144692;Nippon India Fixed Horizon Fund XXXIX- Series 1- Direct Plan- Growth Option;INF204KB1G42;;12.7867;;;24-Aug-2021
144694;Nippon India Fixed Horizon Fund XXXIX- Series 1- Growth Plan;INF204KB1G26;;12.6916;;;24-Aug-2021
145178;NIPPON INDIA FIXED HORIZON FUND - XXXIX - SERIES 11 - DIRECT Plan - IDCW Option;INF204KB1L78;;11.9683;;;24-Aug-2021
145180;NIPPON INDIA FIXED HORIZON FUND - XXXIX - SERIES 11 - IDCW Option;INF204KB1L52;;11.8000;;;24-Aug-2021
145177;Nippon India Fixed Horizon Fund XXXIX- Series 11- Direct Plan- Growth Option;INF204KB1L60;;11.9683;;;24-Aug-2021
145179;Nippon India Fixed Horizon Fund XXXIX- Series 11- Growth Option;INF204KB1L45;;11.8000;;;24-Aug-2021
144771;NIPPON INDIA FIXED HORIZON FUND - XXXIX - SERIES 2 - DIRECT Plan - IDCW Option;INF204KB1H74;;13.1586;;;24-Aug-2021
144772;NIPPON INDIA FIXED HORIZON FUND - XXXIX - SERIES 2 - IDCW Option;INF204KB1H58;;13.0682;;;24-Aug-2021
144770;Nippon India Fixed Horizon Fund XXXIX- Series 2- Direct Plan- Growth Option;INF204KB1H66;;13.1586;;;24-Aug-2021
144769;Nippon India Fixed Horizon Fund XXXIX- Series 2- Growth Option;INF204KB1H41;;13.0682;;;24-Aug-2021
144898;NIPPON INDIA FIXED HORIZON FUND - XXXIX - SERIES 4 - DIRECT Plan - IDCW Option;INF204KB1I99;;13.1829;;;24-Aug-2021
144901;NIPPON INDIA FIXED HORIZON FUND - XXXIX - SERIES 4 - IDCW Option;INF204KB1I73;;13.0862;;;24-Aug-2021
144899;Nippon India Fixed Horizon Fund XXXIX- Series 4- Direct Plan- Growth Option;INF204KB1I81;;13.1829;;;24-Aug-2021
144900;Nippon India Fixed Horizon Fund XXXIX- Series 4- Growth Option;INF204KB1I65;;13.0862;;;24-Aug-2021
144911;NIPPON INDIA FIXED HORIZON FUND - XXXIX - SERIES 5 - DIRECT Plan - IDCW Option;INF204KB1J31;;11.9162;;;24-Aug-2021
144909;NIPPON INDIA FIXED HORIZON FUND - XXXIX - SERIES 5 - IDCW Option;INF204KB1J15;;11.8096;;;24-Aug-2021
144910;Nippon India Fixed Horizon Fund XXXIX- Series 5- Direct Plan- Growth Option;INF204KB1J23;;11.9162;;;24-Aug-2021
144908;Nippon India Fixed Horizon Fund XXXIX- Series 5- Growth Option;INF204KB1J07;;11.8096;;;24-Aug-2021
144934;Nippon India Fixed Horizon Fund XXXIX- Series 6- Direct Plan- Growth Option;INF204KB1J64;;13.1268;;;24-Aug-2021
144933;Nippon India Fixed Horizon Fund XXXIX- Series 6- Growth Plan;INF204KB1J49;;13.0380;;;24-Aug-2021
145033;NIPPON INDIA FIXED HORIZON FUND - XXXIX - SERIES 8 - DIRECT Plan - IDCW Option;INF204KB1K53;;13.0536;;;24-Aug-2021
145030;NIPPON INDIA FIXED HORIZON FUND - XXXIX - SERIES 8 - IDCW Option;INF204KB1K38;;12.9597;;;24-Aug-2021
145031;Nippon India Fixed Horizon Fund XXXIX- Series 8- Direct Plan- Growth Option;INF204KB1K46;;13.0536;;;24-Aug-2021
145032;Nippon India Fixed Horizon Fund XXXIX- Series 8- Growth Option;INF204KB1K20;;12.9597;;;24-Aug-2021
145142;NIPPON INDIA FIXED HORIZON FUND - XXXIX - SERIES 9 - DIRECT Plan - IDCW Option;INF204KB1K95;;12.9995;;;24-Aug-2021
145144;NIPPON INDIA FIXED HORIZON FUND - XXXIX - SERIES 9 - IDCW Option;INF204KB1K79;;12.9075;;;24-Aug-2021
145141;Nippon India Fixed Horizon Fund XXXIX- Series 9- Direct Plan- Growth Option;INF204KB1K87;;12.9995;;;24-Aug-2021
145143;Nippon India Fixed Horizon Fund XXXIX- Series 9- Growth Option;INF204KB1K61;;12.9075;;;24-Aug-2021
142197;NIPPON INDIA FIXED HORIZON FUND - XXXV - SERIES 16 - DIRECT Plan - IDCW Option;INF204KB1TZ2;;12.3929;;;24-Aug-2021
142196;NIPPON INDIA FIXED HORIZON FUND - XXXV - SERIES 16 - IDCW Option;INF204KB1TX7;;12.2461;;;24-Aug-2021
142198;Nippon India Fixed Horizon Fund XXXV- Series 16- Direct Plan-Growth Option;INF204KB1TY5;;12.3929;;;24-Aug-2021
142195;Nippon India Fixed Horizon Fund XXXV- Series 16- Growth Option;INF204KB1TW9;;12.2461;;;24-Aug-2021
142455;NIPPON INDIA FIXED HORIZON FUND - XXXVI - SERIES 2 - DIRECT Plan - IDCW Option;INF204KB1UL0;;12.2555;;;24-Aug-2021
142456;NIPPON INDIA FIXED HORIZON FUND - XXXVI - SERIES 2 - IDCW Option;INF204KB1UJ4;;12.1547;;;24-Aug-2021
142457;Nippon India Fixed Horizon Fund XXXVI- Series 2- Direct Plan-Growth Option;INF204KB1UK2;;12.2555;;;24-Aug-2021
142458;Nippon India Fixed Horizon Fund XXXVI- Series 2- Growth Option;INF204KB1UI6;;12.1547;;;24-Aug-2021
142564;NIPPON INDIA FIXED HORIZON FUND - XXXVI - SERIES 5 - DIRECT Plan - IDCW Option;INF204KB1UX5;;13.2268;;;24-Aug-2021
142566;NIPPON INDIA FIXED HORIZON FUND - XXXVI - SERIES 5 - IDCW Option;INF204KB1UV9;;13.1147;;;24-Aug-2021
142565;Nippon India Fixed Horizon Fund XXXVI- Series 5- Direct Plan-Growth Option;INF204KB1UW7;;13.2268;;;24-Aug-2021
142563;Nippon India Fixed Horizon Fund XXXVI- Series 5- Growth Option;INF204KB1UU1;;13.1147;;;24-Aug-2021
142818;NIPPON INDIA FIXED HORIZON FUND - XXXVI - SERIES 8 - DIRECT Plan - IDCW Option;INF204KB1VN4;;13.3727;;;24-Aug-2021
142817;NIPPON INDIA FIXED HORIZON FUND - XXXVI - SERIES 8 - IDCW Option;INF204KB1VL8;;13.2319;;;24-Aug-2021
142819;Nippon India Fixed Horizon Fund XXXVI- Series 8- Direct Plan-Growth Option;INF204KB1VM6;;13.3727;;;24-Aug-2021
142816;Nippon India Fixed Horizon Fund XXXVI- Series 8- Growth Option;INF204KB1VK0;;13.2319;;;24-Aug-2021
143170;NIPPON INDIA FIXED HORIZON FUND - XXXVII - SERIES 03 - DIRECT Plan - IDCW Option;INF204KB1WL6;;13.0911;;;24-Aug-2021
143169;NIPPON INDIA FIXED HORIZON FUND - XXXVII - SERIES 03 - IDCW Option;INF204KB1WJ0;;12.9658;;;24-Aug-2021
143171;Nippon India Fixed Horizon Fund XXXVII- Series 3- Direct Plan- Growth Option;INF204KB1WK8;;13.0911;;;24-Aug-2021
143168;Nippon India Fixed Horizon Fund XXXVII- Series 3- Growth Option;INF204KB1WI2;;12.9658;;;24-Aug-2021
143173;NIPPON INDIA FIXED HORIZON FUND - XXXVII - SERIES 04 - IDCW Option;INF204KB1WN2;;13.1272;;;24-Aug-2021
143174;Nippon India Fixed Horizon Fund XXXVII- Series 4- Direct Plan- Growth Option;INF204KB1WO0;;13.2606;;;24-Aug-2021
143172;Nippon India Fixed Horizon Fund XXXVII- Series 4- Growth Option;INF204KB1WM4;;13.1273;;;24-Aug-2021
143273;NIPPON INDIA FIXED HORIZON FUND - XXXVII - SERIES 06 - DIRECT Plan - IDCW Option;INF204KB1XB5;;13.3907;;;24-Aug-2021
143270;NIPPON INDIA FIXED HORIZON FUND - XXXVII - SERIES 06 - IDCW Option;INF204KB1WZ6;;13.2470;;;24-Aug-2021
143272;Nippon India Fixed Horizon Fund XXXVII- Series 6- Direct Plan- Growth Option;INF204KB1XA7;;13.3907;;;24-Aug-2021
143271;Nippon India Fixed Horizon Fund XXXVII- Series 6- Growth Option;INF204KB1WY9;;13.2470;;;24-Aug-2021
143451;NIPPON INDIA FIXED HORIZON FUND - XXXVII - SERIES 09 - DIRECT Plan - IDCW Option;INF204KB1XN0;;11.9211;;;24-Aug-2021
143450;NIPPON INDIA FIXED HORIZON FUND - XXXVII - SERIES 09 - IDCW Option;INF204KB1XL4;;11.8110;;;24-Aug-2021
143453;Nippon India Fixed Horizon Fund XXXVII- Series 9- Direct Plan- Growth Option;INF204KB1XM2;;11.9211;;;24-Aug-2021
143452;Nippon India Fixed Horizon Fund XXXVII- Series 9- Growth Option;INF204KB1XK6;;11.8110;;;24-Aug-2021
144354;NIPPON INDIA FIXED HORIZON FUND - XXXVIII - SERIES 10 - DIRECT Plan - IDCW Option;INF204KB1E51;;12.3824;;;24-Aug-2021
144351;NIPPON INDIA FIXED HORIZON FUND - XXXVIII - SERIES 10 - IDCW Option;INF204KB1E36;;12.2639;;;24-Aug-2021
144352;Nippon India Fixed Horizon Fund XXXVIII- Series 10- Direct Plan- Growth Option;INF204KB1E44;;12.3824;;;24-Aug-2021
144353;Nippon India Fixed Horizon Fund XXXVIII- Series 10- Growth Option;INF204KB1E28;;12.2639;;;24-Aug-2021
144483;NIPPON INDIA FIXED HORIZON FUND - XXXVIII - SERIES 11 - DIRECT Plan - IDCW Option;INF204KB1E93;;12.8969;;;24-Aug-2021
144481;NIPPON INDIA FIXED HORIZON FUND - XXXVIII - SERIES 11 - IDCW Option;INF204KB1E77;;12.8473;;;24-Aug-2021
144482;Nippon India Fixed Horizon Fund XXXVIII- Series 11- Direct Plan- Growth Option;INF204KB1E85;;12.8969;;;24-Aug-2021
144480;Nippon India Fixed Horizon Fund XXXVIII- Series 11- Growth Option;INF204KB1E69;;12.8473;;;24-Aug-2021
144529;NIPPON INDIA FIXED HORIZON FUND - XXXVIII - SERIES 12 - DIRECT Plan - IDCW Option;INF204KB1F35;;12.7496;;;24-Aug-2021
144530;NIPPON INDIA FIXED HORIZON FUND - XXXVIII - SERIES 12 - IDCW Option;INF204KB1F19;;12.6536;;;24-Aug-2021
144528;Nippon India Fixed Horizon Fund XXXVIII- Series 12- Direct Plan- Growth Option;INF204KB1F27;;12.7496;;;24-Aug-2021
144527;Nippon India Fixed Horizon Fund XXXVIII- Series 12- Growth Option;INF204KB1F01;;12.6536;;;24-Aug-2021
144627;NIPPON INDIA FIXED HORIZON FUND - XXXVIII - SERIES 14 - DIRECT Plan - IDCW Option;INF204KB1G18;;12.8149;;;24-Aug-2021
144625;NIPPON INDIA FIXED HORIZON FUND - XXXVIII - SERIES 14 - IDCW Option;INF204KB1F92;;12.7193;;;24-Aug-2021
144626;Nippon India Fixed Horizon Fund XXXVIII- Series 14- Direct Plan- Growth Option;INF204KB1G00;;12.8149;;;24-Aug-2021
144624;Nippon India Fixed Horizon Fund XXXVIII- Series 14- Growth Option;INF204KB1F84;;12.7193;;;24-Aug-2021
143947;NIPPON INDIA FIXED HORIZON FUND - XXXVIII - SERIES 02 - DIRECT Plan - IDCW Option;INF204KB1B39;;12.4031;;;24-Aug-2021
143945;NIPPON INDIA FIXED HORIZON FUND - XXXVIII - SERIES 02 - IDCW Option;INF204KB1B13;;12.2905;;;24-Aug-2021
143946;Nippon India Fixed Horizon Fund XXXVIII- Series 2- Direct Plan- Growth Option;INF204KB1B21;;12.4031;;;24-Aug-2021
143948;Nippon India Fixed Horizon Fund XXXVIII- Series 2- Growth Option;INF204KB1B05;;12.2905;;;24-Aug-2021

PGIM India Mutual Fund
143471;PGIM India Fixed Duration Fund - Series AY - Direct Plan - Growth Option;INF663L01H21;;1328.1649;;;24-Aug-2021
143476;PGIM India Fixed Duration Fund - Series AY - Regular Plan - Growth Option;INF663L01H70;;1318.8843;;;24-Aug-2021
143683;PGIM India Fixed Duration Fund - Series BA - Direct Plan - Growth Option;INF663L01I20;;1310.1576;;;24-Aug-2021
143686;PGIM India Fixed Duration Fund - Series BA - Regular Plan - Growth Option;INF663L01I79;;1298.939;;;24-Aug-2021
143687;PGIM India Fixed Duration Fund - Series BA - Regular Plan - Quarterly Dividend Option;INF663L01J11;INF663L01J03;1298.6408;;;24-Aug-2021
143688;PGIM India Fixed Duration Fund - Series BA - Regular Plan - Standard Dividend Option;INF663L01I87;INF663L01I95;1298.9378;;;24-Aug-2021
144641;PGIM India Fixed Duration Fund - Series BE - Direct Plan - Growth Option;INF663L01M24;;1124.5749;;;24-Aug-2021
144638;PGIM India Fixed Duration Fund - Series BE - Regular Plan - Growth Option;INF663L01M73;;1106.26;;;24-Aug-2021
144639;PGIM India Fixed Duration Fund - Series BE - Regular Plan - Quarterly Dividend Option;INF663L01N15;INF663L01N07;1106.1151;;;24-Aug-2021
144640;PGIM India Fixed Duration Fund - Series BE - Regular Plan - Standard Dividend Option;INF663L01M81;INF663L01M99;1107.174;;;24-Aug-2021

SBI Mutual Fund
146547;SBI Capital Protection Oriented Fund - Series A (Plan 1) - Direct Plan - Growth;INF200KA1ZR1;;12.5166;;;24-Aug-2021
146546;SBI Capital Protection Oriented Fund - Series A (Plan 1) - Regular Plan - Growth;INF200KA1ZQ3;;12.3651;;;24-Aug-2021
146704;SBI Capital Protection Oriented Fund - Series A (Plan 2) - Direct Plan - Growth;INF200KA1B96;;12.4818;;;24-Aug-2021
146705;SBI Capital Protection Oriented Fund - Series A (Plan 2) - Regular Plan - Growth;INF200KA1B88;;12.3024;;;24-Aug-2021
147242;SBI Capital Protection Oriented Fund - Series A (Plan 3) - Direct Plan - Growth;INF200KA1E51;;12.5393;;;24-Aug-2021
147240;SBI Capital Protection Oriented Fund - Series A (Plan 3) - Regular Plan - Growth;INF200KA1E44;;12.3798;;;24-Aug-2021
147359;SBI Capital Protection Oriented Fund - Series A (Plan 4) - Direct Plan - Growth;INF200KA1G34;;12.4857;;;24-Aug-2021
147360;SBI Capital Protection Oriented Fund - Series A (Plan 4) - Regular Plan - Growth;INF200KA1G26;;12.3355;;;24-Aug-2021
147631;SBI Capital Protection Oriented Fund - Series A (Plan 5) - Direct Plan - Growth;INF200KA1K12;;12.2820;;;24-Aug-2021
147632;SBI Capital Protection Oriented Fund - Series A (Plan 5) - Regular Plan - Growth;INF200KA1K04;;12.1324;;;24-Aug-2021
147644;SBI Capital Protection Oriented Fund - Series A (Plan 6) - Direct Plan - Growth;INF200KA1K87;;12.1091;;;24-Aug-2021
147643;SBI Capital Protection Oriented Fund - Series A (Plan 6) - Regular Plan - Growth;INF200KA1K79;;11.9591;;;24-Aug-2021
147942;SBI Capital Protection Oriented Fund - Series A (Plan 7) - Direct Plan - Growth;INF200KA1O67;;11.6786;;;24-Aug-2021
147941;SBI Capital Protection Oriented Fund - Series A (Plan 7) - Regular Plan - Growth;INF200KA1O59;;11.5481;;;24-Aug-2021
148172;SBI Capital Protection Oriented Fund - Series A (Plan 8) - Direct Plan - Growth;INF200KA1P25;;11.9564;;;24-Aug-2021
148171;SBI Capital Protection Oriented Fund - Series A (Plan 8) - Regular Plan - Growth;INF200KA1P17;;11.8329;;;24-Aug-2021
144843;SBI Debt Fund Series - C - 23 (1100 Days) - Direct Plan - Income Distribution cum Capital Withdrawal Option (IDCW);INF200KA1VL3;;12.6406;;;24-Aug-2021
144841;SBI Debt Fund Series - C - 23 (1100 Days) - Regular Plan - Income Distribution cum Capital Withdrawal Option (IDCW);INF200KA1VJ7;;12.5117;;;24-Aug-2021
144842;SBI Debt Fund Series C - 23 - (1100 Days) - Direct Plan - Growth;INF200KA1VK5;;12.6406;;;24-Aug-2021
144840;SBI Debt Fund Series C - 23 - (1100 Days) - Regular Plan - Growth;INF200KA1VI9;;12.5118;;;24-Aug-2021
144920;SBI Debt Fund Series - C - 24 (1100 Days) - Direct Plan - Income Distribution cum Capital Withdrawal Option (IDCW);INF200KA1VP4;;12.6906;;;24-Aug-2021
144917;SBI Debt Fund Series - C - 24 (1100 Days) - Regular Plan - Income Distribution cum Capital Withdrawal Option (IDCW);INF200KA1VN9;;12.5739;;;24-Aug-2021
144918;SBI Debt Fund Series C - 24 - (1100 Days) - Direct Plan - Growth;INF200KA1VO7;;12.6906;;;24-Aug-2021
144919;SBI Debt Fund Series C - 24 - (1100 Days) - Regular Plan - Growth;INF200KA1VM1;;12.5732;;;24-Aug-2021
144993;SBI Debt Fund Series - C - 25 (1100 Days) - Direct Plan - Income Distribution cum Capital Withdrawal Option (IDCW);INF200KA1VU4;;12.7842;;;24-Aug-2021
144991;SBI Debt Fund Series - C - 25 (1100 Days) - Regular Plan - Income Distribution cum Capital Withdrawal Option (IDCW);INF200KA1VS8;;12.5711;;;24-Aug-2021
144992;SBI Debt Fund Series C - 25 - (1100 Days) - Direct Plan - Growth;INF200KA1VT6;;12.7842;;;24-Aug-2021
144990;SBI Debt Fund Series C - 25 - (1100 Days) - Regular Plan - Growth;INF200KA1VR0;;12.5702;;;24-Aug-2021
145230;SBI Debt Fund Series - C - 26 (1125 Days) - Direct Plan - Income Distribution cum Capital Withdrawal Option (IDCW);INF200KA1WC0;;12.7757;;;24-Aug-2021
145231;SBI Debt Fund Series - C - 26 (1125 Days) - Regular Plan - Income Distribution cum Capital Withdrawal Option (IDCW);INF200KA1WA4;;12.6991;;;24-Aug-2021
145229;SBI Debt Fund Series C - 26 - (1125 Days) - Direct Plan - Growth;INF200KA1WB2;;12.7784;;;24-Aug-2021
145232;SBI Debt Fund Series C - 26 - (1125 Days) - Regular Plan - Growth;INF200KA1VZ3;;12.6485;;;24-Aug-2021
145373;SBI Debt Fund Series - C - 27 (391 Days) - Direct Plan - Income Distribution cum Capital Withdrawal Option (IDCW);INF200KA12G0;;12.8998;;;24-Aug-2021
145374;SBI Debt Fund Series - C - 27 (391 Days) - Regular Plan - Income Distribution cum Capital Withdrawal Option (IDCW);INF200KA10G4;;12.7951;;;24-Aug-2021
145372;SBI Debt Fund Series C - 27 - (391 Days) - Direct Plan - Growth;INF200KA11G2;;12.8998;;;24-Aug-2021
145371;SBI Debt Fund Series C - 27 - (391 Days) - Regular Plan - Growth;INF200KA19F7;;12.7951;;;24-Aug-2021
145497;SBI Debt Fund Series - C - 28 (386 Days) - Direct Plan - Income Distribution cum Capital Withdrawal Option (IDCW);INF200KA16G1;;12.7463;;;24-Aug-2021
145498;SBI Debt Fund Series - C - 28 (386 Days) - Regular Plan - Income Distribution cum Capital Withdrawal Option (IDCW);INF200KA14G6;;12.6318;;;24-Aug-2021
145499;SBI Debt Fund Series C - 28 - (386 Days) - Direct Plan - Growth;INF200KA15G3;;12.7424;;;24-Aug-2021
145500;SBI Debt Fund Series C - 28 - (386 Days) - Regular Plan - Growth;INF200KA13G8;;12.6319;;;24-Aug-2021
145645;SBI Debt Fund Series - C - 30 (385 Days) - Direct Plan - Income Distribution cum Capital Withdrawal Option (IDCW);INF200KA10H2;;12.7358;;;24-Aug-2021
145644;SBI Debt Fund Series - C - 30 (385 Days) - Regular Plan - Income Distribution cum Capital Withdrawal Option (IDCW);INF200KA18G7;;12.6423;;;24-Aug-2021
145647;SBI Debt Fund Series C - 30 - (385 Days) - Direct Plan - Growth;INF200KA19G5;;12.7358;;;24-Aug-2021
145646;SBI Debt Fund Series C - 30 - (385 Days) - Regular Plan - Growth;INF200KA17G9;;12.6423;;;24-Aug-2021
145744;SBI Debt Fund Series - C - 32 (380 Days) - Direct Plan - Income Distribution cum Capital Withdrawal Option (IDCW);INF200KA14H4;;12.6523;;;24-Aug-2021
145743;SBI Debt Fund Series - C - 32 (380 Days) - Regular Plan - Income Distribution cum Capital Withdrawal Option (IDCW);INF200KA12H8;;12.5539;;;24-Aug-2021
145746;SBI Debt Fund Series C - 32 - (380 Days) - Direct Plan - Growth;INF200KA13H6;;12.6523;;;24-Aug-2021
145745;SBI Debt Fund Series C - 32 - (380 Days) - Regular Plan - Growth;INF200KA11H0;;12.5539;;;24-Aug-2021
145858;SBI Debt Fund Series - C - 33 (1216 Days) - Direct Plan - Income Distribution cum Capital Withdrawal Option (IDCW);INF200KA1XN5;;12.6088;;;24-Aug-2021
145857;SBI Debt Fund Series - C - 33 (1216 Days) - Regular Plan - Income Distribution cum Capital Withdrawal Option (IDCW);INF200KA1XL9;;12.5123;;;24-Aug-2021
145855;SBI Debt Fund Series C - 33 (1216 Days) - Direct Plan - Growth;INF200KA1XM7;;12.6088;;;24-Aug-2021
145856;SBI Debt Fund Series C - 33 (1216 Days) - Regular Plan - Growth;INF200KA1XK1;;12.5123;;;24-Aug-2021
145948;SBI Debt Fund Series - C - 34 (1211 Days) - Direct Plan - Income Distribution cum Capital Withdrawal Option (IDCW);INF200KA1XR6;;12.5533;;;24-Aug-2021
145950;SBI Debt Fund Series - C - 34 (1211 Days) - Regular Plan - Income Distribution cum Capital Withdrawal Option (IDCW);INF200KA1XP0;;12.4540;;;24-Aug-2021
145947;SBI DEBT FUND SERIES C - 34 (1211 DAYS) - DIRECT PLAN - GROWTH;INF200KA1XQ8;;12.5533;;;24-Aug-2021
145949;SBI DEBT FUND SERIES C - 34 (1211 DAYS) - REGULAR PLAN - GROWTH;INF200KA1XO3;;12.4541;;;24-Aug-2021
145988;SBI Debt Fund Series - C - 35 (376 Days) - Direct Plan - Income Distribution cum Capital Withdrawal Option (IDCW);INF200KA18J1;;12.5201;;;24-Aug-2021
145990;SBI Debt Fund Series - C - 35 (376 Days) - Regular Plan - Income Distribution cum Capital Withdrawal Option (IDCW);INF200KA16J5;;12.4383;;;24-Aug-2021
145987;SBI Debt Fund Series C - 35 (376 Days) - Direct Plan - Growth;INF200KA17J3;;12.5201;;;24-Aug-2021
145989;SBI Debt Fund Series C - 35 (376 Days) - Regular Plan - Growth;INF200KA15J7;;12.4384;;;24-Aug-2021
146175;SBI Debt Fund Series - C - 38 (389 Days) - Direct Plan - Income Distribution cum Capital Withdrawal Option (IDCW);INF200KA16K3;;12.4090;;;24-Aug-2021
146176;SBI Debt Fund Series - C - 38 (389 Days) - Regular Plan - Income Distribution cum Capital Withdrawal Option (IDCW);INF200KA14K8;;12.3269;;;24-Aug-2021
146174;SBI Debt Fund Series C - 38 (389 Days) - Direct Plan - Growth;INF200KA15K5;;12.4067;;;24-Aug-2021
146173;SBI Debt Fund Series C - 38 (389 Days) - Regular Plan - Growth;INF200KA13K0;;12.3269;;;24-Aug-2021
146286;SBI Debt Fund Series - C - 40 (1177 Days) - Direct Plan - Income Distribution cum Capital Withdrawal Option (IDCW);INF200KA1YZ7;;12.4478;;;24-Aug-2021
146287;SBI Debt Fund Series - C - 40 (1177 Days) - Regular Plan - Income Distribution cum Capital Withdrawal Option (IDCW);INF200KA1YX2;;12.3683;;;24-Aug-2021
146288;SBI Debt Fund Series C - 40 - (1177 Days) - Regular Plan - Growth;INF200KA1YW4;;12.3683;;;24-Aug-2021
146289;SBI Debt Fund Series C - 40- (1177 Days) - Direct Plan - Growth;INF200KA1YY0;;12.4477;;;24-Aug-2021
146313;SBI Debt Fund Series - C - 41 (1178 Days) - Direct Plan - Income Distribution cum Capital Withdrawal Option (IDCW);INF200KA1ZD1;;12.4597;;;24-Aug-2021
146315;SBI Debt Fund Series - C - 41 (1178 Days) - Regular Plan - Income Distribution cum Capital Withdrawal Option (IDCW);INF200KA1ZB5;;12.3807;;;24-Aug-2021
146312;SBI Debt Fund Series C - 41 (1178 Days) - Direct Plan - Growth;INF200KA1ZC3;;12.4597;;;24-Aug-2021
146314;SBI Debt Fund Series C - 41 (1178 Days) - Regular Plan - Growth;INF200KA1ZA7;;12.3807;;;24-Aug-2021
146368;SBI Debt Fund Series - C - 43 (384 Days) - Direct Plan - Income Distribution cum Capital Withdrawal Option (IDCW);INF200KA10J8;;12.4315;;;24-Aug-2021
146366;SBI Debt Fund Series - C - 43 (384 Days) - Regular Plan - Income Distribution cum Capital Withdrawal Option (IDCW);INF200KA18I3;;12.3533;;;24-Aug-2021
146367;SBI Debt Fund Series C - 43 (384 Days) - Direct Plan - Growth;INF200KA19I1;;12.4315;;;24-Aug-2021
146369;SBI Debt Fund Series C - 43 (384 Days) - Regular Plan - Growth;INF200KA17I5;;12.3533;;;24-Aug-2021
146494;SBI Debt Fund Series - C - 44 (378 Days) - Direct Plan - Income Distribution cum Capital Withdrawal Option (IDCW);INF200KA14J0;;12.4277;;;24-Aug-2021
146496;SBI Debt Fund Series - C - 44 (378 Days) - Regular Plan - Income Distribution cum Capital Withdrawal Option (IDCW);INF200KA12J4;;12.3501;;;24-Aug-2021
146495;SBI Debt Fund Series C - 44 (378 Days) - Direct Plan - Growth;INF200KA13J2;;12.4276;;;24-Aug-2021
146493;SBI Debt Fund Series C - 44 (378 Days) - Regular Plan - Growth;INF200KA11J6;;12.3501;;;24-Aug-2021
146591;SBI Debt Fund Series - C - 46 (376 Days) - Direct Plan - Income Distribution cum Capital Withdrawal Option (IDCW);INF200KA12K2;;12.2981;;;24-Aug-2021
146593;SBI Debt Fund Series - C - 46 (376 Days) - Regular Plan - Income Distribution cum Capital Withdrawal Option (IDCW);INF200KA10K6;;12.2225;;;24-Aug-2021
146592;SBI Debt Fund Series C - 46 (376 Days) - Direct Plan- Growth;INF200KA11K4;;12.2982;;;24-Aug-2021
146590;SBI Debt Fund Series C - 46 (376 Days) - Regular Plan - Growth;INF200KA19J9;;12.2225;;;24-Aug-2021
146656;SBI Debt Fund Series C - 48 (385 Days) - Direct Plan - Growth;INF200KA19K7;;12.3165;;;24-Aug-2021
146658;SBI Debt Fund Series C - 48 (385 Days) - Direct Plan - Income Distribution cum Capital Withdrawal Option (IDCW);INF200KA10L4;;12.3165;;;24-Aug-2021
146655;SBI Debt Fund Series C - 48 (385 Days) - Regular Plan - Growth;INF200KA17K1;;12.2414;;;24-Aug-2021
146657;SBI Debt Fund Series C - 48 (385 Days) - Regular Plan - Income Distribution cum Capital Withdrawal Option (IDCW);INF200KA18K9;;12.2414;;;24-Aug-2021
146766;SBI Debt Fund Series - C - 49 (390 Days) - Direct Plan - Income Distribution cum Capital Withdrawal Option (IDCW);INF200KA14L6;;12.2474;;;24-Aug-2021
146767;SBI Debt Fund Series - C - 49 (390 Days) - Regular Plan - Income Distribution cum Capital Withdrawal Option (IDCW);INF200KA12L0;;12.1688;;;24-Aug-2021
146765;SBI Debt Fund Series C - 49 (390 Days) - Direct Plan - Growth;INF200KA13L8;;12.2474;;;24-Aug-2021
146768;SBI Debt Fund Series C - 49 (390 Days) - Regular Plan - Growth;INF200KA11L2;;12.1732;;;24-Aug-2021
146879;SBI Debt Fund Series - C - 50 (383 Days) - Direct Plan - Income Distribution cum Capital Withdrawal Option (IDCW);INF200KA18L7;;12.1986;;;24-Aug-2021
146880;SBI Debt Fund Series - C - 50 (383 Days) - Regular Plan - Income Distribution cum Capital Withdrawal Option (IDCW);INF200KA16L1;;12.1254;;;24-Aug-2021
146878;SBI Debt Fund Series C - 50 (383 Days) - Direct Plan - Growth;INF200KA17L9;;12.1986;;;24-Aug-2021
146877;SBI Debt Fund Series C - 50 (383 Days) - Regular Plan - Growth;INF200KA15L3;;12.1251;;;24-Aug-2021
145160;SBI Dual Advantage Fund - Series XXX - Direct Plan - Income Distribution cum Capital Withdrawal Option (IDCW);INF200KA1VY6;;13.1690;;;24-Aug-2021
145159;SBI Dual Advantage Fund - Series XXX - Regular Plan - Income Distribution cum Capital Withdrawal Option (IDCW);INF200KA1VW0;;12.9765;;;24-Aug-2021
145161;SBI Dual Advantage Fund Series XXX - Direct Plan - Growth;INF200KA1VX8;;13.1690;;;24-Aug-2021
145162;SBI Dual Advantage Fund Series XXX - Regular Plan - Growth;INF200KA1VV2;;12.9765;;;24-Aug-2021
146974;SBI Fixed Maturity Plan (FMP) - Series 1 (3668 Days) - Direct Plan - Growth;INF200KA1D03;;12.7024;;;24-Aug-2021
146975;SBI Fixed Maturity Plan (FMP) - Series 1 (3668 Days) - Direct Plan - Income Distribution cum Capital Withdrawal Option (IDCW);INF200KA1D11;;12.7021;;;24-Aug-2021
146976;SBI Fixed Maturity Plan (FMP) - Series 1 (3668 Days) - Regular Plan - Growth;INF200KA1C87;;12.6261;;;24-Aug-2021
146973;SBI Fixed Maturity Plan (FMP) - Series 1 (3668 Days) - Regular Plan - Income Distribution cum Capital Withdrawal Option (IDCW);INF200KA1C95;;12.6260;;;24-Aug-2021
147467;SBI Fixed Maturity Plan (FMP) - Series 10 (1178 Days) - Direct Plan - Growth;INF200KA1H09;;11.9902;;;24-Aug-2021
147464;SBI Fixed Maturity Plan (FMP) - Series 10 (1178 Days) - Direct Plan - Income Distribution cum Capital Withdrawal Option (IDCW);INF200KA1H17;;11.9902;;;24-Aug-2021
147465;SBI Fixed Maturity Plan (FMP) - Series 10 (1178 Days) - Regular Plan - Growth;INF200KA1G83;;11.9260;;;24-Aug-2021
147466;SBI Fixed Maturity Plan (FMP) - Series 10 (1178 Days) - Regular Plan - Income Distribution cum Capital Withdrawal Option (IDCW);INF200KA1G91;;11.9260;;;24-Aug-2021
147486;SBI Fixed Maturity Plan (FMP) - Series 11 (1178 Days) - Direct Plan - Growth;INF200KA1H41;;11.9476;;;24-Aug-2021
147487;SBI Fixed Maturity Plan (FMP) - Series 11 (1178 Days) - Direct Plan - Income Distribution cum Capital Withdrawal Option (IDCW);INF200KA1H58;;11.9476;;;24-Aug-2021
147484;SBI Fixed Maturity Plan (FMP) - Series 11 (1178 Days) - Regular Plan - Growth;INF200KA1H25;;11.8842;;;24-Aug-2021
147485;SBI Fixed Maturity Plan (FMP) - Series 11 (1178 Days) - Regular Plan - Income Distribution cum Capital Withdrawal Option (IDCW);INF200KA1H33;;11.8842;;;24-Aug-2021
147560;SBI Fixed Maturity Plan (FMP) - Series 14 (384 Days) - Direct Plan - Growth;INF200KA13N4;;11.8201;;;24-Aug-2021
147561;SBI Fixed Maturity Plan (FMP) - Series 14 (384 Days) - Direct Plan - Income Distribution cum Capital Withdrawal Option (IDCW);INF200KA14N2;;11.8201;;;24-Aug-2021
147559;SBI Fixed Maturity Plan (FMP) - Series 14 (384 Days) - Regular Plan - Growth;INF200KA11N8;;11.7590;;;24-Aug-2021
147562;SBI Fixed Maturity Plan (FMP) - Series 14 (384 Days) - Regular Plan - Income Distribution cum Capital Withdrawal Option (IDCW);INF200KA12N6;;11.7591;;;24-Aug-2021
147582;SBI Fixed Maturity Plan (FMP) - Series 15 (1123 Days) - Direct Plan - Growth;INF200KA1J07;;11.8123;;;24-Aug-2021
147583;SBI Fixed Maturity Plan (FMP) - Series 15 (1123 Days) - Direct Plan - Income Distribution cum Capital Withdrawal Option (IDCW);INF200KA1J15;;11.8123;;;24-Aug-2021
147580;SBI Fixed Maturity Plan (FMP) - Series 15 (1123 Days) - Regular Plan - Growth;INF200KA1I81;;11.7518;;;24-Aug-2021
147581;SBI Fixed Maturity Plan (FMP) - Series 15 (1123 Days) - Regular Plan - Income Distribution cum Capital Withdrawal Option (IDCW);INF200KA1I99;;11.7518;;;24-Aug-2021
147612;SBI Fixed Maturity Plan (FMP) - Series 16 (1116 Days) - Direct Plan - Growth;INF200KA1J49;;11.7698;;;24-Aug-2021
147613;SBI Fixed Maturity Plan (FMP) - Series 16 (1116 Days) - Direct Plan - Income Distribution cum Capital Withdrawal Option (IDCW);INF200KA1J56;;11.7698;;;24-Aug-2021
147611;SBI Fixed Maturity Plan (FMP) - Series 16 (1116 Days) - Regular Plan - Growth;INF200KA1J23;;11.7107;;;24-Aug-2021
147610;SBI Fixed Maturity Plan (FMP) - Series 16 (1116 Days) - Regular Plan - Income Distribution cum Capital Withdrawal Option (IDCW);INF200KA1J31;;11.7107;;;24-Aug-2021
147627;SBI Fixed Maturity Plan (FMP) - Series 17 (1116 Days) - Direct Plan - Growth;INF200KA1J80;;11.7216;;;24-Aug-2021
147628;SBI Fixed Maturity Plan (FMP) - Series 17 (1116 Days) - Direct Plan - Income Distribution cum Capital Withdrawal Option (IDCW);INF200KA1J98;;11.7216;;;24-Aug-2021
147629;SBI Fixed Maturity Plan (FMP) - Series 17 (1116 Days) - Regular Plan - Growth;INF200KA1J64;;11.6633;;;24-Aug-2021
147630;SBI Fixed Maturity Plan (FMP) - Series 17 (1116 Days) - Regular Plan - Income Distribution cum Capital Withdrawal Option (IDCW);INF200KA1J72;;11.6633;;;24-Aug-2021
147641;SBI Fixed Maturity Plan (FMP) - Series 18 (1108 Days) - Direct Plan - Growth;INF200KA1K53;;11.6908;;;24-Aug-2021
147642;SBI Fixed Maturity Plan (FMP) - Series 18 (1108 Days) - Direct Plan - Income Distribution cum Capital Withdrawal Option (IDCW);INF200KA1K61;;11.6908;;;24-Aug-2021
147639;SBI Fixed Maturity Plan (FMP) - Series 18 (1108 Days) - Regular Plan - Growth;INF200KA1K38;;11.6343;;;24-Aug-2021
147640;SBI Fixed Maturity Plan (FMP) - Series 18 (1108 Days) - Regular Plan - Income Distribution cum Capital Withdrawal Option (IDCW);INF200KA1K46;;11.6343;;;24-Aug-2021
147672;SBI Fixed Maturity Plan (FMP) - Series 19 (1115 Days) - Direct  Plan - Growth;INF200KA1L11;;11.6372;;;24-Aug-2021
147669;SBI Fixed Maturity Plan (FMP) - Series 19 (1115 Days) - Direct Plan - Income Distribution cum Capital Withdrawal Option (IDCW);INF200KA1L29;;11.6372;;;24-Aug-2021
147670;SBI Fixed Maturity Plan (FMP) - Series 19 (1115 Days) - Regular Plan - Growth;INF200KA1K95;;11.5826;;;24-Aug-2021
147671;SBI Fixed Maturity Plan (FMP) - Series 19 (1115 Days) - Regular Plan - Income Distribution cum Capital Withdrawal Option (IDCW);INF200KA1L03;;11.5826;;;24-Aug-2021
147104;SBI Fixed Maturity Plan (FMP) - Series 2 (1178 Days) - Direct Plan - Growth;INF200KA1D45;;12.2131;;;24-Aug-2021
147105;SBI Fixed Maturity Plan (FMP) - Series 2 (1178 Days) - Direct Plan - Income Distribution cum Capital Withdrawal Option (IDCW);INF200KA1D52;;12.2131;;;24-Aug-2021
147103;SBI Fixed Maturity Plan (FMP) - Series 2 (1178 Days) - Regular Plan - Growth;INF200KA1D29;;12.1413;;;24-Aug-2021
147106;SBI Fixed Maturity Plan (FMP) - Series 2 (1178 Days) - Regular Plan - Income Distribution cum Capital Withdrawal Option (IDCW);INF200KA1D37;;12.1413;;;24-Aug-2021
147720;SBI Fixed Maturity Plan (FMP) - Series 20 (1109 Days) - Direct Plan - Growth;INF200KA1L52;;11.6277;;;24-Aug-2021
147721;SBI Fixed Maturity Plan (FMP) - Series 20 (1109 Days) - Regular Plan - Growth;INF200KA1L37;;11.5737;;;24-Aug-2021
147722;SBI Fixed Maturity Plan (FMP) - Series 20(1109 Days) - Direct Plan - Income Distribution cum Capital Withdrawal Option (IDCW);INF200KA1L60;;11.6277;;;24-Aug-2021
147719;SBI Fixed Maturity Plan (FMP) - Series 20(1109 Days) - Regular Plan - Income Distribution cum Capital Withdrawal Option (IDCW);INF200KA1L45;;11.5737;;;24-Aug-2021
147744;SBI Fixed Maturity Plan (FMP) - Series 21 (1109 Days) - Direct Plan - Growth;INF200KA1L94;;11.5809;;;24-Aug-2021
147746;SBI Fixed Maturity Plan (FMP) - Series 21 (1109 Days) - Direct Plan - Income Distribution cum Capital Withdrawal Option (IDCW);INF200KA1M02;;11.5777;;;24-Aug-2021
147745;SBI Fixed Maturity Plan (FMP) - Series 21 (1109 Days) - Regular Plan - Growth;INF200KA1L78;;11.5278;;;24-Aug-2021
147747;SBI Fixed Maturity Plan (FMP) - Series 21 (1109 Days) - Regular Plan - Income Distribution cum Capital Withdrawal Option (IDCW);INF200KA1L86;;11.5278;;;24-Aug-2021
147754;SBI Fixed Maturity Plan (FMP) - Series 22 (1106 Days) - Direct Plan - Growth;INF200KA1M36;;11.5323;;;24-Aug-2021
147755;SBI Fixed Maturity Plan (FMP) - Series 22 (1106 Days) - Direct Plan - Income Distribution cum Capital Withdrawal Option (IDCW);INF200KA1M44;;11.5323;;;24-Aug-2021
147752;SBI Fixed Maturity Plan (FMP) - Series 22 (1106 Days) - Regular Plan - Growth;INF200KA1M10;;11.4804;;;24-Aug-2021
147753;SBI Fixed Maturity Plan (FMP) - Series 22 (1106 Days) - Regular Plan - Income Distribution cum Capital Withdrawal Option (IDCW);INF200KA1M28;;11.4804;;;24-Aug-2021
147776;SBI Fixed Maturity Plan (FMP) - Series 24 (1107 Days) - Direct Plan - Income Distribution cum Capital Withdrawal Option (IDCW);INF200KA1N27;;11.5042;;;24-Aug-2021
147775;SBI Fixed Maturity Plan (FMP) - Series 24 (1107 Days) - Regular Plan - Income Distribution cum Capital Withdrawal Option (IDCW);INF200KA1N01;;11.4536;;;24-Aug-2021
147777;SBI Fixed Maturity Plan (FMP) - Series 24 (1107) - Direct Plan - Growth;INF200KA1N19;;11.5041;;;24-Aug-2021
147774;SBI Fixed Maturity Plan (FMP) - Series 24 (1107) - Regular Plan - Growth;INF200KA1M93;;11.4536;;;24-Aug-2021
147783;SBI Fixed Maturity Plan (FMP) - Series 25 (1120 Days) - Direct Plan - Growth;INF200KA1N50;;11.4556;;;24-Aug-2021
147784;SBI Fixed Maturity Plan (FMP) - Series 25 (1120 Days) - Direct Plan - Income Distribution cum Capital Withdrawal Option (IDCW);INF200KA1N68;;11.4556;;;24-Aug-2021
147785;SBI Fixed Maturity Plan (FMP) - Series 25 (1120 Days) - Regular Plan - Growth;INF200KA1N35;;11.4058;;;24-Aug-2021
147782;SBI Fixed Maturity Plan (FMP) - Series 25 (1120 Days) - Regular Plan - Income Distribution cum Capital Withdrawal Option (IDCW);INF200KA1N43;;11.4058;;;24-Aug-2021
147792;SBI Fixed Maturity Plan (FMP) - Series 26 (1112 Days) - Direct Plan - Growth;INF200KA1N92;;11.4864;;;24-Aug-2021
147793;SBI Fixed Maturity Plan (FMP) - Series 26 (1112 Days) - Direct Plan - Income Distribution cum Capital Withdrawal Option (IDCW);INF200KA1O00;;11.4863;;;24-Aug-2021
147790;SBI Fixed Maturity Plan (FMP) - Series 26 (1112 Days) - Regular Plan - Growth;INF200KA1N76;;11.4370;;;24-Aug-2021
147791;SBI Fixed Maturity Plan (FMP) - Series 26 (1112 Days) - Regular Plan - Income Distribution cum Capital Withdrawal Option (IDCW);INF200KA1N84;;11.4370;;;24-Aug-2021
147873;SBI Fixed Maturity Plan (FMP) - Series 27 (1203 Days) - Direct Plan - Growth;INF200KA1O34;;11.5045;;;24-Aug-2021
147871;SBI Fixed Maturity Plan (FMP) - Series 27 (1203 Days) - Direct Plan - Income Distribution cum Capital Withdrawal Option (IDCW);INF200KA1O42;;11.5045;;;24-Aug-2021
147872;SBI Fixed Maturity Plan (FMP) - Series 27 (1203 Days) - Regular Plan - Growth;INF200KA1O18;;11.4579;;;24-Aug-2021
147870;SBI Fixed Maturity Plan (FMP) - Series 27 (1203 Days) - Regular Plan - Income Distribution cum Capital Withdrawal Option (IDCW);INF200KA1O26;;11.4578;;;24-Aug-2021
148056;SBI Fixed Maturity Plan (FMP) - Series 28 (1163 Days) - Direct Plan - Growth;INF200KA1O91;;11.3100;;;24-Aug-2021
148058;SBI Fixed Maturity Plan (FMP) - Series 28 (1163 Days) - Direct Plan - Income Distribution cum Capital Withdrawal Option (IDCW);INF200KA1P09;;11.3100;;;24-Aug-2021
148057;SBI Fixed Maturity Plan (FMP) - Series 28 (1163 Days) - Regular Plan - Growth;INF200KA1O75;;11.2671;;;24-Aug-2021
148055;SBI Fixed Maturity Plan (FMP) - Series 28 (1163 Days) - Regular Plan - Income Distribution cum Capital Withdrawal Option (IDCW);INF200KA1O83;;11.2671;;;24-Aug-2021
147135;SBI Fixed Maturity Plan (FMP) - Series 3 (1179 Days) - Direct Plan - Growth;INF200KA1D86;;12.2352;;;24-Aug-2021
147136;SBI Fixed Maturity Plan (FMP) - Series 3 (1179 Days) - Direct Plan - Income Distribution cum Capital Withdrawal Option (IDCW);INF200KA1D94;;12.2352;;;24-Aug-2021
147133;SBI Fixed Maturity Plan (FMP) - Series 3 (1179 Days) - Regular Plan - Growth;INF200KA1D60;;12.1639;;;24-Aug-2021
147134;SBI Fixed Maturity Plan (FMP) - Series 3 (1179 Days) - Regular Plan - Income Distribution cum Capital Withdrawal Option (IDCW);INF200KA1D78;;12.1639;;;24-Aug-2021
148193;SBI Fixed Maturity Plan (FMP) - Series 31 (1160 Days) - Direct Plan - Growth;INF200KA1P58;;11.3887;;;24-Aug-2021
148194;SBI Fixed Maturity Plan (FMP) - Series 31 (1160 Days) - Direct Plan - Income Distribution cum Capital Withdrawal Option (IDCW);INF200KA1P66;;11.3887;;;24-Aug-2021
148195;SBI Fixed Maturity Plan (FMP) - Series 31 (1160 Days) - Regular Plan - Growth;INF200KA1P33;;11.3476;;;24-Aug-2021
148192;SBI Fixed Maturity Plan (FMP) - Series 31 (1160 Days) - Regular Plan - Income Distribution cum Capital Withdrawal Option (IDCW);INF200KA1P41;;11.3476;;;24-Aug-2021
148369;SBI Fixed Maturity Plan (FMP) - Series 32 (1140 Days) - Direct Plan - Growth;INF200KA1P90;;11.0045;;;24-Aug-2021
148368;SBI Fixed Maturity Plan (FMP) - Series 32 (1140 Days) - Direct Plan - Income Distribution cum Capital Withdrawal Option (IDCW);INF200KA1Q08;;11.0045;;;24-Aug-2021
148367;SBI Fixed Maturity Plan (FMP) - Series 32 (1140 Days) - Regular Plan - Growth;INF200KA1P74;;10.9673;;;24-Aug-2021
148370;SBI Fixed Maturity Plan (FMP) - Series 32 (1140 Days) - Regular Plan - Income Distribution cum Capital Withdrawal Option (IDCW);INF200KA1P82;;10.9673;;;24-Aug-2021
148385;SBI Fixed Maturity Plan (FMP) - Series 33 (1128 Days) - Direct Plan - Growth;INF200KA1Q32;;10.8848;;;24-Aug-2021
148386;SBI Fixed Maturity Plan (FMP) - Series 33 (1128 Days) - Direct Plan - Income Distribution cum Capital Withdrawal Option (IDCW);INF200KA1Q40;;10.8847;;;24-Aug-2021
148383;SBI Fixed Maturity Plan (FMP) - Series 33 (1128 Days) - Regular Plan - Growth;INF200KA1Q16;;10.8488;;;24-Aug-2021
148384;SBI Fixed Maturity Plan (FMP) - Series 33 (1128 Days) - Regular Plan - Income Distribution cum Capital Withdrawal Option (IDCW);INF200KA1Q24;;10.8488;;;24-Aug-2021
148387;SBI Fixed Maturity Plan (FMP) - Series 34 (3682 Days) - Direct Plan - Growth;INF200KA1Q73;;10.7002;;;24-Aug-2021
148388;SBI Fixed Maturity Plan (FMP) - Series 34 (3682 Days) - Direct Plan - Income Distribution cum Capital Withdrawal Option (IDCW);INF200KA1Q81;;10.7002;;;24-Aug-2021
148389;SBI Fixed Maturity Plan (FMP) - Series 34 (3682 Days) - Regular Plan - Growth;INF200KA1Q57;;10.6653;;;24-Aug-2021
148390;SBI Fixed Maturity Plan (FMP) - Series 34 (3682 Days) - Regular Plan - Income Distribution cum Capital Withdrawal Option (IDCW);INF200KA1Q65;;10.6653;;;24-Aug-2021
148827;SBI Fixed Maturity Plan (FMP) - Series 41 (1498 Days) - Direct Plan - Growth;INF200KA1U77;;10.3522;;;24-Aug-2021
148825;SBI Fixed Maturity Plan (FMP) - Series 41 (1498 Days) - Regular Plan - Growth;INF200KA1U51;;10.3435;;;24-Aug-2021
148828;SBI Fixed Maturity Plan (FMP) - Series 41 (1498 Days) Direct Plan - Income Distribution cum Capital Withdrawal Option (IDCW);INF200KA1U85;;10.3522;;;24-Aug-2021
148826;SBI Fixed Maturity Plan (FMP) - Series 41 (1498 Days) Regular Plan - Income Distribution cum Capital Withdrawal Option (IDCW);INF200KA1U69;;10.3435;;;24-Aug-2021
149043;SBI Fixed Maturity Plan (FMP) - Series 46 (1850 Days) - Direct Plan - Growth;INF200KA1X41;;10.1631;;;24-Aug-2021
149044;SBI Fixed Maturity Plan (FMP) - Series 46 (1850 Days) - Direct Plan - Income Distribution cum Capital Withdrawal Option (IDCW);INF200KA1X58;;10.1631;;;24-Aug-2021
149045;SBI Fixed Maturity Plan (FMP) - Series 46 (1850 Days) - Regular Plan - Growth;INF200KA1X25;;10.1608;;;24-Aug-2021
149042;SBI Fixed Maturity Plan (FMP) - Series 46 (1850 Days) - Regular Plan - Income Distribution cum Capital Withdrawal Option (IDCW);INF200KA1X33;;10.1608;;;24-Aug-2021
149082;SBI Fixed Maturity Plan (FMP) Series 47 (1434 Days) - Direct Plan - Growth;INF200KA1X82;;10.1181;;;24-Aug-2021
149081;SBI Fixed Maturity Plan (FMP) Series 47 (1434 Days) - Direct Plan - Income Distribution cum Capital Withdrawal Option (IDCW);INF200KA1X90;;10.1181;;;24-Aug-2021
149083;SBI Fixed Maturity Plan (FMP) Series 47 (1434 Days) - Regular Plan - Growth;INF200KA1X66;;10.1165;;;24-Aug-2021
149084;SBI Fixed Maturity Plan (FMP) Series 47 (1434 Days) - Regular Plan - Income Distribution cum Capital Withdrawal Option (IDCW);INF200KA1X74;;10.1165;;;24-Aug-2021
149111;SBI Fixed Maturity Plan (FMP) - Series 48 (1458 Days) - Direct Plan - Growth;INF200KA1Y24;;10.0681;;;24-Aug-2021
149108;SBI Fixed Maturity Plan (FMP) - Series 48 (1458 Days) - Direct Plan - Income Distribution cum Capital Withdrawal Option (IDCW);INF200KA1Y32;;10.0681;;;24-Aug-2021
149109;SBI Fixed Maturity Plan (FMP) - Series 48 (1458 Days) - Regular Plan - Growth;INF200KA1Y08;;10.0671;;;24-Aug-2021
149110;SBI Fixed Maturity Plan (FMP) - Series 48 (1458 Days) - Regular Plan - Income Distribution cum Capital Withdrawal Option (IDCW);INF200KA1Y16;;10.0671;;;24-Aug-2021
147248;SBI Fixed Maturity Plan (FMP) - Series 6 (3668 Days) - Direct Plan - Growth;INF200KA1F27;;12.4441;;;24-Aug-2021
147249;SBI Fixed Maturity Plan (FMP) - Series 6 (3668 Days) - Direct Plan - Income Distribution cum Capital Withdrawal Option (IDCW);INF200KA1F35;;12.4441;;;24-Aug-2021
147247;SBI Fixed Maturity Plan (FMP) - Series 6 (3668 Days) - Regular Plan - Growth;INF200KA1F01;;12.3734;;;24-Aug-2021
147250;SBI Fixed Maturity Plan (FMP) - Series 6 (3668 Days) - Regular Plan - Income Distribution cum Capital Withdrawal Option (IDCW);INF200KA1F19;;12.3744;;;24-Aug-2021
147318;SBI Fixed Maturity Plan (FMP) - Series 7 (1175 Days) - Direct Plan - Growth;INF200KA1F68;;12.1305;;;24-Aug-2021
147319;SBI Fixed Maturity Plan (FMP) - Series 7 (1175 Days) - Direct Plan - Income Distribution cum Capital Withdrawal Option (IDCW);INF200KA1F76;;12.1305;;;24-Aug-2021
147320;SBI Fixed Maturity Plan (FMP) - Series 7 (1175 Days) - Regular Plan - Growth;INF200KA1F43;;12.0622;;;24-Aug-2021
147317;SBI Fixed Maturity Plan (FMP) - Series 7 (1175 Days) - Regular Plan - Income Distribution cum Capital Withdrawal Option (IDCW);INF200KA1F50;;12.0622;;;24-Aug-2021
147333;SBI Fixed Maturity Plan (FMP) - Series 8 (1178 Days) - Direct Plan - Growth;INF200KA1G00;;12.0172;;;24-Aug-2021
147334;SBI Fixed Maturity Plan (FMP) - Series 8 (1178 Days) - Direct Plan - Income Distribution cum Capital Withdrawal Option (IDCW);INF200KA1G18;;12.0171;;;24-Aug-2021
147331;SBI Fixed Maturity Plan (FMP) - Series 8 (1178 Days) - Regular Plan - Growth;INF200KA1F84;;11.9505;;;24-Aug-2021
147332;SBI Fixed Maturity Plan (FMP) - Series 8 (1178 Days) - Regular Plan - Income Distribution cum Capital Withdrawal Option (IDCW);INF200KA1F92;;11.9506;;;24-Aug-2021
147422;SBI Fixed Maturity Plan (FMP) - Series 9 (1178 Days) - Direct Plan - Growth;INF200KA1G67;;11.9861;;;24-Aug-2021
147424;SBI Fixed Maturity Plan (FMP) - Series 9 (1178 Days) - Direct Plan - Income Distribution cum Capital Withdrawal Option (IDCW);INF200KA1G75;;11.9861;;;24-Aug-2021
147423;SBI Fixed Maturity Plan (FMP) - Series 9 (1178 Days) - Regular Plan - Growth;INF200KA1G42;;11.9208;;;24-Aug-2021
147421;SBI Fixed Maturity Plan (FMP) - Series 9 (1178 Days) - Regular Plan - Income Distribution cum Capital Withdrawal Option (IDCW);INF200KA1G59;;11.9214;;;24-Aug-2021
147764;SBI Fixed Maturity Plan (FMP) - Series 23 (1106 Days) - Direct Plan - Growth;INF200KA1M77;;11.5138;;;24-Aug-2021
147765;SBI Fixed Maturity Plan (FMP) - Series 23 (1106 Days) - Direct Plan - Income Distribution cum Capital Withdrawal Option (IDCW);INF200KA1M85;;11.5138;;;24-Aug-2021
147762;SBI Fixed Maturity Plan (FMP) - Series 23 (1106 Days) - Regular Plan - Growth;INF200KA1M51;;11.4628;;;24-Aug-2021
147763;SBI Fixed Maturity Plan (FMP) - Series 23 (1106 Days) - Regular Plan - Income Distribution cum Capital Withdrawal Option (IDCW);INF200KA1M69;;11.4628;;;24-Aug-2021
147509;SBI Fixed Maturity Plan (FMP) - Series 12 (1179 Days) - Direct Plan - Growth;INF200KA1H82;;11.8843;;;24-Aug-2021
147510;SBI Fixed Maturity Plan (FMP) - Series 12 (1179 Days) - Direct Plan - Income Distribution cum Capital Withdrawal Option (IDCW);INF200KA1H90;;11.8843;;;24-Aug-2021
147508;SBI Fixed Maturity Plan (FMP) - Series 12 (1179 Days) - Regular Plan - Growth;INF200KA1H66;;11.8218;;;24-Aug-2021
147511;SBI Fixed Maturity Plan (FMP) - Series 12 (1179 Days) - Regular Plan - Income Distribution cum Capital Withdrawal Option (IDCW);INF200KA1H74;;11.8218;;;24-Aug-2021
147520;SBI Fixed Maturity Plan (FMP) - Series 13 (1108 Days) - Direct Plan - Growth;INF200KA1I24;;11.8637;;;24-Aug-2021
147521;SBI Fixed Maturity Plan (FMP) - Series 13 (1108 Days) - Direct Plan - Income Distribution cum Capital Withdrawal Option (IDCW);INF200KA1I32;;11.8637;;;24-Aug-2021
147523;SBI Fixed Maturity Plan (FMP) - Series 13 (1108 Days) - Regular Plan - Growth;INF200KA1I08;;11.8018;;;24-Aug-2021
147522;SBI Fixed Maturity Plan (FMP) - Series 13 (1108 Days) - Regular Plan - Income Distribution cum Capital Withdrawal Option (IDCW);INF200KA1I16;;11.8018;;;24-Aug-2021
148848;SBI Fixed Maturity Plan (FMP) - Series 42 (1857 Days) Direct Plan - Income Distribution cum Capital Withdrawal Option (IDCW);INF200KA1V27;;10.3262;;;24-Aug-2021
148845;SBI Fixed Maturity Plan (FMP) - Series 42 (1857 Days) Regular Plan - Income Distribution cum Capital Withdrawal Option (IDCW);INF200KA1V01;;10.3186;;;24-Aug-2021
148846;SBI Fixed Maturity Plan (FMP) Series 42 (1857 Days) - Direct Plan - Growth;INF200KA1V19;;10.3262;;;24-Aug-2021
148847;SBI Fixed Maturity Plan (FMP) Series 42 (1857 Days) - Regular Plan - Growth;INF200KA1U93;;10.3186;;;24-Aug-2021
148941;SBI Fixed Maturity Plan (FMP) Series 43 (1616 Days) - Direct Plan - Growth;INF200KA1V50;;10.2945;;;24-Aug-2021
148942;SBI Fixed Maturity Plan (FMP) Series 43 (1616 Days) - Direct Plan - Income Distribution cum Capital Withdrawal Option (IDCW);INF200KA1V68;;10.2945;;;24-Aug-2021
148939;SBI Fixed Maturity Plan (FMP) Series 43 (1616 Days) - Regular Plan - Growth;INF200KA1V35;;10.2892;;;24-Aug-2021
148940;SBI Fixed Maturity Plan (FMP) Series 43 (1616 Days) - Regular Plan - Income Distribution cum Capital Withdrawal Option (IDCW);INF200KA1V43;;10.2892;;;24-Aug-2021
148967;SBI Fixed Maturity Plan (FMP) - Series 44 (1855 Days) - Direct Plan - Growth;INF200KA1W59;;10.1629;;;24-Aug-2021
148968;SBI Fixed Maturity Plan (FMP) - Series 44 (1855 Days) - Direct Plan - Income Distribution cum Capital Withdrawal Option (IDCW);INF200KA1W67;;10.1629;;;24-Aug-2021
148966;SBI Fixed Maturity Plan (FMP) - Series 44 (1855 Days) - Regular Plan - Growth;INF200KA1W34;;10.1592;;;24-Aug-2021
148969;SBI Fixed Maturity Plan (FMP) Series 44 (1855 Days) - Regular Plan - Income Distribution cum Capital Withdrawal Option (IDCW);INF200KA1W42;;10.1592;;;24-Aug-2021
148999;SBI Fixed Maturity Plan (FMP) Series 45 (1840 Days) - Direct Plan - Growth;INF200KA1W91;;10.1422;;;24-Aug-2021
148998;SBI Fixed Maturity Plan (FMP) Series 45 (1840 Days) - Direct Plan - Income Distribution cum Capital Withdrawal Option (IDCW);INF200KA1X09;;10.1422;;;24-Aug-2021
148996;SBI Fixed Maturity Plan (FMP) Series 45 (1840 Days) - Regular Plan - Growth;INF200KA1W75;;10.1391;;;24-Aug-2021
148997;SBI Fixed Maturity Plan (FMP) Series 45 (1840Days) - Regular Plan - Income Distribution cum Capital Withdrawal Option (IDCW);INF200KA1W83;;10.1391;;;24-Aug-2021

Sundaram Mutual Fund
146945;Sundaram Fixed Term Plan IS Direct Plan - Growth;INF903JA1HP6;;12.2870;;;24-Aug-2021
146946;Sundaram Fixed Term Plan IS Regular Plan - Growth;INF903JA1HN1;;12.2511;;;24-Aug-2021
146947;Sundaram Fixed Term Plan IS Regular Plan - Payout of Income Distribution cum Capital Withdrawal (IDCW);INF903JA1HO9;;12.2510;;;24-Aug-2021

Tata Mutual Fund
144621;TATA Fixed Maturity Plan Series 55 Sch G Direct Plan - Payout of Income Distribution cum capital withdrawal option;INF277K010M7;;12.6796;;;24-Aug-2021
144623;TATA Fixed Maturity Plan Series 55 Sch G Regular Plan - Payout of Income Distribution cum capital withdrawal option;INF277K018L2;;12.5981;;;24-Aug-2021
144620;Tata Fixed Maturity Plan Series 55 Scheme G-Direct Plan-Growth;INF277K019L0;;12.6797;;;24-Aug-2021
144622;Tata Fixed Maturity Plan Series 55 Scheme G-Regular Plan-Growth;INF277K017L4;;12.5981;;;24-Aug-2021
144882;TATA Fixed Maturity Plan Series 55 Sch I Direct Plan - Payout of Income Distribution cum capital withdrawal option;INF277K018M0;;12.7336;;;24-Aug-2021
144881;TATA Fixed Maturity Plan Series 55 Sch I Regular Plan - Payout of Income Distribution cum capital withdrawal option;INF277K016M4;;12.6526;;;24-Aug-2021
144883;Tata Fixed Maturity Plan Series 55 Scheme I-Direct Plan-Growth;INF277K017M2;;12.7336;;;24-Aug-2021
144880;Tata Fixed Maturity Plan Series 55 Scheme I-Regular Plan-Growth;INF277K015M6;;12.6527;;;24-Aug-2021
144984;Tata Fixed Matuirty Plan Series 56 Scheme A-Regular Plan-Growth;INF277K013N9;;12.6167;;;24-Aug-2021
144983;TATA Fixed Maturity Plan Series 56 Sch A Direct Plan -Payout of Income Distribution cum capital withdrawal option;INF277K016N2;;12.6976;;;24-Aug-2021
144982;TATA Fixed Maturity Plan Series 56 Sch A Regular Plan - Payout of Income Distribution cum capital withdrawal option;INF277K014N7;;12.6167;;;24-Aug-2021
144985;Tata Fixed Maturity Plan Series 56 Scheme A-Direct Plan-Growth;INF277K015N4;;12.6993;;;24-Aug-2021
145094;TATA Fixed Maturity Plan Series 56 Sch B Direct Plan - Payout of Income Distribution cum capital withdrawal option;INF277K010O3;;12.5595;;;24-Aug-2021
145093;TATA Fixed Maturity Plan Series 56 Sch B Regular Plan -Payout of Income Distribution cum capital withdrawal option;INF277K019N6;;12.4104;;;24-Aug-2021
145096;Tata Fixed Maturity Plan Series 56 Scheme B-Direct Plan-Growth;INF277K018N8;;12.5365;;;24-Aug-2021
145095;Tata Fixed Maturity Plan Series 56 Scheme B-Regular Plan-Growth;INF277K017N0;;12.4069;;;24-Aug-2021
145212;TATA Fixed Maturity Plan Series 56 Sch C Direct Plan - Payout of Income Distribution cum capital withdrawal option;INF277K012P6;;12.7553;;;24-Aug-2021
145211;TATA Fixed Maturity Plan Series 56 Sch C Regular Plan - Payout of Income Distribution cum capital withdrawal option;INF277K010P0;;12.6385;;;24-Aug-2021
145214;Tata Fixed Maturity Plan Series 56 Scheme C-Direct Plan-Growth;INF277K011P8;;12.7553;;;24-Aug-2021
145213;Tata Fixed Maturity Plan Series 56 Scheme C-Regular Plan-Growth;INF277K019O4;;12.6385;;;24-Aug-2021
145304;Tata Fixed Matuirty Plan Series 56 Scheme D-Direct Plan-Growth;INF277K015P9;;12.7119;;;24-Aug-2021
145305;TATA Fixed Maturity Plan Series 56 Sch D Direct Plan - Payout of Income Distribution cum capital withdrawal option;INF277K016P7;;12.7118;;;24-Aug-2021
145306;TATA Fixed Maturity Plan Series 56 Sch D Regular Plan - Payout of Income Distribution cum capital withdrawal option;INF277K014P2;;12.5933;;;24-Aug-2021
145303;Tata Fixed Maturity Plan Series 56 Scheme D-Regular Plan-Growth;INF277K013P4;;12.5933;;;24-Aug-2021
145584;TATA Fixed Maturity Plan Series 56 Sch F Direct Plan - Payout of Income Distribution cum capital withdrawal option;INF277K014Q0;;12.7288;;;24-Aug-2021
145582;TATA Fixed Maturity Plan Series 56 Sch F Regular Plan - Payout of Income Distribution cum capital withdrawal option;INF277K012Q4;;12.6410;;;24-Aug-2021
145583;Tata Fixed Maturity Plan Series 56 Scheme F - Direct Plan - Growth;INF277K013Q2;;12.7298;;;24-Aug-2021
145581;Tata Fixed Maturity Plan Series 56 Scheme F - Regular Plan - Growth;INF277K011Q6;;12.6413;;;24-Aug-2021

UTI Mutual Fund
139860;UTI Capital Protection Oriented Scheme - Series VIII-II (1831 Days) - Direct Plan - IDCW;INF789FC1DN1;;15.3999;;;24-Aug-2021
139862;UTI Capital Protection Oriented Scheme - Series VIII-II (1831 Days) - Regular Plan - IDCW;INF789FC1DL5;;14.5649;;;24-Aug-2021
139861;UTI Capital Protection Oriented Scheme Series VIII - II (1831 Days) - Regular Plan - Growth Option;INF789FC1DM3;;14.5649;;;24-Aug-2021
139859;UTI Capital Protection Oriented Scheme Series VIII -II  (1831 Days) - Direct Plan - Growth Option;INF789FC1DO9;;15.3998;;;24-Aug-2021
140065;UTI Capital Protection Oriented Scheme - Series VIII-IV (1996 Days) - Direct Plan - IDCW;INF789FC1EZ3;;14.2993;;;24-Aug-2021
140067;UTI Capital Protection Oriented Scheme - Series VIII-IV (1996 Days) - Regular Plan - IDCW;INF789FC1EX8;;13.5722;;;24-Aug-2021
140068;UTI Capital Protection Oriented Scheme Series VIII-IV (1996 Days) - Direct Plan - Growth Option;INF789FC1FA3;;14.2994;;;24-Aug-2021
140066;UTI Capital Protection Oriented Scheme Series VIII-IV (1996 Days) - Regular Plan - Growth Option;INF789FC1EY6;;13.5722;;;24-Aug-2021
140655;UTI - Dual Advantage Fixed Term Series IV-IV (1997 Days) - Direct Plan - Growth Option;INF789FC1IL4;;15.2424;;;24-Aug-2021
140656;UTI - Dual Advantage Fixed Term Series IV-IV (1997 Days) - Regular Plan - Growth Option;INF789FC1IJ8;;14.5247;;;24-Aug-2021
140654;UTI Dual Advantage Fixed Term Fund Series IV-IV (1997 Days) - Direct Plan - IDCW;INF789FC1IK6;;15.2424;;;24-Aug-2021
140657;UTI Dual Advantage Fixed Term Fund Series IV-IV (1997 Days) - Regular Plan - IDCW;INF789FC1II0;;14.5247;;;24-Aug-2021
124596;UTI F I I F-Annual Interval Plan Series - II - Direct Plan - Growth Option;INF789F01VZ1;;28.1914;;;24-Aug-2021
106338;UTI F I I F-Annual Interval Plan Series - II - Regular Plan - Growth Option;INF789F01FM2;;27.9144;;;24-Aug-2021
124595;UTI FIIF Annual Interval Plan II - Direct Plan - IDCW;INF789F01VX6;INF789F01VY4;10.08;;;24-Aug-2021
106337;UTI FIIF Annual Interval Plan II - Regular Plan - IDCW;INF789F01FK6;INF789F01FL4;10.0751;;;24-Aug-2021
126030;UTI FIIF Annual Interval Plan IV - Direct Plan - IDCW;INF789F01WD6;INF789F01WE4;10.0771;;;24-Aug-2021
107070;UTI FIIF Annual Interval Plan IV - Regular Plan - IDCW;INF789F01FW1;INF789F01FX9;10.0778;;;24-Aug-2021
126031;UTI Fixed Interval Income Fund (Annual Interval Plan) Series IV - Direct Plan - Growth Option;INF789F01WF1;;27.0207;;;24-Aug-2021
107071;UTI Fixed Interval Income Fund (Annual Interval Plan) Series IV - Regular Plan - Growth Option;INF789F01FY7;;26.7712;;;24-Aug-2021
122641;UTI FIIF Half Yearly Plan I - Direct Plan - IDCW;INF789F01VR8;INF789F01VS6;10.071;;;24-Aug-2021
107089;UTI FIIF Half Yearly Plan I - Regular Plan - IDCW;INF789F01EY0;INF789F01EZ7;10.0542;;;24-Aug-2021
122642;UTI Fixed  Income Interval Fund ( Half Yearly Plan - I) - Direct Plan - Growth Option;INF789F01VT4;;26.1388;;;24-Aug-2021
107088;UTI Fixed  Income Interval Fund ( Half Yearly Plan - I) - Regular Plan - Growth Option;INF789F01FA7;;25.6808;;;24-Aug-2021
125952;UTI FIIF Half Yearly Plan II - Direct Plan - IDCW;INF789F01WV8;INF789F01WW6;10.2322;;;24-Aug-2021
107226;UTI FIIF Half Yearly Plan II - Regular Plan - IDCW;INF789F01HG0;INF789F01HH8;10.0606;;;24-Aug-2021
125953;UTI Fixed Income Interval Fund ( Half Yearly Plan-II)- Direct Plan - Growth Option;INF789F01WX4;;25.5451;;;24-Aug-2021
107228;UTI Fixed Income Interval Fund ( Half Yearly Plan-II)- Regular Plan - Growth Option;INF789F01HI6;;25.5107;;;24-Aug-2021
120970;UTI - Fixed Income Interval Fund - Monthly Interval Plan  - Direct Plan - Growth Option;INF789F01VQ0;;26.8458;;;24-Aug-2021
106145;UTI - Fixed Income Interval Fund - Monthly Interval Plan  - Regular Plan - Growth Option;INF789F01EU8;;26.389;;;24-Aug-2021
120975;UTI FIIF Monthly Interval Plan I - Direct Plan - Monthly IDCW;INF789F01VO5;INF789F01VP2;10.0174;;;24-Aug-2021
106146;UTI FIIF Monthly Interval Plan I - Regular Plan - Monthly IDCW;INF789F01ES2;INF789F01ET0;10.0184;;;24-Aug-2021
120902;UTI FIIF Monthly Interval Plan II - Direct Plan - Monthly IDCW;INF789F01VL1;INF789F01VM9;10.013;;;24-Aug-2021
107195;UTI FIIF Monthly Interval Plan II - Regular Plan - Monthly IDCW;INF789F01EM5;INF789F01EN3;10.0047;;;24-Aug-2021
120903;UTI Fixed Income Interval Fund - Monthly Interval Plan II-Direct Plan - Growth Option;INF789F01VN7;;25.7811;;;24-Aug-2021
107193;UTI Fixed Income Interval Fund - Monthly Interval Plan II-Regular Plan - Growth Option;INF789F01EO1;;25.3405;;;24-Aug-2021
121412;UTI FIIF Quarterly Interval Plan III - Direct Plan - IDCW;INF789F01WJ3;INF789F01WK1;10.08;;;24-Aug-2021
106365;UTI FIIF Quarterly Interval Plan III - Regular Plan - IDCW;INF789F01GI8;INF789F01GJ6;10.0744;;;24-Aug-2021
121413;UTI Fixed  Income Interval Fund ( Quarterly Interval Plan - III) - Direct Plan - Growth Option;INF789F01WL9;;27.7277;;;24-Aug-2021
106366;UTI Fixed  Income Interval Fund ( Quarterly Interval Plan - III) -Regular Plan - Growth Option;INF789F01GK4;;27.2598;;;24-Aug-2021
121034;UTI F I I F Series II -Quarterly Interval Plan - IV -Direct Plan - Growth Option;INF789F01WO3;;25.0097;;;24-Aug-2021
109465;UTI F I I F Series II -Quarterly Interval Plan - IV -Regular Plan - Growth Option;INF789F01GQ1;;24.5846;;;24-Aug-2021
121033;UTI FIIF Sr-2 Quarterly Interval Plan IV - Direct Plan - IDCW;INF789F01WM7;INF789F01WN5;10.0712;;;24-Aug-2021
109464;UTI FIIF Sr-2 Quarterly Interval Plan IV - Regular Plan - IDCW;INF789F01GO6;INF789F01GP3;10.0661;;;24-Aug-2021
120877;UTI F I I F Series II -Quarterly Interval Plan - VII - Direct Plan - Growth Option;INF789F01VK3;;24.6982;;;24-Aug-2021
110468;UTI F I I F Series II -Quarterly Interval Plan - VII - Regular Plan - Growth Option;INF789F01EI3;;24.2757;;;24-Aug-2021
120876;UTI FIIF Sr-2 Quarterly Interval Plan VII - Direct Plan - IDCW;INF789F01VI7;INF789F01VJ5;10.0596;;;24-Aug-2021
110469;UTI FIIF Sr-2 Quarterly Interval Plan VII - Regular Plan - IDCW;INF789F01EG7;INF789F01EH5;10.0548;;;24-Aug-2021
143422;UTI Fixed Term Income fund - Series XXIX - IV (1422 DAYS) - Direct Plan - Flexi IDCW;INF789FC10T5;;13.2111;;;24-Aug-2021
143425;UTI Fixed Term Income fund - Series XXIX - IV (1422 DAYS) - Regular Plan - Annual IDCW;INF789FC12S3;;10.5582;;;24-Aug-2021
143360;UTI Fixed Term Income Fund Series XXIX-IV (1422 days) - Direct Plan - Growth Option;INF789FC19S8;;13.2037;;;24-Aug-2021
143361;UTI Fixed Term Income Fund Series XXIX-IV (1422 days) - Regular Plan - Growth Option;INF789FC14S9;;13.1181;;;24-Aug-2021
144573;UTI Fixed Term Income fund - Series XXX - I (1104 DAYS) - Direct Plan - Maturity IDCW;INF789F1A694;;12.2032;;;24-Aug-2021
144572;UTI Fixed Term Income fund - Series XXX - I (1104 DAYS) - Direct Plan - Quarterly IDCW;INF789F1A678;;10.1453;;;24-Aug-2021
144575;UTI Fixed Term Income fund - Series XXX - I (1104 DAYS) - Regular Plan - Annual IDCW;INF789F1A637;;10.2792;;;24-Aug-2021
144577;UTI Fixed Term Income fund - Series XXX - I (1104 DAYS) - Regular Plan - Flexi IDCW;INF789F1A660;;12.0869;;;24-Aug-2021
144576;UTI Fixed Term Income fund - Series XXX - I (1104 DAYS) - Regular Plan - Maturity IDCW;INF789F1A645;;12.0816;;;24-Aug-2021
144579;UTI Fixed Term Income fund - Series XXX - I (1104 DAYS) - Regular Plan - Quarterly IDCW;INF789F1A629;;10.137;;;24-Aug-2021
144571;UTI Fixed Term Income Fund Series XXX-I (1104 days) - Direct Plan - Growth Option;INF789F1A702;;12.2025;;;24-Aug-2021
144574;UTI Fixed Term Income Fund Series XXX-I (1104 days) - Regular Plan - Growth Option;INF789F1A652;;12.0816;;;24-Aug-2021
144659;UTI Fixed Term Income fund - Series XXX - II (1107 DAYS) - Direct Plan - Annual IDCW;INF789F1A926;;10.2783;;;24-Aug-2021
144661;UTI Fixed Term Income fund - Series XXX - II (1107 DAYS) - Regular Plan - Quarterly IDCW;INF789F1A868;;10.1407;;;24-Aug-2021
144666;UTI Fixed Term Income Fund Series XXX-II (1107 days) - Direct Plan - Growth Option;INF789F1A942;;12.6669;;;24-Aug-2021
144663;UTI Fixed Term Income Fund Series XXX-II (1107 days) - Regular Plan - Growth Option;INF789F1A892;;12.5729;;;24-Aug-2021
144731;UTI Fixed Term Income Fund Series XXX-III (1106 Days) - Direct Plan - Annual IDCW;INF789F1AAC3;;10.2961;;;24-Aug-2021
144732;UTI Fixed Term Income Fund Series XXX-III (1106 Days) - Direct Plan - Flexi IDCW;INF789F1AAF6;;11.8233;;;24-Aug-2021
144736;UTI Fixed Term Income Fund Series XXX-III (1106 days) - Direct Plan - Growth Option;INF789F1AAE9;;11.829;;;24-Aug-2021
144739;UTI Fixed Term Income Fund Series XXX-III (1106 Days) - Direct Plan - Maturity IDCW;INF789F1AAD1;;11.8288;;;24-Aug-2021
144738;UTI Fixed Term Income Fund Series XXX-III (1106 Days) - Direct Plan - Quarterly IDCW;INF789F1AAB5;;10.1463;;;24-Aug-2021
144734;UTI Fixed Term Income Fund Series XXX-III (1106 Days) - Regular Plan - Annual IDCW;INF789F1A975;;10.2813;;;24-Aug-2021
144740;UTI Fixed Term Income Fund Series XXX-III (1106 Days) - Regular Plan - Flexi IDCW;INF789F1AAA7;;11.7125;;;24-Aug-2021
144733;UTI Fixed Term Income Fund Series XXX-III (1106 days) - Regular Plan - Growth Option;INF789F1A991;;11.7141;;;24-Aug-2021
144737;UTI Fixed Term Income Fund Series XXX-III (1106 Days) - Regular Plan - Maturity IDCW;INF789F1A983;;11.7142;;;24-Aug-2021
144735;UTI Fixed Term Income Fund Series XXX-III (1106 Days) - Regular Plan - Quarterly IDCW;INF789F1A967;;10.138;;;24-Aug-2021
144954;UTI - Fixed Term Income Fund Series XXX-IV (1125 Days) - Direct Plan - Growth Option;INF789F1AAL4;;12.7808;;;24-Aug-2021
144956;UTI - Fixed Term Income Fund Series XXX-IV (1125 Days) - Regular Plan - Growth Option;INF789F1AAG4;;12.6607;;;24-Aug-2021
144955;UTI Fixed Term Income Fund Series XXX-IV (1125 Days) - Direct Plan - Annual IDCW;INF789F1AAN0;;10.3672;;;24-Aug-2021
144950;UTI Fixed Term Income Fund Series XXX-IV (1125 Days) - Direct Plan - Flexi IDCW;INF789F1AAP5;;12.7804;;;24-Aug-2021
144949;UTI Fixed Term Income Fund Series XXX-IV (1125 Days) - Direct Plan - Maturity IDCW;INF789F1AAO8;;12.7808;;;24-Aug-2021
144948;UTI Fixed Term Income Fund Series XXX-IV (1125 Days) - Direct Plan - Quarterly IDCW;INF789F1AAM2;;10.2129;;;24-Aug-2021
144951;UTI Fixed Term Income Fund Series XXX-IV (1125 Days) - Regular Plan - Annual IDCW;INF789F1AAI0;;10.3739;;;24-Aug-2021
144957;UTI Fixed Term Income Fund Series XXX-IV (1125 Days) - Regular Plan - Flexi IDCW;INF789F1AAK6;;12.6607;;;24-Aug-2021
144953;UTI Fixed Term Income Fund Series XXX-IV (1125 Days) - Regular Plan - Maturity IDCW;INF789F1AAJ8;;12.6605;;;24-Aug-2021
144952;UTI Fixed Term Income Fund Series XXX-IV (1125 Days) - Regular Plan - Quarterly IDCW;INF789F1AAH2;;10.2048;;;24-Aug-2021
145339;UTI - Fixed Term Income Fund Series XXX-IX (1266 Days) - Direct Plan - Growth Option;INF789F1ABZ2;;12.0995;;;24-Aug-2021
145334;UTI - Fixed Term Income Fund Series XXX-IX (1266 Days) - Regular Plan - Growth Option;INF789F1ABU3;;11.9807;;;24-Aug-2021
145341;UTI Fixed Term Income Fund Series XXX-IX (1266 Days) - Direct Plan - Maturity IDCW;INF789F1ACC9;;12.0983;;;24-Aug-2021
145340;UTI Fixed Term Income Fund Series XXX-IX (1266 Days) - Direct Plan - Quarterly IDCW;INF789F1ACA3;;10.1888;;;24-Aug-2021
145337;UTI Fixed Term Income Fund Series XXX-IX (1266 Days) - Regular Plan - Annual IDCW;INF789F1ABW9;;10.3745;;;24-Aug-2021
145336;UTI Fixed Term Income Fund Series XXX-IX (1266 Days) - Regular Plan - Flexi IDCW;INF789F1ABY5;;11.9808;;;24-Aug-2021
145335;UTI Fixed Term Income Fund Series XXX-IX (1266 Days) - Regular Plan - Maturity IDCW;INF789F1ABX7;;11.9807;;;24-Aug-2021
145338;UTI Fixed Term Income Fund Series XXX-IX (1266 Days) - Regular Plan - Quarterly IDCW;INF789F1ABV1;;10.18;;;24-Aug-2021
145009;UTI - Fixed Term Income Fund Series XXX-V (1135 Days) - Direct Plan - Growth Option;INF789F1AAV3;;12.7235;;;24-Aug-2021
145016;UTI - Fixed Term Income Fund Series XXX-V (1135 Days) - Regular Plan - Growth Option;INF789F1AAQ3;;12.6337;;;24-Aug-2021
145010;UTI Fixed Term Income Fund Series XXX-V (1135 Days) - Direct Plan - Maturity IDCW;INF789F1AAY7;;12.7239;;;24-Aug-2021
145014;UTI Fixed Term Income Fund Series XXX-V (1135 Days) - Regular Plan - Quarterly IDCW;INF789F1AAR1;;10.2911;;;24-Aug-2021
145145;UTI - Fixed Term Income Fund Series XXX-VI (1107 Days) - Direct Plan - Growth Option;INF789F1ABF4;;12.2439;;;24-Aug-2021
145153;UTI - Fixed Term Income Fund Series XXX-VI (1107 Days) - Regular Plan - Growth Option;INF789F1ABA5;;12.1218;;;24-Aug-2021
145146;UTI Fixed Term Income Fund Series XXX-VI (1107 Days) - Direct Plan - Annual IDCW;INF789F1ABH0;;10.2438;;;24-Aug-2021
145154;UTI Fixed Term Income Fund Series XXX-VI (1107 Days) - Direct Plan - Maturity IDCW;INF789F1ABI8;;12.2441;;;24-Aug-2021
145152;UTI Fixed Term Income Fund Series XXX-VI (1107 Days) - Direct Plan - Quarterly IDCW;INF789F1ABG2;;10.1216;;;24-Aug-2021
145148;UTI Fixed Term Income Fund Series XXX-VI (1107 Days) - Regular Plan - Annual IDCW;INF789F1ABC1;;10.2282;;;24-Aug-2021
145150;UTI Fixed Term Income Fund Series XXX-VI (1107 Days) - Regular Plan - Maturity IDCW;INF789F1ABD9;;12.1219;;;24-Aug-2021
145149;UTI Fixed Term Income Fund Series XXX-VI (1107 Days) - Regular Plan - Quarterly IDCW;INF789F1ABB3;;10.1131;;;24-Aug-2021
145329;UTI - Fixed Term Income Fund Series XXX-VIII (1286 Days) - Direct Plan - Growth Option;INF789F1ACJ4;;13.0018;;;24-Aug-2021
145325;UTI - Fixed Term Income Fund Series XXX-VIII (1286 Days) - Regular Plan - Growth Option;INF789F1ACE5;;12.9087;;;24-Aug-2021
145415;UTI - Fixed Term Income Fund Series XXX-X (1267 Days) - Direct Plan - Growth Option;INF789F1ADL8;;12.8991;;;24-Aug-2021
145419;UTI - Fixed Term Income Fund Series XXX-X (1267 Days) - Regular Plan - Growth Option;INF789F1ADG8;;12.8084;;;24-Aug-2021
145422;UTI Fixed Term Income Fund Series XXX-X (1267 Days) - Direct Plan - Quarterly IDCW;INF789F1ADM6;;10.4471;;;24-Aug-2021
145423;UTI Fixed Term Income Fund Series XXX-X (1267 Days) - Regular Plan - Annual IDCW;INF789F1ADI4;;10.5827;;;24-Aug-2021
145424;UTI Fixed Term Income Fund Series XXX-X (1267 Days) - Regular Plan - Quarterly IDCW;INF789F1ADH6;;10.4402;;;24-Aug-2021
145505;UTI - Fixed Term Income Fund Series XXX-XI (1246 Days) - Direct Plan - Growth Option;INF789F1ADV7;;12.7944;;;24-Aug-2021
145512;UTI - Fixed Term Income Fund Series XXX-XI (1246 Days) - Regular Plan - Growth Option;INF789F1ADQ7;;12.672;;;24-Aug-2021
145506;UTI Fixed Term Income Fund Series XXX-XI (1246 Days) - Direct Plan - Annual IDCW;INF789F1ADX3;;10.4622;;;24-Aug-2021
145511;UTI Fixed Term Income Fund Series XXX-XI (1246 Days) - Direct Plan - Flexi IDCW;INF789F1ADZ8;;12.7955;;;24-Aug-2021
145507;UTI Fixed Term Income Fund Series XXX-XI (1246 Days) - Direct Plan - Maturity IDCW;INF789F1ADY1;;12.7933;;;24-Aug-2021
145513;UTI Fixed Term Income Fund Series XXX-XI (1246 Days) - Direct Plan - Quarterly IDCW;INF789F1ADW5;;10.3094;;;24-Aug-2021
145508;UTI Fixed Term Income Fund Series XXX-XI (1246 Days) - Regular Plan - Annual IDCW;INF789F1ADS3;;10.4468;;;24-Aug-2021
145514;UTI Fixed Term Income Fund Series XXX-XI (1246 Days) - Regular Plan - Flexi IDCW;INF789F1ADU9;;12.672;;;24-Aug-2021
145510;UTI Fixed Term Income Fund Series XXX-XI (1246 Days) - Regular Plan - Quarterly IDCW;INF789F1ADR5;;10.3197;;;24-Aug-2021
145553;UTI - Fixed Term Income Fund Series XXX-XII (1254 Days) - Direct Plan - Growth Option;INF789F1AEF8;;12.8106;;;24-Aug-2021
145555;UTI - Fixed Term Income Fund Series XXX-XII (1254 Days) - Regular Plan - Growth Option;INF789F1AEA9;;12.7055;;;24-Aug-2021
145556;UTI Fixed Term Income Fund Series XXX-XII (1254 Days) - Regular Plan - Annual IDCW;INF789F1AEC5;;10.55;;;24-Aug-2021
145558;UTI Fixed Term Income Fund Series XXX-XII (1254 Days) - Regular Plan - Flexi IDCW;INF789F1AEE1;;12.7084;;;24-Aug-2021
145557;UTI Fixed Term Income Fund Series XXX-XII (1254 Days) - Regular Plan - Maturity IDCW;INF789F1AED3;;12.7055;;;24-Aug-2021
145561;UTI Fixed Term Income Fund Series XXX-XII (1254 Days) - Regular Plan - Quarterly IDCW;INF789F1AEB7;;10.414;;;24-Aug-2021
145654;UTI - Fixed Term Income Fund Series XXX-XIII (1224 Days) - Direct Plan - Growth Option;INF789F1AEP7;;12.6918;;;24-Aug-2021
145650;UTI - Fixed Term Income Fund Series XXX-XIII (1224 Days) - Regular Plan - Growth Option;INF789F1AEK8;;12.5722;;;24-Aug-2021
145655;UTI Fixed Term Income Fund Series XXX-XIII (1224 Days) - Direct Plan - Annual IDCW;INF789F1AER3;;10.4549;;;24-Aug-2021
145653;UTI Fixed Term Income Fund Series XXX-XIII (1224 Days) - Direct Plan - Maturity IDCW;INF789F1AES1;;12.6918;;;24-Aug-2021
145651;UTI Fixed Term Income Fund Series XXX-XIII (1224 Days) - Regular Plan - Annual IDCW;INF789F1AEM4;;10.4392;;;24-Aug-2021
145658;UTI Fixed Term Income Fund Series XXX-XIII (1224 Days) - Regular Plan - Flexi IDCW;INF789F1AEO0;;12.573;;;24-Aug-2021
145657;UTI Fixed Term Income Fund Series XXX-XIII (1224 Days) - Regular Plan - Maturity IDCW;INF789F1AEN2;;12.5722;;;24-Aug-2021
145652;UTI Fixed Term Income Fund Series XXX-XIII (1224 Days) - Regular Plan - Quarterly IDCW;INF789F1AEL6;;10.295;;;24-Aug-2021
145838;UTI - Fixed Term Income Fund Series XXX-XIV (1209 Days) - Direct Plan - Growth Option;INF789F1AEZ6;;12.6627;;;24-Aug-2021
145842;UTI - Fixed Term Income Fund Series XXX-XIV (1209 Days) - Regular Plan - Growth Option;INF789F1AEU7;;12.5452;;;24-Aug-2021
145835;UTI Fixed Term Income Fund Series XXX-XIV (1209 Days) - Direct Plan - Annual IDCW;INF789F1AFB4;;10.4872;;;24-Aug-2021
145840;UTI Fixed Term Income Fund Series XXX-XIV (1209 Days) - Direct Plan - Maturity IDCW;INF789F1AFC2;;12.6629;;;24-Aug-2021
145839;UTI Fixed Term Income Fund Series XXX-XIV (1209 Days) - Direct Plan - Quarterly IDCW;INF789F1AFA6;;10.3371;;;24-Aug-2021
145836;UTI Fixed Term Income Fund Series XXX-XIV (1209 Days) - Regular Plan - Annual IDCW;INF789F1AEW3;;10.4717;;;24-Aug-2021
145837;UTI Fixed Term Income Fund Series XXX-XIV (1209 Days) - Regular Plan - Flexi IDCW;INF789F1AEY9;;12.5448;;;24-Aug-2021
145844;UTI Fixed Term Income Fund Series XXX-XIV (1209 Days) - Regular Plan - Maturity IDCW;INF789F1AEX1;;12.5452;;;24-Aug-2021
145843;UTI Fixed Term Income Fund Series XXX-XIV (1209 Days) - Regular Plan - Quarterly IDCW;INF789F1AEV5;;10.392;;;24-Aug-2021
145845;UTI - Fixed Term Income Fund Series XXX-XV (1223 Days) - Direct Plan - Growth Option;INF789F1AFJ7;;12.6373;;;24-Aug-2021
145848;UTI - Fixed Term Income Fund Series XXX-XV (1223 Days) - Regular Plan - Growth Option;INF789F1AFE8;;12.5523;;;24-Aug-2021
145851;UTI Fixed Term Income Fund Series XXX-XV (1223 Days) - Regular Plan - Quarterly IDCW;INF789F1AFF5;;10.3716;;;24-Aug-2021
145939;UTI - Fixed Term Income Fund Series XXXI-I (1209 Days) - Direct Plan - Growth Option;INF789F1AFT6;;12.5808;;;24-Aug-2021
145940;UTI - Fixed Term Income Fund Series XXXI-I (1209 Days) - Regular Plan - Growth Option;INF789F1AFO7;;12.4892;;;24-Aug-2021
145941;UTI Fixed Term Income Fund Series XXXI-I (1209 Days) - Direct Plan - Quarterly IDCW;INF789F1AFU4;;10.3429;;;24-Aug-2021
145936;UTI Fixed Term Income Fund Series XXXI-I (1209 Days) - Regular Plan - Maturity IDCW;INF789F1AFR0;;12.4892;;;24-Aug-2021
145935;UTI Fixed Term Income Fund Series XXXI-I (1209 Days) - Regular Plan - Quarterly IDCW;INF789F1AFP4;;10.3333;;;24-Aug-2021
146037;UTI - Fixed Term Income Fund Series XXXI-II (1222 Days) - Direct Plan - Growth Option;INF789F1AGE6;;12.6726;;;24-Aug-2021
146031;UTI - Fixed Term Income Fund Series XXXI-II (1222 Days) - Regular Plan - Growth Option;INF789F1AFY6;;12.555;;;24-Aug-2021
146039;UTI Fixed Term Income Fund Series XXXI-II (1222 Days) - Direct Plan - Annual IDCW;INF789F1AGG1;;10.5562;;;24-Aug-2021
146036;UTI Fixed Term Income Fund Series XXXI-II (1222 Days) - Direct Plan - Flexi IDCW;INF789F1AGI7;;12.6733;;;24-Aug-2021
146040;UTI Fixed Term Income Fund Series XXXI-II (1222 Days) - Direct Plan - Maturity IDCW;INF789F1AGH9;;12.6726;;;24-Aug-2021
146033;UTI Fixed Term Income Fund Series XXXI-II (1222 Days) - Direct Plan - Quarterly IDCW;INF789F1AGF3;;10.4022;;;24-Aug-2021
146035;UTI Fixed Term Income Fund Series XXXI-II (1222 Days) - Regular Plan - Annual IDCW;INF789F1AGB2;;10.5385;;;24-Aug-2021
146032;UTI Fixed Term Income Fund Series XXXI-II (1222 Days) - Regular Plan - Flexi IDCW;INF789F1AGD8;;12.5553;;;24-Aug-2021
146034;UTI Fixed Term Income Fund Series XXXI-II (1222 Days) - Regular Plan - Maturity IDCW;INF789F1AGC0;;12.555;;;24-Aug-2021
146038;UTI Fixed Term Income Fund Series XXXI-II (1222 Days) - Regular Plan - Quarterly IDCW;INF789F1AFZ3;;10.3904;;;24-Aug-2021
146245;UTI - Fixed Term Income Fund Series XXXI-III (1174 Days) - Direct Plan - Growth Option;INF789F1AGS6;;12.4778;;;24-Aug-2021
146247;UTI - Fixed Term Income Fund Series XXXI-III (1174 Days) - Regular Plan - Growth Option;INF789F1AGN7;;12.398;;;24-Aug-2021
146246;UTI Fixed Term Income Fund Series XXXI-III (1174 Days) - Direct Plan - Annual IDCW;INF789F1AGU2;;10.4837;;;24-Aug-2021
146243;UTI Fixed Term Income Fund Series XXXI-III (1174 Days) - Direct Plan - Maturity IDCW;INF789F1AGV0;;12.4772;;;24-Aug-2021
146239;UTI Fixed Term Income Fund Series XXXI-III (1174 Days) - Direct Plan - Quarterly IDCW;INF789F1AGT4;;10.3497;;;24-Aug-2021
146248;UTI Fixed Term Income Fund Series XXXI-III (1174 Days) - Regular Plan - Annual IDCW;INF789F1AGP2;;10.4728;;;24-Aug-2021
146244;UTI Fixed Term Income Fund Series XXXI-III (1174 Days) - Regular Plan - Flexi IDCW;INF789F1AGR8;;12.4003;;;24-Aug-2021
146242;UTI Fixed Term Income Fund Series XXXI-III (1174 Days) - Regular Plan - Maturity IDCW;INF789F1AGQ0;;12.4005;;;24-Aug-2021
146241;UTI Fixed Term Income Fund Series XXXI-III (1174 Days) - Regular Plan - Quarterly IDCW;INF789F1AGO5;;10.3926;;;24-Aug-2021
146261;UTI - Fixed Term Income Fund Series XXXI-IV (1204 Days) - Direct Plan - Growth Option;INF789F1AHB0;;12.6418;;;24-Aug-2021
146264;UTI - Fixed Term Income Fund Series XXXI-IV (1204 Days) - Regular Plan - Growth Option;INF789F1AGX6;;12.5293;;;24-Aug-2021
146262;UTI Fixed Term Income Fund Series XXXI-IV (1204 Days) - Direct Plan - Annual IDCW;INF789F1AHD6;;10.5875;;;24-Aug-2021
146263;UTI Fixed Term Income Fund Series XXXI-IV (1204 Days) - Direct Plan - Flexi IDCW;INF789F1AHF1;;12.6412;;;24-Aug-2021
146268;UTI Fixed Term Income Fund Series XXXI-IV (1204 Days) - Direct Plan - Maturity IDCW;INF789F1AHE4;;12.6418;;;24-Aug-2021
146270;UTI Fixed Term Income Fund Series XXXI-IV (1204 Days) - Direct Plan - Quarterly IDCW;INF789F1AHC8;;10.4756;;;24-Aug-2021
146269;UTI Fixed Term Income Fund Series XXXI-IV (1204 Days) - Regular Plan - Annual IDCW;INF789F1AGY4;;10.5719;;;24-Aug-2021
146266;UTI Fixed Term Income Fund Series XXXI-IV (1204 Days) - Regular Plan - Maturity IDCW;INF789F1AGZ1;;12.5293;;;24-Aug-2021
146265;UTI Fixed Term Income Fund Series XXXI-IV (1204 Days) - Regular Plan - Quarterly IDCW;INF789F1AHG9;;10.4324;;;24-Aug-2021
146863;UTI - Fixed Term Income Fund Series XXXI-IX (1168 Days) - Direct Plan - Growth Option;INF789F1AJB6;;12.4624;;;24-Aug-2021
146862;UTI - Fixed Term Income Fund Series XXXI-IX (1168 Days) - Regular Plan - Growth Option;INF789F1AIW4;;12.3558;;;24-Aug-2021
146864;UTI Fixed Term Income Fund Series XXXI-IX (1168 Days) - Direct Plan - Annual IDCW;INF789F1AJD2;;10.7142;;;24-Aug-2021
146859;UTI Fixed Term Income Fund Series XXXI-IX (1168 Days) - Direct Plan - Flexi IDCW;INF789F1AJF7;;12.4621;;;24-Aug-2021
146858;UTI Fixed Term Income Fund Series XXXI-IX (1168 Days) - Direct Plan - Maturity IDCW;INF789F1AJE0;;12.4623;;;24-Aug-2021
146857;UTI Fixed Term Income Fund Series XXXI-IX (1168 Days) - Direct Plan - Quarterly IDCW;INF789F1AJC4;;10.5777;;;24-Aug-2021
146860;UTI Fixed Term Income Fund Series XXXI-IX (1168 Days) - Regular Plan - Annual IDCW;INF789F1AIY0;;10.698;;;24-Aug-2021
146865;UTI Fixed Term Income Fund Series XXXI-IX (1168 Days) - Regular Plan - Maturity IDCW;INF789F1AIZ7;;12.3557;;;24-Aug-2021
146861;UTI Fixed Term Income Fund Series XXXI-IX (1168 Days) - Regular Plan - Quarterly IDCW;INF789F1AIX2;;10.5685;;;24-Aug-2021
146475;UTI - Fixed Term Income Fund Series XXXI-V (1174 Days) - Direct Plan - Growth Option;INF789F1AHM7;;12.592;;;24-Aug-2021
146478;UTI - Fixed Term Income Fund Series XXXI-V (1174 Days) - Regular Plan - Growth Option;INF789F1AHH7;;12.4819;;;24-Aug-2021
146482;UTI Fixed Term Income Fund Series XXXI-V (1174 Days) - Direct Plan - Annual IDCW;INF789F1AHO3;;10.6659;;;24-Aug-2021
146476;UTI Fixed Term Income Fund Series XXXI-V (1174 Days) - Direct Plan - Flexi IDCW;INF789F1AHQ8;;12.5972;;;24-Aug-2021
146484;UTI Fixed Term Income Fund Series XXXI-V (1174 Days) - Direct Plan - Maturity IDCW;INF789F1AHP0;;12.5919;;;24-Aug-2021
146481;UTI Fixed Term Income Fund Series XXXI-V (1174 Days) - Direct Plan - Quarterly IDCW;INF789F1AHN5;;10.5159;;;24-Aug-2021
146479;UTI Fixed Term Income Fund Series XXXI-V (1174 Days) - Regular Plan - Annual IDCW;INF789F1AHJ3;;10.65;;;24-Aug-2021
146480;UTI Fixed Term Income Fund Series XXXI-V (1174 Days) - Regular Plan - Maturity IDCW;INF789F1AHK1;;12.482;;;24-Aug-2021
146477;UTI Fixed Term Income Fund Series XXXI-V (1174 Days) - Regular Plan - Quarterly IDCW;INF789F1AHI5;;10.5063;;;24-Aug-2021
146538;UTI - Fixed Term Income Fund Series XXXI-VI (1167 Days) - Direct Plan - Growth Option;INF789F1AHX4;;12.3692;;;24-Aug-2021
146539;UTI - Fixed Term Income Fund Series XXXI-VI (1167 Days) - Regular Plan - Growth Option;INF789F1AHS4;;12.2924;;;24-Aug-2021
146541;UTI Fixed Term Income Fund Series XXXI-VI (1167 Days) - Direct Plan - Annual IDCW;INF789F1AHZ9;;10.4712;;;24-Aug-2021
146540;UTI Fixed Term Income Fund Series XXXI-VI (1167 Days) - Direct Plan - Flexi IDCW;INF789F1AIB8;;12.3704;;;24-Aug-2021
146537;UTI Fixed Term Income Fund Series XXXI-VI (1167 Days) - Direct Plan - Maturity IDCW;INF789F1AIA0;;12.3683;;;24-Aug-2021
146536;UTI Fixed Term Income Fund Series XXXI-VI (1167 Days) - Direct Plan - Quarterly IDCW;INF789F1AHY2;;10.3362;;;24-Aug-2021
146544;UTI Fixed Term Income Fund Series XXXI-VI (1167 Days) - Regular Plan - Quarterly IDCW;INF789F1AHT2;;10.3291;;;24-Aug-2021
146608;UTI - Fixed Term Income Fund Series XXXI-VII (1155 Days) - Direct Plan - Growth Option;INF789F1AIH5;;12.4321;;;24-Aug-2021
146613;UTI - Fixed Term Income Fund Series XXXI-VII (1155 Days) - Regular Plan - Growth Option;INF789F1AIC6;;12.3256;;;24-Aug-2021
146609;UTI Fixed Term Income Fund Series XXXI-VII (1155 Days) - Direct Plan - Annual IDCW;INF789F1AIJ1;;10.6108;;;24-Aug-2021
146611;UTI Fixed Term Income Fund Series XXXI-VII (1155 Days) - Direct Plan - Maturity IDCW;INF789F1AIK9;;12.4372;;;24-Aug-2021
146610;UTI Fixed Term Income Fund Series XXXI-VII (1155 Days) - Direct Plan - Quarterly IDCW;INF789F1AII3;;10.4707;;;24-Aug-2021
146614;UTI Fixed Term Income Fund Series XXXI-VII (1155 Days) - Regular Plan - Annual IDCW;INF789F1AIE2;;10.595;;;24-Aug-2021
146615;UTI Fixed Term Income Fund Series XXXI-VII (1155 Days) - Regular Plan - Flexi IDCW;INF789F1AIG7;;12.3289;;;24-Aug-2021
146617;UTI Fixed Term Income Fund Series XXXI-VII (1155 Days) - Regular Plan - Maturity IDCW;INF789F1AIF9;;12.3254;;;24-Aug-2021
146616;UTI Fixed Term Income Fund Series XXXI-VII (1155 Days) - Regular Plan - Quarterly IDCW;INF789F1AID4;;10.4618;;;24-Aug-2021
146706;UTI - Fixed Term Income Fund Series XXXI-VIII (1153 Days) - Direct Plan - Growth Option;INF789F1AIU8;;12.2889;;;24-Aug-2021
146709;UTI - Fixed Term Income Fund Series XXXI-VIII (1153 Days) - Regular Plan - Growth Option;INF789F1AIP8;;12.2132;;;24-Aug-2021
146715;UTI Fixed Term Income Fund Series XXXI-VIII (1153 Days) - Direct Plan - Annual IDCW;INF789F1AIS2;;10.4847;;;24-Aug-2021
146708;UTI Fixed Term Income Fund Series XXXI-VIII (1153 Days) - Direct Plan - Flexi IDCW;INF789F1AIV6;;12.289;;;24-Aug-2021
146713;UTI Fixed Term Income Fund Series XXXI-VIII (1153 Days) - Direct Plan - Maturity IDCW;INF789F1AIT0;;12.288;;;24-Aug-2021
146707;UTI Fixed Term Income Fund Series XXXI-VIII (1153 Days) - Direct Plan - Quarterly IDCW;INF789F1AIR4;;10.3496;;;24-Aug-2021
146714;UTI Fixed Term Income Fund Series XXXI-VIII (1153 Days) - Regular Plan - Flexi IDCW;INF789F1AIQ6;;12.2132;;;24-Aug-2021
146711;UTI Fixed Term Income Fund Series XXXI-VIII (1153 Days) - Regular Plan - Quarterly IDCW;INF789F1AIM5;;10.3427;;;24-Aug-2021
146872;UTI - Fixed Term Income Fund Series XXXI-X (1168 Days) - Direct Plan - Growth Option;INF789F1AJL5;;12.3165;;;24-Aug-2021
146876;UTI - Fixed Term Income Fund Series XXXI-X (1168 Days) - Regular Plan - Growth Option;INF789F1AJG5;;12.2417;;;24-Aug-2021
146874;UTI Fixed Term Income Fund Series XXXI-X (1168 Days) - Direct Plan - Annual IDCW;INF789F1AJN1;;10.534;;;24-Aug-2021
146873;UTI Fixed Term Income Fund Series XXXI-X (1168 Days) - Direct Plan - Maturity IDCW;INF789F1AJO9;;12.3165;;;24-Aug-2021
146867;UTI Fixed Term Income Fund Series XXXI-X (1168 Days) - Direct Plan - Quarterly IDCW;INF789F1AJM3;;10.3967;;;24-Aug-2021
146871;UTI Fixed Term Income Fund Series XXXI-X (1168 Days) - Regular Plan - Quarterly IDCW;INF789F1AJH3;;10.3904;;;24-Aug-2021
146987;UTI - Fixed Term Income Fund Series XXXI-XI (1169 Days) - Direct Plan - Growth Option;INF789F1AJV4;;12.1005;;;24-Aug-2021
146990;UTI - Fixed Term Income Fund Series XXXI-XI (1169 Days) - Regular Plan - Growth Option;INF789F1AJQ4;;12.0276;;;24-Aug-2021
146995;UTI Fixed Term Income Fund Series XXXI-XI (1169 Days) - Direct Plan - Annual IDCW;INF789F1AJX0;;10.3624;;;24-Aug-2021
146989;UTI Fixed Term Income Fund Series XXXI-XI (1169 Days) - Direct Plan - Maturity IDCW;INF789F1AJY8;;12.1009;;;24-Aug-2021
146988;UTI Fixed Term Income Fund Series XXXI-XI (1169 Days) - Direct Plan - Quarterly IDCW;INF789F1AJW2;;10.2203;;;24-Aug-2021
146996;UTI Fixed Term Income Fund Series XXXI-XI (1169 Days) - Regular Plan - Annual IDCW;INF789F1AJS0;;10.3515;;;24-Aug-2021
146994;UTI Fixed Term Income Fund Series XXXI-XI (1169 Days) - Regular Plan - Maturity IDCW;INF789F1AJT8;;12.0281;;;24-Aug-2021
146991;UTI Fixed Term Income Fund Series XXXI-XI (1169 Days) - Regular Plan - Quarterly IDCW;INF789F1AJR2;;10.2138;;;24-Aug-2021
147071;UTI - Fixed Term Income Fund Series XXXI-XII (1148 Days) - Direct Plan - Growth Option;INF789F1AKF5;;12.2732;;;24-Aug-2021
147076;UTI - Fixed Term Income Fund Series XXXI-XII (1148 Days) - Regular Plan - Growth Option;INF789F1AKA6;;12.1721;;;24-Aug-2021
147072;UTI Fixed Term Income Fund Series XXXI-XII (1148 Days) - Direct Plan - Annual IDCW;INF789F1AKH1;;10.6943;;;24-Aug-2021
147073;UTI Fixed Term Income Fund Series XXXI-XII (1148 Days) - Direct Plan - Quarterly IDCW;INF789F1AKG3;;10.6406;;;24-Aug-2021
147077;UTI Fixed Term Income Fund Series XXXI-XII (1148 Days) - Regular Plan - Annual IDCW;INF789F1AKC2;;10.6784;;;24-Aug-2021
147079;UTI Fixed Term Income Fund Series XXXI-XII (1148 Days) - Regular Plan - Maturity IDCW;INF789F1AKD0;;12.1769;;;24-Aug-2021
147078;UTI Fixed Term Income Fund Series XXXI-XII (1148 Days) - Regular Plan - Quarterly IDCW;INF789F1AKB4;;10.5478;;;24-Aug-2021
147165;UTI - Fixed Term Income Fund Series XXXI-XIII (1127 Days) - Direct Plan - Growth Option;INF789F1AKP4;;12.2478;;;24-Aug-2021
147168;UTI - Fixed Term Income Fund Series XXXI-XIII (1127 Days) - Regular Plan - Growth Option;INF789F1AKK5;;12.1495;;;24-Aug-2021
147166;UTI Fixed Term Income Fund Series XXXI-XIII (1127 Days) - Direct Plan - Annual IDCW;INF789F1AKR0;;10.678;;;24-Aug-2021
147172;UTI Fixed Term Income Fund Series XXXI-XIII (1127 Days) - Direct Plan - Quarterly IDCW;INF789F1AKQ2;;10.5451;;;24-Aug-2021
147174;UTI Fixed Term Income Fund Series XXXI-XIII (1127 Days) - Regular Plan - Maturity IDCW;INF789F1AKN9;;12.1494;;;24-Aug-2021
147169;UTI Fixed Term Income Fund Series XXXI-XIII (1127 Days) - Regular Plan - Quarterly IDCW;INF789F1AKL3;;10.536;;;24-Aug-2021
147255;UTI - Fixed Term Income Fund Series XXXI-XIV (1111 Days) - Direct Plan - Growth Option;INF789F1AKZ3;;12.1786;;;24-Aug-2021
147257;UTI - Fixed Term Income Fund Series XXXI-XIV (1111 Days) - Regular Plan - Growth Option;INF789F1AKU4;;12.0826;;;24-Aug-2021
147259;UTI Fixed Term Income Fund Series XXXI-XIV (1111 Days) - Direct Plan - Maturity IDCW;INF789F1ALC0;;12.1788;;;24-Aug-2021
147256;UTI Fixed Term Income Fund Series XXXI-XIV (1111 Days) - Direct Plan - Quarterly IDCW;INF789F1ALA4;;10.5323;;;24-Aug-2021
147261;UTI Fixed Term Income Fund Series XXXI-XIV (1111 Days) - Regular Plan - Annual IDCW;INF789F1AKW0;;10.6473;;;24-Aug-2021
147263;UTI Fixed Term Income Fund Series XXXI-XIV (1111 Days) - Regular Plan - Flexi IDCW;INF789F1AKY6;;12.0829;;;24-Aug-2021
147264;UTI Fixed Term Income Fund Series XXXI-XIV (1111 Days) - Regular Plan - Maturity IDCW;INF789F1AKX8;;12.0804;;;24-Aug-2021
147262;UTI Fixed Term Income Fund Series XXXI-XIV (1111 Days) - Regular Plan - Quarterly IDCW;INF789F1AKV2;;10.5233;;;24-Aug-2021
147322;UTI - Fixed Term Income Fund Series XXXI-XV (1099 Days) - Direct Plan - Growth Option;INF789F1ALJ5;;12.0844;;;24-Aug-2021
147328;UTI - Fixed Term Income Fund Series XXXI-XV (1099 Days) - Regular Plan - Growth Option;INF789F1ALE6;;11.9906;;;24-Aug-2021
147321;UTI Fixed Term Income Fund Series XXXI-XV (1099 Days) - Direct Plan - Annual IDCW;INF789F1ALL1;;10.5831;;;24-Aug-2021
147324;UTI Fixed Term Income Fund Series XXXI-XV (1099 Days) - Direct Plan - Maturity IDCW;INF789F1ALM9;;12.0844;;;24-Aug-2021
147323;UTI Fixed Term Income Fund Series XXXI-XV (1099 Days) - Direct Plan - Quarterly IDCW;INF789F1ALK3;;10.446;;;24-Aug-2021
147329;UTI Fixed Term Income Fund Series XXXI-XV (1099 Days) - Regular Plan - Annual IDCW;INF789F1ALG1;;10.5671;;;24-Aug-2021
147327;UTI Fixed Term Income Fund Series XXXI-XV (1099 Days) - Regular Plan - Flexi IDCW;INF789F1ALI7;;11.9908;;;24-Aug-2021
147326;UTI Fixed Term Income Fund Series XXXI-XV (1099 Days) - Regular Plan - Maturity IDCW;INF789F1ALH9;;11.9906;;;24-Aug-2021
147330;UTI Fixed Term Income Fund Series XXXI-XV (1099 Days) - Regular Plan - Quarterly IDCW;INF789F1ALF3;;10.4369;;;24-Aug-2021
147363;UTI - Fixed Term Income Fund Series XXXII-I (1126 days) Direct Plan Growth Option;INF789F1ALT4;;12.061;;;24-Aug-2021
147364;UTI - Fixed Term Income Fund Series XXXII-I (1126 days) Regular Plan Growth Option;INF789F1ALO5;;11.9691;;;24-Aug-2021
147362;UTI Fixed Term Income Fund Series XXXII-I(1126 Days) - Direct Plan - Annual IDCW;INF789F1ALV0;;10.6199;;;24-Aug-2021
147369;UTI Fixed Term Income Fund Series XXXII-I(1126 Days) - Direct Plan - Flexi IDCW;INF789F1ALX6;;12.0612;;;24-Aug-2021
147365;UTI Fixed Term Income Fund Series XXXII-I(1126 Days) - Direct Plan - Maturity IDCW;INF789F1ALW8;;12.0601;;;24-Aug-2021
147367;UTI Fixed Term Income Fund Series XXXII-I(1126 Days) - Direct Plan - Quarterly IDCW;INF789F1ALU2;;10.4875;;;24-Aug-2021
147361;UTI Fixed Term Income Fund Series XXXII-I(1126 Days) - Regular Plan - Annual IDCW;INF789F1ALQ0;;10.6032;;;24-Aug-2021
147366;UTI Fixed Term Income Fund Series XXXII-I(1126 Days) - Regular Plan - Maturity IDCW;INF789F1ALR8;;11.9679;;;24-Aug-2021
147368;UTI Fixed Term Income Fund Series XXXII-I(1126 Days) - Regular Plan - Quarterly IDCW;INF789F1ALP2;;10.4785;;;24-Aug-2021
147411;UTI - Fixed Term Income Fund Series XXXII-II (1111 Days) - Direct Plan - Growth Option;INF789F1AMD6;;12.0701;;;24-Aug-2021
147420;UTI - Fixed Term Income Fund Series XXXII-II (1111 Days) - Regular Plan - Growth Option;INF789F1ALY4;;11.9803;;;24-Aug-2021
147414;UTI Fixed Term Income Fund Series XXXII-II(1111 Days) - Direct Plan - Annual IDCW;INF789F1AMF1;;10.6803;;;24-Aug-2021
147415;UTI Fixed Term Income Fund Series XXXII-II(1111 Days) - Direct Plan - Flexi IDCW;INF789F1AMH7;;12.0705;;;24-Aug-2021
147412;UTI Fixed Term Income Fund Series XXXII-II(1111 Days) - Direct Plan - Quarterly IDCW;INF789F1AME4;;10.549;;;24-Aug-2021
147416;UTI Fixed Term Income Fund Series XXXII-II(1111 Days) - Regular Plan - Annual IDCW;INF789F1AMA2;;10.6643;;;24-Aug-2021
147419;UTI Fixed Term Income Fund Series XXXII-II(1111 Days) - Regular Plan - Flexi IDCW;INF789F1AMC8;;11.9779;;;24-Aug-2021
147418;UTI Fixed Term Income Fund Series XXXII-II(1111 Days) - Regular Plan - Maturity IDCW;INF789F1AMB0;;11.982;;;24-Aug-2021
147417;UTI Fixed Term Income Fund Series XXXII-II(1111 Days) - Regular Plan - Quarterly IDCW;INF789F1ALZ1;;10.5398;;;24-Aug-2021
148197;UTI - Fixed Term Income Fund Series XXXIII-I (1135 Days) - Direct Plan - Growth Option;INF789F1ARA1;;11.3096;;;24-Aug-2021
148205;UTI - Fixed Term Income Fund Series XXXIII-I (1135 Days) - Regular Plan - Growth Option;INF789F1AQV9;;11.2656;;;24-Aug-2021
148198;UTI Fixed Term Income Fund Series XXXIII-I (1135 Days) - Direct Plan - Annual IDCW;INF789F1AQY3;;10.5269;;;24-Aug-2021
148200;UTI Fixed Term Income Fund Series XXXIII-I (1135 Days) - Direct Plan - Flexi IDCW;INF789F1ARB9;;11.3153;;;24-Aug-2021
148199;UTI Fixed Term Income Fund Series XXXIII-I (1135 Days) - Direct Plan - Maturity IDCW;INF789F1AQZ0;;11.3083;;;24-Aug-2021
148196;UTI Fixed Term Income Fund Series XXXIII-I (1135 Days) - Direct Plan - Quarterly IDCW;INF789F1AQX5;;10.431;;;24-Aug-2021
148204;UTI Fixed Term Income Fund Series XXXIII-I (1135 Days) - Regular Plan - Annual IDCW;INF789F1AQT3;;10.5481;;;24-Aug-2021
148203;UTI Fixed Term Income Fund Series XXXIII-I (1135 Days) - Regular Plan - Maturity IDCW;INF789F1AQU1;;11.2672;;;24-Aug-2021
148202;UTI Fixed Term Income Fund Series XXXIII-I (1135 Days) - Regular Plan - Quarterly IDCW;INF789F1AQS5;;10.4239;;;24-Aug-2021
106185;UTI Annual Interval Fund - I - ( Instn Growth Option );INF789F01FJ8;;27.7075;;;24-Aug-2021
123646;UTI Annual Interval Fund - I - Direct Plan - Growth Option;INF789F01VW8;;27.0036;;;24-Aug-2021
106183;UTI Annual Interval Fund - I - Regular Plan - Growth Option;INF789F01FG4;;26.7745;;;24-Aug-2021
106186;UTI Annual Interval Fund - I - Regular Plan - IDCW;INF789F01FE9;INF789F01FF6;10.0751;;;24-Aug-2021
125077;UTI Annual Interval Fund - II - Direct Plan - Growth Option;INF789F01WC8;;27.5316;;;24-Aug-2021
125078;UTI Annual Interval Fund - II - Direct Plan - IDCW;INF789F01WA2;INF789F01WB0;10.0814;;;24-Aug-2021
106707;UTI Annual Interval Fund - II - Regular Plan - Growth Option;INF789F01FS9;;27.2789;;;24-Aug-2021
106706;UTI Annual Interval Fund - II - Regular Plan - IDCW;INF789F01FQ3;INF789F01FR1;10.0718;;;24-Aug-2021
106709;UTI Fixed Interval Income Fund (Annual Interval Fund)  Series III - Instn Growth Option;INF789F01FV3;;28.2037;;;24-Aug-2021
122152;UTI Quarterly Interval Fund - I - Direct Plan - IDCW;INF789F01WG9;INF789F01WH7;10.0782;;;24-Aug-2021
106060;UTI Quarterly Interval Fund - I - Regular Plan - Growth Option;INF789F01GE7;;27.3539;;;24-Aug-2021
106057;UTI Quarterly Interval Fund - I - Regular Plan - IDCW;INF789F01GC1;INF789F01GD9;10.0717;;;24-Aug-2021
122165;UTI Quarterly Interval Fund - I -Direct Plan - Growth Option;INF789F01WI5;;27.8195;;;24-Aug-2021
121182;UTI Quarterly Interval Fund - II - Direct Plan - Growth Option;INF789F01WR6;;25.0917;;;24-Aug-2021
121181;UTI Quarterly Interval Fund - II - Direct Plan - IDCW;INF789F01WP0;INF789F01WQ8;10.0838;;;24-Aug-2021
109617;UTI Quarterly Interval Fund - II - Regular Plan - Growth Option;INF789F01GW9;;24.6664;;;24-Aug-2021
109618;UTI Quarterly Interval Fund - II - Regular Plan - IDCW;INF789F01GU3;INF789F01GV1;10.0715;;;24-Aug-2021
121722;UTI Quarterly Interval Fund - III -Direct Plan - Growth Option;INF789F01WU0;;25.3678;;;24-Aug-2021
121721;UTI Quarterly Interval Fund - III -Direct Plan - IDCW;INF789F01WS4;INF789F01WT2;10.0775;;;24-Aug-2021
110024;UTI Quarterly Interval Fund - III -Regular Plan - Growth Option;INF789F01HC9;;24.9415;;;24-Aug-2021
110021;UTI Quarterly Interval Fund - III -Regular Plan - IDCW;INF789F01HA3;INF789F01HB1;10.0725;;;24-Aug-2021

Close Ended Schemes ( Growth )


Aditya Birla Sun Life Mutual Fund
142555;Aditya Birla Sun Life Resurgent India Fund - Series 6 - Direct Plan-Growth;INF209KB1LN0;;10.58;;;24-Aug-2021
142554;Aditya Birla Sun Life Resurgent India Fund - Series 6 - Regular Plan-Growth;INF209KB1LL4;;10.24;;;24-Aug-2021
142549;Aditya Birla Sun Life Resurgent India Fund - Series 6 -Direct - Payout of IDCW;INF209KB1LO8;;10.58;;;24-Aug-2021
142556;Aditya Birla Sun Life Resurgent India Fund - Series 6 -Regular - Payout of IDCW;INF209KB1LM2;;10.24;;;24-Aug-2021
142997;Aditya Birla Sun Life Resurgent India Fund - Series 7 - Direct - Payout of IDCW;INF209KB1NS5;;11.73;;;24-Aug-2021
143000;Aditya Birla Sun Life Resurgent India Fund - Series 7 - Direct Plan-Growth;INF209KB1NR7;;11.73;;;24-Aug-2021
142998;Aditya Birla Sun Life Resurgent India Fund - Series 7 - Regular - Payout of IDCW;INF209KB1NQ9;;11.4;;;24-Aug-2021
142999;Aditya Birla Sun Life Resurgent Inida Fund - Series 7 - Regular Plan-Growth;INF209KB1NP1;;11.4;;;24-Aug-2021

Axis Mutual Fund
142490;Axis Capital Builder Fund - Series 1 (1540 Days) - Direct Plan - Growth option;INF846K01B69;;16.49;;;24-Aug-2021
142489;Axis Capital Builder Fund - Series 1 (1540 Days) - Regular Plan - Growth option;INF846K01B85;;15.93;;;24-Aug-2021
142492;Axis Capital Builder Fund Series 1 (1540 Days) - Direct Plan - IDCW;INF846K01B77;;16.49;;;24-Aug-2021
142491;Axis Capital Builder Fund Series 1 (1540 Days) - Regular Plan - IDCW;INF846K01B93;;15.93;;;24-Aug-2021
145672;Axis Capital Builder Fund - Series 4 (1582 Days) - Direct Plan - Growth Option;INF846K01K68;;17.16;;;24-Aug-2021
145673;Axis Capital Builder Fund - Series 4 (1582 Days) - Regular Plan - Growth Option;INF846K01K84;;16.75;;;24-Aug-2021
145671;Axis Capital Builder Fund Series 4 (1582 Days) - Direct Plan - IDCW;INF846K01K76;;17.26;;;24-Aug-2021
145674;Axis Capital Builder Fund Series 4 (1582 Days) - Regular Plan - IDCW;INF846K01K92;;16.75;;;24-Aug-2021
141369;Axis Equity Advantage Fund - Series 1 - Direct Plan - Growth Option;INF846K01ZJ4;;17.36;;;24-Aug-2021
141370;Axis Equity Advantage Fund - Series 1 - Regular Plan - Growth Option;INF846K01ZK2;;16.50;;;24-Aug-2021

Bandhan Mutual Fund
144150;IDFC Equity Opportunity - Series 6 (1194 DAYS)-Direct Plan Growth;INF194KA17U5;;17.18;;;24-Aug-2021
144151;IDFC Equity Opportunity - Series 6 (1194 DAYS)-Direct Plan IDCW;INF194KA18U3;;17.18;;;24-Aug-2021
144152;IDFC Equity Opportunity - Series 6 (1194 DAYS)-Regular Plan Growth;INF194KA14U2;;16.65;;;24-Aug-2021
144149;IDFC Equity Opportunity - Series 6 (1194 DAYS)-Regular Plan IDCW;INF194KA15U9;;16.65;;;24-Aug-2021

HDFC Mutual Fund
141581;HDFC Equity Opp Fund - II - 1100D June 2017 (1) - Growth Option;INF179KC1AL2;;12.466;;;24-Aug-2021
141580;HDFC Equity Opp Fund - II - 1100D June 2017 (1) - Growth Option - Direct Plan;INF179KC1AJ6;;12.985;;;24-Aug-2021
141579;HDFC Equity Opp Fund - II - 1100D June 2017 (1) - IDCW Option;INF179KC1AM0;;12.466;;;24-Aug-2021
141578;HDFC Equity Opp Fund - II - 1100D June 2017 (1) - IDCW Option - Direct Plan;INF179KC1AK4;;12.985;;;24-Aug-2021
141429;HDFC Equity Opp Fund - II - 1126D May 2017 (1) - Growth Option;INF179KC1AH0;;13.121;;;24-Aug-2021
141430;HDFC Equity Opp Fund - II - 1126D May 2017 (1) - Growth Option - Direct Plan;INF179KC1AF4;;13.578;;;24-Aug-2021
141431;HDFC Equity Opp Fund - II - 1126D May 2017 (1) - IDCW Option;INF179KC1AI8;;13.121;;;24-Aug-2021
141428;HDFC Equity Opp Fund - II - 1126D May 2017 (1) - IDCW Option - Direct Plan;INF179KC1AG2;;13.578;;;24-Aug-2021

ICICI Prudential Mutual Fund
142952;ICICI Prudential Bharat Consumption Fund - Series 1 - Cumulative Option;INF109KC1BL5;;14.94;;;24-Aug-2021
142951;ICICI Prudential Bharat Consumption Fund - Series 1 - Direct Plan - Cumulative Option;INF109KC1BN1;;15.33;;;24-Aug-2021
142950;ICICI Prudential Bharat Consumption Fund - Series 1 - Direct Plan - IDCW Option;INF109KC1BO9;;15.33;;;24-Aug-2021
142949;ICICI Prudential Bharat Consumption Fund - Series 1 - IDCW Option;INF109KC1BM3;;14.94;;;24-Aug-2021
143152;ICICI Prudential Bharat Consumption Fund - Series 2 - Cumulative Option;INF109KC1CV2;;14.53;;;24-Aug-2021
143153;ICICI Prudential Bharat Consumption Fund - Series 2 - Direct Plan - Cumulative Option;INF109KC1CX8;;14.86;;;24-Aug-2021
143154;ICICI Prudential Bharat Consumption Fund - Series 2 - Direct Plan - IDCW Option;INF109KC1CY6;;14.86;;;24-Aug-2021
143155;ICICI Prudential Bharat Consumption Fund - Series 2 - IDCW Option;INF109KC1CW0;;14.53;;;24-Aug-2021
143964;ICICI Prudential Bharat Consumption Fund - Series 3 - Cumulative Option;INF109KC1GQ3;;15.69;;;24-Aug-2021
143961;ICICI Prudential Bharat Consumption Fund - Series 3 - Direct Plan - Cumulative Option;INF109KC1GS9;;16.10;;;24-Aug-2021
143962;ICICI Prudential Bharat Consumption Fund - Series 3 - Direct Plan - IDCW Option;INF109KC1GT7;;16.10;;;24-Aug-2021
143963;ICICI Prudential Bharat Consumption Fund - Series 3 - IDCW Option;INF109KC1GR1;;15.69;;;24-Aug-2021
144445;ICICI Prudential Bharat Consumption Fund - Series 4 - Cumulative Option;INF109KC1IU1;;13.64;;;24-Aug-2021
144448;ICICI Prudential Bharat Consumption Fund - Series 4 - Direct Plan - Cumulative Option;INF109KC1IW7;;13.95;;;24-Aug-2021
144447;ICICI Prudential Bharat Consumption Fund - Series 4 - Direct Plan - IDCW Option;INF109KC1IX5;;13.95;;;24-Aug-2021
144446;ICICI Prudential Bharat Consumption Fund - Series 4 - IDCW Option;INF109KC1IV9;;13.64;;;24-Aug-2021
145446;ICICI Prudential Bharat Consumption Fund - Series 5 - Cumulative Option;INF109KC1NO4;;17.00;;;24-Aug-2021
145443;ICICI Prudential Bharat Consumption Fund - Series 5 - Direct Plan - Cumulative Option;INF109KC1NQ9;;17.29;;;24-Aug-2021
145444;ICICI Prudential Bharat Consumption Fund - Series 5 - Direct Plan - IDCW Option;INF109KC1NR7;;17.29;;;24-Aug-2021
145445;ICICI Prudential Bharat Consumption Fund - Series 5 - IDCW Option;INF109KC1NP1;;17.00;;;24-Aug-2021

Kotak Mahindra Mutual Fund
142417;Kotak India Growth Fund Series 4 - Regular Plan- Growth option;INF174KA1GD3;;17.194;;;24-Aug-2021
142418;Kotak India Growth Fund Series 4-Direct Plan - Growth Option;INF174KA1GF8;;17.874;;;24-Aug-2021
142415;Kotak India Growth Fund Series 4-Direct Plan-ayout of Income Distribution cum capital withdrawal option;INF174KA1GG6;;17.752;;;24-Aug-2021
142416;Kotak India Growth Fund Series 4-Regular Plan-ayout of Income Distribution cum capital withdrawal option;INF174KA1GE1;;17.195;;;24-Aug-2021
144673;Kotak India Growth Fund Series 7 - Direct Plan - Growth Option;INF174KA1525;;15.069;;;24-Aug-2021
144674;Kotak India Growth Fund Series 7 - Regular Plan - ayout of Income Distribution cum capital withdrawal option ;INF174KA1517;;14.592;;;24-Aug-2021
144676;Kotak India Growth Fund Series 7 - Regular Plan - Growth Option;INF174KA1509;;14.592;;;24-Aug-2021
144675;Kotak India Growth Fund Series 7 -Direct Plan  -ayout of Income Distribution cum capital withdrawal option ;INF174KA1533;;15.069;;;24-Aug-2021

Nippon India Mutual Fund
141897;Nippon India Capital Builder Fund IV - Series B - Direct Plan - Growth Option;INF204KB1RU7;;11.7938;;;24-Aug-2021
141898;NIPPON INDIA CAPITAL BUILDER FUND IV - SERIES B - DIRECT Plan - IDCW Option;INF204KB1RV5;;11.7938;;;24-Aug-2021
141895;Nippon India Capital Builder Fund IV - Series B - Growth Option;INF204KB1RS1;;11.4107;;;24-Aug-2021
141896;NIPPON INDIA CAPITAL BUILDER FUND IV - SERIES B - IDCW Option;INF204KB1RT9;;11.4107;;;24-Aug-2021
144891;NIPPON INDIA - INDIA OPPORTUNITIES FUND - SERIES A - DIRECT Plan - IDCW Option;INF204KB1I57;;15.3090;;;24-Aug-2021
144890;NIPPON INDIA - INDIA OPPORTUNITIES FUND - SERIES A - IDCW Option;INF204KB1I32;;14.8646;;;24-Aug-2021
144889;Nippon India India Opportunities Fund - Series A - Direct Plan - Growth Option;INF204KB1I40;;15.3090;;;24-Aug-2021
144888;Nippon India India Opportunities Fund - Series A - Growth Option;INF204KB1I24;;14.8646;;;24-Aug-2021

SBI Mutual Fund
135507;SBI EQUITY OPPORTUNITIES FUND -  SERIES IV - REGULAR PLAN - GROWTH;INF200KA1GP5;;23.2494;;;24-Aug-2021
135506;SBI EQUITY OPPORTUNITIES FUND - SERIES IV - DIRECT PLAN - GROWTH;INF200KA1GN0;;24.6277;;;24-Aug-2021
135509;SBI Equity Opportunities Fund-Series IV - Direct Plan - Income Distribution cum Capital Withdrawal Option (IDCW);INF200KA1GO8;;20.9313;;;24-Aug-2021
135508;SBI Equity Opportunities Fund-Series IV - Regular Plan - Income Distribution cum Capital Withdrawal Option (IDCW);INF200KA1GQ3;;19.7269;;;24-Aug-2021

Sundaram Mutual Fund
142533;Sundaram Emerging Small Cap Series I Direct Plan - Growth;INF903JA1CJ0;;13.6841;;;24-Aug-2021
142532;Sundaram Emerging Small Cap Series I Direct Plan - Payout of Income Distribution cum Capital Withdrawal (IDCW);INF903JA1CK8;;13.6840;;;24-Aug-2021
142531;Sundaram Emerging Small Cap Series I Regular Plan - Growth;INF903JA1CH4;;13.3473;;;24-Aug-2021
142534;Sundaram Emerging Small Cap Series I Regular Plan - Payout of Income Distribution cum Capital Withdrawal (IDCW);INF903JA1CI2;;13.3473;;;24-Aug-2021
143010;Sundaram Emerging Small Cap Series II Direct Plan - Growth;INF903JA1CR3;;14.0488;;;24-Aug-2021
143007;Sundaram Emerging Small Cap Series II Direct Plan - Payout of Income Distribution cum Capital Withdrawal (IDCW);INF903JA1CS1;;14.0488;;;24-Aug-2021
143009;Sundaram Emerging Small Cap Series II Regular Plan - Growth;INF903JA1CP7;;13.5741;;;24-Aug-2021
143008;Sundaram Emerging Small Cap Series II Regular Plan - Payout of Income Distribution cum Capital Withdrawal (IDCW);INF903JA1CQ5;;13.5741;;;24-Aug-2021
143226;Sundaram Emerging Small Cap Series III Direct Plan - Growth;INF903JA1DD1;;15.6537;;;24-Aug-2021
143224;Sundaram Emerging Small Cap Series III Direct Plan - Payout of Income Distribution cum Capital Withdrawal (IDCW);INF903JA1DE9;;15.3663;;;24-Aug-2021
143225;Sundaram Emerging Small Cap Series III Regular Plan - Growth;INF903JA1DB5;;15.2353;;;24-Aug-2021
143223;Sundaram Emerging Small Cap Series III Regular Plan - Payout of Income Distribution cum Capital Withdrawal (IDCW);INF903JA1DC3;;14.9482;;;24-Aug-2021
143506;Sundaram Emerging Small Cap Series IV Direct Plan - Growth;INF903JA1DP5;;16.1169;;;24-Aug-2021
143505;Sundaram Emerging Small Cap Series IV Direct Plan - Payout of Income Distribution cum Capital Withdrawal (IDCW);INF903JA1DQ3;;15.5419;;;24-Aug-2021
143503;Sundaram Emerging Small Cap Series IV Regular Plan - Growth;INF903JA1DN0;;15.6807;;;24-Aug-2021
143504;Sundaram Emerging Small Cap Series IV Regular Plan - Payout of Income Distribution cum Capital Withdrawal (IDCW);INF903JA1DO8;;15.1066;;;24-Aug-2021
144437;Sundaram Emerging Small Cap Series V Direct Plan - Growth;INF903JA1EN8;;16.2761;;;24-Aug-2021
144438;Sundaram Emerging Small Cap Series V Direct Plan - Payout of Income Distribution cum Capital Withdrawal (IDCW);INF903JA1EO6;;15.6974;;;24-Aug-2021
144435;Sundaram Emerging Small Cap Series V Regular Plan - Growth;INF903JA1EL2;;15.9800;;;24-Aug-2021
144436;Sundaram Emerging Small Cap Series V Regular Plan - Payout of Income Distribution cum Capital Withdrawal (IDCW);INF903JA1EM0;;15.4021;;;24-Aug-2021
144728;Sundaram Emerging Small Cap Series VI Direct Plan - Growth;INF903JA1EV1;;18.3149;;;24-Aug-2021
144729;Sundaram Emerging Small Cap Series VI Direct Plan - Payout of Income Distribution cum Capital Withdrawal (IDCW);INF903JA1EW9;;17.1696;;;24-Aug-2021
144726;Sundaram Emerging Small Cap Series VI Regular Plan - Growth;INF903JA1ET5;;18.0187;;;24-Aug-2021
144727;Sundaram Emerging Small Cap Series VI Regular Plan - Payout of Income Distribution cum Capital Withdrawal (IDCW);INF903JA1EU3;;16.8751;;;24-Aug-2021
144989;Sundaram Emerging Small Cap Series VII Direct Plan - Payout of Income Distribution cum Capital Withdrawal (IDCW);INF903JA1FI5;;17.2011;;;24-Aug-2021
144987;Sundaram Emerging Small Cap Series VII Regular Plan - Growth;INF903JA1FF1;;18.0734;;;24-Aug-2021
144986;Sundaram Emerging Small Cap Series VII Regular Plan - Payout of Income Distribution cum Capital Withdrawal (IDCW);INF903JA1FG9;;16.9495;;;24-Aug-2021
144988;Sundaram Emerging Small Cap VII Direct Plan - Growth;INF903JA1FH7;;18.3264;;;24-Aug-2021
143828;Sundaram Multi Cap Fund Series I Direct Plan - Growth;INF903JA1DT7;;16.4618;;;24-Aug-2021
143827;Sundaram Multi Cap Fund Series I Direct Plan - Payout of Income Distribution cum Capital Withdrawal (IDCW);INF903JA1DU5;;15.6576;;;24-Aug-2021
143830;Sundaram Multi Cap Fund Series I Regular Plan - Growth;INF903JA1DR1;;16.1629;;;24-Aug-2021
143829;Sundaram Multi Cap Fund Series I Regular Plan - Payout of Income Distribution cum Capital Withdrawal (IDCW);INF903JA1DS9;;15.5497;;;24-Aug-2021
144200;Sundaram Multi Cap Fund Series II Direct Plan - Growth;INF903JA1EF4;;16.4507;;;24-Aug-2021
144199;Sundaram Multi Cap Fund Series II Direct Plan - Payout of Income Distribution cum Capital Withdrawal (IDCW);INF903JA1EG2;;15.6568;;;24-Aug-2021
144197;Sundaram Multi Cap Fund Series II Regular Plan - Growth;INF903JA1ED9;;16.1407;;;24-Aug-2021
144198;Sundaram Multi Cap Fund Series II Regular Plan - Payout of Income Distribution cum Capital Withdrawal (IDCW);INF903JA1EE7;;15.5379;;;24-Aug-2021
141145;Sundaram Select Micro Cap Series XIV Direct Plan - Growth;INF903JA1997;;14.6397;;;24-Aug-2021
141146;Sundaram Select Micro Cap Series XIV Direct Plan - Payout of Income Distribution cum Capital Withdrawal (IDCW);INF903JA1AA3;;14.6397;;;24-Aug-2021
141143;Sundaram Select Micro Cap Series XIV Regular Plan - Growth;INF903JA1971;;14.2518;;;24-Aug-2021
141144;Sundaram Select Micro Cap Series XIV Regular Plan - Payout of Income Distribution cum Capital Withdrawal (IDCW);INF903JA1989;;14.2518;;;24-Aug-2021
141404;Sundaram Select Micro Cap Series XV Direct Plan - Growth;INF903JA1AN6;;14.0701;;;24-Aug-2021
141407;Sundaram Select Micro Cap Series XV Direct Plan - Payout of Income Distribution cum Capital Withdrawal (IDCW);INF903JA1AO4;;14.0700;;;24-Aug-2021
141406;Sundaram Select Micro Cap Series XV Regular Plan - Growth;INF903JA1AL0;;13.5916;;;24-Aug-2021
141405;Sundaram Select Micro Cap Series XV Regular Plan - Payout of Income Distribution cum Capital Withdrawal (IDCW);INF903JA1AM8;;13.5916;;;24-Aug-2021
141740;Sundaram Select Micro Cap Series XVI Direct Plan - Growth;INF903JA1BD5;;13.6668;;;24-Aug-2021
141743;Sundaram Select Micro Cap Series XVI Direct Plan - Payout of Income Distribution cum Capital Withdrawal (IDCW);INF903JA1BE3;;13.6668;;;24-Aug-2021
141742;Sundaram Select Micro Cap Series XVI Regular Plan - Growth;INF903JA1BB9;;13.3521;;;24-Aug-2021
141741;Sundaram Select Micro Cap Series XVI Regular Plan - Payout of Income Distribution cum Capital Withdrawal (IDCW);INF903JA1BC7;;13.3521;;;24-Aug-2021
141873;Sundaram Select Micro Cap Series XVII Direct Plan - Growth;INF903JA1BH6;;13.1753;;;24-Aug-2021
141874;Sundaram Select Micro Cap Series XVII Direct Plan - Payout of Income Distribution cum Capital Withdrawal (IDCW);INF903JA1BI4;;13.1753;;;24-Aug-2021
141871;Sundaram Select Micro Cap Series XVII Regular Plan - Growth;INF903JA1BF0;;12.7016;;;24-Aug-2021
141872;Sundaram Select Micro Cap Series XVII Regular Plan - Payout of Income Distribution cum Capital Withdrawal (IDCW);INF903JA1BG8;;12.7016;;;24-Aug-2021
141915;Sundaram Value Fund Series IX Direct Plan - Growth;INF903JA1BL8;;15.6535;;;24-Aug-2021
141916;Sundaram Value Fund Series IX Direct Plan - Payout of Income Distribution cum Capital Withdrawal (IDCW);INF903JA1BM6;;13.6038;;;24-Aug-2021
141913;Sundaram Value Fund Series IX Regular Plan - Growth;INF903JA1BJ2;;15.0391;;;24-Aug-2021
141914;Sundaram Value Fund Series IX Regular Plan - Payout of Income Distribution cum Capital Withdrawal (IDCW);INF903JA1BK0;;13.4397;;;24-Aug-2021
140660;Sundaram Value Fund Series VII Direct Plan - Growth;INF903JA1799;;14.1123;;;24-Aug-2021
140653;Sundaram Value Fund Series VII Direct Plan - Payout of Income Distribution cum Capital Withdrawal (IDCW);INF903JA1807;;13.0759;;;24-Aug-2021
140659;Sundaram Value Fund Series VII Regular Plan - Growth;INF903JA1773;;13.7144;;;24-Aug-2021
140658;Sundaram Value Fund Series VII Regular Plan - Payout of Income Distribution cum Capital Withdrawal (IDCW);INF903JA1781;;12.9736;;;24-Aug-2021
141932;Sundaram Value Fund Series X Direct Plan - Growth;INF903JA1BP9;;15.4918;;;24-Aug-2021
141931;Sundaram Value Fund Series X Direct Plan - Payout of Income Distribution cum Capital Withdrawal (IDCW);INF903JA1BQ7;;13.5645;;;24-Aug-2021
141929;Sundaram Value Fund Series X Regular Plan - Growth;INF903JA1BN4;;14.9226;;;24-Aug-2021
141930;Sundaram Value Fund Series X Regular Plan - Payout of Income Distribution cum Capital Withdrawal (IDCW);INF903JA1BO2;;13.4148;;;24-Aug-2021

UTI Mutual Fund
142172;UTI Long Term Advantage Fund Series VII - Direct Plan - Growth Option;INF789FC18D2;;12.3061;;;24-Aug-2021
142170;UTI Long Term Advantage Fund Series VII - Direct Plan - IDCW;INF789FC17D4;;12.3061;;;24-Aug-2021
142169;UTI Long Term Advantage Fund Series VII - Regular Plan - Growth Option;INF789FC16D6;;11.8926;;;24-Aug-2021
142171;UTI Long Term Advantage Fund Series VII - Regular Plan - IDCW;INF789FC15D8;;11.8926;;;24-Aug-2021

Close Ended Schemes ( ELSS )


Bank of India Mutual Fund
141950;BANK OF INDIA Mid Cap Tax Fund Series 1 Direct Plan Growth;INF761K01DS3;;16.82;;;24-Aug-2021
141949;BANK OF INDIA Mid Cap Tax Fund Series 1 Direct Plan IDCW;INF761K01DT1;;16.82;;;24-Aug-2021
141952;BANK OF INDIA Mid Cap Tax Fund Series 1 Regular Plan Growth;INF761K01DU9;;16.37;;;24-Aug-2021
141951;BANK OF INDIA Mid Cap Tax Fund Series 1 Regular Plan IDCW;INF761K01DV7;;16.37;;;24-Aug-2021
144315;BANK OF INDIA Midcap Tax Fund Series 2 Direct Plan Growth;INF761K01EL6;;20.42;;;24-Aug-2021
144309;BANK OF INDIA Midcap Tax Fund Series 2 Direct Plan IDCW;INF761K01EK8;;20.42;;;24-Aug-2021
144314;BANK OF INDIA Midcap Tax Fund Series 2 Regular Plan Growth;INF761K01EN2;;19.81;;;24-Aug-2021
144316;BANK OF INDIA Midcap Tax Fund Series 2 Regular Plan IDCW;INF761K01EM4;;19.81;;;24-Aug-2021

ICICI Prudential Mutual Fund
142136;ICICI Prudential Long Term Wealth Enhancement Fund - Cumulative Option;INF109KC1077;;14.39;;;24-Aug-2021
142134;ICICI Prudential Long Term Wealth Enhancement Fund - Direct Plan Cumulative Option;INF109KC1093;;14.80;;;24-Aug-2021
142133;ICICI Prudential Long Term Wealth Enhancement Fund - Direct Plan IDCW Option;INF109KC1101;;14.80;;;24-Aug-2021
142135;ICICI Prudential Long Term Wealth Enhancement Fund - IDCW Option;INF109KC1085;;14.39;;;24-Aug-2021

SBI Mutual Fund
132933;SBI LONG TERM ADVANTAGE FUND - SERIES I - DIRECT PLAN - GROWTH;INF200K018X9;;22.3585;;;24-Aug-2021
132934;SBI Long Term Advantage Fund - Series I - Direct Plan - Income Distribution cum Capital Withdrawal Option (IDCW);INF200K019X7;;18.8452;;;24-Aug-2021
132924;SBI LONG TERM ADVANTAGE FUND - SERIES I - REGULAR PLAN - GROWTH;INF200K016X3;;21.7980;;;24-Aug-2021
132923;SBI Long Term Advantage Fund - Series I - Regular Plan - Income Distribution cum Capital Withdrawal Option (IDCW);INF200K017X1;;18.3535;;;24-Aug-2021
133364;SBI LONG TERM ADVANTAGE FUND - SERIES II - DIRECT PLAN - GROWTH;INF200KA1333;;23.7891;;;24-Aug-2021
133363;SBI Long Term Advantage Fund - Series II - Direct Plan - Income Distribution cum Capital Withdrawal Option (IDCW);INF200KA1341;;20.1321;;;24-Aug-2021
133361;SBI LONG TERM ADVANTAGE FUND - SERIES II - REGULAR PLAN - GROWTH;INF200KA1317;;23.1994;;;24-Aug-2021
133362;SBI Long Term Advantage Fund - Series II - Regular Plan - Income Distribution cum Capital Withdrawal Option (IDCW);INF200KA1325;;19.6192;;;24-Aug-2021
136007;SBI Long Term Advantage Fund - Series III - Direct Plan - Growth;INF200KA1HN8;;23.4405;;;24-Aug-2021
136006;SBI Long Term Advantage Fund - Series III - Direct Plan - Income Distribution cum Capital Withdrawal Option (IDCW);INF200KA1HO6;;19.7552;;;24-Aug-2021
136004;SBI Long Term Advantage Fund - Series III - Regular Plan - Growth;INF200KA1HL2;;22.3454;;;24-Aug-2021
136005;SBI Long Term Advantage Fund - Series III - Regular Plan - Income Distribution cum Capital Withdrawal Option (IDCW);INF200KA1HM0;;18.9212;;;24-Aug-2021
140487;SBI Long Term Advantage Fund - Series IV - Direct Plan - Growth;INF200KA1LS9;;27.9203;;;24-Aug-2021
140486;SBI Long Term Advantage Fund - Series IV - Direct Plan - Income Distribution cum Capital Withdrawal Option (IDCW);INF200KA1LT7;;23.6911;;;24-Aug-2021
140488;SBI Long Term Advantage Fund - Series IV - Regular Plan - Growth;INF200KA1LQ3;;27.0623;;;24-Aug-2021
140489;SBI Long Term Advantage Fund - Series IV - Regular Plan - Income Distribution cum Capital Withdrawal Option (IDCW);INF200KA1LR1;;22.9270;;;24-Aug-2021
142138;SBI Long Term Advantage Fund - Series V - Direct Plan - Growth;INF200KA1RW8;;15.3030;;;24-Aug-2021
142140;SBI Long Term Advantage Fund - Series V - Direct Plan - Income Distribution cum Capital Withdrawal Option (IDCW);INF200KA1RX6;;15.3035;;;24-Aug-2021
142137;SBI Long Term Advantage Fund - Series V - Regular Plan - Income Distribution cum Capital Withdrawal Option (IDCW);INF200KA1RV0;;14.9380;;;24-Aug-2021
142139;SBI Long Term Advantage Fund Series V - Regular Plan - Growth;INF200KA1RU2;;14.9448;;;24-Aug-2021
143178;SBI Long Term Advantage Fund - Series VI - Direct Plan - Growth;INF200KA1TO1;;16.9346;;;24-Aug-2021
143179;SBI Long Term Advantage Fund - Series VI - Direct Plan - Income Distribution cum Capital Withdrawal Option (IDCW);INF200KA1TP8;;16.9204;;;24-Aug-2021
143176;SBI Long Term Advantage Fund - Series VI - Regular Plan - Growth;INF200KA1TM5;;16.5431;;;24-Aug-2021
143177;SBI Long Term Advantage Fund - Series VI - Regular Plan - Income Distribution cum Capital Withdrawal Option (IDCW);INF200KA1TN3;;16.5465;;;24-Aug-2021
116352;SBI TAX ADVANTAGE FUND - SERIES II - GROWTH;INF200K01JF6;;74.4346;;;24-Aug-2021
116353;SBI Tax Advantage Fund-Series- II - Income Distribution cum Capital Withdrawal Option (IDCW);INF200K01JG4;;54.7477;;;24-Aug-2021
126279;SBI Tax Advantage Fund - Series III - Direct Plan - Growth Option;INF200K01X06;;55.2252;;;24-Aug-2021
126379;SBI Tax Advantage Fund - Series III - Regular Plan - Growth;INF200K01W80;;53.5790;;;24-Aug-2021
126278;SBI Tax Advantage Fund-Series- III - Direct Plan - Income Distribution cum Capital Withdrawal Option (IDCW);INF200K01X14;;43.9820;;;24-Aug-2021
126378;SBI Tax Advantage Fund-Series- III - Regular Plan - Income Distribution cum Capital Withdrawal Option (IDCW);INF200K01W98;;42.6328;;;24-Aug-2021

Sundaram Mutual Fund
139711;Sundaram Long Term Micro Cap Tax Advantage Fund Series III Direct Plan - Growth;INF903JA1443;;16.6244;;;24-Aug-2021
139710;Sundaram Long Term Micro Cap Tax Advantage Fund Series III Direct Plan - Payout of Income Distribution cum Capital Withdrawal (IDCW);INF903JA1450;;15.3122;;;24-Aug-2021
139709;Sundaram Long Term Micro Cap Tax Advantage Fund Series III Regular Plan - Growth;INF903JA1427;;16.2547;;;24-Aug-2021
139712;Sundaram Long Term Micro Cap Tax Advantage Fund Series III Regular Plan - Payout of Income Distribution cum Capital Withdrawal (IDCW);INF903JA1435;;14.9578;;;24-Aug-2021
139990;Sundaram Long Term Micro Cap Tax Advantage Fund Series IV Direct Plan - Growth;INF903JA1526;;14.2633;;;24-Aug-2021
139989;Sundaram Long Term Micro Cap Tax Advantage Fund Series IV Direct Plan - Payout of Income Distribution cum Capital Withdrawal (IDCW);INF903JA1534;;14.2633;;;24-Aug-2021
139992;Sundaram Long Term Micro Cap Tax Advantage Fund Series IV Regular Plan - Growth;INF903JA1500;;14.0092;;;24-Aug-2021
139991;Sundaram Long Term Micro Cap Tax Advantage Fund Series IV Regular Plan - Payout of Income Distribution cum Capital Withdrawal (IDCW);INF903JA1518;;14.0091;;;24-Aug-2021
141564;Sundaram Long Term Micro Cap Tax Advantage Fund Series VI Direct Plan - Growth;INF903JA1AZ0;;13.5832;;;24-Aug-2021
141567;Sundaram Long Term Micro Cap Tax Advantage Fund Series VI Direct Plan - Payout of Income Distribution cum Capital Withdrawal (IDCW);INF903JA1BA1;;13.5832;;;24-Aug-2021
141565;Sundaram Long Term Micro Cap Tax Advantage Fund Series VI Regular Plan - Growth;INF903JA1AX5;;13.0785;;;24-Aug-2021
141566;Sundaram Long Term Micro Cap Tax Advantage Fund Series VI Regular Plan - Payout of Income Distribution cum Capital Withdrawal (IDCW);INF903JA1AY3;;13.0784;;;24-Aug-2021
141141;Sundaram Long Term Micro Cap Tax Advantage Fund Series V Direct Plan - Growth;INF903JA1955;;14.2502;;;24-Aug-2021
141142;Sundaram Long Term Micro Cap Tax Advantage Fund Series V Direct Plan - Payout of Income Distribution cum Capital Withdrawal (IDCW);INF903JA1963;;14.2502;;;24-Aug-2021
141139;Sundaram Long Term Micro Cap Tax Advantage Fund Series V Regular Plan - Growth;INF903JA1930;;13.9754;;;24-Aug-2021
141140;Sundaram Long Term Micro Cap Tax Advantage Fund Series V Regular Plan - Payout of Income Distribution cum Capital Withdrawal (IDCW);INF903JA1948;;13.9754;;;24-Aug-2021
133324;Sundaram Long Term Tax Advantage Fund Series I Direct Plan - Growth;INF903J014A9;;20.5909;;;24-Aug-2021
133325;Sundaram Long Term Tax Advantage Fund Series I Direct Plan - Payout of Income Distribution cum Capital Withdrawal (IDCW);INF903J015A6;;17.1531;;;24-Aug-2021
133322;Sundaram Long Term Tax Advantage Fund Series I Regular Plan - Growth;INF903J012A3;;20.1480;;;24-Aug-2021
133323;Sundaram Long Term Tax Advantage Fund Series I Regular Plan - Payout of Income Distribution cum Capital Withdrawal (IDCW);INF903J013A1;;16.7268;;;24-Aug-2021
142153;Sundaram Long Term Tax Advantage Fund Series III Direct Plan - Growth;INF903JA1BT1;;13.7092;;;24-Aug-2021
142154;Sundaram Long Term Tax Advantage Fund Series III Direct Plan - Payout of Income Distribution cum Capital Withdrawal (IDCW);INF903JA1BU9;;13.7092;;;24-Aug-2021
142151;Sundaram Long Term Tax Advantage Fund Series III Regular Plan - Growth;INF903JA1BR5;;13.4006;;;24-Aug-2021
142152;Sundaram Long Term Tax Advantage Fund Series III Regular Plan - Payout of Income Distribution cum Capital Withdrawal (IDCW);INF903JA1BS3;;13.4007;;;24-Aug-2021
143079;Sundaram Long Term Tax Advantage Fund Series IV Direct Plan - Growth;INF903JA1CZ6;;15.6320;;;24-Aug-2021
143080;Sundaram Long Term Tax Advantage Fund Series IV Direct Plan - Payout of Income Distribution cum Capital Withdrawal (IDCW);INF903JA1DA7;;15.0952;;;24-Aug-2021
143077;Sundaram Long Term Tax Advantage Fund Series IV Regular Plan - Growth;INF903JA1CX1;;15.4512;;;24-Aug-2021
143078;Sundaram Long Term Tax Advantage Fund Series IV Regular Plan - Payout of Income Distribution cum Capital Withdrawal (IDCW);INF903JA1CY9;;14.9151;;;24-Aug-2021
135682;Sundaram Long Term Tax Advantage Fund Series II Direct Plan - Growth;INF903J011W9;;22.4046;;;24-Aug-2021
135681;Sundaram Long Term Tax Advantage Fund Series II Direct Plan - Payout of Income Distribution cum Capital Withdrawal (IDCW);INF903J012W7;;18.1531;;;24-Aug-2021
135684;Sundaram Long Term Tax Advantage Fund Series II Regular Plan - Growth;INF903J019V4;;21.9086;;;24-Aug-2021
135683;Sundaram Long Term Tax Advantage Fund Series II Regular Plan - Payout of Income Distribution cum Capital Withdrawal (IDCW);INF903J010W1;;17.6830;;;24-Aug-2021

UTI Mutual Fund
135962;UTI Long Term Advantage Fund Series III - Direct Plan - Growth Option;INF789FB19N1;;21.955;;;24-Aug-2021
135965;UTI Long Term Advantage Fund Series III - Direct Plan - IDCW;INF789FB18N3;;19.9527;;;24-Aug-2021
135964;UTI Long Term Advantage Fund Series III - Regular Plan - Growth Option;INF789FB17N5;;20.812;;;24-Aug-2021
135963;UTI Long Term Advantage Fund Series III - Regular Plan - IDCW;INF789FB16N7;;18.8427;;;24-Aug-2021
140046;UTI Long Term Advantage Fund Series IV - Direct Plan - Growth Option;INF789FC1FE5;;15.5967;;;24-Aug-2021
140044;UTI Long Term Advantage Fund Series IV - Direct Plan - IDCW;INF789FC1FD7;;15.5967;;;24-Aug-2021
140045;UTI Long Term Advantage Fund Series IV - Regular Plan - Growth Option;INF789FC1FC9;;14.8635;;;24-Aug-2021
140043;UTI Long Term Advantage Fund Series IV - Regular Plan - IDCW;INF789FC1FB1;;14.8635;;;24-Aug-2021
140454;UTI Long Term Advantage Fund Series V - Direct Plan - Growth Option;INF789FC1HT9;;14.5957;;;24-Aug-2021
140457;UTI Long Term Advantage Fund Series V - Direct Plan - IDCW;INF789FC1HS1;;14.5957;;;24-Aug-2021
140455;UTI Long Term Advantage Fund Series V - Regular Plan - Growth Option;INF789FC1HR3;;13.908;;;24-Aug-2021
140456;UTI Long Term Advantage Fund Series V - Regular Plan - IDCW;INF789FC1HQ5;;13.908;;;24-Aug-2021
141892;UTI Long Term Advantage Fund Series VI - Direct Plan - Growth Option;INF789FC1V82;;11.832;;;24-Aug-2021
141894;UTI Long Term Advantage Fund Series VI - Direct Plan - IDCW;INF789FC1V74;;11.8315;;;24-Aug-2021
141893;UTI Long Term Advantage Fund Series VI - Regular Plan - Growth Option;INF789FC1V66;;11.381;;;24-Aug-2021
141891;UTI Long Term Advantage Fund Series VI - Regular Plan - IDCW;INF789FC1V58;;11.381;;;24-Aug-2021
101834;UTI - Master Equity Plan Unit Scheme;;;151.1936;;;24-Aug-2021

Interval Fund Schemes ( Income )


Nippon India Mutual Fund
118804;Nippon India Annual Interval Fund - Series I - Direct Plan Growth Plan - Growth;INF204K01B81;-;21.5596;;;24-Aug-2021
105660;NIPPON INDIA ANNUAL INTERVAL FUND - SERIES I - IDCW Option;INF204K01ED4;INF204K01EE2;10.0428;;;24-Aug-2021
105662;NIPPON INDIA ANNUAL INTERVAL FUND - SERIES I - RETAIL Plan - IDCW Option;INF204K01EA0;INF204K01EB8;10.0428;;;24-Aug-2021
105663;Nippon India Interval Fund Annual Interval Fund Series-I- Growth Option;INF204K01EC6;;21.3868;;;24-Aug-2021
105661;Nippon India Interval Fund Annual Interval Fund Series-I-Retail Plan Growth Option;INF204K01DZ9;;28.8413;;;24-Aug-2021
105229;Nippon India Interval Fund-Monthly Interval Fund-Series-I- Growth Option;INF204K01CV0;;27.1541;;;24-Aug-2021
118598;Nippon India Monthly Interval Fund - Series I - Direct Plan Growth Plan - Growth;INF204K01ZA5;-;27.3528;;;24-Aug-2021
105230;NIPPON INDIA MONTHLY INTERVAL FUND - SERIES I - IDCW Option;INF204K01CW8;INF204K01CX6;10.0082;;;24-Aug-2021
105400;Nippon India Interval Fund-Monthly Interval Fund-Series-II -Growth Option;INF204K01DB0;;27.1359;;;24-Aug-2021
118594;NIPPON INDIA MONTHLY INTERVAL FUND - SERIES II - Direct Plan - IDCW Option;INF204K01ZE7;INF204K01ZF4;10.0229;;;24-Aug-2021
118595;Nippon India Monthly Interval Fund - Series II - Direct Plan Growth Plan - Growth;INF204K01ZD9;-;27.4373;;;24-Aug-2021
105401;NIPPON INDIA MONTHLY INTERVAL FUND - SERIES II - IDCW Option;INF204K01DC8;INF204K01DD6;10.0226;;;24-Aug-2021
105689;Nippon India Interval Fund-Quarterly Interval Fund Series-II-Growth Option;INF204K01DN5;;28.5516;;;24-Aug-2021
118689;NIPPON INDIA QUARTERLY INTERVAL FUND - SERIES II - Direct Plan - IDCW Option;INF204K01F46;INF204K01F53;10.0122;;;24-Aug-2021
118691;Nippon India Quarterly Interval Fund - Series II - Direct Plan Growth Plan - Growth;INF204K01F61;-;28.8930;;;24-Aug-2021
105692;NIPPON INDIA QUARTERLY INTERVAL FUND - SERIES II - IDCW Option;INF204K01DO3;INF204K01DP0;10.0114;;;24-Aug-2021
118623;Nippon India Interval Fund - Quarterly Plan - Series I - Direct Plan Growth Plan - Growth;INF204K01XT0;-;27.7695;;;24-Aug-2021
105434;NIPPON INDIA INTERVAL FUND - QUARTERLY PLAN - SERIES I - IDCW Option;INF204K01DI5;INF204K01DJ3;10.0341;;;24-Aug-2021
105436;NIPPON INDIA INTERVAL FUND - QUARTERLY PLAN - SERIES I - INSTITUTIONAL IDCW Option;INF204K01DL9;INF204K01DM7;10.0304;;;24-Aug-2021
105433;Nippon India Interval Fund-Quarterly Interval Fund-Series-I - Growth Option;INF204K01DH7;;27.4541;;;24-Aug-2021
105884;Nippon India Interval Fund-Quarterly Interval Fund-Series-III- Growth Option;INF204K01DT2;;27.5425;;;24-Aug-2021
105882;Nippon India Interval Fund-Quarterly Interval Fund-Series-III-Institutional Plan-Growth Option;INF204K01DW6;;17.9330;;;24-Aug-2021
118584;NIPPON INDIA QUARTERLY INTERVAL FUND - SERIES III - Direct Plan - IDCW Option;INF204K01XX2;INF204K01XY0;10.0501;;;24-Aug-2021
118583;Nippon India Quarterly Interval Fund - Series III - Direct Plan Growth Plan - Growth;INF204K01XW4;-;16.9230;;;24-Aug-2021
105885;NIPPON INDIA QUARTERLY INTERVAL FUND - SERIES III - IDCW Option;INF204K01DU0;INF204K01DV8;10.0455;;;24-Aug-2021
105883;NIPPON INDIA QUARTERLY INTERVAL FUND - SERIES III - INSTITUTIONAL IDCW Option;INF204K01DX4;INF204K01DY2;10.0637;;;24-Aug-2021
