Scheme Code;Scheme Name;ISIN Div Payout/ISIN Growth;ISIN Div Reinvestment;Net Asset Value;Repurchase Price;Sale Price;Date

Open Ended Schemes ( Money Market )


Taurus Mutual Fund
139619;Taurus Investor Education Pool - Unclaimed Dividend - Growth;;;10.0000;;;25-Aug-2025
139618;Taurus Investor Education Pool - Unclaimed Redemption - Growth;;;10.0000;;;25-Aug-2025
139617;Taurus Unclaimed Redemption - Growth;;;17.0539;;;25-Aug-2025

Open Ended Schemes ( Equity Scheme - Multi Cap Fund )


Aditya Birla Sun Life Mutual Fund
148921;Aditya Birla Sun Life Multi-Cap Fund-Direct Growth;INF209KB1Y49;;20.85;;;25-Aug-2025
148920;Aditya Birla Sun Life Multi-Cap Fund-Direct IDCW Payout;INF209KB1Y56;;18.44;;;25-Aug-2025
148918;Aditya Birla Sun Life Multi-Cap Fund-Regular Growth;INF209KB1Y23;;19.62;;;25-Aug-2025
148919;Aditya Birla Sun Life Multi-Cap Fund-Regular-IDCW Payout;INF209KB1Y31;;17.36;;;25-Aug-2025

Axis Mutual Fund
149383;Axis Multicap Fund - Direct Growth;INF846K013E0;;18.78;;;25-Aug-2025
149384;Axis Multicap Fund - Direct Plan - IDCW;INF846K014E8;INF846K015E5;18.77;;;25-Aug-2025
149382;Axis Multicap Fund - Regular Plan - Growth;INF846K016E3;;17.89;;;25-Aug-2025
149387;Axis Multicap Fund - Regular Plan - IDCW;INF846K017E1;INF846K018E9;17.89;;;25-Aug-2025

Bajaj Finserv Mutual Fund
153309;BAJAJ FINSERV MULTI CAP FUND - DIRECT - GROWTH;INF0QA701AV7;;11.184;;;25-Aug-2025
153306;BAJAJ FINSERV MULTI CAP FUND - DIRECT - IDCW;INF0QA701AW5;INF0QA701AX3;11.184;;;25-Aug-2025
153307;BAJAJ FINSERV MULTI CAP FUND - REGULAR - GROWTH;INF0QA701AS3;;11.095;;;25-Aug-2025
153308;BAJAJ FINSERV MULTI CAP FUND - REGULAR - IDCW;INF0QA701AT1;INF0QA701AU9;11.095;;;25-Aug-2025

Bandhan Mutual Fund
149303;BANDHAN MULTI CAP FUND - GROWTH - DIRECT PLAN;INF194KB1CL0;;18.188;;;25-Aug-2025
149305;BANDHAN MULTI CAP FUND - GROWTH - REGULAR PLAN;INF194KB1CI6;;17.161;;;25-Aug-2025
149304;BANDHAN MULTI CAP FUND - IDCW - DIRECT PLAN;INF194KB1CM8;INF194KB1CN6;17.105;;;25-Aug-2025
149302;BANDHAN MULTI CAP FUND - IDCW - REGULAR PLAN;INF194KB1CJ4;INF194KB1CK2;15.967;;;25-Aug-2025

Bank of India Mutual Fund
151443;Bank of India Multi Cap Fund Direct Plan - Growth;INF761K01FR0;;18.26;;;25-Aug-2025
151444;Bank of India Multi Cap Fund Direct Plan - IDCW;INF761K01FQ2;INF761K01FS8;18.24;;;25-Aug-2025
151445;Bank of India Multi Cap Fund Regular Plan - Growth;INF761K01FU4;;17.78;;;25-Aug-2025
151446;Bank of India Multi Cap Fund Regular Plan - IDCW;INF761K01FT6;INF761K01FV2;17.78;;;25-Aug-2025

Baroda BNP Paribas Mutual Fund
119354;Baroda BNP Paribas MULTI CAP FUND - Direct Plan - Growth Option;INF955L01AG0;;323.1988;;;25-Aug-2025
119353;Baroda BNP Paribas MULTI CAP FUND - Direct Plan - IDCW Option;INF955L01AE5;;58.4080;;;25-Aug-2025
102020;Baroda BNP Paribas MULTI CAP FUND - Regular Plan - Growth Option;INF955L01674;;287.6542;;;25-Aug-2025
102021;Baroda BNP Paribas MULTI CAP FUND - Regular Plan - IDCW Option;INF955L01658;INF955L01666;54.9303;;;25-Aug-2025

Canara Robeco Mutual Fund
151824;Canara Robeco Multi Cap Fund - Direct Plan - Growth Option;INF760K01KO9;;15.0600;;;25-Aug-2025
151822;Canara Robeco Multi Cap Fund - Direct Plan - IDCW Option;INF760K01KQ4;INF760K01KP6;14.1600;;;25-Aug-2025
151821;Canara Robeco Multi Cap Fund - Regular Plan - Growth Option;INF760K01KR2;;14.6100;;;25-Aug-2025
151823;Canara Robeco Multi Cap Fund - Regular Plan - IDCW Option;INF760K01KT8;INF760K01KS0;13.7300;;;25-Aug-2025

DSP Mutual Fund
152310;DSP Multicap Fund - Direct - Growth;INF740KA1UC1;;12.562;;;25-Aug-2025
152309;DSP Multicap Fund - Direct - IDCW;INF740KA1UD9;INF740KA1UE7;12.562;;;25-Aug-2025
152307;DSP Multicap Fund - Regular - Growth;INF740KA1TZ4;;12.268;;;25-Aug-2025
152308;DSP Multicap Fund - Regular - IDCW;INF740KA1UA5;INF740KA1UB3;12.268;;;25-Aug-2025

Edelweiss Mutual Fund
152094;Edelweiss Multi Cap Fund - Direct Plan - Growth;INF754K01SD8;;15.4222;;;25-Aug-2025
152093;Edelweiss Multi Cap Fund - Direct Plan - IDCW;INF754K01SA4;INF754K01SB2;15.4222;;;25-Aug-2025
152095;Edelweiss Multi Cap Fund - Regular Plan - Growth;INF754K01RW0;;14.9769;;;25-Aug-2025
152096;Edelweiss Multi Cap Fund - Regular Plan - IDCW;INF754K01RX8;INF754K01RY6;14.9769;;;25-Aug-2025

Franklin Templeton Mutual Fund
152739;Franklin India Multi Cap Fund - Direct - Growth;INF090I01XA7;;10.4674;;;25-Aug-2025
152737;Franklin India Multi Cap Fund - Direct - IDCW;INF090I01XB5;INF090I01XC3;10.4674;;;25-Aug-2025
152738;Franklin India Multi Cap Fund - Growth;INF090I01WX1;;10.2988;;;25-Aug-2025
152740;Franklin India Multi Cap Fund - IDCW;INF090I01WY9;INF090I01WZ6;10.2988;;;25-Aug-2025

Groww Mutual Fund
153034;Groww Multicap Fund - Direct - Growth;INF666M01JD9;;10.4911;;;25-Aug-2025
153098;Groww Multicap Fund - Direct - IDCW;INF666M01JE7;INF666M01JF4;10.4911;;;25-Aug-2025
153100;Groww Multicap Fund - Regular - Growth;INF666M01JG2;;10.3582;;;25-Aug-2025
153099;Groww Multicap Fund - Regular - IDCW;INF666M01JH0;INF666M01JI8;10.3575;;;25-Aug-2025

HDFC Mutual Fund
149366;HDFC Multi Cap Fund - Growth Option;INF179KC1BV9;;18.943;;;25-Aug-2025
149368;HDFC Multi Cap Fund - Growth Option - Direct Plan;INF179KC1BS5;;19.821;;;25-Aug-2025
149365;HDFC Multi Cap Fund - IDCW Option;INF179KC1BW7;INF179KC1BX5;17.951;;;25-Aug-2025
149367;HDFC Multi Cap Fund - IDCW Option - Direct Plan;INF179KC1BT3;INF179KC1BU1;18.9;;;25-Aug-2025

HSBC Mutual Fund
151290;HSBC Multi Cap Fund - Direct - Growth;INF336L01QN5;;19.4002;;;25-Aug-2025
151291;HSBC Multi Cap Fund - Direct - IDCW;INF336L01QO3;INF336L01QP0;19.4003;;;25-Aug-2025
151289;HSBC Multi Cap Fund - Regular - Growth;INF336L01QQ8;;18.7577;;;25-Aug-2025
151292;HSBC Multi Cap Fund - Regular - IDCW;INF336L01QR6;INF336L01QS4;16.9557;;;25-Aug-2025

ICICI Prudential Mutual Fund
120599;ICICI Prudential Multicap Fund - Direct Plan -  Growth;INF109K014O9;;889.09;;;25-Aug-2025
120598;ICICI Prudential Multicap Fund - Direct Plan -  IDCW;INF109K012O3;INF109K013O1;62.47;;;25-Aug-2025
101228;ICICI Prudential Multicap Fund - Growth;INF109K01613;;796.11;;;25-Aug-2025
101706;ICICI Prudential Multicap Fund - IDCW;INF109K01FK7;INF109K01621;35.10;;;25-Aug-2025

Invesco Mutual Fund
120413;Invesco India Multicap Fund - Direct Plan - Growth Option;INF205K01MS2;;156.77;;;25-Aug-2025
120412;Invesco India Multicap Fund - Direct Plan - IDCW (Payout / Reinvestment);INF205K01MQ6;INF205K01MR4;141.87;;;25-Aug-2025
107353;Invesco India Multicap Fund - Growth Option;INF205K01DN2;;131.62;;;25-Aug-2025
107352;Invesco India Multicap Fund - IDCW (Payout / Reinvestment);INF205K01DO0;INF205K01DP7;119.34;;;25-Aug-2025

ITI Mutual Fund
147183;ITI Multi Cap Fund - Direct Plan - Growth Option;INF00XX01168;;26.6896;;;25-Aug-2025
147186;ITI Multi Cap Fund - Direct Plan - IDCW Option;INF00XX01176;INF00XX01184;24.5954;;;25-Aug-2025
147184;ITI Multi Cap Fund - Regular Plan - Growth Option;INF00XX01135;;23.5838;;;25-Aug-2025
147185;ITI Multi Cap Fund - Regular Plan - IDCW Option;INF00XX01143;INF00XX01150;21.6195;;;25-Aug-2025

Kotak Mahindra Mutual Fund
149183;Kotak Multicap Fund- Regular Plan -IDCW Option;INF174KA1HT7;INF174KA1HU5;19.026;;;25-Aug-2025
149185;Kotak Multicap Fund-Direct Plan-Growth;INF174KA1HV3;;20.153;;;25-Aug-2025
149187;Kotak Multicap Fund-Direct Plan-IDCW Option;INF174KA1HW1;INF174KA1HX9;20.152;;;25-Aug-2025
149182;Kotak Multicap Fund-Regular Plan-Growth;INF174KA1HS9;;19.027;;;25-Aug-2025

LIC Mutual Fund
150659;LIC MF Multi Cap Fund-Direct Plan-Growth;INF767K01RK7;;17.7337;;;25-Aug-2025
150660;LIC MF Multi Cap Fund-Direct Plan-IDCW;INF767K01RL5;INF767K01RM3;17.7337;;;25-Aug-2025
150661;LIC MF Multi Cap Fund-Regular Plan-Growth;INF767K01RH3;;16.9255;;;25-Aug-2025
150662;LIC MF Multi Cap Fund-Regular Plan-IDCW;INF767K01RI1;INF767K01RJ9;16.9255;;;25-Aug-2025

Mahindra Manulife Mutual Fund
141223;Mahindra Manulife Multi Cap Fund - Direct Plan - IDCW;INF174V01366;INF174V01358;30.8950;;;25-Aug-2025
141226;Mahindra Manulife Multi Cap Fund - Direct Plan -Growth;INF174V01341;;41.0308;;;25-Aug-2025
141224;Mahindra Manulife Multi Cap Fund - Regular Plan - Growth;INF174V01317;;35.3088;;;25-Aug-2025
141225;Mahindra Manulife Multi Cap Fund - Regular Plan - IDCW;INF174V01333;INF174V01325;25.6259;;;25-Aug-2025

Mirae Asset Mutual Fund
151810;Mirae Asset Multicap Fund - Direct Plan - Growth;INF769K01KK8;;14.758;;;25-Aug-2025
151811;Mirae Asset Multicap Fund - Direct Plan - IDCW;INF769K01KL6;INF769K01KM4;14.757;;;25-Aug-2025
151812;Mirae Asset Multicap Fund - Regular Plan - Growth;INF769K01KH4;;14.320;;;25-Aug-2025
151813;Mirae Asset Multicap Fund - Regular Plan - IDCW;INF769K01KI2;INF769K01KJ0;14.309;;;25-Aug-2025

Motilal Oswal Mutual Fund
152650;Motilal Oswal Multi Cap Fund Regular Plan Growth;INF247L01CO2;;13.7214;;;25-Aug-2025
152649;Motilal Oswal Multi Cap Fund Regular Plan IDCW;INF247L01CJ2;INF247L01CK0;13.7214;;;25-Aug-2025
152651;Motilal Oswal Multi Cap Fund-Direct Plan Growth;INF247L01CL8;;13.9513;;;25-Aug-2025
152652;Motilal Oswal Multi Cap Fund-Direct Plan IDCW;INF247L01CM6;INF247L01CN4;13.9513;;;25-Aug-2025

Nippon India Mutual Fund
118652;NIPPON INDIA MULTI CAP FUND - DIRECT Plan - IDCW Option;INF204K01XD4;INF204K01XE2;92.4401;;;25-Aug-2025
118651;Nippon India Multi Cap Fund - Direct Plan Growth Plan - Bonus Option;INF204K01D55;;331.7734;;;25-Aug-2025
118650;Nippon India Multi Cap Fund - Direct Plan Growth Plan - Growth Option;INF204K01XF9;;331.7734;;;25-Aug-2025
101163;NIPPON INDIA MULTI CAP FUND - IDCW Option;INF204K01455;INF204K01463;64.0991;;;25-Aug-2025
101162;Nippon India Multi Cap Fund-Growth Plan-Bonus Option;INF204K01471;;302.1195;;;25-Aug-2025
101161;Nippon India Multi Cap Fund-Growth Plan-Growth Option;INF204K01489;;302.1195;;;25-Aug-2025

PGIM India Mutual Fund
152815;PGIM India Multi Cap Fund - Direct Plan - Growth Option;INF663L01Z03;;10.09;;;25-Aug-2025
152817;PGIM India Multi Cap Fund - Direct Plan - IDCW Option;INF663L01Z11;INF663L01Z29;10.09;;;25-Aug-2025
152816;PGIM India Multi Cap Fund - Regular Plan - Growth Option;INF663L01Y87;;9.92;;;25-Aug-2025
152818;PGIM India Multi Cap Fund - Regular Plan - IDCW Option;INF663L01Y95;INF663L01Z37;9.92;;;25-Aug-2025

quant Mutual Fund
100631;quant Multi Cap Fund-GROWTH OPTION - Regular Plan;INF966L01234;;613.6446;;;25-Aug-2025
120823;quant Multi Cap Fund-GROWTH OPTION-Direct Plan;INF966L01614;;669.6263;;;25-Aug-2025
120822;quant Multi Cap Fund-IDCW Option - Direct Plan;INF966L01598;INF966L01606;77.5504;;;25-Aug-2025
100630;quant Multi Cap Fund-IDCW Option - Regular Plan;INF966L01218;INF966L01226;70.1786;;;25-Aug-2025

Samco Mutual Fund
152847;Samco Multi Cap Fund - Direct Plan - Growth;INF0K1H01198;;9.56;;;25-Aug-2025
152848;Samco Multi Cap Fund - Regular Plan - Growth;INF0K1H01206;;9.44;;;25-Aug-2025

SBI Mutual Fund
149887;SBI Multicap Fund- Direct Plan - Income Distribution cum Capital Withdrawal Option (IDCW);INF200KA19E0;INF200KA10F6;17.7016;;;25-Aug-2025
149882;SBI Multicap Fund- Direct Plan- Growth option;INF200KA18E2;;17.7015;;;25-Aug-2025
149886;SBI Multicap Fund- Regular Plan- Growth Option;INF200KA15E8;;17.1399;;;25-Aug-2025
149883;SBI Multicap Fund- Regular Plan- Income Distribution cum Capital Withdrawal Option (IDCW);INF200KA16E6;INF200KA17E4;17.1427;;;25-Aug-2025

Sundaram Mutual Fund
149668;Sundaram Multi Cap Fund (Formerly Known as Principal Multi Cap Growth Fund) - Direct Plan - Income Distribution CUM Capital Withdrawal Option (IDCW);INF173K01FN7;INF173K01FO5;90.9967;;;25-Aug-2025
149666;Sundaram Multi Cap Fund (Formerly Known as Principal Multi Cap Growth Fund)- Income Distribution CUM Capital Withdrawal Option (IDCW);INF173K01957;INF173K01965;67.4056;;;25-Aug-2025
149669;Sundaram Multi Cap Fund (Formerly Known as Principal Multi Cap Growth Fund)-Direct Plan - Growth Option;INF173K01FQ0;;426.9135;;;25-Aug-2025
149667;Sundaram Multi Cap Fund (Formerly Known as Principal Multi Cap Growth Fund)-Growth Option;INF173K01940;;383.0840;;;25-Aug-2025

Tata Mutual Fund
151232;Tata Multicap Fund - Direct Plan - Growth;INF277KA1679;;14.8489;;;25-Aug-2025
151234;Tata Multicap Fund - Direct Plan - IDCW Payout;INF277KA1695;;14.8489;;;25-Aug-2025
151233;Tata Multicap Fund - Direct Plan - IDCW Reinvestment;;INF277KA1687;14.8489;;;25-Aug-2025
151235;Tata Multicap Fund - Regular Plan - Growth;INF277KA1703;;14.2613;;;25-Aug-2025
151237;Tata Multicap Fund - Regular Plan - IDCW Payout;INF277KA1729;;14.2613;;;25-Aug-2025
151236;Tata Multicap Fund - Regular Plan - IDCW Reinvestment;;INF277KA1711;14.2613;;;25-Aug-2025

Trust Mutual Fund
153644;TRUSTMF MULTI CAP FUND -DIRECT PLAN-GROWTH;INF0GCD01834;;10.19;;;25-Aug-2025
153645;TRUSTMF MULTI CAP FUND -REGULAR PLAN-GROWTH;INF0GCD01842;;10.17;;;25-Aug-2025

Union Mutual Fund
150858;Union Multicap Fund - Direct Plan - Growth Option;INF582M01IO7;;16.47;;;25-Aug-2025
150857;Union Multicap Fund - Direct Plan - IDCW Option;INF582M01IP4;INF582M01IQ2;16.47;;;25-Aug-2025
150855;Union Multicap Fund - Regular Plan - Growth Option;INF582M01IS8;;15.90;;;25-Aug-2025
150856;Union Multicap Fund - Regular Plan - IDCW Option;INF582M01IT6;INF582M01IU4;15.90;;;25-Aug-2025

UTI Mutual Fund
153515;UTI Multi Cap Fund - Direct Plan - Growth Option;INF789F1AB89;;10.3364;;;25-Aug-2025
153516;UTI Multi Cap Fund - Regular Plan - Growth Option;INF789F1AB71;;10.2893;;;25-Aug-2025

WhiteOak Capital Mutual Fund
152071;WhiteOak Capital Multi Cap Fund Direct Plan Growth;INF03VN01803;;15.632;;;25-Aug-2025
152072;WhiteOak Capital Multi Cap Fund Regular Plan Growth;INF03VN01795;;15.149;;;25-Aug-2025

Open Ended Schemes ( Equity Scheme - Large Cap Fund )


Aditya Birla Sun Life Mutual Fund
119528;Aditya Birla Sun Life Large Cap Fund - Growth - Direct Plan;INF209K01YY7;;584.62;;;25-Aug-2025
119527;Aditya Birla Sun Life Large Cap Fund-DIRECT - IDCW;INF209K01YX9;INF209K01YW1;99.92;;;25-Aug-2025
103174;Aditya Birla Sun Life Large Cap Fund-Growth;INF209K01BR9;;528.66;;;25-Aug-2025
103173;Aditya Birla Sun Life Large Cap Fund-Regular - IDCW;INF209K01BO6;INF209K01EC5;41.81;;;25-Aug-2025

Axis Mutual Fund
120465;Axis Large Cap Fund - Direct Plan - Growth;INF846K01DP8;;70.32;;;25-Aug-2025
120466;Axis Large Cap Fund - Direct Plan - IDCW;INF846K01DN3;INF846K01DO1;27.48;;;25-Aug-2025
112277;Axis Large Cap Fund - Regular Plan - Growth;INF846K01164;;61.08;;;25-Aug-2025
112278;Axis Large Cap Fund - Regular Plan - IDCW;INF846K01172;INF846K01180;19.29;;;25-Aug-2025

Bajaj Finserv Mutual Fund
152783;BAJAJ FINSERV LARGE CAP FUND - DIRECT PLAN - GROWTH;INF0QA701896;;10.026;;;25-Aug-2025
152781;BAJAJ FINSERV LARGE CAP FUND - DIRECT PLAN - IDCW;INF0QA701904;INF0QA701912;10.026;;;25-Aug-2025
152780;BAJAJ FINSERV LARGE CAP FUND - REGULAR PLAN - GROWTH;INF0QA701862;;9.874;;;25-Aug-2025
152782;BAJAJ FINSERV LARGE CAP FUND - REGULAR PLAN - IDCW;INF0QA701870;INF0QA701888;9.874;;;25-Aug-2025

Bandhan Mutual Fund
108799;BANDHAN Large Cap Fund - Regular Plan - Growth;INF194K01516;;77.672;;;25-Aug-2025
108800;BANDHAN Large Cap Fund - Regular Plan - IDCW;INF194K01490;INF194K01508;22.842;;;25-Aug-2025
118479;BANDHAN Large Cap Fund-Direct Plan-Growth;INF194K01Z44;;89.315;;;25-Aug-2025
118478;BANDHAN Large Cap Fund-Direct Plan-IDCW;INF194K01Z51;INF194K01Z69;29.995;;;25-Aug-2025

Bank of India Mutual Fund
148980;BANK OF INDIA Large Cap Fund Direct Plan Growth;INF761K01FL3;;16.78;;;25-Aug-2025
148981;BANK OF INDIA Large Cap Fund Direct Plan IDCW;INF761K01FK5;INF761K01FM1;16.75;;;25-Aug-2025
148982;BANK OF INDIA Large Cap Fund Regular Plan Growth;INF761K01FO7;;15.93;;;25-Aug-2025
148983;BANK OF INDIA Large Cap Fund Regular Plan IDCW;INF761K01FN9;INF761K01FP4;15.93;;;25-Aug-2025

Baroda BNP Paribas Mutual Fund
150187;BARODA BNP PARIBAS LARGE CAP Fund - Direct Plan - Growth Option;INF251K01HN7;;253.6746;;;25-Aug-2025
150188;BARODA BNP PARIBAS LARGE CAP Fund - Direct Plan - IDCW Option;INF251K01HL1;INF251K01HM9;28.1702;;;25-Aug-2025
150186;BARODA BNP PARIBAS LARGE CAP Fund - Regular Plan - IDCW Option;INF251K01910;INF251K01902;23.4182;;;25-Aug-2025
150185;BARODA BNP PARIBAS LARGE CAP Fund- Regular Plan - Growth Option;INF251K01894;;219.6525;;;25-Aug-2025

Canara Robeco Mutual Fund
118269;CANARA ROBECO LARGE CAP FUND - DIRECT PLAN - GROWTH OPTION;INF760K01FR2;;73.2400;;;25-Aug-2025
118270;CANARA ROBECO LARGE CAP FUND - DIRECT PLAN - IDCW (Payout/Reinvestment);INF760K01FP6;INF760K01FQ4;56.1600;;;25-Aug-2025
113221;CANARA ROBECO LARGE CAP FUND - REGULAR PLAN - GROWTH OPTION;INF760K01AR3;;63.3100;;;25-Aug-2025
113222;CANARA ROBECO LARGE CAP FUND - REGULAR PLAN - IDCW (Payout/Reinvestment);INF760K01AS1;INF760K01AT9;30.7700;;;25-Aug-2025

DSP Mutual Fund
119250;DSP Large Cap Fund - Direct Plan - Growth;INF740K01PR3;;515.298;;;25-Aug-2025
119249;DSP Large Cap Fund - Direct Plan - IDCW;INF740K01PS1;INF740K01PT9;30.102;;;25-Aug-2025
101635;DSP Large Cap Fund - Regular Plan - Growth;INF740K01243;;471.068;;;25-Aug-2025
101636;DSP Large Cap Fund - Regular Plan - IDCW;INF740K01227;INF740K01235;26.16;;;25-Aug-2025

Edelweiss Mutual Fund
118616;Edelweiss Large Cap Fund - Direct Plan - IDCW Option;INF754K01BT0;INF754K01BU8;40.15;;;25-Aug-2025
118617;Edelweiss Large Cap Fund - Direct Plan-Growth option;INF754K01BW4;;96.16;;;25-Aug-2025
111938;Edelweiss Large Cap Fund - Plan B - IDCW Option;INF754K01053;INF754K01061;85.14;;;25-Aug-2025
111939;Edelweiss Large Cap Fund - Plan C - IDCW Option;INF754K01095;INF754K01103;67.87;;;25-Aug-2025
111940;Edelweiss Large Cap Fund - Regular Plan - Growth Option;INF754K01046;;83.63;;;25-Aug-2025
111936;Edelweiss Large Cap Fund - Regular Plan - IDCW Option;INF754K01012;INF754K01020;28.57;;;25-Aug-2025
111935;Edelweiss Large Cap Fund -Plan B - Growth option;INF754K01087;;84.14;;;25-Aug-2025
111937;Edelweiss Large Cap Fund -Plan C - Growth option;INF754K01129;;83.04;;;25-Aug-2025

Franklin Templeton Mutual Fund
118462;Franklin India Large Cap Fund - Direct - IDCW;INF090I01FO5;INF090I01FP2;55.6057;;;25-Aug-2025
100470;Franklin India Large Cap Fund - IDCW;INF090I01155;INF090I01163;47.8812;;;25-Aug-2025
118531;Franklin India Large Cap Fund- Direct - Growth;INF090I01FN7;;1150.2499;;;25-Aug-2025
100471;Franklin India Large Cap Fund-Growth;INF090I01171;;1038.2372;;;25-Aug-2025

Groww Mutual Fund
119133;Groww Largecap Fund (formerly known as Indiabulls Blue Chip Fund) - Direct Plan - Growth Option;INF666M01600;;51.73;;;25-Aug-2025
116547;Groww Largecap Fund (formerly known as Indiabulls Blue Chip Fund) - Regular Plan- Growth Option;INF666M01162;;43.08;;;25-Aug-2025
119134;Groww Largecap Fund (formerly known as Indiabulls Bluechip Fund)- Direct Plan- - Income Distribution cum capital withdrawal Option (Payout & Reinvestment);INF666M01626;INF666M01618;29.98;;;25-Aug-2025
140814;Groww Largecap Fund (formerly known as Indiabulls Bluechip Fund)- Direct Plan- Half Yearly -Income Distribution cum capital withdrawal Option (Payout & Reinvestment);INF666M01CQ6;INF666M01CR4;29.09;;;25-Aug-2025
140809;Groww Largecap Fund (formerly known as Indiabulls Bluechip Fund)- Direct Plan- Monthly - Income Distribution cum capital withdrawal Option (Payout & Reinvestment);INF666M01CM5;INF666M01CN3;23.12;;;25-Aug-2025
140811;Groww Largecap Fund (formerly known as Indiabulls Bluechip Fund)- Direct Plan- Quarterly - Income Distribution cum capital withdrawal Option (Payout & Reinvestment);INF666M01CO1;INF666M01CP8;28.88;;;25-Aug-2025
116548;Groww Largecap Fund (formerly known as Indiabulls Bluechip Fund)- Regular Plan- - Income Distribution cum capital withdrawal Option (Payout & Reinvestment);INF666M01188;INF666M01170;24.27;;;25-Aug-2025
140813;Groww Largecap Fund (formerly known as Indiabulls Bluechip Fund)- Regular Plan- Half Yearly - Income Distribution cum capital withdrawal Option (Payout & Reinvestment);INF666M01CW4;INF666M01CX2;25.86;;;25-Aug-2025
140810;Groww Largecap Fund (formerly known as Indiabulls Bluechip Fund)- Regular Plan- Monthly - Income Distribution cum capital withdrawal Option (Payout & Reinvestment);INF666M01CS2;INF666M01CT0;24.81;;;25-Aug-2025
140812;Groww Largecap Fund (formerly known as Indiabulls Bluechip Fund)- Regular Plan- Quarterly - Income Distribution cum capital withdrawal Option (Payout & Reinvestment);INF666M01CU8;INF666M01CV6;25.72;;;25-Aug-2025

HDFC Mutual Fund
119018;HDFC Large Cap Fund - Growth Option - Direct Plan;INF179K01YV8;;1233.514;;;25-Aug-2025
102000;HDFC Large Cap Fund - Growth Option - Regular Plan;INF179K01BE2;;1139.848;;;25-Aug-2025
119017;HDFC Large Cap Fund - IDCW Option - Direct Plan;INF179K01YT2;INF179K01YU0;67.803;;;25-Aug-2025
102001;HDFC Large Cap Fund - IDCW Option - Regular Plan;INF179K01BC6;INF179K01BD4;57.541;;;25-Aug-2025

HSBC Mutual Fund
120030;HSBC Large Cap Fund - Direct Growth;INF336L01CM7;;529.0637;;;25-Aug-2025
120029;HSBC Large Cap Fund - Direct IDCW;INF336L01CK1;INF336L01CL9;43.6942;;;25-Aug-2025
101594;HSBC Large Cap Fund - Regular Growth;INF336L01016;;476.0338;;;25-Aug-2025
101593;HSBC Large Cap Fund - Regular IDCW;INF336L01024;INF336L01032;46.2901;;;25-Aug-2025

ICICI Prudential Mutual Fund
120585;ICICI Prudential Large Cap Fund (erstwhile Bluechip Fund)  - Direct Plan - IDCW;INF109K014L5;INF109K015L2;64.40;;;25-Aug-2025
108466;ICICI Prudential Large Cap Fund (erstwhile Bluechip Fund)  - Growth;INF109K01BL4;;111.21;;;25-Aug-2025
108465;ICICI Prudential Large Cap Fund (erstwhile Bluechip Fund)  - IDCW;INF109K01EP9;INF109K01BM2;32.56;;;25-Aug-2025
120586;ICICI Prudential Large Cap Fund (erstwhile Bluechip Fund) - Direct Plan - Growth;INF109K016L0;;122.20;;;25-Aug-2025

Invesco Mutual Fund
120392;Invesco India Largecap Fund - Direct Plan - Growth;INF205K01LB0;;83.45;;;25-Aug-2025
120393;Invesco India Largecap Fund - Direct Plan - IDCW (Payout / Reinvestment);INF205K01KZ1;INF205K01LA2;36.98;;;25-Aug-2025
112098;Invesco India Largecap Fund - Growth;INF205K01304;;69.47;;;25-Aug-2025
112099;Invesco India Largecap Fund - IDCW (Payout / Reinvestment);INF205K01320;INF205K01312;28.85;;;25-Aug-2025

ITI Mutual Fund
148353;ITI Large Cap Fund - Direct Plan - Growth Option;INF00XX01804;;19.2426;;;25-Aug-2025
148352;ITI Large Cap Fund - Direct Plan - IDCW Option;INF00XX01812;INF00XX01820;19.2426;;;25-Aug-2025
148351;ITI Large Cap Fund - Regular Plan - Growth Option;INF00XX01770;;17.4883;;;25-Aug-2025
148354;ITI Large Cap Fund - Regular Plan - IDCW Option;INF00XX01788;INF00XX01796;17.4883;;;25-Aug-2025

JM Financial Mutual Fund
134958;JM Large Cap Fund (Direct) - Annual IDCW;INF192K01JU4;INF192K01JV2;72.5077;;;25-Aug-2025
120490;JM Large Cap Fund (Direct) - Growth Option;INF192K01BZ0;;176.0246;;;25-Aug-2025
134957;JM Large Cap Fund (Direct) - Half Yearly IDCW ;INF192K01JR0;INF192K01JZ3;72.0009;;;25-Aug-2025
120489;JM Large Cap Fund (Direct) - IDCW;INF192K01BX5;INF192K01BY3;70.6718;;;25-Aug-2025
134956;JM Large Cap Fund (Direct) - Monthly IDCW ;INF192K01JJ7;INF192K01JK5;71.8507;;;25-Aug-2025
134960;JM Large Cap Fund (Direct) - Quarterly IDCW;INF192K01JN9;INF192K01JO7;72.5206;;;25-Aug-2025
134961;JM Large Cap Fund (Regular) - Annual IDCW;INF192K01JS8;INF192K01JT6;30.6599;;;25-Aug-2025
100219;JM Large Cap Fund (Regular) - Growth Option;INF192K01601;;153.5894;;;25-Aug-2025
134955;JM Large Cap Fund (Regular) - Half Yearly IDCW;INF192K01JP4;INF192K01JQ2;25.1781;;;25-Aug-2025
100218;JM Large Cap Fund (Regular) - IDCW ;INF192K01585;INF192K01593;29.8153;;;25-Aug-2025
134959;JM Large Cap Fund (Regular) - Monthly IDCW;INF192K01JH1;INF192K01JI9;23.8649;;;25-Aug-2025
134954;JM Large Cap Fund (Regular) - Quarterly IDCW;INF192K01JL3;INF192K01JM1;34.6609;;;25-Aug-2025

Kotak Mahindra Mutual Fund
120152;Kotak Large Cap  Fund - Growth - Direct;INF174K01KW6;;660.068;;;25-Aug-2025
114458;Kotak Large Cap Fund - Growth;INF174K01153;;573.179;;;25-Aug-2025
120153;Kotak Large Cap Fund - Payout of Income Distribution cum capital withdrawal option - Direct;INF174K01KY2;INF174K01KX4;87.296;;;25-Aug-2025
114457;Kotak Large Cap Fund - Payout of Income Distribution cumcapital withdrawal option;INF174K01179;INF174K01161;73.988;;;25-Aug-2025

LIC Mutual Fund
120267;LIC MF Large Cap Fund-Direct Plan-Growth;INF767K01EJ7;;63.8072;;;25-Aug-2025
120268;LIC MF Large Cap Fund-Direct Plan-IDCW;INF767K01EI9;INF767K01EK5;40.1823;;;25-Aug-2025
106871;LIC MF Large Cap Fund-Regular Plan-Growth;INF767K01105;;56.073;;;25-Aug-2025
100332;LIC MF Large Cap Fund-Regular Plan-IDCW;INF767K01097;INF767K01089;33.8646;;;25-Aug-2025

Mahindra Manulife Mutual Fund
146550;Mahindra Manulife Large Cap Fund - Direct Plan - IDCW;INF174V01747;INF174V01739;19.6401;;;25-Aug-2025
146549;Mahindra Manulife Large Cap Fund - Direct Plan -Growth;INF174V01721;;25.9461;;;25-Aug-2025
146551;Mahindra Manulife Large Cap Fund - Regular Plan - Growth;INF174V01697;;23.0869;;;25-Aug-2025
146548;Mahindra Manulife Large Cap Fund - Regular Plan - IDCW;INF174V01713;INF174V01705;16.9780;;;25-Aug-2025

Mirae Asset Mutual Fund
118825;Mirae Asset Large Cap Fund - Direct Plan - Growth;INF769K01AX2;;128.044;;;25-Aug-2025
107578;Mirae Asset Large Cap Fund - Growth Plan;INF769K01010;;113.483;;;25-Aug-2025
118826;Mirae Asset Large Cap Fund Direct IDCW;INF769K01AY0;INF769K01AZ7;72.474;;;25-Aug-2025
107579;Mirae Asset Large Cap Fund Regular IDCW;INF769K01036;INF769K01028;31.526;;;25-Aug-2025

Motilal Oswal Mutual Fund
152354;Motilal Oswal Large Cap Direct Plan Growth;INF247L01CE3;;14.2803;;;25-Aug-2025
152351;Motilal Oswal Large Cap Direct Plan IDCW;INF247L01CF0;INF247L01CG8;13.4858;;;25-Aug-2025
152352;Motilal Oswal Large Cap Regular Plan Growth;INF247L01CB9;;13.9885;;;25-Aug-2025
152353;Motilal Oswal Large Cap Regular Plan IDCW;INF247L01CC7;INF247L01CD5;13.0557;;;25-Aug-2025

Nippon India Mutual Fund
106235;Nippon India Large Cap  Fund- Growth Plan -Growth Option;INF204K01562;;91.6567;;;25-Aug-2025
118634;NIPPON INDIA LARGE CAP FUND - DIRECT Plan - IDCW Option;INF204K01XG7;INF204K01XH5;42.6926;;;25-Aug-2025
118633;Nippon India Large Cap Fund - Direct Plan Growth Plan - Bonus Option;INF204K01D30;;102.3387;;;25-Aug-2025
118632;Nippon India Large Cap Fund - Direct Plan Growth Plan - Growth Option;INF204K01XI3;;102.3387;;;25-Aug-2025
106236;NIPPON INDIA LARGE CAP FUND - IDCW Option;INF204K01539;INF204K01547;28.0446;;;25-Aug-2025
106240;Nippon India Large Cap Fund- Growth Plan Bonus Option;INF204K01554;;91.6567;;;25-Aug-2025

PGIM India Mutual Fund
138313;PGIM India Large Cap Fund - Direct Plan - Dividend;INF663L01GS2;INF663L01GT0;29.27;;;25-Aug-2025
138312;PGIM India Large Cap Fund - Direct Plan - Growth;INF663L01GR4;;407.95;;;25-Aug-2025
138307;PGIM India Large Cap Fund - Dividend;INF663L01GU8;INF663L01GV6;20.47;;;25-Aug-2025
138308;PGIM India Large Cap Fund - Growth;INF663L01GW4;;343.32;;;25-Aug-2025

quant Mutual Fund
150440;quant Large Cap Fund - Growth Option - Direct Plan;INF966L01AT0;;15.6053;;;25-Aug-2025
150441;quant Large Cap Fund - Growth Option - Regular Plan;INF966L01AW4;;14.8638;;;25-Aug-2025
150439;quant Large Cap Fund - IDCW Option - Direct Plan;INF966L01AU8;INF966L01AV6;15.6705;;;25-Aug-2025
150442;quant Large Cap Fund - IDCW Option - Regular Plan;INF966L01AX2;INF966L01AY0;14.7792;;;25-Aug-2025

Samco Mutual Fund
153239;Samco Large Cap Fund - Direct Plan - Growth Option;INF0K1H01255;;9.72;;;25-Aug-2025
153238;Samco Large Cap Fund - Regular Plan - Growth Option;INF0K1H01263;;9.65;;;25-Aug-2025

SBI Mutual Fund
119585;SBI Large Cap Fund - Direct Plan - Income Distribution cum Capital Withdrawal Option (IDCW);INF200K01QV8;INF200K01QW6;66.5350;;;25-Aug-2025
103616;SBI Large Cap Fund - Regular Plan - Income Distribution cum Capital Withdrawal Option (IDCW);INF200K01164;INF200K01172;52.6129;;;25-Aug-2025
119598;SBI Large Cap FUND-DIRECT PLAN -GROWTH;INF200K01QX4;;102.5201;;;25-Aug-2025
103504;SBI Large Cap FUND-REGULAR PLAN GROWTH;INF200K01180;;92.4845;;;25-Aug-2025

Sundaram Mutual Fund
148509;Sundaram Large Cap Fund (Formerly Known as Sundaram Blue Chip  Fund)  Direct Plan - Reinvestment of Income Distribution cum Capital Withdrawal (IDCW);INF903JA1JE6;;17.8164;;;25-Aug-2025
148505;Sundaram Large Cap Fund (Formerly Known as Sundaram Blue Chip Fund)  Regular Plan - Payout of Income Distribution cum Capital Withdrawal (IDCW);INF903JA1JA4;;16.5574;;;25-Aug-2025
148508;Sundaram Large Cap Fund (Formerly Known as Sundaram Blue Chip Fund) Direct Plan - Payout of Income Distribution cum Capital Withdrawal (IDCW);INF903JA1JD8;;17.8164;;;25-Aug-2025
148506;Sundaram Large Cap Fund (Formerly Known as Sundaram Blue Chip Fund) Regular Plan - Reinvestment of Income Distribution cum Capital Withdrawal (IDCW);INF903JA1JB2;;16.5574;;;25-Aug-2025
148507;Sundaram Large Cap Fund (Formerly Known as Sundaram Blue Chip Fund)Direct Plan - Growth;INF903JA1JC0;;22.8762;;;25-Aug-2025
148504;Sundaram Large Cap Fund(Formerly Known as Sundaram Blue Chip Fund) Regular Plan - Growth;INF903JA1IZ3;;21.2803;;;25-Aug-2025

Tata Mutual Fund
119160;Tata Large Cap Fund -Direct Plan Growth Option;INF277K01QZ7;;572.4360;;;25-Aug-2025
100475;Tata Large Cap Fund -Regular Plan - Growth Option;INF277K01931;;498.1659;;;25-Aug-2025
119159;Tata Large Cap Fund- Direct Plan - Payout of IDCW Option;INF277K01QX2;INF277K01QY0;130.0470;;;25-Aug-2025
102036;Tata Large Cap Fund- Regular Plan - Payout of IDCW Option;INF277K01EG3;INF277K01923;108.5456;;;25-Aug-2025

Taurus Mutual Fund
118870;Taurus Large Cap Fund - Direct Plan - Growth;INF044D01BX3;;165.40;;;25-Aug-2025
118871;Taurus Large Cap Fund - Direct Plan - Payout of Income Distribution cum Capital Withdrawal option;INF044D01BY1;INF044D01BZ8;72.86;;;25-Aug-2025
101209;Taurus Large Cap Fund - Regular Plan - Growth;INF044D01773;;156.31;;;25-Aug-2025
108403;Taurus Large Cap Fund - Regular Plan - Payout of Income Distribution cum Capital Withdrawal option;INF044D01740;INF044D01757;68.47;;;25-Aug-2025

Union Mutual Fund
141248;Union Largecap Fund - Direct Plan - Growth Option;INF582M01CU7;;25.05;;;25-Aug-2025
141249;Union Largecap Fund - Direct Plan - IDCW Option;INF582M01CV5;INF582M01CW3;25.05;;;25-Aug-2025
141247;Union Largecap Fund - Regular Plan - Growth Option;INF582M01CQ5;;23.55;;;25-Aug-2025
141250;Union Largecap Fund - Regular Plan - IDCW Option;INF582M01CR3;INF582M01CS1;23.55;;;25-Aug-2025

UTI Mutual Fund
120656;UTI Large Cap Fund - Direct Plan - Growth Option;INF789F01US8;;302.328;;;25-Aug-2025
120657;UTI Large Cap Fund - Direct Plan - IDCW;INF789F01UQ2;INF789F01UR0;65.7469;;;25-Aug-2025
100651;UTI Large Cap Fund - Regular Plan - Growth Option;INF789F01976;;275.5458;;;25-Aug-2025
100650;UTI Large Cap Fund - Regular Plan - IDCW;INF189A01038;INF789F01950;55.7883;;;25-Aug-2025

WhiteOak Capital Mutual Fund
150797;WhiteOak Capital Large Cap Fund Direct Plan Growth;INF03VN01696;;15.580;;;25-Aug-2025
150798;WhiteOak Capital Large Cap Fund Direct Plan IDCW;INF03VN01704;INF03VN01712;15.580;;;25-Aug-2025
150799;WhiteOak Capital Large Cap Fund Regular Plan Growth;INF03VN01662;;14.879;;;25-Aug-2025
150800;WhiteOak Capital Large Cap Fund Regular Plan IDCW;INF03VN01670;INF03VN01688;14.879;;;25-Aug-2025

Open Ended Schemes ( Equity Scheme - Large & Mid Cap Fund )


Aditya Birla Sun Life Mutual Fund
119436;Aditya Birla Sun Life Large & Mid Cap Fund - Growth - Direct Plan;INF209K01VH8;;1005.1;;;25-Aug-2025
100033;Aditya Birla Sun Life Large & Mid Cap Fund - Regular Growth;INF209K01165;;902.96;;;25-Aug-2025
119433;Aditya Birla Sun Life Large & Mid Cap Fund -Direct - IDCW;INF209K01VG0;INF209K01VI6;215.4;;;25-Aug-2025
100034;Aditya Birla Sun Life Large & Mid Cap Fund -Regular - IDCW;INF209K01157;INF209K01CE5;140.05;;;25-Aug-2025

Bajaj Finserv Mutual Fund
152408;Bajaj Finserv Large and Mid Cap Fund- Direct Plan- Growth;INF0QA701763;;12.383;;;25-Aug-2025
152405;Bajaj Finserv Large and Mid Cap Fund- Direct Plan- IDCW;INF0QA701771;INF0QA701789;12.383;;;25-Aug-2025
152406;Bajaj Finserv Large and Mid Cap Fund- Regular Plan- Growth;INF0QA701730;;12.111;;;25-Aug-2025
152407;Bajaj Finserv Large and Mid Cap Fund- Regular Plan- IDCW;INF0QA701748;INF0QA701755;12.111;;;25-Aug-2025

Bandhan Mutual Fund
118419;Bandhan Large & Mid Cap Fund - Direct Plan - Growth;INF194K01V89;;157.329;;;25-Aug-2025
118420;Bandhan Large & Mid Cap Fund - Direct Plan - IDCW;INF194K01V97;INF194K01W05;38.642;;;25-Aug-2025
108596;Bandhan Large & Mid Cap Fund - Regular Plan - Growth;INF194K01524;;134.810;;;25-Aug-2025
108597;Bandhan Large & Mid Cap Fund - Regular Plan - IDCW;INF194K01532;INF194K01540;29.438;;;25-Aug-2025

Bank of India Mutual Fund
119349;BANK OF INDIA Large & Mid Cap Fund Direct  Plan- Quarterly IDCW;INF761K01678;INF761K01660;27.96;;;25-Aug-2025
119300;BANK OF INDIA Large & Mid Cap Fund Direct Plan- Bonus;INF761K01629;;51.98;;;25-Aug-2025
119350;BANK OF INDIA Large & Mid Cap Fund Direct Plan-Growth;INF761K01652;;100.66;;;25-Aug-2025
119346;BANK OF INDIA Large & Mid Cap Fund Direct Plan-Regular IDCW;INF761K01645;INF761K01637;27.54;;;25-Aug-2025
110599;BANK OF INDIA Large & Mid Cap Fund Eco Plan- Growth;INF761K01041;;96.33;;;25-Aug-2025
110601;BANK OF INDIA Large & Mid Cap Fund Eco Plan-Bonus;INF761K01017;;96.33;;;25-Aug-2025
110604;BANK OF INDIA Large & Mid Cap Fund Eco Plan-Quarterly IDCW;INF761K01058;INF761K01066;27.17;;;25-Aug-2025
110608;BANK OF INDIA Large & Mid Cap Fund Eco Plan-Regular IDCW;INF761K01025;INF761K01033;26.97;;;25-Aug-2025
110603;BANK OF INDIA Large & Mid Cap Fund Regular Plan- Growth;INF761K01108;;87.55;;;25-Aug-2025
110598;BANK OF INDIA Large & Mid Cap Fund Regular Plan- Quarterly IDCW;INF761K01116;INF761K01124;31.89;;;25-Aug-2025
110607;BANK OF INDIA Large & Mid Cap Fund Regular Plan- Regular IDCW;INF761K01082;INF761K01090;26.13;;;25-Aug-2025
110606;BANK OF INDIA Large & Mid Cap Fund Regular Plan-Bonus;INF761K01074;;87.54;;;25-Aug-2025

Baroda BNP Paribas Mutual Fund
148474;Baroda BNP Paribas Large and Mid Cap Fund- Direct Plan -Growth Option;INF955L01JU2;;28.8336;;;25-Aug-2025
148475;Baroda BNP Paribas Large and Mid Cap Fund-Direct Plan-IDCW Option;INF955L01JV0;INF955L01JW8;22.0967;;;25-Aug-2025
148471;Baroda BNP Paribas Large and Mid Cap Fund-Regular Plan-Growth Option;INF955L01JR8;;26.8015;;;25-Aug-2025
148472;Baroda BNP Paribas Large and Mid Cap Fund-Regular plan-IDCW Option;INF955L01JS6;INF955L01JT4;19.3218;;;25-Aug-2025

Canara Robeco Mutual Fund
118278;CANARA ROBECO LARGE AND MID CAP FUND - DIRECT PLAN - GROWTH OPTION;INF760K01EI4;;297.8900;;;25-Aug-2025
118277;CANARA ROBECO LARGE AND MID CAP FUND - DIRECT PLAN - IDCW (Payout/Reinvestment);INF760K01EG8;INF760K01EH6;135.3000;;;25-Aug-2025
102920;CANARA ROBECO LARGE AND MID CAP FUND - REGULAR PLAN - GROWTH OPTION;INF760K01167;;259.8800;;;25-Aug-2025
102921;CANARA ROBECO LARGE AND MID CAP FUND - REGULAR PLAN - IDCW (Payout/Reinvestment);INF760K01175;INF760K01183;88.8400;;;25-Aug-2025

DSP Mutual Fund
119218;DSP Large & Mid Cap Fund - Direct Plan - Growth;INF740K01PL6;;685.428;;;25-Aug-2025
119219;DSP Large & Mid Cap Fund - Direct Plan - IDCW;INF740K01PM4;INF740K01PN2;111.174;;;25-Aug-2025
103819;DSP Large & Mid Cap Fund - Regular Plan - Growth;INF740K01094;;612.935;;;25-Aug-2025
103820;DSP Large & Mid Cap Fund - Regular Plan - IDCW;INF740K01078;INF740K01086;38.963;;;25-Aug-2025

Edelweiss Mutual Fund
140175;Edelweiss Large & Mid Cap Fund - Direct Plan - Growth Option;INF843K01AL0;;102.045;;;25-Aug-2025
140172;Edelweiss Large & Mid Cap Fund - Regular Plan - Growth Option;INF843K01047;;86.618;;;25-Aug-2025
140174;Edelweiss Large and Mid Cap Fund - Direct Plan - IDCW Option;INF843K01AM8;INF843K01AN6;39.582;;;25-Aug-2025
140173;Edelweiss Large and Mid Cap Fund - Regular Plan - IDCW Option;INF843K01054;INF843K01062;33.035;;;25-Aug-2025

Franklin Templeton Mutual Fund
118510;Franklin India Large & Mid Cap Fund - Direct - Growth;INF090I01IN1;;214.1623;;;25-Aug-2025
118509;Franklin India Large & Mid cap Fund - Direct - IDCW;INF090I01IL5;INF090I01IM3;25.4123;;;25-Aug-2025
102883;Franklin India Large & Mid Cap Fund - Growth Plan;INF090I01205;;194.8026;;;25-Aug-2025
102884;Franklin India Large & Mid Cap Fund - IDCW;INF090I01189;INF090I01197;22.2271;;;25-Aug-2025

HDFC Mutual Fund
130496;HDFC Large and Mid Cap Fund - Growth Option;INF179KA1RT1;;339.84;;;25-Aug-2025
130498;HDFC Large and Mid Cap Fund - Growth Option - Direct Plan;INF179KA1RQ7;;357.632;;;25-Aug-2025
130497;HDFC Large and Mid Cap Fund - IDCW Option;INF179KA1RU9;;37.403;;;25-Aug-2025
130499;HDFC Large and Mid Cap Fund - IDCW Option - Direct Plan;INF179KA1RR5;;48.903;;;25-Aug-2025

Helios Mutual Fund
152941;Helios Large & Mid Cap Fund - Direct Plan - Growth Option;INF0R8701269;;10.89;;;25-Aug-2025
152942;Helios Large & Mid Cap Fund - Direct Plan - IDCW Option;INF0R8701277;INF0R8701285;10.90;;;25-Aug-2025
152943;Helios Large & Mid Cap Fund - Regular Plan - Growth Option;INF0R8701236;;10.75;;;25-Aug-2025
152944;Helios Large & Mid Cap Fund - Regular Plan - IDCW Option;INF0R8701244;INF0R8701251;10.75;;;25-Aug-2025

HSBC Mutual Fund
146772;HSBC Large & Mid Cap Fund - Direct Growth;INF336L01NV5;;29.6284;;;25-Aug-2025
146770;HSBC Large & Mid Cap Fund - Direct IDCW;INF336L01NW3;INF336L01NX1;22.6674;;;25-Aug-2025
146771;HSBC Large & Mid Cap Fund - Regular Growth;INF336L01NY9;;27.0836;;;25-Aug-2025
146769;HSBC Large & Mid Cap Fund - Regular IDCW;INF336L01NZ6;INF336L01OA7;20.646;;;25-Aug-2025

ICICI Prudential Mutual Fund
120596;ICICI Prudential Large & Mid Cap Fund - Direct Plan - Growth;INF109K011O5;;1122.65;;;25-Aug-2025
120597;ICICI Prudential Large & Mid Cap Fund - Direct Plan - IDCW;INF109K019N0;INF109K010O7;55.11;;;25-Aug-2025
100349;ICICI Prudential Large & Mid Cap Fund - Growth;INF109K01431;;1003.96;;;25-Aug-2025
100348;ICICI Prudential Large & Mid Cap Fund - IDCW;INF109K01EQ7;INF109K01449;32.13;;;25-Aug-2025

Invesco Mutual Fund
120357;Invesco India Large & Mid Cap Fund - Direct Plan - Growth;INF205K01MA0;;122.24;;;25-Aug-2025
120356;Invesco India Large & Mid Cap Fund - Direct Plan - IDCW (Payout / Reinvestment);INF205K01LY2;INF205K01LZ9;56.68;;;25-Aug-2025
106144;Invesco India Large & Mid Cap Fund - Growth;INF205K01247;;103.15;;;25-Aug-2025
106143;Invesco India Large & Mid Cap Fund - IDCW (Payout / Reinvestment);INF205K01262;INF205K01254;46.36;;;25-Aug-2025

ITI Mutual Fund
152821;ITI Large & Midcap Fund - Direct Plan - Growth;INF00XX01DA4;;9.7460;;;25-Aug-2025
152823;ITI Large & Midcap Fund - Direct Plan - IDCW Option;INF00XX01DB2;INF00XX01DC0;9.7460;;;25-Aug-2025
152824;ITI Large & Midcap Fund - Regular Plan - Growth;INF00XX01CX8;;9.5861;;;25-Aug-2025
152822;ITI Large & Midcap Fund - Regular Plan - IDCW Option;INF00XX01CY6;INF00XX01CZ3;9.5861;;;25-Aug-2025

JM Financial Mutual Fund
153629;JM Large & Mid Cap Fund (Direct) - Growth Option;INF192K01NK7;;10.2499;;;25-Aug-2025
153630;JM Large & Mid Cap Fund (Direct) - IDCW;INF192K01NP6;INF192K01NL5;10.2499;;;25-Aug-2025
153627;JM Large & Mid Cap Fund (Regular) - Growth Option;INF192K01NM3;;10.2342;;;25-Aug-2025
153628;JM Large & Mid Cap Fund (Regular) - IDCW;INF192K01NO9;INF192K01NN1;10.2342;;;25-Aug-2025

Kotak Mahindra Mutual Fund
120158;Kotak Large & Midcap Fund - Direct- Growth;INF174K01LF9;;390.557;;;25-Aug-2025
103234;Kotak Large & Midcap Fund - Growth-Regular;INF174K01187;;339.854;;;25-Aug-2025
120157;Kotak Large & Midcap Fund - IDCW-Direct;INF174K01LG7;INF174K01LH5;68.917;;;25-Aug-2025
103233;Kotak Large & Midcap Fund - IDCW-Regular;INF174K01203;INF174K01195;59.292;;;25-Aug-2025

LIC Mutual Fund
133710;LIC MF Large & Mid Cap Fund-Direct Plan-Growth;INF767K01NE9;;44.2664;;;25-Aug-2025
133709;LIC MF Large & Mid Cap Fund-Direct Plan-IDCW;INF767K01ND1;INF767K01NF6;35.1219;;;25-Aug-2025
133711;LIC MF Large & Mid Cap Fund-Regular Plan-Growth;INF767K01NB5;;38.4182;;;25-Aug-2025
133712;LIC MF Large & Mid Cap Fund-Regular Plan-IDCW;INF767K01NA7;INF767K01NC3;31.1053;;;25-Aug-2025

Mahindra Manulife Mutual Fund
147841;Mahindra Manulife Large & Mid Cap Fund - Direct Plan - IDCW;INF174V01960;INF174V01952;22.8887;;;25-Aug-2025
147840;Mahindra Manulife Large & Mid Cap Fund - Direct Plan -Growth;INF174V01945;;29.4591;;;25-Aug-2025
147843;Mahindra Manulife Large & Mid Cap Fund - Regular Plan - Growth;INF174V01911;;26.6933;;;25-Aug-2025
147842;Mahindra Manulife Large & Mid Cap Fund - Regular Plan - IDCW;INF174V01937;INF174V01929;20.3547;;;25-Aug-2025

Mirae Asset Mutual Fund
118834;Mirae Asset Large & Midcap Fund - Direct Plan - Growth;INF769K01BI1;;168.743;;;25-Aug-2025
118835;Mirae Asset Large & Midcap Fund - Direct Plan - IDCW;INF769K01BJ9;INF769K01BK7;85.250;;;25-Aug-2025
112932;Mirae Asset Large & Midcap Fund - Regular Plan - Growth;INF769K01101;;149.800;;;25-Aug-2025
112931;Mirae Asset Large & Midcap Fund - Regular Plan - IDCW;INF769K01127;INF769K01119;49.655;;;25-Aug-2025

Motilal Oswal Mutual Fund
147704;Motilal Oswal Large and Midcap Fund - Direct Plan Growth;INF247L01999;;36.3148;;;25-Aug-2025
147701;Motilal Oswal Large and Midcap Fund - Regular Plan Growth;INF247L01965;;33.2591;;;25-Aug-2025
147706;Motilal Oswal Large and Midcap Fund Direct - IDCW Payout/Reinvestment;INF247L01AB3;INF247L01AA5;27.5939;;;25-Aug-2025
147703;Motilal Oswal Large and Midcap Fund Regular - IDCW Payout/Reinvestment;INF247L01981;INF247L01973;25.3904;;;25-Aug-2025

Navi Mutual Fund
141414;Navi Large & Midcap Fund - Direct Annual IDCW Payout;INF959L01CR5;INF959L01CS3;41.5892;;;25-Aug-2025
141415;Navi Large & Midcap Fund - Direct Half Yearly IDCW Payout;INF959L01CP9;INF959L01CQ7;41.6258;;;25-Aug-2025
135679;Navi Large & Midcap Fund - Direct Normal IDCW Payout;INF959L01CI4;INF959L01CJ2;41.7292;;;25-Aug-2025
141411;Navi Large & Midcap Fund - Regular Annual IDCW payout;INF959L01CV7;INF959L01CW5;36.2607;;;25-Aug-2025
141410;NAVI Large & Midcap Fund - Regular Half Yearly IDCW Payout;INF959L01CT1;INF959L01CU9;35.2647;;;25-Aug-2025
135680;Navi Large & Midcap Fund - Regular Normal IDCW Payout;INF959L01CL8;INF959L01CM6;35.2518;;;25-Aug-2025
135677;Navi Large & Midcap Fund- Direct Plan- Growth Option;INF959L01CH6;;42.2398;;;25-Aug-2025
135678;Navi Large & Midcap Fund- Regular Plan- Growth Option;INF959L01CK0;;35.2559;;;25-Aug-2025

Nippon India Mutual Fund
100378;NIPPON INDIA VISION FUND - IDCW Option;INF204K01372;INF204K01380;65.9371;;;25-Aug-2025
100379;Nippon India Vision Fund-GROWTH PLAN-Bonus Option;INF204K01398;;247.1038;;;25-Aug-2025
100380;Nippon India Vision Fund-GROWTH PLAN-Growth Option;INF204K01406;;1467.1249;;;25-Aug-2025
118676;NIPPON INDIA VISION LARGE & MID CAP  FUND - DIRECT Plan - IDCW Option;INF204K01F04;INF204K01F12;74.5919;;;25-Aug-2025
118675;Nippon India Vision Large & Mid Cap Fund - Direct Plan Growth Plan - Bonus Option;INF204K01E96;;267.5806;;;25-Aug-2025
118678;Nippon India Vision Large & Mid Cap Fund - Direct Plan Growth Plan - Growth Option;INF204K01F20;;1578.2588;;;25-Aug-2025

PGIM India Mutual Fund
152382;PGIM India Large and Midcap Fund - Direct Plan - Growth Option;INF663L01Y12;;13.04;;;25-Aug-2025
152384;PGIM India Large and Midcap Fund - Direct Plan - IDCW option;INF663L01Y20;INF663L01Y38;12.44;;;25-Aug-2025
152383;PGIM India Large and Midcap Fund - Regular Plan - Growth Option;INF663L01X88;;12.69;;;25-Aug-2025
152385;PGIM India Large and Midcap Fund - Regular Plan - IDCW Option;INF663L01X96;INF663L01Y04;12.4;;;25-Aug-2025

quant Mutual Fund
104515;quant Large & Mid Cap Fund - Bonus Option - Regular Plan;INF966L01424;;112.3072;;;25-Aug-2025
120824;quant Large & Mid Cap Fund - Bonus Option-Direct Plan;INF966L01655;;112.3072;;;25-Aug-2025
104513;quant Large & Mid Cap Fund - Growth Option;INF966L01341;;112.0577;;;25-Aug-2025
120826;quant Large & Mid Cap Fund - Growth Option-Direct Plan;INF966L01648;;122.818;;;25-Aug-2025
120825;quant Large & Mid Cap Fund - IDCW Option - Direct Plan;INF966L01622;INF966L01630;57.2017;;;25-Aug-2025
104514;quant Large & Mid Cap Fund - IDCW Option - Regular Plan;INF966L01325;INF966L01333;68.4002;;;25-Aug-2025

Samco Mutual Fund
153534;Samco Large & Mid Cap Fund - Direct Plan - Growth Option;INF0K1H01271;;9.56;;;25-Aug-2025
153533;Samco Large & Mid Cap Fund - Regular Plan - Growth Option;INF0K1H01289;;9.54;;;25-Aug-2025

Sundaram Mutual Fund
119565;Sundaram Large and Midcap Direct Plan - Income Distribution cum Capital Withdrawal (IDCW);INF903J01PP3;INF903J01PQ1;35.5509;;;25-Aug-2025
119566;Sundaram Large and Midcap Fund Direct Plan - Growth;INF903J01PR9;;96.1751;;;25-Aug-2025
105001;Sundaram Large and Midcap Fund Regular Plan - Growth;INF903J01DT1;;85.4187;;;25-Aug-2025
105000;Sundaram Large and Midcap Regular Plan - Income Distribution cum Capital Withdrawal (IDCW);INF903J01DU9;INF903J01DV7;30.9067;;;25-Aug-2025

Tata Mutual Fund
119202;Tata Large & MId Cap Fund -Direct Plan- Growth Option;INF277K01MK8;;596.2431;;;25-Aug-2025
119201;Tata Large & Mid Cap Fund Direct Plan - Payout of IDCW Option;INF277K01MI2;INF277K01MJ0;116.8214;;;25-Aug-2025
101823;Tata Large & Mid Cap Fund Regular Plan - Payout of IDCW Option;INF277K01DH3;INF277K01410;84.1939;;;25-Aug-2025
101824;Tata Large & Mid Cap Fund- Regular Plan - Growth Option;INF277K01428;;522.3210;;;25-Aug-2025

Union Mutual Fund
147750;Union Large & Midcap Fund - Direct Plan - Growth Option;INF582M01GA0;;27.74;;;25-Aug-2025
147751;Union Large & Midcap Fund - Direct Plan - IDCW Option;INF582M01GC6;INF582M01GB8;27.74;;;25-Aug-2025
147748;Union Large & Midcap Fund - Regular Plan - Growth Option;INF582M01GD4;;25.85;;;25-Aug-2025
147749;Union Large & Midcap Fund - Regular Plan - IDCW Option;INF582M01GG7;INF582M01GF9;25.85;;;25-Aug-2025

UTI Mutual Fund
120665;UTI Large & Mid Cap Fund - Direct Plan - Growth Option;INF789F01UG3;;192.2689;;;25-Aug-2025
120664;UTI Large & Mid Cap Fund - Direct Plan - IDCW;INF789F01UE8;INF789F01UF5;94.4827;;;25-Aug-2025
100664;UTI Large & Mid Cap Fund - Regular Plan - Growth Option;INF789F01869;;179.3173;;;25-Aug-2025
100663;UTI Large & Mid Cap Fund - Regular Plan - IDCW;INF189A01046;INF789F01851;87.3556;;;25-Aug-2025

WhiteOak Capital Mutual Fund
152226;Whiteoak Capital Large & Mid Cap Fund Direct Plan Growth;INF03VN01845;;13.517;;;25-Aug-2025
152225;Whiteoak Capital Large & Mid Cap Fund Regular Plan Growth;INF03VN01837;;13.148;;;25-Aug-2025

Open Ended Schemes ( Equity Scheme - Mid Cap Fund )


Aditya Birla Sun Life Mutual Fund
119620;Aditya Birla Sun Life Midcap Fund - Growth - Direct Plan;INF209K01Q30;;879.3;;;25-Aug-2025
119619;Aditya Birla Sun Life Midcap Fund -DIRECT - IDCW;INF209K01Q22;;100.03;;;25-Aug-2025
101591;Aditya Birla Sun Life Midcap Fund -REGULAR - IDCW;INF209K01355;INF209K01CN6;58.58;;;25-Aug-2025
101592;Aditya Birla Sun Life MIDCAP Fund-Growth;INF209K01363;;788.67;;;25-Aug-2025

Axis Mutual Fund
120505;Axis Midcap Fund - Direct Plan - Growth;INF846K01EH3;;133.05;;;25-Aug-2025
120504;Axis Midcap Fund - Direct Plan - IDCW;INF846K01EF7;INF846K01EG5;56.33;;;25-Aug-2025
114564;Axis Midcap Fund - Regular Plan - Growth;INF846K01859;;114.35;;;25-Aug-2025
114565;Axis Midcap Fund - Regular Plan - IDCW;INF846K01867;INF846K01875;42.59;;;25-Aug-2025

Bandhan Mutual Fund
150404;BANDHAN MIDCAP FUND - GROWTH - DIRECT PLAN;INF194KB1DJ2;;18.458;;;25-Aug-2025
150402;BANDHAN MIDCAP FUND - GROWTH - REGULAR PLAN;INF194KB1DM6;;17.594;;;25-Aug-2025
150401;BANDHAN MIDCAP FUND - IDCW - DIRECT PLAN;INF194KB1DK0;INF194KB1DL8;18.444;;;25-Aug-2025
150403;BANDHAN MIDCAP FUND - IDCW - REGULAR PLAN;INF194KB1DN4;INF194KB1DO2;17.595;;;25-Aug-2025

Bank of India Mutual Fund
153728;Bank of India Mid Cap Fund - Direct Plan Growth;INF761K01GY4;;9.98;;;25-Aug-2025
153729;Bank of India Mid Cap Fund - Direct Plan IDCW;INF761K01GZ1;INF761K01HA2;9.98;;;25-Aug-2025
153726;Bank of India Mid Cap Fund - Regular Plan Growth;INF761K01HB0;;9.98;;;25-Aug-2025
153727;Bank of India Mid Cap Fund - Regular Plan IDCW;INF761K01HC8;INF761K01HD6;9.98;;;25-Aug-2025

Baroda BNP Paribas Mutual Fund
150212;BARODA BNP PARIBAS Mid Cap Fund - Direct Plan - Growth Option;INF251K01HQ0;;120.3471;;;25-Aug-2025
150211;BARODA BNP PARIBAS Mid Cap Fund - Direct Plan - IDCW Option;INF251K01HO5;INF251K01HP2;72.6531;;;25-Aug-2025
150209;BARODA BNP PARIBAS Mid Cap Fund - Regular Plan - Growth Option;INF251K01AW3;;100.9593;;;25-Aug-2025
150210;BARODA BNP PARIBAS Mid Cap Fund - Regular Plan - IDCW Option;INF251K01AX1;INF251K01AY9;57.3890;;;25-Aug-2025

Canara Robeco Mutual Fund
150817;Canara Robeco Mid Cap Fund- Direct Plan- Growth Option;INF760K01KI1;;18.2100;;;25-Aug-2025
150818;Canara Robeco Mid Cap Fund- Direct Plan- IDCW;INF760K01KK7;INF760K01KJ9;17.6600;;;25-Aug-2025
150816;Canara Robeco Mid Cap Fund- Regular Plan- Growth Option;INF760K01KL5;;17.5200;;;25-Aug-2025
150819;Canara Robeco Mid Cap Fund- Regular Plan- IDCW;INF760K01KN1;INF760K01KM3;16.9600;;;25-Aug-2025

DSP Mutual Fund
119071;DSP Midcap Fund - Direct Plan - Growth;INF740K01PX1;;165.081;;;25-Aug-2025
119070;DSP Midcap Fund - Direct Plan - IDCW;INF740K01PY9;INF740K01PZ6;71.643;;;25-Aug-2025
104481;DSP Midcap Fund - Regular Plan - Growth;INF740K01128;;148.331;;;25-Aug-2025
104482;DSP Midcap Fund - Regular Plan - IDCW;INF740K01102;INF740K01110;30.73;;;25-Aug-2025

Edelweiss Mutual Fund
140228;Edelweiss Mid Cap Fund - Direct Plan - Growth Option;INF843K01AO4;;118.987;;;25-Aug-2025
140227;Edelweiss Mid Cap Fund - Direct Plan - IDCW Option;INF843K01AP1;INF843K01AQ9;86.762;;;25-Aug-2025
140225;Edelweiss Mid Cap Fund - Regular Plan - Growth Option;INF843K01013;;101.782;;;25-Aug-2025
140226;Edelweiss Mid Cap Fund - Regular Plan - IDCW Option;INF843K01021;INF843K01039;58.68;;;25-Aug-2025

Franklin Templeton Mutual Fund
118533;Franklin India Mid Cap Fund - Direct - Growth;INF090I01FH9;;3099.6306;;;25-Aug-2025
118532;Franklin India Mid Cap Fund - Direct - IDCW;INF090I01FI7;INF090I01FJ5;112.5918;;;25-Aug-2025
100472;Franklin India Mid Cap Fund - IDCW;INF090I01726;INF090I01734;93.5357;;;25-Aug-2025
100473;Franklin India Mid Cap Fund-Growth;INF090I01809;;2755.0338;;;25-Aug-2025

HDFC Mutual Fund
118989;HDFC Mid Cap Fund - Growth Option - Direct Plan;INF179K01XQ0;;213.977;;;25-Aug-2025
105758;HDFC Mid Cap Fund - Growth Plan;INF179K01CR2;;194.181;;;25-Aug-2025
118988;HDFC Mid Cap Fund - IDCW Option - Direct Plan;INF179K01XO5;INF179K01XP2;80.76;;;25-Aug-2025
105757;HDFC Mid Cap Fund - IDCW Plan;INF179K01CS0;INF179K01CT8;53.511;;;25-Aug-2025

Helios Mutual Fund
153326;Helios Mid Cap Fund - Direct Plan - Growth Option;INF0R8701327;;12.38;;;25-Aug-2025
153324;Helios Mid Cap Fund - Direct Plan - IDCW Option;INF0R8701335;INF0R8701343;12.38;;;25-Aug-2025
153327;Helios Mid Cap Fund - Regular Plan - Growth Plan;INF0R8701293;;12.30;;;25-Aug-2025
153325;Helios Mid Cap Fund - Regular Plan - IDCW Option;INF0R8701301;INF0R8701319;12.30;;;25-Aug-2025

HSBC Mutual Fund
151036;HSBC Midcap Fund - Direct Growth;INF917K01FZ1;;445.4064;;;25-Aug-2025
151035;HSBC Midcap Fund - Direct IDCW;INF917K01E78;INF917K01FX6;92.1127;;;25-Aug-2025
151034;HSBC Midcap Fund - Regular Growth;INF917K01254;;393.6903;;;25-Aug-2025
151033;HSBC Midcap Fund - Regular IDCW;INF917K01239;INF917K01247;80.5003;;;25-Aug-2025

ICICI Prudential Mutual Fund
120381;ICICI Prudential MidCap Fund - Direct Plan -  Growth;INF109K011N7;;335.75;;;25-Aug-2025
120380;ICICI Prudential MidCap Fund - Direct Plan -  IDCW;INF109K019M2;INF109K010N9;65.64;;;25-Aug-2025
102528;ICICI Prudential MidCap Fund - Growth;INF109K01AN2;;299.41;;;25-Aug-2025
102529;ICICI Prudential MidCap Fund - IDCW;INF109K01EH6;INF109K01AL6;42.25;;;25-Aug-2025

Invesco Mutual Fund
120403;Invesco India Midcap Fund - Direct Plan - Growth Option;INF205K01MV6;;220.94;;;25-Aug-2025
120402;Invesco India Midcap Fund - Direct Plan - IDCW (Payout / Reinvestment);INF205K01MT0;INF205K01MU8;82.8;;;25-Aug-2025
105503;Invesco India Midcap Fund - Growth Option;INF205K01BC9;;183.61;;;25-Aug-2025
105504;Invesco India Midcap Fund - IDCW (Payout / Reinvestment);INF205K01BD7;INF205K01BE5;62.94;;;25-Aug-2025

ITI Mutual Fund
148733;ITI Mid Cap Fund - Direct Plan - Growth Option;INF00XX01929;;23.0269;;;25-Aug-2025
148731;ITI Mid Cap Fund - Direct Plan - IDCW Option;INF00XX01937;INF00XX01945;22.0662;;;25-Aug-2025
148732;ITI Mid Cap Fund - Regular Plan - Growth Option;INF00XX01895;;21.0464;;;25-Aug-2025
148734;ITI Mid Cap Fund - Regular Plan - IDCW Option;INF00XX01903;INF00XX01911;20.1101;;;25-Aug-2025

JM Financial Mutual Fund
150815;JM Midcap Fund (Direct) - Growth;INF192K01MV6;;20.2982;;;25-Aug-2025
150814;JM Midcap Fund (Direct) - IDCW;INF192K01MW4;INF192K01MX2;20.2981;;;25-Aug-2025
150812;JM Midcap Fund (Regular) - Growth;INF192K01MS2;;19.3177;;;25-Aug-2025
150813;JM Midcap Fund (Regular) - IDCW;INF192K01MT0;INF192K01MU8;19.3177;;;25-Aug-2025

Kotak Mahindra Mutual Fund
119774;Kotak Midcap Fund  - Direct Plan - IDCW - Payout & Re-investment of Income Distribution cum capital withdrawal option;INF174K01LU8;INF174K01LV6;94.855;;;25-Aug-2025
119775;Kotak Midcap Fund - Direct Plan - Growth;INF174K01LT0;;159.209;;;25-Aug-2025
104908;Kotak Midcap Fund - Regular Plan - Growth;INF174K01DS9;;137.399;;;25-Aug-2025
104907;Kotak Midcap Fund - Regular Plan - IDCW -Payout & Re-investment of Income Distribution cum capital withdrawal option;INF174K01DU5;INF174K01DT7;75.463;;;25-Aug-2025

LIC Mutual Fund
152002;LIC MF Mid Cap Fund-Direct Plan-Growth;INF397L01JK8;;32.4692;;;25-Aug-2025
151999;LIC MF Mid Cap Fund-Direct Plan-IDCW;INF397L01JH4;INF397L01JI2;30.5094;;;25-Aug-2025
152001;LIC MF Mid Cap Fund-Regular Plan-Growth;INF397L01JO0;;29.0074;;;25-Aug-2025
152000;LIC MF Mid Cap Fund-Regular Plan-IDCW;INF397L01JL6;INF397L01JM4;27.2241;;;25-Aug-2025

Mahindra Manulife Mutual Fund
142108;Mahindra Manulife Mid Cap Fund - Direct Plan - IDCW;INF174V01523;INF174V01515;29.8273;;;25-Aug-2025
142110;Mahindra Manulife Mid Cap Fund - Direct Plan -Growth;INF174V01507;;37.3396;;;25-Aug-2025
142109;Mahindra Manulife Mid Cap Fund - Regular Plan - Growth;INF174V01473;;32.9471;;;25-Aug-2025
142107;Mahindra Manulife Mid Cap Fund- Regular Plan - IDCW;INF174V01499;INF174V01481;25.6962;;;25-Aug-2025

Mirae Asset Mutual Fund
147479;Mirae Asset Midcap Fund - Regular Plan-Growth Option;INF769K01EY2;;36.411;;;25-Aug-2025
147478;Mirae Asset Midcap Fund Direct IDCW;INF769K01EZ9;INF769K01FC5;28.187;;;25-Aug-2025
147480;Mirae Asset Midcap Fund Regular IDCW;INF769K01EX4;INF769K01FB7;25.870;;;25-Aug-2025
147445;Mirae Asset Midcap Fund- Direct Growth Option;INF769K01FA9;;39.425;;;25-Aug-2025

Motilal Oswal Mutual Fund
127044;Motilal Oswal Midcap Fund-Direct - IDCW Payout/Reinvestment;INF247L01460;INF247L01452;52.6026;;;25-Aug-2025
127042;Motilal Oswal Midcap Fund-Direct Plan-Growth Option;INF247L01445;;120.0467;;;25-Aug-2025
127040;Motilal Oswal Midcap Fund-Regular - IDCW Payout/Reinvestment;INF247L01437;INF247L01429;50.8429;;;25-Aug-2025
127039;Motilal Oswal Midcap Fund-Regular Plan-Growth Option;INF247L01411;;104.7199;;;25-Aug-2025

Nippon India Mutual Fund
100375;NIPPON INDIA GROWTH FUND - IDCW Option;INF204K01299;INF204K01307;120.9740;;;25-Aug-2025
100376;Nippon India Growth Fund-Growth Plan-Bonus Option;INF204K01315;;693.3335;;;25-Aug-2025
100377;Nippon India Growth Fund-Growth Plan-Growth Option;INF204K01323;;4164.8871;;;25-Aug-2025
118666;NIPPON INDIA GROWTH MID CAP FUND - DIRECT Plan - IDCW Option;INF204K01E39;INF204K01E47;191.0115;;;25-Aug-2025
118665;Nippon India Growth Mid Cap Fund - Direct Plan Growth Plan - Bonus Option;INF204K01E21;;758.6440;;;25-Aug-2025
118668;Nippon India Growth Mid Cap Fund - Direct Plan Growth Plan - Growth Option;INF204K01E54;;4566.4026;;;25-Aug-2025
106260;NIPPON INDIA GROWTH MID CAP FUND - INSTITUTIONAL Plan - IDCW Option;INF204K01257;INF204K01265;1342.7431;;;25-Aug-2025

PGIM India Mutual Fund
125301;PGIM India Midcap Fund - Direct Plan - Dividend Option - Payout;INF663L01DW1;INF663L01DX9;63.9;;;25-Aug-2025
125307;PGIM India Midcap Fund - Direct Plan - Growth Option;INF663L01DV3;;77.09;;;25-Aug-2025
125306;PGIM India Midcap Fund - Regular Plan - Dividend Option - Payout;INF663L01EA5;INF663L01EB3;26.04;;;25-Aug-2025
125305;PGIM India Midcap Fund - Regular Plan - Growth Option;INF663L01DZ4;;66.48;;;25-Aug-2025

quant Mutual Fund
120841;quant Mid Cap Fund - Growth Option - Direct Plan;INF966L01887;;234.8266;;;25-Aug-2025
101065;quant Mid Cap Fund - Growth Option - Regular Plan;INF966L01176;;209.0971;;;25-Aug-2025
120840;quant Mid Cap Fund - IDCW Option - Direct Plan;INF966L01861;INF966L01879;82.4822;;;25-Aug-2025
101066;quant Mid Cap Fund - IDCW Option - Regular Plan;INF966L01150;INF966L01168;74.3347;;;25-Aug-2025

SBI Mutual Fund
119716;SBI MIDCAP FUND - DIRECT PLAN - GROWTH;INF200K01TP4;;257.1167;;;25-Aug-2025
119715;SBI Midcap Fund - Direct Plan - Income Distribution cum Capital Withdrawal Option (IDCW);INF200K01TN9;INF200K01TO7;145.7693;;;25-Aug-2025
102941;SBI MIDCAP FUND - REGULAR PLAN - GROWTH;INF200K01560;;229.1977;;;25-Aug-2025
102942;SBI Midcap Fund - Regular Plan - Income Distribution cum Capital Withdrawal Option (IDCW);INF200K01578;INF200K01586;93.6533;;;25-Aug-2025

Sundaram Mutual Fund
119581;Sundaram Mid Cap Fund Direct Plan - Growth;INF903J01MJ3;;1522.9714;;;25-Aug-2025
119582;Sundaram Mid Cap Fund Direct Plan - Income Distribution cum Capital Withdrawal (IDCW);INF903J01MH7;INF903J01MI5;71.5147;;;25-Aug-2025
101539;Sundaram Mid Cap Fund Regular Plan - Growth;INF903J01173;;1393.6213;;;25-Aug-2025
101538;Sundaram Mid Cap Fund Regular Plan - Income Distribution cum Capital Withdrawal (IDCW);INF903J01181;INF903J01199;64.5068;;;25-Aug-2025

Tata Mutual Fund
119178;Tata Mid Cap Fund - Direct Plan- Growth Option;INF277K01PY2;;492.3059;;;25-Aug-2025
119177;Tata Mid Cap Fund - Direct Plan- IDCW Option;INF277K01PW6;INF277K01PX4;162.5046;;;25-Aug-2025
102328;Tata Mid Cap Fund Regular Plan- Growth Option;INF277K01626;;432.4365;;;25-Aug-2025
102326;Tata Mid Cap Fund-Regular Plan - IDCW Option;INF277K01DS0;INF277K01642;119.3594;;;25-Aug-2025

Taurus Mutual Fund
118872;Taurus Mid Cap Fund - Direct Plan - Growth;INF044D01CA9;;128.75;;;25-Aug-2025
118873;Taurus Mid Cap Fund - Direct Plan - Payout of Income Distribution cum Capital Withdrawal option;INF044D01CB7;INF044D01CC5;114.37;;;25-Aug-2025
100477;Taurus Mid Cap Fund - Regular Plan - Growth;INF044D01815;;121.92;;;25-Aug-2025
111642;Taurus Mid Cap Fund - Regular Plan - Payout of Income Distribution cum Capital Withdrawal option;INF044D01781;INF044D01799;108.68;;;25-Aug-2025

Union Mutual Fund
148073;Union Midcap Fund - Direct Plan - Growth Option;INF582M01GI3;;51.92;;;25-Aug-2025
148074;Union Midcap Fund - Direct Plan - IDCW Option;INF582M01GK9;INF582M01GJ1;51.92;;;25-Aug-2025
148071;Union Midcap Fund - Regular Plan - Growth Option;INF582M01GM5;;48.18;;;25-Aug-2025
148072;Union Midcap Fund - Regular Plan - IDCW Option;INF582M01GO1;INF582M01GN3;48.18;;;25-Aug-2025

UTI Mutual Fund
120727;UTI Mid Cap Fund - Direct Plan - IDCW;INF789F01TY8;INF789F01TZ5;166.5522;;;25-Aug-2025
102393;UTI Mid Cap Fund - Regular Plan - IDCW;INF789F01794;INF789F01802;143.6307;;;25-Aug-2025
102394;UTI Mid Cap Fund-Growth Option;INF789F01810;;303.5249;;;25-Aug-2025
120726;UTI Mid Cap Fund-Growth Option- Direct;INF789F01UA6;;338.4499;;;25-Aug-2025

WhiteOak Capital Mutual Fund
150584;WhiteOak Capital Mid Cap Fund Direct Plan Growth;INF03VN01597;;20.363;;;25-Aug-2025
150582;WhiteOak Capital Mid Cap Fund Direct Plan IDCW;INF03VN01605;INF03VN01613;20.363;;;25-Aug-2025
150583;WhiteOak Capital Mid Cap Fund Regular Plan Growth;INF03VN01563;;19.413;;;25-Aug-2025
150585;WhiteOak Capital Mid Cap Fund Regular Plan IDCW;INF03VN01571;INF03VN01589;19.413;;;25-Aug-2025

Open Ended Schemes ( Equity Scheme - Small Cap Fund )


Aditya Birla Sun Life Mutual Fund
105804;Aditya Birla Sun Life Small Cap Fund - GROWTH;INF209K01EN2;;85.0655;;;25-Aug-2025
119556;Aditya Birla Sun Life Small Cap Fund - Growth - Direct Plan;INF209K01WN4;;96.7097;;;25-Aug-2025
119557;Aditya Birla Sun Life Small Cap Fund -Direct - IDCW;INF209K01WM6;;67.8825;;;25-Aug-2025
105805;Aditya Birla Sun Life Small Cap Fund -Regular - IDCW;INF209K01EO0;INF209K01EP7;35.2057;;;25-Aug-2025

Axis Mutual Fund
125354;Axis Small Cap Fund - Direct Plan - Growth;INF846K01K35;;123.11;;;25-Aug-2025
125351;Axis Small Cap Fund - Direct Plan - IDCW;INF846K01K43;INF846K01K50;54.30;;;25-Aug-2025
125350;Axis Small Cap Fund - Regular Plan - Growth;INF846K01K01;;106.43;;;25-Aug-2025
125352;Axis Small Cap Fund - Regular Plan - IDCW;INF846K01K19;INF846K01K27;46.35;;;25-Aug-2025

Bajaj Finserv Mutual Fund
153612;BAJAJ FINSERV SMALL CAP FUND - DIRECT - GROWTH;INF0QA701BN2;;9.600;;;25-Aug-2025
153611;BAJAJ FINSERV SMALL CAP FUND - DIRECT - IDCW;INF0QA701BO0;INF0QA701BP7;9.600;;;25-Aug-2025
153609;BAJAJ FINSERV SMALL CAP FUND - REGULAR - GROWTH;INF0QA701BK8;;9.583;;;25-Aug-2025
153610;BAJAJ FINSERV SMALL CAP FUND - REGULAR - IDCW;INF0QA701BL6;INF0QA701BM4;9.583;;;25-Aug-2025

Bandhan Mutual Fund
147946;BANDHAN SMALL CAP FUND - DIRECT PLAN GROWTH;INF194KB1AL4;;50.574;;;25-Aug-2025
147943;BANDHAN SMALL CAP FUND - DIRECT PLAN IDCW;INF194KB1AM2;;37.489;;;25-Aug-2025
147944;BANDHAN SMALL CAP FUND - REGULAR PLAN GROWTH;INF194KB1AJ8;;46.293;;;25-Aug-2025
147945;BANDHAN SMALL CAP FUND - REGULAR PLAN IDCW;INF194KB1AK6;;34.323;;;25-Aug-2025

Bank of India Mutual Fund
145678;BANK OF INDIA Small Cap Fund Direct Plan Growth;INF761K01EP7;;51.48;;;25-Aug-2025
145675;BANK OF INDIA Small Cap Fund Direct Plan IDCW;INF761K01EO0;INF761K01ES1;38.55;;;25-Aug-2025
145677;BANK OF INDIA Small Cap Fund Regular Plan Growth;INF761K01ER3;;46.08;;;25-Aug-2025
145676;BANK OF INDIA Small Cap Fund Regular Plan IDCW;INF761K01EQ5;INF761K01ET9;33.59;;;25-Aug-2025

Baroda BNP Paribas Mutual Fund
152128;Baroda BNP Paribas Small Cap Fund - Direct Plan - Growth option;INF251K01SR5;;13.2696;;;25-Aug-2025
152129;Baroda BNP Paribas Small Cap Fund - Direct Plan - IDCW option;INF251K01SS3;INF251K01ST1;12.9488;;;25-Aug-2025
152130;Baroda BNP Paribas Small Cap Fund - Regular Plan - Growth option;INF251K01SO2;;12.9188;;;25-Aug-2025
152131;Baroda BNP Paribas Small Cap Fund - Regular Plan - IDCW option;INF251K01SP9;INF251K01SQ7;12.5887;;;25-Aug-2025

Canara Robeco Mutual Fund
146130;CANARA ROBECO SMALL CAP FUND - DIRECT PLAN - GROWTH OPTION;INF760K01JC6;;42.7700;;;25-Aug-2025
146131;CANARA ROBECO SMALL CAP FUND - DIRECT PLAN - IDCW (Payout/Reinvestment);INF760K01JD4;INF760K01JE2;39.0200;;;25-Aug-2025
146127;CANARA ROBECO SMALL CAP FUND - REGULAR PLAN - GROWTH OPTION;INF760K01JF9;;38.6700;;;25-Aug-2025
146128;CANARA ROBECO SMALL CAP FUND - REGULAR PLAN - IDCW (Payout/Reinvestment);INF760K01JG7;INF760K01JH5;34.8600;;;25-Aug-2025

DSP Mutual Fund
119212;DSP Small Cap Fund - Direct Plan - Growth;INF740K01QD1;;217.353;;;25-Aug-2025
119213;DSP Small Cap Fund - Direct Plan - IDCW;INF740K01QE9;INF740K01QF6;64.7;;;25-Aug-2025
105989;DSP Small Cap Fund - Regular - Growth;INF740K01797;;197.636;;;25-Aug-2025
113153;DSP Small Cap Fund - Regular - IDCW;INF740K01805;INF740K01AM6;58.71;;;25-Aug-2025

Edelweiss Mutual Fund
146196;Edelweiss Small Cap Fund - Direct Plan - Growth;INF754K01JN6;;48.608;;;25-Aug-2025
146197;Edelweiss Small Cap Fund - Direct Plan - IDCW Option;INF754K01JO4;INF754K01JP1;42.524;;;25-Aug-2025
146193;Edelweiss Small Cap Fund - Regular Plan - Growth;INF754K01JJ4;;43.905;;;25-Aug-2025
146194;Edelweiss Small Cap Fund - Regular Plan - IDCW Option;INF754K01JK2;INF754K01JL0;38.152;;;25-Aug-2025

Franklin Templeton Mutual Fund
118525;Franklin India Small Cap Fund - Direct - Growth;INF090I01IQ4;;192.1365;;;25-Aug-2025
118524;Franklin India Small Cap Fund - Direct - IDCW;INF090I01IO9;INF090I01IP6;55.6332;;;25-Aug-2025
103361;Franklin India Small Cap Fund - IDCW;INF090I01544;INF090I01551;47.0773;;;25-Aug-2025
103360;Franklin India Small Cap Fund-Growth;INF090I01569;;169.6088;;;25-Aug-2025

HDFC Mutual Fund
130502;HDFC Small Cap Fund - Growth Option;INF179KA1RZ8;;142.211;;;25-Aug-2025
130503;HDFC Small Cap Fund - Growth Option - Direct Plan;INF179KA1RW5;;161.827;;;25-Aug-2025
130501;HDFC Small Cap Fund - IDCW Option;INF179KA1SA9;INF179KA1SB7;45.677;;;25-Aug-2025
130504;HDFC Small Cap Fund - IDCW Option - Direct Plan;INF179KA1RX3;INF179KA1RY1;69.9;;;25-Aug-2025

HSBC Mutual Fund
151130;HSBC Small Cap Fund - Direct Growth;INF917K01QA1;;89.9319;;;25-Aug-2025
151132;HSBC Small Cap Fund - Direct IDCW;INF917K01PZ0;INF917K01XP5;46.537;;;25-Aug-2025
151133;HSBC Small Cap Fund - Regular Growth;INF917K01QC7;;80.8515;;;25-Aug-2025
151131;HSBC Small Cap Fund - Regular IDCW;INF917K01QB9;INF917K01XQ3;40.2044;;;25-Aug-2025

ICICI Prudential Mutual Fund
120591;ICICI Prudential Smallcap Fund - Direct Plan - Growth;INF109K015M0;;99.18;;;25-Aug-2025
120870;ICICI Prudential Smallcap Fund - Direct Plan - IDCW;INF109K013M5;INF109K014M3;71.87;;;25-Aug-2025
106823;ICICI Prudential Smallcap Fund - Growth;INF109K01BI0;;88.25;;;25-Aug-2025
106822;ICICI Prudential Smallcap Fund - IDCW;INF109K01FA8;INF109K01BJ8;36.01;;;25-Aug-2025

Invesco Mutual Fund
145137;Invesco India Smallcap Fund - Direct Plan - Growth;INF205K013T3;;46.87;;;25-Aug-2025
145138;Invesco India Smallcap Fund - Direct Plan - IDCW (Payout / Reinvestment);INF205K012T5;INF205K015T8;38.18;;;25-Aug-2025
145139;Invesco India Smallcap Fund - Regular Plan - Growth;INF205K011T7;;42.25;;;25-Aug-2025
145140;Invesco India Smallcap Fund - Regular Plan - IDCW (Payout / Reinvestment);INF205K010T9;INF205K014T1;33.62;;;25-Aug-2025

ITI Mutual Fund
147919;ITI Small Cap Fund - Direct Plan - Growth Option;INF00XX01747;;31.7706;;;25-Aug-2025
147917;ITI Small Cap Fund - Direct Plan - IDCW Option;INF00XX01754;INF00XX01762;30.7396;;;25-Aug-2025
147920;ITI Small Cap Fund - Regular Plan - Growth Option;INF00XX01713;;28.5828;;;25-Aug-2025
147918;ITI Small Cap Fund - Regular Plan - IDCW Option;INF00XX01721;INF00XX01739;27.5752;;;25-Aug-2025

JM Financial Mutual Fund
152614;JM Small Cap Fund (Direct) - Growth Option;INF192K01NH3;;10.1611;;;25-Aug-2025
152615;JM Small Cap Fund (Direct) - IDCW Option;INF192K01NI1;INF192K01NJ9;10.1613;;;25-Aug-2025
152612;JM Small Cap Fund (Regular) - Growth Option;INF192K01NE0;;9.957;;;25-Aug-2025
152613;JM Small Cap Fund (Regular) - IDCW Option;INF192K01NF7;INF192K01NG5;9.9571;;;25-Aug-2025

Kotak Mahindra Mutual Fund
102875;Kotak-Small Cap Fund - Growth;INF174K01211;;262.007;;;25-Aug-2025
120164;Kotak-Small Cap Fund - Growth - Direct;INF174K01KT2;;307.779;;;25-Aug-2025
102874;Kotak-Small Cap Fund - Payout of Income Distribution cum capital withdrawal option;INF174K01237;INF174K01229;114.305;;;25-Aug-2025
120163;Kotak-Small Cap Fund - Payout of Income Distribution cum capital withdrawal option - Direct;INF174K01KU0;INF174K01KV8;135.186;;;25-Aug-2025

LIC Mutual Fund
152004;LIC MF Small Cap Fund-Direct Plan-Growth;INF397L01JS1;;33.8164;;;25-Aug-2025
152005;LIC MF Small Cap Fund-Direct Plan-IDCW;INF397L01JP7;INF397L01JQ5;33.811;;;25-Aug-2025
152003;LIC MF Small Cap Fund-Regular Plan-Growth;INF397L01JW3;;30.1676;;;25-Aug-2025
152006;LIC MF Small Cap Fund-Regular Plan-IDCW;INF397L01JT9;INF397L01JU7;30.1673;;;25-Aug-2025

Mahindra Manulife Mutual Fund
150915;Mahindra Manulife Small Cap Fund - Direct Plan - Growth;INF174V01BK7;;20.1913;;;25-Aug-2025
150913;Mahindra Manulife Small Cap Fund - Direct Plan - IDCW;INF174V01BL5;INF174V01BM3;20.1913;;;25-Aug-2025
150912;Mahindra Manulife Small Cap Fund - Regular Plan - Growth;INF174V01BH3;;19.3239;;;25-Aug-2025
150914;Mahindra Manulife Small Cap Fund - Regular Plan - IDCW;INF174V01BI1;INF174V01BJ9;19.3239;;;25-Aug-2025

Mirae Asset Mutual Fund
153196;Mirae Asset Small Cap Fund - Direct Plan - Growth;INF769K01NJ4;;11.575;;;25-Aug-2025
153197;Mirae Asset Small Cap Fund - Direct Plan - IDCW;INF769K01NL0;INF769K01NK2;11.575;;;25-Aug-2025
153198;Mirae Asset Small Cap Fund - Regular Plan - Growth;INF769K01NG0;;11.467;;;25-Aug-2025
153199;Mirae Asset Small Cap Fund - Regular Plan - IDCW;INF769K01NI6;INF769K01NH8;11.476;;;25-Aug-2025

Motilal Oswal Mutual Fund
152237;Motilal Oswal Small Cap Fund - Direct - Growth;INF247L01BY3;;14.1948;;;25-Aug-2025
152235;Motilal Oswal Small Cap Fund - Direct IDCW;INF247L01BZ0;INF247L01CA1;14.1948;;;25-Aug-2025
152232;Motilal Oswal Small Cap Fund - Regular - Growth;INF247L01BV9;;13.8626;;;25-Aug-2025
152234;Motilal Oswal Small Cap Fund - Regular - IDCW;INF247L01BW7;INF247L01BX5;13.8629;;;25-Aug-2025

Nippon India Mutual Fund
118775;NIPPON INDIA SMALL CAP FUND - Direct Plan - IDCW Option;INF204K01J91;INF204K01K07;103.9925;;;25-Aug-2025
118777;Nippon India Small Cap Fund - Direct Plan Growth Plan - Bonus Option;INF204K01J83;;189.3893;;;25-Aug-2025
118778;Nippon India Small Cap Fund - Direct Plan Growth Plan - Growth Option;INF204K01K15;;189.3893;;;25-Aug-2025
113178;Nippon India Small Cap Fund - Growth Plan - Bonus Option;INF204K01HZ0;;168.8843;;;25-Aug-2025
113177;Nippon India Small Cap Fund - Growth Plan - Growth Option;INF204K01HY3;;168.8843;;;25-Aug-2025
113179;NIPPON INDIA SMALL CAP FUND - IDCW Option;INF204K01IA1;INF204K01IB9;88.9987;;;25-Aug-2025

PGIM India Mutual Fund
149031;PGIM India Small Cap Fund - Direct Plan - IDCW Option;INF663L01W14;INF663L01W22;15.19;;;25-Aug-2025
149019;PGIM India Small Cap Fund - Direct Plan- Growth Option;INF663L01W06;;17.65;;;25-Aug-2025
149020;PGIM India Small Cap Fund - Regular Plan - Growth Option;INF663L01W30;;16.48;;;25-Aug-2025
149032;PGIM India Small Cap Fund - Regular Plan - IDCW Option;INF663L01W48;INF663L01W55;14.66;;;25-Aug-2025

quant Mutual Fund
100177;quant Small Cap Fund - Growth - Regular Plan;INF966L01AA0;;254.6703;;;25-Aug-2025
120828;quant Small Cap Fund - Growth Option - Direct Plan;INF966L01689;;276.9319;;;25-Aug-2025
120827;quant Small Cap Fund - IDCW Option - Direct Plan;INF966L01663;INF966L01671;216.4768;;;25-Aug-2025
100176;quant Small Cap Fund - IDCW Option - Regular Plan;INF206A01022;INF966L01044;202.5272;;;25-Aug-2025

Quantum Mutual Fund
152107;QUANTUM SMALL CAP FUND - DIRECT PLAN GROWTH OPTION;INF082J01432;;12.91;;;25-Aug-2025
152108;QUANTUM SMALL CAP FUND - REGULAR PLAN GROWTH OPTION;INF082J01440;;12.56;;;25-Aug-2025

SBI Mutual Fund
125497;SBI Small Cap Fund - Direct Plan - Growth;INF200K01T51;;198.7805;;;25-Aug-2025
125496;SBI Small Cap Fund - Direct Plan - Income Distribution cum Capital Withdrawal Option (IDCW);INF200K01T69;INF200K01T77;135.6761;;;25-Aug-2025
125494;SBI Small Cap Fund - Regular Plan - Growth;INF200K01T28;;173.5545;;;25-Aug-2025
125495;SBI Small Cap Fund - Regular Plan - Income Distribution cum Capital Withdrawal Option (IDCW);INF200K01T36;INF200K01T44;102.5332;;;25-Aug-2025

Sundaram Mutual Fund
119589;Sundaram Small Cap Fund Direct Plan - Growth;INF903J01NK9;;284.8979;;;25-Aug-2025
119588;Sundaram Small Cap Fund Direct Plan - Income Distribution cum Capital Withdrawal (IDCW);INF903J01NI3;INF903J01NJ1;37.4387;;;25-Aug-2025
100795;Sundaram Small Cap Fund Regular Plan - Growth;INF903J01470;;257.0692;;;25-Aug-2025
100794;Sundaram Small Cap Fund Regular Plan - Income Distribution cum Capital Withdrawal (IDCW);INF903J01454;INF903J01462;32.8636;;;25-Aug-2025

Tata Mutual Fund
145209;TATA Small Cap Fund Direct Plan - Reinvestment of Income Distribution cum capital withdrawal option ;;INF277K012O9;45.0421;;;25-Aug-2025
145210;TATA Small Cap Fund Regular Plan - Reinvestment of Income Distribution cum capital withdrawal option ;;INF277K016O0;40.0557;;;25-Aug-2025
145206;Tata Small Cap Fund-Direct Plan-Growth;INF277K011O1;;45.0421;;;25-Aug-2025
145208;Tata Small Cap Fund-Regular Plan-Growth;INF277K015O2;;40.0557;;;25-Aug-2025
145207;TATA SmallCap Fund - Direct Plan - Payout of Income Distribution cum capital withdrawal option ;INF277K013O7;;45.0421;;;25-Aug-2025
145205;TATA SmallCap Fund Regular Plan - Payout of Income Distribution cum capital withdrawal option ;INF277K017O8;;40.0557;;;25-Aug-2025

Trust Mutual Fund
152939;TRUSTMF SMALL CAP FUND -DIRECT PLAN-GROWTH;INF0GCD01800;;10.53;;;25-Aug-2025
152937;TRUSTMF SMALL CAP FUND -DIRECT PLAN-IDCW;INF0GCD01826;INF0GCD01818;10.53;;;25-Aug-2025
152938;TRUSTMF SMALL CAP FUND -REGULAR PLAN- IDCW;INF0GCD01792;INF0GCD01784;10.39;;;25-Aug-2025
152940;TRUSTMF SMALL CAP FUND -REGULAR PLAN-GROWTH;INF0GCD01776;;10.39;;;25-Aug-2025

Union Mutual Fund
129649;Union Small Cap Fund - Direct Plan - Growth Option;INF582M01BU9;;54.57;;;25-Aug-2025
129646;Union Small Cap Fund - Direct Plan - IDCW Option;INF582M01BW5;INF582M01BV7;40.84;;;25-Aug-2025
129647;Union Small Cap Fund - Regular Plan - Growth Option;INF582M01BY1;;49.36;;;25-Aug-2025
129648;Union Small Cap Fund - Regular Plan - IDCW Option;INF582M01CA9;INF582M01BZ8;42.87;;;25-Aug-2025

UTI Mutual Fund
148618;UTI Small Cap Fund - Direct Plan - Growth Option;INF789F1AUQ1;;28.0678;;;25-Aug-2025
148619;UTI Small Cap Fund - Direct Plan - IDCW (Payout);INF789F1AUR9;;28.0678;;;25-Aug-2025
148617;UTI Small Cap Fund - Regular Plan - Growth Option;INF789F1AUO6;;26.0699;;;25-Aug-2025
148616;UTI Small Cap Fund - Regular Plan - IDCW (Payout);INF789F1AUP3;;26.0697;;;25-Aug-2025

Open Ended Schemes ( Equity Scheme - Dividend Yield Fund )


Baroda BNP Paribas Mutual Fund
152810;Baroda BNP Paribas Dividend Yield Fund - Direct Plan - Growth Option;INF251K01TV5;;9.6270;;;25-Aug-2025
152809;Baroda BNP Paribas Dividend Yield Fund - Direct Plan - IDCW Option;INF251K01TW3;INF251K01TX1;9.6270;;;25-Aug-2025
152807;Baroda BNP Paribas Dividend Yield Fund - Regular Plan - Growth Option;INF251K01TS1;;9.4738;;;25-Aug-2025
152808;Baroda BNP Paribas Dividend Yield Fund - Regular Plan - IDCW Option;INF251K01TT9;INF251K01TU7;9.4738;;;25-Aug-2025

HDFC Mutual Fund
148609;HDFC Dividend Yield Fund - Growth Option Direct Plan;INF179KC1AO6;;26.475;;;25-Aug-2025
148610;HDFC Dividend Yield Fund - Growth Plan;INF179KC1AR9;;24.773;;;25-Aug-2025
148608;HDFC Dividend Yield Fund - IDCW Option Direct Plan;INF179KC1AP3;INF179KC1AQ1;22.95;;;25-Aug-2025
148611;HDFC Dividend Yield Fund - IDCW Plan;INF179KC1AS7;INF179KC1AT5;21.25;;;25-Aug-2025

ICICI Prudential Mutual Fund
129312;ICICI Prudential Dividend Yield Equity Fund Direct Plan Growth Option;INF109KA1UA0;;58.99;;;25-Aug-2025
129309;ICICI Prudential Dividend Yield Equity Fund Direct Plan IDCW Option;INF109KA1UB8;INF109KA1UC6;27.07;;;25-Aug-2025
129310;ICICI Prudential Dividend Yield Equity Fund Growth Option;INF109KA1TX4;;52.82;;;25-Aug-2025
129311;ICICI Prudential Dividend Yield Equity Fund IDCW Option;INF109KA1TY2;INF109KA1TZ9;21.03;;;25-Aug-2025

LIC Mutual Fund
152022;LIC MF Dividend Yield Fund-Direct Plan-Growth;INF397L01LC1;;33.0432;;;25-Aug-2025
152021;LIC MF Dividend Yield Fund-Direct Plan-IDCW;INF397L01KZ4;INF397L01LA5;33.0298;;;25-Aug-2025
152019;LIC MF Dividend Yield Fund-Regular Plan-Growth;INF397L01KY7;;30.4131;;;25-Aug-2025
152020;LIC MF Dividend Yield Fund-Regular Plan-IDCW;INF397L01KV3;INF397L01KW1;30.4126;;;25-Aug-2025

SBI Mutual Fund
151478;SBI Dividend Yield Fund - Direct Plan - Growth;INF200KA14W3;;15.3582;;;25-Aug-2025
151475;SBI Dividend Yield Fund - Direct Plan - Income Distribution cum Capital Withdrawal (IDCW) Option;INF200KA15W0;INF200KA16W8;15.3596;;;25-Aug-2025
151476;SBI Dividend Yield Fund - Regular Plan - Growth;INF200KA11W9;;14.9715;;;25-Aug-2025
151477;SBI Dividend Yield Fund - Regular Plan - Income Distribution cum Capital Withdrawal (IDCW) Option;INF200KA12W7;INF200KA13W5;14.9713;;;25-Aug-2025

Sundaram Mutual Fund
149700;Sundaram Dividend Yield Fund (Formerly Known as Principal Dividend Yield Fund) - Direct Plan - Growth Option;INF173K01EV3;;146.3007;;;25-Aug-2025
149699;Sundaram Dividend Yield Fund (Formerly Known as Principal Dividend Yield Fund)- Direct Plan - Income Distribution CUM Capital Withdrawal Option;INF173K01ES9;INF173K01ET7;65.2574;;;25-Aug-2025
149698;Sundaram Dividend Yield Fund (Formerly Known as Principal Dividend Yield Fund)- Income Distribution CUM Capital Withdrawal Plan;INF173K01AD9;INF173K01AE7;38.9363;;;25-Aug-2025
149697;Sundaram Dividend Yield Fund (Formerly Known as Principal Dividend Yield Fund)-Growth Plan;INF173K01AC1;;133.8960;;;25-Aug-2025

Tata Mutual Fund
148947;Tata Dividend Yield Fund-Direct Plan-Growth;INF277K015Z8;;19.2100;;;25-Aug-2025
148952;Tata Dividend Yield Fund-Direct Plan-IDCW Payout;INF277K017Z4;;19.2100;;;25-Aug-2025
148951;Tata Dividend Yield Fund-Direct Plan-IDCW Reinvestment;;INF277K016Z6;19.2100;;;25-Aug-2025
148948;Tata Dividend Yield Fund-Regular Plan-Growth;INF277K018Z2;;17.8179;;;25-Aug-2025
148950;Tata Dividend Yield Fund-Regular Plan-IDCW Payout;INF277KA1018;;17.8179;;;25-Aug-2025
148949;Tata Dividend Yield Fund-Regular Plan-IDCW Reinvestment;;INF277K019Z0;17.8179;;;25-Aug-2025

UTI Mutual Fund
120750;UTI Dividend Yield Fund - Direct Plan - IDCW;INF789F01SU8;INF789F01SV6;40.9084;;;25-Aug-2025
103025;UTI Dividend Yield Fund - Regular Plan - IDCW;INF789F01448;INF789F01455;34.1171;;;25-Aug-2025
103026;UTI-Dividend Yield Fund.-Growth;INF789F01463;;176.5848;;;25-Aug-2025
120749;UTI-Dividend Yield Fund.-Growth-Direct;INF789F01SW4;;190.703;;;25-Aug-2025

Open Ended Schemes ( Equity Scheme - Value Fund )


Aditya Birla Sun Life Mutual Fund
119658;Aditya Birla Sun Life Value Fund - Direct - IDCW;INF209K01WP9;INF209K01WR5;73.3944;;;25-Aug-2025
119659;Aditya Birla Sun Life Value Fund - Growth - Direct Plan;INF209K01WQ7;;137.5264;;;25-Aug-2025
108167;Aditya Birla Sun Life Value Fund - Growth Option;INF209K01LF3;;122.0518;;;25-Aug-2025
108166;Aditya Birla Sun Life Value Fund - Regular - IDCW;INF209K01LE6;INF209K01LG1;40.1801;;;25-Aug-2025

Axis Mutual Fund
149166;Axis Value Fund - Direct Plan - Growth;INF846K010C0;;19.50;;;25-Aug-2025
149168;Axis Value Fund - Direct Plan - IDCW;INF846K011C8;INF846K012C6;17.90;;;25-Aug-2025
149167;Axis Value Fund - Regular Plan - Growth;INF846K013C4;;18.46;;;25-Aug-2025
149165;Axis Value Fund - Regular Plan - IDCW;INF846K014C2;INF846K015C9;16.95;;;25-Aug-2025

Bandhan Mutual Fund
118481;Bandhan Value Fund - Direct Plan - Growth;INF194K01Z85;;166.395;;;25-Aug-2025
118480;Bandhan Value Fund - Direct Plan - IDCW;INF194K01Z93;INF194K010A2;51.297;;;25-Aug-2025
108909;Bandhan Value Fund - Regular Plan - Growth;INF194K01342;;146.579;;;25-Aug-2025
108908;Bandhan Value Fund - Regular Plan - IDCW;INF194K01359;INF194K01367;39.105;;;25-Aug-2025

Baroda BNP Paribas Mutual Fund
151755;Baroda BNP Paribas Value Fund - Direct Plan - Growth option;INF251K01SD5;;14.0959;;;25-Aug-2025
151756;Baroda BNP Paribas Value Fund - Direct Plan - IDCW option;INF251K01SE3;INF251K01SF0;12.8529;;;25-Aug-2025
151747;Baroda BNP Paribas Value Fund - Regular Plan - Growth option;INF251K01SA1;;13.6733;;;25-Aug-2025
151754;Baroda BNP Paribas Value Fund - Regular Plan - IDCW option;INF251K01SB9;INF251K01SC7;12.4668;;;25-Aug-2025

Canara Robeco Mutual Fund
149085;Canara Robeco Value Fund - Direct Plan - Growth Option;INF760K01JW4;;19.3400;;;25-Aug-2025
149086;Canara Robeco Value Fund - Direct Plan - IDCW (Payout/Reinvestment);INF760K01JY0;INF760K01JX2;18.1900;;;25-Aug-2025
149088;Canara Robeco Value Fund - Regular Plan - Growth Option;INF760K01JZ7;;18.1600;;;25-Aug-2025
149087;Canara Robeco Value Fund - Regular Plan - IDCW (Payout/Reinvestment);INF760K01KB6;INF760K01KA8;17.0800;;;25-Aug-2025

Franklin Templeton Mutual Fund
118494;Templeton India Value Fund - Direct - Growth;INF090I01GY2;;794.4057;;;25-Aug-2025
118493;Templeton India Value Fund - Direct - IDCW ;INF090I01GW6;INF090I01GX4;117.2964;;;25-Aug-2025
100496;Templeton India Value Fund - Growth Plan;INF090I01296;;711.3892;;;25-Aug-2025
100497;Templeton India Value Fund - IDCW ;INF090I01270;INF090I01288;101.8094;;;25-Aug-2025

Groww Mutual Fund
135341;Groww Value Fund (formerly known as Indiabulls Value Fund) - Direct Plan - Growth Option;INF666M01BE4;;32.2253;;;25-Aug-2025
135343;Groww Value Fund (formerly known as Indiabulls Value Fund) - Regular Plan - Growth Option;INF666M01BH7;;26.9941;;;25-Aug-2025
135342;Groww Value Fund (formerly known as Indiabulls Value Fund)- Direct Plan- - Income Distribution cum capital withdrawal Option (Payout & Reinvestment);INF666M01BF1;INF666M01BG9;32.1065;;;25-Aug-2025
140819;Groww Value Fund (formerly known as Indiabulls Value Fund)- Direct Plan- Half Yearly - Income Distribution cum capital withdrawal Option (Payout & Reinvestment);INF666M01DC4;INF666M01DD2;25.8026;;;25-Aug-2025
140815;Groww Value Fund (formerly known as Indiabulls Value Fund)- Direct Plan- Monthly - Income Distribution cum capital withdrawal Option (Payout & Reinvestment);INF666M01CY0;INF666M01CZ7;23.6342;;;25-Aug-2025
140817;Groww Value Fund (formerly known as Indiabulls Value Fund)- Direct Plan- Quarterly - Income Distribution cum capital withdrawal Option (Payout & Reinvestment);INF666M01DA8;INF666M01DB6;25.7823;;;25-Aug-2025
135344;Groww Value Fund (formerly known as Indiabulls Value Fund)- Regular Plan - Income Distribution cum capital withdrawal Option (Payout & Reinvestment);INF666M01BI5;INF666M01BJ3;26.9851;;;25-Aug-2025
140820;Groww Value Fund (formerly known as Indiabulls Value Fund)- Regular Plan- Half Yearly -Income Distribution cum capital withdrawal Option (Payout & Reinvestment);INF666M01DI1;INF666M01DJ9;22.1114;;;25-Aug-2025
140816;Groww Value Fund (formerly known as Indiabulls Value Fund)- Regular Plan- Monthly - Income Distribution cum capital withdrawal Option (Payout & Reinvestment.;INF666M01DE0;INF666M01DF7;20.9485;;;25-Aug-2025
140818;Groww Value Fund (formerly known as Indiabulls Value Fund)- Regular Plan- Quarterly - Income Distribution cum capital withdrawal Option (Payout & Reinvestment);INF666M01DG5;INF666M01DH3;20.4152;;;25-Aug-2025

HDFC Mutual Fund
118935;HDFC Value Fund - Growth Option - Direct Plan;INF179K01VC4;;828.512;;;25-Aug-2025
101764;HDFC Value Fund - Growth Plan;INF179K01426;;741.171;;;25-Aug-2025
118934;HDFC Value Fund - IDCW Option - Direct Plan;INF179K01VA8;INF179K01VB6;42.859;;;25-Aug-2025
101765;HDFC Value Fund - IDCW Plan;INF179K01400;INF179K01418;34.514;;;25-Aug-2025

HSBC Mutual Fund
151113;HSBC Value Fund - Direct Growth;INF917K01HD4;;123.9698;;;25-Aug-2025
151112;HSBC Value Fund - Direct IDCW;INF917K01HC6;INF917K01HB8;66.7416;;;25-Aug-2025
151110;HSBC Value Fund - Regular Growth;INF677K01023;;110.952;;;25-Aug-2025
151111;HSBC Value Fund - Regular IDCW;INF677K01213;INF677K01015;52.7593;;;25-Aug-2025

ITI Mutual Fund
148972;ITI Value Fund - Direct Plan - Growth Option;INF00XX01AQ6;;17.6895;;;25-Aug-2025
148970;ITI Value Fund - Direct Plan - IDCW Option;INF00XX01AR4;INF00XX01AS2;17.6895;;;25-Aug-2025
148973;ITI Value Fund - Regular Plan - Growth Option;INF00XX01AN3;;16.2515;;;25-Aug-2025
148971;ITI Value Fund - Regular Plan - IDCW Option;INF00XX01AO1;INF00XX01AP8;16.2515;;;25-Aug-2025

JM Financial Mutual Fund
120486;JM Value Fund (Direct) - Growth Option;INF192K01BT3;;108.7246;;;25-Aug-2025
120485;JM Value Fund (Direct) - IDCW;INF192K01BR7;INF192K01BS5;74.0784;;;25-Aug-2025
100254;JM Value Fund (Regular) - Growth Option;INF137A01037;;96.7003;;;25-Aug-2025
106168;JM Value Fund (Regular) - IDCW;INF137A01011;INF137A01029;67.5246;;;25-Aug-2025

LIC Mutual Fund
152018;LIC MF Value Fund-Direct Plan-Growth;INF397L01KU5;;25.4468;;;25-Aug-2025
152015;LIC MF Value Fund-Direct Plan-IDCW;INF397L01KR1;;25.4268;;;25-Aug-2025
152016;LIC MF Value Fund-Regular Plan-Growth;INF397L01KQ3;;23.6199;;;25-Aug-2025
152017;LIC MF Value Fund-Regular Plan-IDCW;INF397L01KN0;;23.62;;;25-Aug-2025

Mahindra Manulife Mutual Fund
153303;Mahindra Manulife Value Fund - Direct Plan - Growth;INF174V01CI9;;11.3683;;;25-Aug-2025
153305;Mahindra Manulife Value Fund - Direct Plan - IDCW;INF174V01CJ7;INF174V01CK5;11.3748;;;25-Aug-2025
153304;Mahindra Manulife Value Fund - Regular Plan - Growth;INF174V01CF5;;11.2700;;;25-Aug-2025
153302;Mahindra Manulife Value Fund - Regular Plan - IDCW;INF174V01CH1;INF174V01CG3;11.2699;;;25-Aug-2025

Nippon India Mutual Fund
118782;NIPPON INDIA VALUE FUND - DIRECT Plan - IDCW Option;INF204K01K23;INF204K01K31;69.5528;;;25-Aug-2025
118784;Nippon India Value Fund - Direct Plan Growth Plan;INF204K01K49;;245.0104;;;25-Aug-2025
103086;NIPPON INDIA VALUE FUND - IDCW Option;INF204K01GC1;INF204K01GD9;44.6771;;;25-Aug-2025
103085;Nippon India Value Fund- Growth Plan;INF204K01GB3;;223.6203;;;25-Aug-2025

quant Mutual Fund
149335;Quant Value Fund - Growth Option  - Direct Plan;INF966L01AN3;;20.3468;;;25-Aug-2025
149337;Quant Value Fund - Growth Option - Regular Plan;INF966L01AQ6;;19.1222;;;25-Aug-2025
149338;Quant Value Fund - IDCW Option - Direct Plan;INF966L01AO1;INF966L01AP8;19.3324;;;25-Aug-2025
149336;Quant Value Fund - IDCW Option- Regular Plan;INF966L01AR4;INF966L01AS2;19.227;;;25-Aug-2025

Quantum Mutual Fund
103490;Quantum Value Fund - Direct Plan Growth Option;INF082J01036;;131.53;;;25-Aug-2025
103491;Quantum Value Fund - Direct Plan IDCW;INF082J01044;INF082J01051;131.80;;;25-Aug-2025
141068;Quantum Value Fund - Regular Plan Growth Option;INF082J01242;;125.85;;;25-Aug-2025
141069;Quantum Value Fund - Regular Plan IDCW;INF082J01259;INF082J01267;125.71;;;25-Aug-2025

Tata Mutual Fund
112218;Tata Value Fund - Regular Plan - Payout of IDCW-Option A(5%);INF277K01DI1;INF277K01436;127.3965;;;25-Aug-2025
101672;Tata Value Fund - Regular Plan -Growth Option;INF277K01451;;342.4824;;;25-Aug-2025
119231;Tata Value Fund -Direct Plan Growth Option;INF277K01ND1;;386.0718;;;25-Aug-2025
102428;Tata Value Fund Regular Plan - Payout of IDCW-Option B(10%);INF277K01DJ9;INF277K01444;114.6377;;;25-Aug-2025
119233;Tata Value Fund- Direct Plan - Payout of IDCW -Option B(10%);INF277K01NB5;INF277K01NC3;131.2032;;;25-Aug-2025
119232;Tata Value Fund- Direct Plan -Payout of IDCW-Option A(5%);INF277K01MZ6;INF277K01NA7;141.8598;;;25-Aug-2025

Union Mutual Fund
145473;Union Value Fund - Direct Plan - Growth Option;INF582M01EK4;;29.91;;;25-Aug-2025
145474;Union Value Fund - Direct Plan - IDCW Option;INF582M01EM0;INF582M01EL2;29.91;;;25-Aug-2025
145471;Union Value Fund - Regular Plan - Growth Option;INF582M01EO6;;28.14;;;25-Aug-2025
145472;Union Value Fund - Regular Plan - IDCW Option;INF582M01EQ1;INF582M01EP3;28.14;;;25-Aug-2025

UTI Mutual Fund
120751;UTI Value Fund - Direct Plan - Growth Option;INF789F01VB2;;185.1491;;;25-Aug-2025
120752;UTI Value Fund - Direct Plan - IDCW;INF789F01UZ3;INF789F01VA4;60.3838;;;25-Aug-2025
103098;UTI Value Fund - Regular Plan - Growth Option;INF789F01AG5;;169.0295;;;25-Aug-2025
103097;UTI Value Fund - Regular Plan - IDCW;INF789F01AE0;INF789F01AF7;49.2597;;;25-Aug-2025

Open Ended Schemes ( Equity Scheme - Contra Fund )


Invesco Mutual Fund
120348;Invesco India Contra Fund - Direct Plan - Growth;INF205K01LE4;;159.48;;;25-Aug-2025
120349;Invesco India Contra Fund - Direct Plan - IDCW (Payout / Reinvestment);INF205K01LC8;INF205K01LD6;74.33;;;25-Aug-2025
105460;Invesco India Contra Fund - Growth;INF205K01189;;135.92;;;25-Aug-2025
105459;Invesco India Contra Fund - IDCW (Payout / Reinvestment);INF205K01205;INF205K01197;55.48;;;25-Aug-2025

Kotak Mahindra Mutual Fund
119769;Kotak Contra Fund - Direct Plan - Growth;INF174K01KZ9;;178.296;;;25-Aug-2025
119768;Kotak Contra Fund - Direct Plan - IDCW -Payout & Re-investment of Income Distribution cum capital withdrawal option- Direct;INF174K01LA0;INF174K01LB8;63.446;;;25-Aug-2025
103040;Kotak Contra Fund - Regular Plan - Growth;INF174K01245;;150.984;;;25-Aug-2025
103039;Kotak Contra Fund - Regular Plan - IDCW - Payout & Re-investment of Income Distribution cum capital withdrawal option;INF174K01260;INF174K01252;52.044;;;25-Aug-2025

Open Ended Schemes ( Equity Scheme - Focused Fund )


360 ONE Mutual Fund
131581;360 ONE Focused Fund - Direct Plan - Dividend;INF579M01910;INF579M01928;52.2341;;;25-Aug-2025
131579;360 ONE Focused Fund - Regular Plan - Dividend;INF579M01886;INF579M01894;41.1433;;;25-Aug-2025
131578;360 ONE Focused Fund -Regular Plan - Growth;INF579M01878;;46.5002;;;25-Aug-2025
131580;360 ONE Focused Fund-Direct Plan-Growth;INF579M01902;;52.7723;;;25-Aug-2025

Aditya Birla Sun Life Mutual Fund
119564;Aditya Birla Sun Life Focused Fund - Growth - Direct Plan;INF209K01WE3;;158.9154;;;25-Aug-2025
119563;Aditya Birla Sun Life Focused Fund -Direct - IDCW;INF209K01Q71;INF209K01WF0;56.7344;;;25-Aug-2025
103309;Aditya Birla Sun Life Focused Fund -Growth Option;INF209K01462;;140.9383;;;25-Aug-2025
103308;Aditya Birla Sun Life Focused Fund -Regular - IDCW;INF209K01454;INF209K01CS5;24.0631;;;25-Aug-2025

Axis Mutual Fund
120468;Axis Focused Fund - Direct Plan - Growth Option;INF846K01CQ8;;64.34;;;25-Aug-2025
120467;Axis Focused Fund - Direct Plan - IDCW;INF846K01CO3;INF846K01CP0;35.75;;;25-Aug-2025
117560;Axis Focused Fund - Regular Plan - Growth Option;INF846K01CH7;;55.70;;;25-Aug-2025
117559;Axis Focused Fund - Regular Plan - IDCW;INF846K01CI5;INF846K01CJ3;20.05;;;25-Aug-2025

Bandhan Mutual Fund
118421;Bandhan Focused Fund - Direct Plan - Growth;INF194K01W21;;103.110;;;25-Aug-2025
118422;Bandhan Focused Fund - Direct Plan - IDCW;INF194K01W39;INF194K01W47;35.222;;;25-Aug-2025
108592;Bandhan Focused Fund - Regular Plan - Growth;INF194K01466;;87.451;;;25-Aug-2025
108593;Bandhan Focused Fund - Regular Plan - IDCW;INF194K01474;INF194K01482;19.965;;;25-Aug-2025

Baroda BNP Paribas Mutual Fund
150264;BARODA BNP PARIBAS Focused Fund - Direct Plan - Growth Option;INF251K01PN0;;24.6193;;;25-Aug-2025
150265;BARODA BNP PARIBAS Focused Fund - Direct Plan - IDCW Option;INF251K01PO8;INF251K01PP5;17.7020;;;25-Aug-2025
150262;BARODA BNP PARIBAS Focused Fund - Regular Plan - IDCW Option;INF251K01PL4;INF251K01PM2;15.6346;;;25-Aug-2025
150263;BARODA BNP PARIBAS Focused Fund - Regular Plan-Growth Option;INF251K01PK6;;21.7004;;;25-Aug-2025

Canara Robeco Mutual Fund
148883;Canara Robeco Focused Fund - Direct Plan - Growth Option;INF760K01JQ6;;21.7400;;;25-Aug-2025
148882;Canara Robeco Focused Fund - Direct Plan - IDCW (Payout/Reinvestment);INF760K01JS2;INF760K01JR4;19.4400;;;25-Aug-2025
148884;Canara Robeco Focused Fund - Regular Plan - Growth Option;INF760K01JT0;;20.3300;;;25-Aug-2025
148885;Canara Robeco Focused Fund - Regular Plan - IDCW (Payout/Reinvestment);INF760K01JV6;INF760K01JU8;18.1100;;;25-Aug-2025

DSP Mutual Fund
119096;DSP Focused Fund - Direct Plan - Growth;INF740K01OB0;;60.22;;;25-Aug-2025
119095;DSP Focused Fund - Direct Plan - IDCW;INF740K01OC8;INF740K01OD6;42.328;;;25-Aug-2025
112901;DSP Focused Fund - Regular Plan - Growth;INF740K01532;;53.87;;;25-Aug-2025
113032;DSP Focused Fund - Regular Plan - IDCW;INF740K01540;INF740K01AC7;21.634;;;25-Aug-2025

Edelweiss Mutual Fund
150376;Edelweiss Focused Fund - Direct Plan - Growth;INF754K01OP1;;17.322;;;25-Aug-2025
150383;Edelweiss Focused Fund - Direct Plan - IDCW;INF754K01OQ9;INF754K01OR7;17.321;;;25-Aug-2025
150382;Edelweiss Focused Fund - Regular Plan - Growth;INF754K01OL0;;16.469;;;25-Aug-2025
150384;Edelweiss Focused Fund - Regular Plan - IDCW;INF754K01OM8;INF754K01ON6;16.468;;;25-Aug-2025

Franklin Templeton Mutual Fund
118564;Franklin India Focused Equity Fund - Direct - Growth;INF090I01IW2;;123.2856;;;25-Aug-2025
118563;Franklin India Focused Equity Fund - Direct - IDCW ;INF090I01IU6;INF090I01IV4;42.9813;;;25-Aug-2025
105817;Franklin India Focused Equity Fund - Growth Plan;INF090I01981;;109.3601;;;25-Aug-2025
105816;Franklin India Focused Equity Fund - IDCW ;INF090I01965;INF090I01973;36.3235;;;25-Aug-2025

HDFC Mutual Fund
118950;HDFC Focused Fund - Growth Option - Direct Plan;INF179K01VK7;;263.916;;;25-Aug-2025
102760;HDFC Focused Fund - GROWTH PLAN;INF179K01574;;232.515;;;25-Aug-2025
118949;HDFC Focused Fund - IDCW Option - Direct Plan;INF179K01VI1;INF179K01VJ9;33.552;;;25-Aug-2025
102761;HDFC Focused Fund - IDCW PLAN;INF179K01558;INF179K01566;25.816;;;25-Aug-2025

HSBC Mutual Fund
148411;HSBC Focused Fund - Direct Growth;INF336L01PB2;;27.2038;;;25-Aug-2025
148412;HSBC Focused Fund - Direct IDCW;INF336L01PC0;INF336L01PD8;22.0985;;;25-Aug-2025
148409;HSBC Focused Fund - Regular Growth;INF336L01PE6;;25.3286;;;25-Aug-2025
148410;HSBC Focused Fund - Regular IDCW;INF336L01PF3;INF336L01PG1;17.9082;;;25-Aug-2025

ICICI Prudential Mutual Fund
120722;ICICI Prudential Focused Equity Fund - Direct Plan - Growth;INF109K018N2;;107.05;;;25-Aug-2025
120723;ICICI Prudential Focused Equity Fund - Direct Plan - IDCW;INF109K016N6;INF109K017N4;62.32;;;25-Aug-2025
111957;ICICI Prudential Focused Equity Fund - Growth;INF109K01BZ4;;93.30;;;25-Aug-2025
111958;ICICI Prudential Focused Equity Fund - IDCW;INF109K01FM3;INF109K01CA5;27.49;;;25-Aug-2025

Invesco Mutual Fund
148481;Invesco India Focused Fund - Direct Plan - Growth;INF205KA1213;;30.73;;;25-Aug-2025
148482;Invesco India Focused Fund - Direct Plan - IDCW (Payout / Reinvestment);INF205KA1205;INF205KA1221;25.01;;;25-Aug-2025
148483;Invesco India Focused Fund - Growth;INF205KA1189;;28.53;;;25-Aug-2025
148484;Invesco India Focused Fund - IDCW (Payout / Reinvestment);INF205KA1171;INF205KA1197;22.97;;;25-Aug-2025

ITI Mutual Fund
151777;ITI Focused Fund - Direct Plan - Growth;INF00XX01CS8;;15.7407;;;25-Aug-2025
151776;ITI Focused Fund - Direct Plan - IDCW;INF00XX01CT6;INF00XX01CU4;15.7407;;;25-Aug-2025
151778;ITI Focused Fund - Regular Plan - Growth;INF00XX01CV2;;15.1168;;;25-Aug-2025
151775;ITI Focused Fund - Regular Plan - IDCW;INF00XX01CW0;INF00XX01CR0;15.1168;;;25-Aug-2025

JM Financial Mutual Fund
120488;JM Focused Fund (Direct)  - Growth Option;INF192K01BW7;;23.0854;;;25-Aug-2025
120487;JM Focused Fund (Direct) -  IDCW;INF192K01BU1;INF192K01BV9;22.6244;;;25-Aug-2025
107410;JM Focused Fund (Regular) - Growth Option;INF192K01577;;19.7481;;;25-Aug-2025
107409;JM Focused Fund (Regular) - IDCW;INF192K01551;INF192K01569;19.7474;;;25-Aug-2025

Kotak Mahindra Mutual Fund
147473;Kotak Focused Fund- Direct Plan- Growth option;INF174KA1EN7;;28.153;;;25-Aug-2025
147477;Kotak Focused Fund- Regular plan _ Growth Option;INF174KA1EK3;;25.58;;;25-Aug-2025
147472;Kotak Focused Fund- Regular Plan-Income Distribution cum capital withdrawal option;INF174KA1EM9;INF174KA1EL1;25.58;;;25-Aug-2025
147475;Kotak Focused Fund-Direct Plan- Income Distribution cum capital withdrawal option;INF174KA1EP2;INF174KA1EO5;28.154;;;25-Aug-2025

LIC Mutual Fund
152010;LIC MF Focused Fund-Direct Plan-Growth;INF397L01KA7;;23.7767;;;25-Aug-2025
152008;LIC MF Focused Fund-Direct Plan-IDCW;INF397L01JX1;INF397L01JY9;23.7557;;;25-Aug-2025
152009;LIC MF Focused Fund-Regular Plan-Growth;INF397L01KE9;;21.6239;;;25-Aug-2025
152007;LIC MF Focused Fund-Regular Plan-IDCW;INF397L01KB5;INF397L01KC3;21.6237;;;25-Aug-2025

Mahindra Manulife Mutual Fund
148569;Mahindra Manulife Focused Fund - Direct Plan - IDCW;INF174V01AI3;INF174V01AH5;21.0761;;;25-Aug-2025
148567;Mahindra Manulife Focused Fund - Direct Plan -Growth;INF174V01AG7;;28.7645;;;25-Aug-2025
148571;Mahindra Manulife Focused Fund - Regular Plan - Growth;INF174V01AD4;;26.2939;;;25-Aug-2025
148566;Mahindra Manulife Focused Fund - Regular Plan - IDCW;INF174V01AF9;INF174V01AE2;18.9708;;;25-Aug-2025

Mirae Asset Mutual Fund
147205;Mirae Asset Focused Fund Direct IDCW;INF769K01ET2;INF769K01EW6;26.113;;;25-Aug-2025
147206;Mirae Asset Focused Fund Direct Plan Growth;INF769K01EU0;;28.389;;;25-Aug-2025
147204;Mirae Asset Focused Fund Regular IDCW;INF769K01ER6;INF769K01EV8;23.960;;;25-Aug-2025
147203;Mirae Asset Focused Fund Regular Plan Growth;INF769K01ES4;;26.063;;;25-Aug-2025

Motilal Oswal Mutual Fund
122389;Motilal Oswal Focused 25 Fund (MOF25)- Direct Plan Growth Option;INF247L01189;;50.2148;;;25-Aug-2025
122387;Motilal Oswal Focused 25 Fund (MOF25)- Regular Plan Growth Option;INF247L01155;;42.9083;;;25-Aug-2025
122390;Motilal Oswal Focused 25 Fund Direct - IDCW Payout/Reinvestment;INF247L01205;INF247L01197;22.1770;;;25-Aug-2025
122388;Motilal Oswal Focused 25 Fund Regular - IDCW Payout/Reinvestment;INF247L01171;INF247L01163;19.0322;;;25-Aug-2025

Nippon India Mutual Fund
118693;NIPPON INDIA FOCUSED  FUND - DIRECT Plan - IDCW Option;INF204K01F79;INF204K01F87;48.0120;;;25-Aug-2025
104638;NIPPON INDIA FOCUSED  FUND - IDCW OPTION;INF204K01GF4;INF204K01GG2;34.9674;;;25-Aug-2025
118692;Nippon India Focused Fund - Direct Plan Growth Plan - Growth Option;INF204K01F95;;133.6085;;;25-Aug-2025
104637;Nippon India Focused Fund -Growth Plan -Growth Option;INF204K01GE7;;121.3451;;;25-Aug-2025

Old Bridge Mutual Fund
152358;Old Bridge Focused Fund - Direct Growth;INF0S5R01042;;11.83;;;25-Aug-2025
152359;Old Bridge Focused Fund - Direct IDCW;INF0S5R01059;INF0S5R01067;11.83;;;25-Aug-2025
152361;Old Bridge Focused Fund - Regular Growth;INF0S5R01034;;11.64;;;25-Aug-2025
152363;Old Bridge Focused Fund - Regular IDCW;INF0S5R01018;INF0S5R01026;11.64;;;25-Aug-2025

quant Mutual Fund
109275;quant Focused Fund - Growth Option - Regular Plan;INF966L01374;;84.7415;;;25-Aug-2025
120834;quant Focused Fund - Growth Option-Direct Plan;INF966L01853;;94.1492;;;25-Aug-2025
120835;quant Focused Fund - IDCW Option - Direct Plan;INF966L01838;INF966L01846;55.0378;;;25-Aug-2025
109274;quant Focused Fund - IDCW Option - Regular Plan;INF966L01358;INF966L01366;63.0089;;;25-Aug-2025

Sundaram Mutual Fund
149533;Sundaram Focused Fund (Formerly Known as Principal Focused Multicap Fund)- Direct Plan - Growth Option;INF173K01EK6;;178.8286;;;25-Aug-2025
149534;Sundaram Focused Fund (Formerly Known as Principal Focused Multicap Fund)- Direct Plan - Income Distribution CUM Capital Withdrawal Option (IDCW);INF173K01EM2;INF173K01EL4;45.4733;;;25-Aug-2025
149531;Sundaram Focused Fund (Formerly Known as Principal Focused Multicap Fund)- Income Distribution CUM Capital Withdrawal Option (IDCW);INF173K01197;INF173K01205;41.7773;;;25-Aug-2025
149532;Sundaram Focused Fund (Formerly Known as Principal Focused Multicap Fund)-Growth Option;INF173K01189;;161.3244;;;25-Aug-2025

Tata Mutual Fund
147759;TATA Focused Fund Direct Plan - Payout of Income Distribution cum capital withdrawal option;INF277K019X5;;25.8394;;;25-Aug-2025
147758;TATA Focused Fund Direct Plan - Reinvestment of Income Distribution cum capital withdrawal option;;INF277K018X7;25.8394;;;25-Aug-2025
147761;TATA Focused Fund Regular Plan - Payout of Income Distribution cum capital withdrawal option;INF277K012Y8;;23.4842;;;25-Aug-2025
147756;TATA Focused Fund Regular Plan - Reinvestment of Income Distribution cum capital withdrawal option;;INF277K011Y0;23.4842;;;25-Aug-2025
147757;Tata Focused Fund-Direct Plan-Growth;INF277K017X9;;25.8394;;;25-Aug-2025
147760;Tata Focused Fund-Regular Plan-Growth;INF277K010Y2;;23.4842;;;25-Aug-2025

Union Mutual Fund
147492;Union Focused Fund - Direct Plan - Growth Option;INF582M01FS4;;27.27;;;25-Aug-2025
147491;Union Focused Fund - Direct Plan - IDCW Option;INF582M01FU0;INF582M01FT2;27.27;;;25-Aug-2025
147490;Union Focused Fund - Regular Plan - Growth Option;INF582M01FW6;;25.74;;;25-Aug-2025
147493;Union Focused Fund - Regular Plan - IDCW Option;INF582M01FY2;INF582M01FX4;25.74;;;25-Aug-2025

UTI Mutual Fund
149091;UTI Focused Fund - Direct Plan - Growth Option;INF789F1AVA3;;16.5257;;;25-Aug-2025
149093;UTI Focused Fund - Direct Plan - IDCW Payout Option;INF789F1AVB1;;16.5253;;;25-Aug-2025
149090;UTI Focused Fund - Regular Plan - Growth Option;INF789F1AUY5;;15.5441;;;25-Aug-2025
149092;UTI Focused Fund - Regular Plan - IDCW Payout Option;INF789F1AUZ2;;15.5441;;;25-Aug-2025

Open Ended Schemes ( Equity Scheme - Sectoral/ Thematic )


360 ONE Mutual Fund
149318;360 ONE QUANT FUND DIRECT GROWTH;INF579M01AI2;;20.1883;;;25-Aug-2025
149319;360 ONE QUANT FUND DIRECT INCOME DISTRIBUTION CUM CAPITAL WITHDRAWAL;INF579M01AJ0;INF579M01AK8;20.1883;;;25-Aug-2025
149317;360 ONE QUANT FUND REGULAR GROWTH;INF579M01AF8;;19.2735;;;25-Aug-2025
149316;360 ONE QUANT FUND REGULAR INCOME DISTRIBUTION CUM CAPITAL WITHDRAWAL;INF579M01AG6;INF579M01AH4;19.2735;;;25-Aug-2025

Aditya Birla Sun Life Mutual Fund
125598;Aditya Birla Sun Life Banking and Financial Services Fund - DIRECT - IDCW;INF209K013W3;INF209K015W8;31.69;;;25-Aug-2025
125597;Aditya Birla Sun Life Banking and Financial Services Fund - Direct Plan - Growth;INF209K014W1;;67.46;;;25-Aug-2025
125596;Aditya Birla Sun Life Banking and Financial Services Fund - REGULAR - IDCW;INF209K010W9;INF209K012W5;23.42;;;25-Aug-2025
125595;Aditya Birla Sun Life Banking and Financial Services Fund - Regular Plan - Growth;INF209K011W7;;60.09;;;25-Aug-2025
153124;Aditya Birla Sun Life Conglomerate Fund-Direct Growth;INF209KC1373;;10.71;;;25-Aug-2025
153125;Aditya Birla Sun Life Conglomerate Fund-Direct IDCW Payout;INF209KC1381;;10.71;;;25-Aug-2025
153127;Aditya Birla Sun Life Conglomerate Fund-Regular Growth;INF209KC1399;;10.6;;;25-Aug-2025
153126;Aditya Birla Sun Life Conglomerate Fund-Regular IDCW Payout;INF209KC1407;;10.61;;;25-Aug-2025
119591;Aditya Birla Sun Life Consumption Fund - Growth - Direct Plan;INF209K01WC7;;252.21;;;25-Aug-2025
119590;Aditya Birla Sun Life Consumption Fund -DIRECT - IDCW;INF209K01Q63;;52.15;;;25-Aug-2025
103110;Aditya Birla Sun Life Consumption Fund -Regular - IDCW;INF209K01439;INF209K01CR7;41.08;;;25-Aug-2025
103111;Aditya Birla Sun Life Consumption Fund-Growth Option;INF209K01447;;220.31;;;25-Aug-2025
148640;Aditya Birla Sun Life ESG Integration Strategy Fund-Direct - Payout of IDCW;INF209KB1U84;INF209KB1U92;16.57;;;25-Aug-2025
148637;Aditya Birla Sun Life ESG Integration Strategy Fund-Direct Plan-Growth;INF209KB1U76;;19.;;;25-Aug-2025
148636;Aditya Birla Sun Life ESG Integration Strategy Fund-Regular - Payout of IDCW;INF209KB1U50;INF209KB1U68;15.48;;;25-Aug-2025
148635;Aditya Birla Sun Life ESG Integration Strategy Fund-Regular Plan-Growth;INF209KB1U43;;17.76;;;25-Aug-2025
119515;Aditya Birla Sun Life Infrastructure Fund -  Direct - IDCW;INF209K01WG8;;46.73;;;25-Aug-2025
103475;Aditya Birla Sun Life Infrastructure Fund -  Regular - IDCW;INF209K01470;INF209K01CT3;27.74;;;25-Aug-2025
119514;Aditya Birla Sun Life Infrastructure Fund - Growth - Direct Plan;INF209K01WH6;;104.86;;;25-Aug-2025
103476;Aditya Birla Sun Life Infrastructure Fund-Growth;INF209K01504;;95.;;;25-Aug-2025
133514;Aditya Birla Sun Life Manufacturing Equity Fund - Direct - IDCW;INF209KA1YL8;INF209KA1YM6;22.16;;;25-Aug-2025
133516;Aditya Birla Sun Life Manufacturing Equity Fund - Direct Plan - Growth;INF209KA1YK0;;35.15;;;25-Aug-2025
133515;Aditya Birla Sun Life Manufacturing Equity Fund - Regular - IDCW;INF209KA1YI4;INF209KA1YJ2;20.25;;;25-Aug-2025
133513;Aditya Birla Sun Life Manufacturing Equity Fund - Regular Plan - Growth;INF209KA1YH6;;31.93;;;25-Aug-2025
147410;Aditya Birla Sun Life Pharma and Healthcare Fund-Direct - Payout of IDCW;INF209KB1O33;INF209KB1O41;24.11;;;25-Aug-2025
147409;Aditya Birla Sun Life Pharma and Healthcare Fund-Direct-Growth;INF209KB1O25;;34.87;;;25-Aug-2025
147408;Aditya Birla Sun Life Pharma and Healthcare Fund-Regular - Payout of IDCW;INF209KB1O09;INF209KB1O17;22.28;;;25-Aug-2025
147407;Aditya Birla Sun Life Pharma and Healthcare Fund-Regular-Growth;INF209KB1N91;;31.72;;;25-Aug-2025
147845;Aditya Birla Sun Life PSU Equity Fund-Direct - Payout of IDCW;INF209KB1O90;;28.16;;;25-Aug-2025
147844;Aditya Birla Sun Life PSU Equity Fund-Direct Plan-Growth;INF209KB1O82;;34.82;;;25-Aug-2025
147847;Aditya Birla Sun Life PSU Equity Fund-Regular - Payout of IDCW;INF209KB1O74;;24.31;;;25-Aug-2025
147846;Aditya Birla Sun Life PSU Equity Fund-Regular Plan-Growth;INF209KB1O66;;31.83;;;25-Aug-2025
152684;Aditya Birla Sun Life Quant Fund - Direct Growth;INF209KC1118;;9.67;;;25-Aug-2025
152685;Aditya Birla Sun Life Quant Fund - Direct IDCW Payout;INF209KC1126;;9.66;;;25-Aug-2025
152686;Aditya Birla Sun Life Quant Fund - Regular Growth;INF209KC1092;;9.51;;;25-Aug-2025
152687;Aditya Birla Sun Life Quant Fund - Regular IDCW Payout;INF209KC1100;;9.49;;;25-Aug-2025
148540;Aditya Birla Sun Life Special Opportunities Fund-Direct - IDCW;INF209KB1T87;INF209KB1T95;22.08;;;25-Aug-2025
148539;Aditya Birla Sun Life Special Opportunities Fund-Direct-Growth;INF209KB1T79;;26.68;;;25-Aug-2025
148538;Aditya Birla Sun Life Special Opportunities Fund-Regular - IDCW;INF209KB1T53;INF209KB1T61;20.6;;;25-Aug-2025
148537;Aditya Birla Sun Life Special Opportunities Fund-Regular Plan-Growth;INF209KB1T46;;24.9;;;25-Aug-2025
152158;Aditya Birla Sun Life Transportation and Logistics Fund-Direct Growth;INF209KB15X7;;14.93;;;25-Aug-2025
152159;Aditya Birla Sun Life Transportation and Logistics Fund-Direct IDCW;INF209KB16X5;;14.93;;;25-Aug-2025
152161;Aditya Birla Sun Life Transportation and Logistics Fund-Regular Growth;INF209KB17X3;;14.55;;;25-Aug-2025
152160;Aditya Birla Sun Life Transportation and Logistics Fund-Regular IDCW;INF209KB18X1;;14.55;;;25-Aug-2025

Axis Mutual Fund
151368;Axis Business Cycles Fund - Direct Plan - Growth;INF846K016N4;;17.15;;;25-Aug-2025
151369;Axis Business Cycles Fund - Direct Plan - IDCW;INF846K017N2;INF846K018N0;17.14;;;25-Aug-2025
151366;Axis Business Cycles Fund - Regular Plan - Growth;INF846K019N8;;16.57;;;25-Aug-2025
151367;Axis Business Cycles Fund - Regular Plan - IDCW;INF846K010O5;INF846K011O3;16.57;;;25-Aug-2025
152805;Axis Consumption Fund Direct Plan - Growth;INF846K013X0;;9.92;;;25-Aug-2025
152803;Axis Consumption Fund Direct Plan - IDCW;INF846K014X8;INF846K015X5;9.92;;;25-Aug-2025
152804;Axis Consumption Fund Regular Plan - Growth;INF846K010X6;;9.79;;;25-Aug-2025
152806;Axis Consumption Fund Regular Plan - IDCW;INF846K011X4;INF846K012X2;9.79;;;25-Aug-2025
147928;Axis ESG Integration Strategy Fund - Direct Plan - Growth Option;INF846K01W23;;23.00;;;25-Aug-2025
147931;Axis ESG Integration Strategy Fund - Direct Plan - IDCW;INF846K01W31;INF846K01W49;16.39;;;25-Aug-2025
147929;Axis ESG Integration Strategy Fund - Regular Plan - Growth Option;INF846K01W56;;21.42;;;25-Aug-2025
147930;Axis ESG Integration Strategy Fund - Regular Plan - IDCW;INF846K01W64;INF846K01W72;15.24;;;25-Aug-2025
152202;Axis India Manufacturing Fund - Direct Plan - Growth;INF846K016S3;;14.18;;;25-Aug-2025
152204;Axis India Manufacturing Fund - Direct Plan - IDCW;INF846K017S1;INF846K018S9;14.18;;;25-Aug-2025
152205;Axis India Manufacturing Fund - Regular Plan - Growth;INF846K013S0;;13.85;;;25-Aug-2025
152203;Axis India Manufacturing Fund - Regular Plan - IDCW;INF846K014S8;INF846K015S5;13.85;;;25-Aug-2025
153083;Axis Momentum Fund - Direct Plan - Growth Option;INF846K011Z9;;9.22;;;25-Aug-2025
153084;Axis Momentum Fund - Direct Plan - IDCW Option;INF846K013Z5;INF846K015Z0;9.22;;;25-Aug-2025
153085;Axis Momentum Fund - Regular Plan - Growth Option;INF846K010Z1;;9.11;;;25-Aug-2025
153082;Axis Momentum Fund - Regular Plan - IDCW Option;INF846K012Z7;INF846K014Z3;9.11;;;25-Aug-2025
148993;Axis Quant Fund - Direct Plan - Growth;INF846K01Z87;;16.64;;;25-Aug-2025
148994;Axis Quant Fund - Direct Plan - IDCW;INF846K01Z95;INF846K010A4;16.64;;;25-Aug-2025
148992;Axis Quant Fund - Regular Plan - Growth;INF846K011A2;;15.57;;;25-Aug-2025
148995;Axis Quant Fund - Regular Plan - IDCW;INF846K012A0;INF846K013A8;15.57;;;25-Aug-2025
153624;Axis Services Opportunities Fund - Direct Plan - Growth Option;INF846KA1168;;10.12;;;25-Aug-2025
153622;Axis Services Opportunities Fund - Direct Plan - IDCW Option;INF846KA1176;INF846KA1184;10.12;;;25-Aug-2025
153621;Axis Services Opportunities Fund - Regular Plan - Growth Option;INF846KA1135;;10.10;;;25-Aug-2025
153623;Axis Services Opportunities Fund - Regular Plan - IDCW Option;INF846KA1143;INF846KA1150;10.10;;;25-Aug-2025

Bajaj Finserv Mutual Fund
153075;BAJAJ FINSERV CONSUMPTION FUND - DIRECT - GROWTH;INF0QA701946;;9.832;;;25-Aug-2025
153074;BAJAJ FINSERV CONSUMPTION FUND - DIRECT - IDCW;INF0QA701953;INF0QA701961;9.832;;;25-Aug-2025
153072;BAJAJ FINSERV CONSUMPTION FUND - REGULAR - GROWTH;INF0QA701979;;9.712;;;25-Aug-2025
153073;BAJAJ FINSERV CONSUMPTION FUND - REGULAR - IDCW;INF0QA701920;INF0QA701938;9.712;;;25-Aug-2025
153157;BAJAJ FINSERV HEALTHCARE FUND - DIRECT - GROWTH;INF0QA701AB9;;9.979;;;25-Aug-2025
153156;BAJAJ FINSERV HEALTHCARE FUND - DIRECT - IDCW;INF0QA701AC7;INF0QA701AD5;9.979;;;25-Aug-2025
153155;BAJAJ FINSERV HEALTHCARE FUND - REGULAR - GROWTH;INF0QA701987;;9.866;;;25-Aug-2025
153158;BAJAJ FINSERV HEALTHCARE FUND - REGULAR - IDCW;INF0QA701995;INF0QA701AA1;9.866;;;25-Aug-2025

Bandhan Mutual Fund
152878;Bandhan Business Cycle Fund - Direct Plan - Growth;INF194KB1IQ6;;10.098;;;25-Aug-2025
152879;Bandhan Business Cycle Fund - Direct Plan - IDCW;INF194KB1IL7;INF194KB1IM5;10.098;;;25-Aug-2025
152877;Bandhan Business Cycle Fund - Regular Plan - Growth;INF194KB1IP8;;9.957;;;25-Aug-2025
152880;Bandhan Business Cycle Fund - Regular Plan - IDCW;INF194KB1II3;INF194KB1IJ1;9.957;;;25-Aug-2025
151816;BANDHAN FINANCIAL SERVICES FUND - DIRECT PLAN - GROWTH;INF194KB1GB2;;15.111;;;25-Aug-2025
151817;BANDHAN FINANCIAL SERVICES FUND - DIRECT PLAN - IDCW;INF194KB1GC0;INF194KB1GD8;14.074;;;25-Aug-2025
151818;BANDHAN FINANCIAL SERVICES FUND - REGULAR PLAN - GROWTH;INF194KB1GE6;;14.604;;;25-Aug-2025
151819;BANDHAN FINANCIAL SERVICES FUND - REGULAR PLAN - IDCW;INF194KB1GF3;INF194KB1GG1;13.611;;;25-Aug-2025
114476;BANDHAN Infrastructure Fund - Regular Plan - Growth;INF194K01BY9;;49.823;;;25-Aug-2025
114477;BANDHAN Infrastructure Fund - Regular Plan - IDCW;INF194K01BZ6;INF194K01CA7;39.632;;;25-Aug-2025
118469;BANDHAN Infrastructure Fund-Direct Plan-Growth;INF194K01X46;;58.296;;;25-Aug-2025
118468;BANDHAN Infrastructure Fund-Direct Plan-IDCW;INF194K01X53;INF194K01X61;48.399;;;25-Aug-2025
152607;Bandhan Innovation Fund - Direct Plan - Growth;INF194KB1IE2;;13.395;;;25-Aug-2025
152604;Bandhan Innovation Fund - Direct Plan - IDCW;INF194KB1IF9;INF194KB1IG7;13.395;;;25-Aug-2025
152606;Bandhan Innovation Fund - Regular Plan - Growth;INF194KB1IB8;;13.119;;;25-Aug-2025
152605;Bandhan Innovation Fund - Regular Plan - IDCW;INF194KB1IC6;INF194KB1ID4;13.119;;;25-Aug-2025
153722;Bandhan Multi-Factor Fund - Direct Plan - Growth;INF194KB1JX0;;9.958;;;25-Aug-2025
153720;Bandhan Multi-Factor Fund - Direct Plan - IDCW;INF194KB1JY8;INF194KB1JZ5;9.958;;;25-Aug-2025
153721;Bandhan Multi-Factor Fund - Regular Plan - Growth;INF194KB1JU6;;9.946;;;25-Aug-2025
153723;Bandhan Multi-Factor Fund - Regular Plan - IDCW;INF194KB1JV4;INF194KB1JW2;9.946;;;25-Aug-2025
150716;BANDHAN TRANSPORTATION AND LOGISTICS FUND - GROWTH - DIRECT PLAN;INF194KB1EB7;;19.453;;;25-Aug-2025
150717;BANDHAN TRANSPORTATION AND LOGISTICS FUND - GROWTH - REGULAR PLAN;INF194KB1EE1;;18.594;;;25-Aug-2025
150719;BANDHAN TRANSPORTATION AND LOGISTICS FUND - IDCW - DIRECT PLAN;INF194KB1EC5;INF194KB1ED3;19.432;;;25-Aug-2025
150718;BANDHAN TRANSPORTATION AND LOGISTICS FUND - IDCW - REGULAR PLAN;INF194KB1EF8;INF194KB1EG6;18.595;;;25-Aug-2025

Bank of India Mutual Fund
152788;Bank of India Business Cycle Fund - Direct Plan - Dividend;INF761K01GG1;INF761K01GH9;9.29;;;25-Aug-2025
152789;Bank of India Business Cycle Fund - Direct Plan - Growth;INF761K01GF3;;9.29;;;25-Aug-2025
152791;Bank of India Business Cycle Fund - Regular Plan - Dividend;INF761K01GD8;INF761K01GE6;9.18;;;25-Aug-2025
152790;Bank of India Business Cycle Fund - Regular Plan - Growth;INF761K01GC0;;9.18;;;25-Aug-2025
153139;Bank of India Consumption Fund - Direct - Growth;INF761K01GI7;;11.14;;;25-Aug-2025
153142;Bank of India Consumption Fund - Direct - IDCW;INF761K01GJ5;INF761K01GK3;11.14;;;25-Aug-2025
153140;Bank of India Consumption Fund - Regular - Growth;INF761K01GL1;;11.05;;;25-Aug-2025
153141;Bank of India Consumption Fund - Regular - IDCW;INF761K01GM9;INF761K01GN7;11.05;;;25-Aug-2025
119364;BANK OF INDIA Manufacturing & Infrastructure Fund-Direct Plan-Growth;INF761K01702;;66.03;;;25-Aug-2025
119365;BANK OF INDIA Manufacturing & Infrastructure Fund-Direct Plan-Quarterly IDCW;INF761K01728;INF761K01710;64.91;;;25-Aug-2025
119363;BANK OF INDIA Manufacturing & Infrastructure Fund-Direct Plan-Regular IDCW;INF761K01694;INF761K01686;62.30;;;25-Aug-2025
112359;BANK OF INDIA Manufacturing & Infrastructure Fund-Growth;INF761K01199;;56.34;;;25-Aug-2025
112360;BANK OF INDIA Manufacturing & Infrastructure Fund-Quarterly IDCW;INF761K01231;INF761K01223;36.57;;;25-Aug-2025
112361;BANK OF INDIA Manufacturing & Infrastructure Fund-Regular IDCW;INF761K01215;INF761K01207;35.91;;;25-Aug-2025

Baroda BNP Paribas Mutual Fund
119333;Baroda BNP Paribas Banking and Financial Services Fund - Direct - Growth Option;INF955L01971;;53.4839;;;25-Aug-2025
119334;Baroda BNP Paribas Banking and Financial Services Fund - Direct - IDCW Option;INF955L01955;;24.5524;;;25-Aug-2025
117549;Baroda BNP Paribas Banking and Financial Services Fund - Regular - Growth Option;INF955L01856;;47.6981;;;25-Aug-2025
117547;Baroda BNP Paribas Banking and Financial Services Fund - Regular - IDCW Option;INF955L01831;;21.4290;;;25-Aug-2025
149141;Baroda BNP Paribas Business Cycle Fund - Direct Plan - Growth;INF955L01KK1;;16.4749;;;25-Aug-2025
149143;Baroda BNP Paribas Business Cycle Fund - Direct Plan - IDCW Option;INF955L01KL9;INF955L01KM7;15.0316;;;25-Aug-2025
149140;Baroda BNP Paribas Business Cycle Fund - Regular Plan - Growth;INF955L01KH7;;15.5541;;;25-Aug-2025
149142;Baroda BNP Paribas Business Cycle Fund - Regular Plan - IDCW Option;INF955L01KI5;INF955L01KJ3;14.1946;;;25-Aug-2025
153225;Baroda BNP Paribas Energy Opportunities Fund - Direct Plan - Growth Option;INF251K01UJ8;;11.2866;;;25-Aug-2025
153227;Baroda BNP Paribas Energy Opportunities Fund - Direct Plan - IDCW Option;INF251K01UK6;INF251K01UL4;11.2866;;;25-Aug-2025
153226;Baroda BNP Paribas Energy Opportunities Fund - Regular Plan - Growth Option;INF251K01UG4;;11.1896;;;25-Aug-2025
153224;Baroda BNP Paribas Energy Opportunities Fund - Regular Plan - ICDW Option;INF251K01UH2;INF251K01UI0;11.1896;;;25-Aug-2025
153604;Baroda BNP Paribas Health and Wellness Fund Direct Growth;INF251K01VA5;;9.9443;;;25-Aug-2025
153605;Baroda BNP Paribas Health and Wellness Fund Direct IDCWPayout;INF251K01VB3;INF251K01VC1;9.9443;;;25-Aug-2025
153602;Baroda BNP Paribas Health and Wellness Fund Regular Growth;INF251K01UY7;;9.9141;;;25-Aug-2025
153607;Baroda BNP Paribas Health and Wellness Fund Regular IDCWPayout;INF251K01VD9;INF251K01UZ4;9.9141;;;25-Aug-2025
150266;BARODA BNP PARIBAS India Consumption Fund - Direct Plan - Growth Option;INF251K01PT7;;35.7000;;;25-Aug-2025
150269;BARODA BNP PARIBAS India Consumption Fund - Direct Plan - IDCW Option;INF251K01PV3;INF251K01PU5;24.8109;;;25-Aug-2025
150268;BARODA BNP PARIBAS India Consumption Fund - Regular Plan - Growth Option;INF251K01PQ3;;32.1838;;;25-Aug-2025
150267;BARODA BNP PARIBAS India Consumption Fund - Regular Plan - IDCW Option;INF251K01PS9;INF251K01PR1;21.6799;;;25-Aug-2025
152470;Baroda BNP Paribas Innovation Fund Direct plan - Growth Option;INF251K01TE1;;12.7709;;;25-Aug-2025
152471;Baroda BNP Paribas Innovation Fund Direct plan - IDCW Option;INF251K01TF8;INF251K01TG6;12.7709;;;25-Aug-2025
152472;Baroda BNP Paribas Innovation Fund Regular plan - Growth Option;INF251K01TB7;;12.4765;;;25-Aug-2025
152473;Baroda BNP Paribas Innovation Fund Regular plan - IDCW Option;INF251K01TC5;INF251K01TD3;12.3509;;;25-Aug-2025
152697;Baroda BNP Paribas Manufacturing Fund - Direct Plan - Growth Option;INF251K01TP7;;9.8827;;;25-Aug-2025
152698;Baroda BNP Paribas Manufacturing Fund - Direct Plan - IDCW Option;INF251K01TQ5;INF251K01TR3;9.8827;;;25-Aug-2025
152696;Baroda BNP Paribas Manufacturing Fund - Regular Plan - Growth Option;INF251K01TM4;;9.7082;;;25-Aug-2025
152699;Baroda BNP Paribas Manufacturing Fund - Regular Plan - IDCW Option;INF251K01TN2;INF251K01TO0;9.7082;;;25-Aug-2025

Canara Robeco Mutual Fund
118273;CANARA ROBECO CONSUMER TRENDS FUND - DIRECT PLAN - GROWTH OPTION;INF760K01DU1;;128.3200;;;25-Aug-2025
118274;CANARA ROBECO CONSUMER TRENDS FUND - DIRECT PLAN - IDCW (Payout/Reinvestment);INF760K01DS5;INF760K01DT3;87.5600;;;25-Aug-2025
112152;CANARA ROBECO CONSUMER TRENDS FUND - REGULAR PLAN - GROWTH OPTION;INF760K01241;;111.4700;;;25-Aug-2025
112153;CANARA ROBECO CONSUMER TRENDS FUND - REGULAR PLAN - IDCW (Payout/Reinvestment);INF760K01225;INF760K01233;47.8900;;;25-Aug-2025
118267;CANARA ROBECO INFRASTRUCTURE FUND - DIRECT PLAN - GROWTH OPTION;INF760K01FO9;;179.7700;;;25-Aug-2025
118268;CANARA ROBECO INFRASTRUCTURE FUND - DIRECT PLAN - IDCW (Payout/Reinvestment);INF760K01FM3;INF760K01FN1;90.4200;;;25-Aug-2025
103390;CANARA ROBECO INFRASTRUCTURE FUND - REGULAR PLAN - GROWTH OPTION;INF760K01274;;159.7000;;;25-Aug-2025
103389;CANARA ROBECO INFRASTRUCTURE FUND - REGULAR PLAN - IDCW (Payout/Reinvestment);INF760K01258;INF760K01266;64.5800;;;25-Aug-2025
152450;Canara Robeco Manufacturing Fund - Direct Plan - Growth Option;INF760K01KZ5;;12.7700;;;25-Aug-2025
152449;Canara Robeco Manufacturing Fund - Direct Plan - IDWC Option;INF760K01KY8;INF760K01KX0;12.7700;;;25-Aug-2025
152447;Canara Robeco Manufacturing Fund - Regular Plan - Growth Option;INF760K01KU6;;12.5100;;;25-Aug-2025
152448;Canara Robeco Manufacturing Fund -Regular Plan - IDWC Option;INF760K01KW2;INF760K01KV4;12.5000;;;25-Aug-2025

DSP Mutual Fund
152206;DSP Banking & Financial Services Fund - Direct - Growth;INF740KA1TQ3;;13.427;;;25-Aug-2025
152207;DSP Banking & Financial Services Fund - Direct - IDCW;INF740KA1TR1;INF740KA1TS9;12.401;;;25-Aug-2025
152208;DSP Banking & Financial Services Fund - Regular - Growth;INF740KA1TN0;;13.085;;;25-Aug-2025
152209;DSP Banking & Financial Services Fund - Regular - IDCW;INF740KA1TO8;INF740KA1TP5;13.085;;;25-Aug-2025
153121;DSP Business Cycle Fund - Direct - Growth;INF740KA1UX7;;10.138;;;25-Aug-2025
153123;DSP Business Cycle Fund - Direct - IDCW;INF740KA1UV1;INF740KA1UW9;10.138;;;25-Aug-2025
153122;DSP Business Cycle Fund - Regular - Growth;INF740KA1US7;;10.03;;;25-Aug-2025
153120;DSP Business Cycle Fund - Regular - IDCW;INF740KA1UT5;INF740KA1UU3;10.03;;;25-Aug-2025
119247;DSP India T.I.G.E.R. Fund - Direct Plan - Growth;INF740K01PU7;;341.495;;;25-Aug-2025
119248;DSP India T.I.G.E.R. Fund - Direct Plan - IDCW;INF740K01PV5;INF740K01PW3;54.495;;;25-Aug-2025
102434;DSP India T.I.G.E.R. Fund - Regular Plan - Growth;INF740K01151;;313.777;;;25-Aug-2025
102435;DSP India T.I.G.E.R. Fund - Regular Plan - IDCW;INF740K01136;INF740K01144;29.479;;;25-Aug-2025
147306;DSP Quant Fund - Direct Plan - Growth;INF740KA1NQ6;;22.591;;;25-Aug-2025
147304;DSP Quant Fund - Direct Plan - IDCW;INF740KA1NR4;INF740KA1NS2;18.722;;;25-Aug-2025
147303;DSP Quant Fund - Regular Plan - Growth;INF740KA1NN3;;21.581;;;25-Aug-2025
147305;DSP Quant Fund - Regular Plan - IDCW;INF740KA1NO1;INF740KA1NP8;17.863;;;25-Aug-2025

Edelweiss Mutual Fund
152710;Edelweiss Business Cycle Fund - Direct Plan - Growth;INF754K01TA2;;8.9718;;;25-Aug-2025
152723;Edelweiss Business Cycle Fund - Direct Plan - IDCW Option;INF754K01TB0;INF754K01TC8;8.9718;;;25-Aug-2025
152724;Edelweiss Business Cycle Fund - Regular Plan - Growth;INF754K01SW8;;8.814;;;25-Aug-2025
152722;Edelweiss Business Cycle Fund - Regular Plan - IDCW Option;INF754K01SX6;INF754K01SY4;8.814;;;25-Aug-2025
153214;Edelweiss Consumption Fund - Direct - Growth;INF754K01TY2;;11.4553;;;25-Aug-2025
153254;Edelweiss Consumption Fund - Direct - IDCW - Payout;INF754K01TZ9;INF754K01UA0;11.4553;;;25-Aug-2025
153255;Edelweiss Consumption Fund - Regular - Growth;INF754K01UC6;;11.3548;;;25-Aug-2025
153215;Edelweiss Consumption Fund - Regular - IDCW - Payout;INF754K01UD4;INF754K01UE2;11.3548;;;25-Aug-2025
142386;Edelweiss Recently Listed IPO Fund - DIRECT PLAN - IDCW Option;INF754K01MM2;INF754K01MN0;29.5727;;;25-Aug-2025
142388;Edelweiss Recently Listed IPO Fund Direct Plan Growth;INF754K01ML4;;29.5726;;;25-Aug-2025
142384;Edelweiss Recently Listed IPO Fund REGULAR PLAN - IDCW Option;INF754K01MI0;INF754K01MJ8;27.5839;;;25-Aug-2025
142383;Edelweiss Recently Listed IPO Fund Regular Plan Growth;INF754K01MH2;;27.5853;;;25-Aug-2025

Franklin Templeton Mutual Fund
118557;Franklin Build India Fund - Direct - Growth;INF090I01JF5;;163.0666;;;25-Aug-2025
118556;Franklin Build India Fund - Direct - IDCW ;INF090I01JD0;INF090I01JE8;53.5422;;;25-Aug-2025
112093;Franklin Build India Fund - IDCW ;INF090I01AC1;INF090I01AD9;44.2921;;;25-Aug-2025
112092;Franklin Build India Fund Growth Plan;INF090I01AE7;;141.6517;;;25-Aug-2025

Groww Mutual Fund
152254;Groww Banking & Financial Services Fund - Direct Plan - Growth;INF666M01HS1;;11.9663;;;25-Aug-2025
152274;Groww Banking & Financial Services Fund - Regular - Growth;INF666M01HP7;;11.6118;;;25-Aug-2025
152276;Groww Banking & Financial Services Fund - Regular Plan - IDCW;INF666M01HQ5;INF666M01HR3;11.6118;;;25-Aug-2025
152273;Groww Banking & Financial Services Fund-IDCW;INF666M01HT9;INF666M01HU7;11.9656;;;25-Aug-2025

HDFC Mutual Fund
148987;HDFC Banking & Financial Services Fund - Growth Option;INF179KC1BJ4;;16.818;;;25-Aug-2025
148986;HDFC Banking & Financial Services Fund - Growth Option - Direct Plan;INF179KC1BG0;;17.868;;;25-Aug-2025
148984;HDFC Banking & Financial Services Fund - IDCW Option;INF179KC1BK2;INF179KC1BL0;14.763;;;25-Aug-2025
148985;HDFC Banking & Financial Services Fund - IDCW Option - Direct Plan;INF179KC1BH8;INF179KC1BI6;15.792;;;25-Aug-2025
150803;HDFC Business Cycle Fund - Growth Option;INF179KC1EB5;;14.925;;;25-Aug-2025
150805;HDFC Business Cycle Fund - Growth Option - Direct Plan;INF179KC1DY9;;15.452;;;25-Aug-2025
150806;HDFC Business Cycle Fund - IDCW Option;INF179KC1EC3;INF179KC1ED1;14.925;;;25-Aug-2025
150804;HDFC Business Cycle Fund - IDCW Option - Direct Plan;INF179KC1DZ6;INF179KC1EA7;15.452;;;25-Aug-2025
151751;HDFC Defence Fund - Growth Option;INF179KC1GL9;;23.271;;;25-Aug-2025
151750;HDFC Defence Fund - Growth Option - Direct Plan;INF179KC1GI5;;23.882;;;25-Aug-2025
151748;HDFC Defence Fund - IDCW Option;INF179KC1GM7;INF179KC1GN5;23.271;;;25-Aug-2025
151749;HDFC Defence Fund - IDCW Option - Direct Plan;INF179KC1GJ3;INF179KC1GK1;23.882;;;25-Aug-2025
141923;HDFC Housing Opportunities Fund  - Growth Option;INF179KC1AX7;;22.343;;;25-Aug-2025
141924;HDFC Housing Opportunities Fund  - Growth Option - Direct Plan;INF179KC1AU3;;24.173;;;25-Aug-2025
141922;HDFC Housing Opportunities Fund  - IDCW Option;INF179KC1AY5;INF179KC1AZ2;16.017;;;25-Aug-2025
141921;HDFC Housing Opportunities Fund  - IDCW Option - Direct Plan;INF179KC1AV1;INF179KC1AW9;17.725;;;25-Aug-2025
118979;HDFC Infrastructure Fund - Growth Option - Direct Plan;INF179K01WQ2;;52.696;;;25-Aug-2025
107524;HDFC Infrastructure Fund - Growth Plan;INF179K01GF8;;47.63;;;25-Aug-2025
118978;HDFC Infrastructure Fund - IDCW Option - Direct Plan;INF179K01WP4;INF179K01WR0;32.248;;;25-Aug-2025
107525;HDFC Infrastructure Fund - IDCW Plan;INF179K01GE1;INF179K01GG6;20.427;;;25-Aug-2025
153620;HDFC INNOVATION FUND - DIRECT PLAN - GROWTH OPTION;INF179KC1JO7;;10.175;;;25-Aug-2025
153643;HDFC INNOVATION FUND - IDCW - DIRECT PLAN;INF179KC1JP4;INF179KC1JQ2;10.175;;;25-Aug-2025
153647;HDFC INNOVATION FUND - IDCW - REGULAR PLAN;INF179KC1JM1;INF179KC1JN9;10.161;;;25-Aug-2025
153619;HDFC INNOVATION FUND - REGULAR PLAN - GROWTH OPTION;INF179KC1JL3;;10.161;;;25-Aug-2025
152600;HDFC Manufacturing fund - Growth Option - Direct Plan;INF179KC1II1;;11.053;;;25-Aug-2025
152602;HDFC Manufacturing fund - Growth Option - Regular Plan;INF179KC1IF7;;10.886;;;25-Aug-2025
152603;HDFC Manufacturing fund - IDCW - Direct Plan;INF179KC1IJ9;INF179KC1IK7;11.053;;;25-Aug-2025
152601;HDFC Manufacturing fund - IDCW - Regular Plan;INF179KC1IG5;INF179KC1IH3;10.886;;;25-Aug-2025
151457;HDFC MNC Fund - Growth Option;INF179KC1FF3;;13.509;;;25-Aug-2025
151458;HDFC MNC Fund - Growth Option - Direct Plan;INF179KC1FC0;;13.911;;;25-Aug-2025
151459;HDFC MNC Fund - IDCW Option;INF179KC1FG1;INF179KC1FH9;13.509;;;25-Aug-2025
151460;HDFC MNC Fund - IDCW Option - Direct Plan;INF179KC1FD8;INF179KC1FE6;13.911;;;25-Aug-2025
151803;HDFC Non-Cyclical Consumer Fund - Growth Option;INF179KC1GR6;;14.812;;;25-Aug-2025
151804;HDFC Non-Cyclical Consumer Fund - Growth Option - Direct Plan;INF179KC1GO3;;15.201;;;25-Aug-2025
151802;HDFC Non-Cyclical Consumer Fund - IDCW Option;INF179KC1GS4;INF179KC1GT2;14.812;;;25-Aug-2025
151805;HDFC Non-Cyclical Consumer Fund - IDCW Option - Direct Plan;INF179KC1GP0;INF179KC1GQ8;15.201;;;25-Aug-2025
152084;HDFC Pharma and Healthcare Fund - Growth Option;INF179KC1HL7;;17.469;;;25-Aug-2025
152082;HDFC Pharma and Healthcare Fund - Growth Option - Direct Plan;INF179KC1HO1;;17.875;;;25-Aug-2025
152083;HDFC Pharma and Healthcare Fund - IDCW Option;INF179KC1HM5;INF179KC1HN3;17.469;;;25-Aug-2025
152081;HDFC Pharma and Healthcare Fund - IDCW Option - Direct Plan;INF179KC1HP8;INF179KC1HQ6;17.875;;;25-Aug-2025
152058;HDFC Technology Fund - Growth Option;INF179KC1HF9;;13.578;;;25-Aug-2025
152059;HDFC Technology Fund - Growth Option - Direct Plan;INF179KC1HI3;;13.904;;;25-Aug-2025
152057;HDFC Technology Fund - IDCW Option;INF179KC1HG7;INF179KC1HH5;13.578;;;25-Aug-2025
152060;HDFC Technology Fund - IDCW Option - Direct Plan;INF179KC1HJ1;INF179KC1HK9;13.904;;;25-Aug-2025
151900;HDFC Transportation and Logistics Fund - Growth Option;INF179KC1GX4;;17.279;;;25-Aug-2025
151901;HDFC Transportation and Logistics Fund - Growth Option - Direct Plan;INF179KC1GU0;;17.705;;;25-Aug-2025
151902;HDFC Transportation and Logistics Fund - IDCW Option;INF179KC1GY2;INF179KC1GZ9;17.279;;;25-Aug-2025
151899;HDFC Transportation and Logistics Fund - IDCW Option - Direct Plan;INF179KC1GV8;INF179KC1GW6;17.705;;;25-Aug-2025

Helios Mutual Fund
152679;Helios Financial Services Fund - Direct Plan - Growth Option;INF0R8701202;;11.72;;;25-Aug-2025
152680;Helios Financial Services Fund - Direct Plan - IDCW Option;INF0R8701210;INF0R8701228;11.72;;;25-Aug-2025
152682;Helios Financial Services Fund - Regular Plan - Growth Option;INF0R8701178;;11.50;;;25-Aug-2025
152681;Helios Financial Services Fund - Regular Plan - IDCW Option;INF0R8701186;INF0R8701194;11.50;;;25-Aug-2025

HSBC Mutual Fund
151142;HSBC Business Cycles Fund - Direct Growth;INF917K01RI2;;47.2048;;;25-Aug-2025
151145;HSBC Business Cycles Fund - Direct IDCW;INF917K01RK8;INF917K01RJ0;29.5481;;;25-Aug-2025
151144;HSBC Business Cycles Fund - Regular Growth;INF917K01RF8;;42.8361;;;25-Aug-2025
151143;HSBC Business Cycles Fund - Regular IDCW;INF917K01RH4;INF917K01RG6;27.0642;;;25-Aug-2025
152032;HSBC Consumption Fund - Direct Growth;INF336L01QZ9;;15.4987;;;25-Aug-2025
152028;HSBC Consumption Fund - Direct IDCW;INF336L01RA0;INF336L01RB8;15.4987;;;25-Aug-2025
152027;HSBC Consumption Fund - Regular Growth;INF336L01RC6;;15.0832;;;25-Aug-2025
152030;HSBC Consumption Fund - Regular IDCW;INF336L01RD4;INF336L01RE2;15.0832;;;25-Aug-2025
153266;HSBC Financial Services Fund - Direct Growth;INF336L01RU8;;11.483;;;25-Aug-2025
153269;HSBC Financial Services Fund - Direct IDCW;INF336L01RW4;INF336L01RV6;11.4827;;;25-Aug-2025
153267;HSBC Financial Services Fund - Regular Growth;INF336L01RR4;;11.4029;;;25-Aug-2025
153268;HSBC Financial Services Fund - Regular IDCW;INF336L01RT0;INF336L01RS2;11.4029;;;25-Aug-2025
152829;HSBC India Export Opportunities Fund - Direct Growth;INF336L01RO1;;9.8227;;;25-Aug-2025
152831;HSBC India Export Opportunities Fund - Direct IDCW;INF336L01RP8;INF336L01RQ6;9.8226;;;25-Aug-2025
152830;HSBC India Export Opportunities Fund - Regular Growth;INF336L01RL7;;9.6971;;;25-Aug-2025
152832;HSBC India Export Opportunities Fund - Regular IDCW;INF336L01RM5;INF336L01RN3;9.6971;;;25-Aug-2025
151040;HSBC Infrastructure Fund - Direct Growth;INF917K01FW8;;51.8285;;;25-Aug-2025
151039;HSBC Infrastructure Fund - Direct IDCW;INF917K01E52;INF917K01FU2;40.6487;;;25-Aug-2025
151037;HSBC Infrastructure Fund - Regular Growth;INF917K01536;;46.0499;;;25-Aug-2025
151038;HSBC Infrastructure Fund - Regular IDCW;INF917K01544;INF917K01551;36.3599;;;25-Aug-2025

ICICI Prudential Mutual Fund
153684;ICICI Prudential Active Momentum Fund - Direct Plan - Growth;INF109K1A385;;10.03;;;25-Aug-2025
153685;ICICI Prudential Active Momentum Fund - Growth;INF109K1A377;;10.02;;;25-Aug-2025
109445;ICICI Prudential Banking and Financial Services Fund -  Growth;INF109K01BU5;;133.42;;;25-Aug-2025
109446;ICICI Prudential Banking and Financial Services Fund -  IDCW;INF109K01DY3;INF109K01BV3;31.05;;;25-Aug-2025
120244;ICICI Prudential Banking and Financial Services Fund - Direct Plan -  Growth;INF109K013J1;;150.33;;;25-Aug-2025
120245;ICICI Prudential Banking and Financial Services Fund - Direct Plan -  IDCW;INF109K011J5;INF109K012J3;74.64;;;25-Aug-2025
146951;ICICI Prudential Bharat Consumption Fund - Direct Plan - Growth Option;INF109KC1YD4;;27.84;;;25-Aug-2025
146949;ICICI Prudential Bharat Consumption Fund - Direct Plan - IDCW Option;INF109KC1YF9;;19.70;;;25-Aug-2025
146950;ICICI Prudential Bharat Consumption Fund - Growth Option;INF109KC1YA0;;25.89;;;25-Aug-2025
146952;ICICI Prudential Bharat Consumption Fund - IDCW Option;INF109KC1YC6;;17.92;;;25-Aug-2025
153070;ICICI Prudential Equity Minimum Variance Fund - Direct Plan - Growth;INF109KC10Y6;;10.69;;;25-Aug-2025
153071;ICICI Prudential Equity Minimum Variance Fund - Direct Plan - IDCW;INF109KC12Y2;INF109KC11Y4;10.69;;;25-Aug-2025
153069;ICICI Prudential Equity Minimum Variance Fund - Growth;INF109KC17X3;;10.59;;;25-Aug-2025
153068;ICICI Prudential Equity Minimum Variance Fund - IDCW;INF109KC19X9;INF109KC18X1;10.59;;;25-Aug-2025
148516;ICICI Prudential ESG Exclusionary Strategy Fund - Direct Plan - Growth;INF109KC1O09;;23.78;;;25-Aug-2025
148515;ICICI Prudential ESG Exclusionary Strategy Fund - Direct Plan - IDCW;INF109KC1O25;INF109KC1O17;18.16;;;25-Aug-2025
148517;ICICI Prudential ESG Exclusionary Strategy Fund - Growth;INF109KC1N75;;22.29;;;25-Aug-2025
148514;ICICI Prudential ESG Exclusionary Strategy Fund - IDCW;INF109KC1N91;INF109KC1N83;16.80;;;25-Aug-2025
120688;ICICI Prudential Exports & Services Fund - Direct Plan - Growth;INF109K01W25;;180.34;;;25-Aug-2025
120687;ICICI Prudential Exports & Services Fund - Direct Plan - IDCW;INF109K01W09;INF109K01W17;76.71;;;25-Aug-2025
103312;ICICI Prudential Exports & Services Fund - Growth;INF109K01BB5;;165.48;;;25-Aug-2025
103313;ICICI Prudential Exports & Services Fund - IDCW;INF109K01FL5;INF109K01BA7;37.30;;;25-Aug-2025
150310;ICICI PRUDENTIAL HOUSING OPPORTUNITIES FUND - Direct Plan Growth;INF109KC10C2;;18.02;;;25-Aug-2025
150311;ICICI PRUDENTIAL HOUSING OPPORTUNITIES FUND - Direct Plan IDCW;INF109KC11C0;INF109KC12C8;16.57;;;25-Aug-2025
150308;ICICI PRUDENTIAL HOUSING OPPORTUNITIES FUND - Growth;INF109KC17B9;;17.26;;;25-Aug-2025
150309;ICICI PRUDENTIAL HOUSING OPPORTUNITIES FUND - IDCW;INF109KC18B7;INF109KC19B5;15.82;;;25-Aug-2025
145896;ICICI Prudential India Opportunities Fund - Cumulative Option;INF109KC1RE6;;35.77;;;25-Aug-2025
145897;ICICI Prudential India Opportunities Fund - Direct Plan - Cumulative Option;INF109KC1RH9;;39.01;;;25-Aug-2025
145898;ICICI Prudential India Opportunities Fund - Direct Plan - IDCW Option;INF109KC1RJ5;INF109KC1RI7;26.05;;;25-Aug-2025
145899;ICICI Prudential India Opportunities Fund - IDCW Option;INF109KC1RG1;INF109KC1RF3;23.14;;;25-Aug-2025
120621;ICICI Prudential Infrastructure Fund - Direct Plan -  Growth;INF109K018M4;;210.90;;;25-Aug-2025
120622;ICICI Prudential Infrastructure Fund - Direct Plan -  IDCW;INF109K016M8;INF109K017M6;48.68;;;25-Aug-2025
103149;ICICI Prudential Infrastructure Fund - Growth;INF109K01AV5;;194.26;;;25-Aug-2025
103150;ICICI Prudential Infrastructure Fund - IDCW;INF109K01FB6;INF109K01AT9;29.96;;;25-Aug-2025
145077;ICICI Prudential Manufacturing Fund - Cumulative Option;INF109KC1LG4;;35.35;;;25-Aug-2025
145075;ICICI Prudential Manufacturing Fund - Direct Plan - Cumulative Option;INF109KC1LJ8;;38.10;;;25-Aug-2025
145076;ICICI Prudential Manufacturing Fund - Direct Plan - IDCW Option;INF109KC1LK6;;24.72;;;25-Aug-2025
145078;ICICI Prudential Manufacturing Fund - IDCW Option;INF109KC1LH2;;22.29;;;25-Aug-2025
143873;ICICI Prudential Pharma Healthcare and Diagnostics (P.H.D) Fund - Cumulative Option;INF109KC1GE9;;40.65;;;25-Aug-2025
143874;ICICI Prudential Pharma Healthcare and Diagnostics (P.H.D) Fund - Direct Plan - Cumulative Option;INF109KC1GH2;;43.83;;;25-Aug-2025
143876;ICICI Prudential Pharma Healthcare and Diagnostics (P.H.D) Fund - Direct Plan - IDCW Option;INF109KC1GJ8;;26.47;;;25-Aug-2025
143875;ICICI Prudential Pharma Healthcare and Diagnostics (P.H.D) Fund - IDCW Option;INF109KC1GG4;;23.72;;;25-Aug-2025
150539;ICICI Prudential PSU Equity Fund - Direct Plan - Growth;INF109KC12I5;;20.98;;;25-Aug-2025
150541;ICICI Prudential PSU Equity Fund - Direct Plan - IDCW;INF109KC13I3;INF109KC14I1;19.27;;;25-Aug-2025
150538;ICICI Prudential PSU Equity Fund - Growth;INF109KC19H2;;20.12;;;25-Aug-2025
150540;ICICI Prudential PSU Equity Fund - IDCW;INF109KC10I9;INF109KC11I7;18.43;;;25-Aug-2025
153458;ICICI Prudential Quality Fund - Direct Plan - Growth;INF109K1A187;;10.30;;;25-Aug-2025
153460;ICICI Prudential Quality Fund - Direct Plan - IDCW;INF109K1A203;INF109K1A195;10.30;;;25-Aug-2025
153459;ICICI Prudential Quality Fund - Growth;INF109K1A211;;10.27;;;25-Aug-2025
153457;ICICI Prudential Quality Fund - IDCW;INF109K1A179;INF109K1A161;10.27;;;25-Aug-2025
148600;ICICI Prudential Quant Fund Direct Plan Growth;INF109KC1O66;;23.45;;;25-Aug-2025
148601;ICICI Prudential Quant Fund Direct Plan IDCW;INF109KC1O82;INF109KC1O74;16.48;;;25-Aug-2025
148598;ICICI Prudential Quant Fund Growth;INF109KC1O33;;22.74;;;25-Aug-2025
148599;ICICI Prudential Quant Fund IDCW;INF109KC1O58;INF109KC1O41;15.87;;;25-Aug-2025
153184;ICICI Prudential Rural Opportunities Fund - Direct Plan - Growth;INF109KC12Z9;;11.42;;;25-Aug-2025
153182;ICICI Prudential Rural Opportunities Fund - Direct Plan - IDCW;INF109KC14Z5;INF109KC13Z7;11.42;;;25-Aug-2025
153181;ICICI Prudential Rural Opportunities Fund - Growth;INF109KC19Y7;;11.34;;;25-Aug-2025
153183;ICICI Prudential Rural Opportunities Fund - IDCW;INF109KC11Z1;INF109KC10Z3;11.34;;;25-Aug-2025
150685;ICICI PRUDENTIAL TRANSPORTATION AND LOGISTICS FUND - Direct Plan - Growth;INF109KC12K1;;20.51;;;25-Aug-2025
150687;ICICI PRUDENTIAL TRANSPORTATION AND LOGISTICS FUND - Direct Plan - IDCW;INF109KC13K9;INF109KC14K7;18.92;;;25-Aug-2025
150684;ICICI PRUDENTIAL TRANSPORTATION AND LOGISTICS FUND - Growth;INF109KC19J8;;19.77;;;25-Aug-2025
150686;ICICI PRUDENTIAL TRANSPORTATION AND LOGISTICS FUND - IDCW;INF109KC10K5;INF109KC11K3;18.19;;;25-Aug-2025

Invesco Mutual Fund
153291;Invesco India Business Cycle Fund - Direct Plan - Growth;INF205KA1AI8;;12.98;;;25-Aug-2025
153290;Invesco India Business Cycle Fund - Direct Plan - IDCW;INF205KA1AJ6;INF205KA1AK4;12.99;;;25-Aug-2025
153288;Invesco India Business Cycle Fund - Growth;INF205KA1AF4;;12.88;;;25-Aug-2025
153289;Invesco India Business Cycle Fund - IDCW;INF205KA1AG2;INF205KA1AH0;12.88;;;25-Aug-2025
148751;Invesco India ESG Integration Strategy Fund - Direct Plan - Growth;INF205KA1338;;18.83;;;25-Aug-2025
148752;Invesco India ESG Integration Strategy Fund - Direct Plan - IDCW (Payout / Reinvestment);INF205KA1320;INF205KA1346;15.36;;;25-Aug-2025
148753;Invesco India ESG Integration Strategy Fund - Growth;INF205KA1304;;17.54;;;25-Aug-2025
148754;Invesco India ESG Integration Strategy Fund - IDCW (Payout / Reinvestment);INF205KA1296;INF205KA1312;14.15;;;25-Aug-2025
120385;Invesco India Financial Services Fund - Direct Plan - Growth;INF205K01KY4;;164.12;;;25-Aug-2025
120384;Invesco India Financial Services Fund - Direct Plan - IDCW (Payout / Reinvestment);INF205K01KW8;INF205K01KX6;84.48;;;25-Aug-2025
108377;Invesco India Financial Services Fund - Regular Plan -  IDCW (Payout / Reinvestment);INF205K01171;INF205K01163;69.94;;;25-Aug-2025
108378;Invesco India Financial Services Fund - Retail Growth;INF205K01155;;137.14;;;25-Aug-2025
120405;Invesco India Infrastructure Fund - Direct Plan - Growth Option;INF205K01MD4;;77.1;;;25-Aug-2025
120404;Invesco India Infrastructure Fund - Direct Plan - IDCW (Payout / Reinvestment);INF205K01MB8;INF205K01MC6;51.59;;;25-Aug-2025
106654;Invesco India Infrastructure Fund - Growth Option;INF205K01CD5;;64.08;;;25-Aug-2025
106653;Invesco India Infrastructure Fund - IDCW (Payout / Reinvestment);INF205K01CE3;INF205K01CF0;41.19;;;25-Aug-2025
152756;Invesco India Manufacturing Fund - Direct - Growth;INF205KA1908;;10.47;;;25-Aug-2025
152757;Invesco India Manufacturing Fund - Direct - IDCW;INF205KA1916;INF205KA1924;10.47;;;25-Aug-2025
152758;Invesco India Manufacturing Fund - Regular - Growth;INF205KA1874;;10.3;;;25-Aug-2025
152759;Invesco India Manufacturing Fund - Regular - IDCW;INF205KA1882;INF205KA1890;10.3;;;25-Aug-2025
120395;Invesco India PSU Equity Fund - Direct Plan - Growth;INF205K01NG5;;72.85;;;25-Aug-2025
120394;Invesco India PSU Equity Fund - Direct Plan - IDCW (Payout / Reinvestment);INF205K01NE0;INF205K01NF7;49.15;;;25-Aug-2025
112171;Invesco India PSU Equity Fund - Growth;INF205K01338;;61.33;;;25-Aug-2025
112173;Invesco India PSU Equity Fund - IDCW (Payout / Reinvestment);INF205K01353;INF205K01346;40.57;;;25-Aug-2025
152863;Invesco India Technology Fund - Direct - Growth;INF205KA1965;;9.85;;;25-Aug-2025
152860;Invesco India Technology Fund - Direct - IDCW;INF205KA1973;INF205KA1981;9.85;;;25-Aug-2025
152862;Invesco India Technology Fund - Regular - Growth;INF205KA1932;;9.71;;;25-Aug-2025
152861;Invesco India Technology Fund - Regular - IDCW;INF205KA1940;INF205KA1957;9.71;;;25-Aug-2025

ITI Mutual Fund
149321;ITI Banking and Financial Services Fund - Direct Plan - Growth Option;INF00XX01BU6;;15.9912;;;25-Aug-2025
149322;ITI Banking and Financial Services Fund - Direct Plan - IDCW Option;INF00XX01BV4;INF00XX01BW2;15.9912;;;25-Aug-2025
149323;ITI Banking and Financial Services Fund - Regular Plan - IDCW Option;INF00XX01BS0;INF00XX01BT8;14.8447;;;25-Aug-2025
149324;ITI Banking and Financial Services Fund -Regular Plan - Growth Option;INF00XX01BR2;;14.8447;;;25-Aug-2025
153260;ITI Bharat Consumption Fund - Direct Plan - Growth;INF00XX01DG1;;11.6873;;;25-Aug-2025
153261;ITI Bharat Consumption Fund - Direct Plan - IDCW Option;INF00XX01DH9;INF00XX01DI7;11.6873;;;25-Aug-2025
153262;ITI Bharat Consumption Fund - Regular Plan - IDCW Option;INF00XX01DE6;INF00XX01DF3;11.5818;;;25-Aug-2025
153263;ITI Bharat Consumption Fund - Regular Plan Plan - Growth;INF00XX01DD8;;11.5818;;;25-Aug-2025
149268;ITI Pharma and Healthcare Fund - Direct Plan - Growth Option;INF00XX01BO9;;17.7114;;;25-Aug-2025
149271;ITI Pharma and Healthcare Fund - Direct Plan - IDCW Option;INF00XX01BP6;INF00XX01BQ4;17.7114;;;25-Aug-2025
149270;ITI Pharma and Healthcare Fund - Regular Plan - Growth Option;INF00XX01BL5;;16.3979;;;25-Aug-2025
149269;ITI Pharma and Healthcare Fund - Regular Plan - IDCW Option;INF00XX01BM3;INF00XX01BN1;16.3979;;;25-Aug-2025

Kotak Mahindra Mutual Fund
151384;Kotak Banking & Financial Services Fund - Direct Plan - Growth;INF174KA1MD1;;15.861;;;25-Aug-2025
151383;Kotak Banking & Financial Services Fund - Direct Plan - IDCW Payout;INF174KA1ME9;INF174KA1MF6;15.859;;;25-Aug-2025
151381;Kotak Banking & Financial Services Fund - Regular Plan - Growth;INF174KA1MA7;;15.247;;;25-Aug-2025
151382;Kotak Banking & Financial Services Fund - Regular Plan - IDCW Payout;INF174KA1MB5;INF174KA1MC3;15.247;;;25-Aug-2025
150624;Kotak Business Cycle - Direct Plan - Growth;INF174KA1JN6;;17.368;;;25-Aug-2025
150625;Kotak Business Cycle Fund-Direct Plan-IDCW option;INF174KA1JO4;INF174KA1JP1;17.367;;;25-Aug-2025
150626;Kotak Business Cycle Fund-Regular Plan--Growth;INF174KA1JK2;;16.6;;;25-Aug-2025
150622;Kotak Business Cycle Fund-Regular Plan-IDCW option;INF174KA1JL0;INF174KA1JM8;16.6;;;25-Aug-2025
152169;Kotak Consumption Fund - Direct plan - Growth Option;INF174KA1PP8;;14.672;;;25-Aug-2025
152172;Kotak Consumption Fund - Direct plan - IDCW Option;INF174KA1PQ6;INF174KA1PR4;14.67;;;25-Aug-2025
152170;Kotak Consumption Fund - Regular plan - Growth Option;INF174KA1PM5;;14.256;;;25-Aug-2025
152171;Kotak Consumption Fund - Regular plan - IDCW Option;INF174KA1PN3;INF174KA1PO1;14.254;;;25-Aug-2025
153447;Kotak Energy Opportunities Fund-Direct-Growth;INF174KA1VX0;;10.122;;;25-Aug-2025
153448;Kotak Energy Opportunities Fund-Direct-IDCW-Payout & Reinvestment;INF174KA1VY8;INF174KA1VZ5;10.122;;;25-Aug-2025
153449;Kotak Energy Opportunities Fund-Regular-Growth;INF174KA1WA6;;10.071;;;25-Aug-2025
153450;Kotak Energy Opportunities Fund-Regular-IDCW-Payout & Reinvestment;INF174KA1WB4;INF174KA1WC2;10.071;;;25-Aug-2025
148606;Kotak ESG Exclusionary Strategy Fund - Direct Plan - Growth Option;INF174KA1FI4;;18.494;;;25-Aug-2025
148605;Kotak ESG Exclusionary Strategy Fund - Direct Plan - Payout of Income Distribution cum capital withdrawal option;INF174KA1FH6;INF174KA1FJ2;18.494;;;25-Aug-2025
148602;Kotak ESG Exclusionary Strategy Fund - Regular Plan - Growth Option;INF174KA1FF0;;17.138;;;25-Aug-2025
148603;Kotak ESG Exclusionary Strategy Fund - Regular Plan - Payout of Income Distribution cum capital withdrawal option;INF174KA1FE3;INF174KA1FG8;17.138;;;25-Aug-2025
152214;Kotak Healthcare Fund - Direct Plan - Growth Option;INF174KA1PZ7;;14.12;;;25-Aug-2025
152215;Kotak Healthcare Fund - Direct Plan - IDCW Option;INF174KA1QA8;INF174KA1QB6;14.119;;;25-Aug-2025
152216;Kotak Healthcare Fund - Regular Plan - Growth Option;INF174KA1PW4;;13.728;;;25-Aug-2025
152213;Kotak Healthcare Fund - Regular Plan - IDCW Option;INF174KA1PX2;INF174KA1PY0;13.733;;;25-Aug-2025
133796;Kotak Infrastructure & Economic Reform Fund - Standard Plan-Growth;INF178L01095;;65.094;;;25-Aug-2025
133799;Kotak Infrastructure & Economic Reform Fund - Standard Plan-Payout of Income Distribution cum capital withdrawal option;INF178L01079;INF178L01087;52.06;;;25-Aug-2025
133801;Kotak Infrastructure & Economic Reform Fund- Direct Plan- Growth Option;INF178L01AL9;;76.92;;;25-Aug-2025
133800;Kotak Infrastructure & Economic Reform Fund- Direct Plan- Payout of Income Distribution cum capital withdrawal option;INF178L01AK1;INF178L01AJ3;76.04;;;25-Aug-2025
149841;Kotak Manufacture in India Fund - Direct Plan Growth;INF174KA1IF4;;19.858;;;25-Aug-2025
149842;Kotak Manufacture in India Fund - Direct Plan IDCW Option;INF174KA1IG2;INF174KA1IH0;19.858;;;25-Aug-2025
149840;Kotak Manufacture in India Fund - Regular Plan Growth;INF174KA1IC1;;18.783;;;25-Aug-2025
149843;Kotak Manufacture in India Fund - Regular Plan IDCW Option;INF174KA1ID9;INF174KA1IE7;18.782;;;25-Aug-2025
152910;Kotak MNC Fund-Direct Plan-Growth;INF174KA1TG9;;10.452;;;25-Aug-2025
152911;Kotak MNC Fund-Direct Plan-IDCW Option;INF174KA1TH7;INF174KA1TI5;10.452;;;25-Aug-2025
152913;Kotak MNC Fund-Regular Plan- Growth;INF174KA1TJ3;;10.326;;;25-Aug-2025
152912;KotaK MNC Fund-Regular Plan-IDCW OPTION;INF174KA1TK1;INF174KA1TL9;10.326;;;25-Aug-2025
151881;Kotak Quant Fund - Direct Plan - Growth Option;INF174KA1OL0;;14.906;;;25-Aug-2025
151880;Kotak Quant Fund - Direct plan - IDCW Payout;INF174KA1OM8;INF174KA1ON6;14.906;;;25-Aug-2025
151878;Kotak Quant Fund - Regular Plan - Growth Option;INF174KA1OI6;;14.818;;;25-Aug-2025
151879;Kotak Quant Fund - Regular Plan - IDCW Payout;INF174KA1OJ4;INF174KA1OK2;14.705;;;25-Aug-2025
152702;Kotak Special Opportunities Fund - Direct Plan - Growth Option;INF174KA1SF3;;9.684;;;25-Aug-2025
152704;Kotak Special Opportunities Fund - Direct Plan - IDCW Payout Option;INF174KA1SG1;;9.685;;;25-Aug-2025
152703;Kotak Special Opportunities Fund - Regular Plan - Growth Option;INF174KA1SC0;;9.529;;;25-Aug-2025
152700;Kotak Special Opportunities Fund - Regular Plan - IDCW Option;INF174KA1SD8;INF174KA1SE6;9.529;;;25-Aug-2025
153117;Kotak Transportation & Logistics Fund-Direct -IDCW-PAYOUT & REINVESTMENT;INF174KA1TT2;INF174KA1TU0;11.4;;;25-Aug-2025
153118;Kotak Transportation & Logistics Fund-Direct Growth;INF174KA1TS4;;11.4;;;25-Aug-2025
153116;Kotak Transportation & Logistics Fund-Regular-Growth;INF174KA1TV8;;11.276;;;25-Aug-2025
153119;Kotak Transportation & Logistics Fund-Regular-IDCW Payout & Reinvestment;INF174KA1TW6;INF174KA1TX4;11.276;;;25-Aug-2025

LIC Mutual Fund
134017;LIC MF Banking and Financial Services Fund-Direct Plan-Growth;INF767K01NK6;;23.5213;;;25-Aug-2025
133908;LIC MF Banking and Financial Services Fund-Direct Plan-IDCW;INF767K01NJ8;INF767K01NL4;23.3642;;;25-Aug-2025
134016;LIC MF Banking and Financial Services Fund-Regular Plan-Growth;INF767K01NH2;;20.8118;;;25-Aug-2025
134015;LIC MF Banking and Financial Services Fund-Regular Plan-IDCW;INF767K01NG4;INF767K01NI0;20.8082;;;25-Aug-2025
152024;LIC MF Healthcare Fund-Direct Plan-Growth;INF397L01LK4;;32.5617;;;25-Aug-2025
152023;LIC MF Healthcare Fund-Direct Plan-IDCW;INF397L01LH0;INF397L01LI8;32.5537;;;25-Aug-2025
152025;LIC MF Healthcare Fund-Regular Plan-Growth;INF397L01LG2;;29.7934;;;25-Aug-2025
152026;LIC MF Healthcare Fund-Regular Plan-IDCW;INF397L01LD9;INF397L01LE7;29.7939;;;25-Aug-2025
120351;LIC MF Infrastructure Fund-Direct Plan-Growth;INF767K01GW5;;55.6865;;;25-Aug-2025
120350;LIC MF Infrastructure Fund-Direct Plan-IDCW;INF767K01GV7;INF767K01GX3;54.679;;;25-Aug-2025
107763;LIC MF Infrastructure Fund-Regular Plan-Growth;INF767K01501;;48.646;;;25-Aug-2025
107764;LIC MF Infrastructure Fund-Regular Plan-IDCW;INF767K01485;INF767K01493;48.6473;;;25-Aug-2025
152920;LIC MF Manufacturing Fund-Direct Plan-Growth;INF767K01RR2;;9.9874;;;25-Aug-2025
152921;LIC MF Manufacturing Fund-Direct Plan-IDCW;INF767K01RT8;INF767K01RS0;9.9874;;;25-Aug-2025
152922;LIC MF Manufacturing Fund-Regular Plan-Growth;INF767K01RO9;;9.8374;;;25-Aug-2025
152923;LIC MF Manufacturing Fund-Regular Plan-IDCW;INF767K01RQ4;INF767K01RP6;9.8374;;;25-Aug-2025

Mahindra Manulife Mutual Fund
152045;Mahindra Manulife Business Cycle Fund - Direct Plan - Growth;INF174V01BQ4;;15.0398;;;25-Aug-2025
152048;Mahindra Manulife Business Cycle Fund - Direct Plan - IDCW;INF174V01BR2;INF174V01BS0;13.8916;;;25-Aug-2025
152047;Mahindra Manulife Business Cycle Fund - Regular Plan - IDCW;INF174V01BO9;INF174V01BP6;13.3955;;;25-Aug-2025
152046;Mahindra Manulife Business Cycle Fund-  Regular Plan - Growth;INF174V01BN1;;14.5346;;;25-Aug-2025
145357;Mahindra Manulife Consumption Fund - Direct Plan - IDCW;INF174V01689;INF174V01671;20.0676;;;25-Aug-2025
145356;Mahindra Manulife Consumption Fund - Direct Plan -Growth;INF174V01663;;25.9697;;;25-Aug-2025
145358;Mahindra Manulife Consumption Fund - Regular Plan - IDCW;INF174V01655;INF174V01648;17.4342;;;25-Aug-2025
145355;Mahindra Manulife Consumption Fund- Regular Plan - Growth;INF174V01630;;23.1281;;;25-Aug-2025
152672;Mahindra Manulife Manufacturing Fund - Direct Plan - Growth;INF174V01CC2;;9.9275;;;25-Aug-2025
152670;Mahindra Manulife Manufacturing Fund - Direct Plan - IDCW;INF174V01CD0;INF174V01CE8;9.9275;;;25-Aug-2025
152671;Mahindra Manulife Manufacturing Fund - Regular Plan - Growth;INF174V01BZ5;;9.7424;;;25-Aug-2025
152669;Mahindra Manulife Manufacturing Fund - Regular Plan - IDCW;INF174V01CA6;INF174V01CB4;9.7424;;;25-Aug-2025
153674;Mahindra Manulife Banking & Financial Services Fund - Direct - Growth;INF174V01CO7;;9.8596;;;25-Aug-2025
153672;Mahindra Manulife Banking & Financial Services Fund - Direct - IDCW;INF174V01CQ2;INF174V01CP4;9.8596;;;25-Aug-2025
153675;Mahindra Manulife Banking & Financial Services Fund - Regular - Growth;INF174V01CL3;;9.8401;;;25-Aug-2025
153673;Mahindra Manulife Banking & Financial Services Fund - Regular - IDCW;INF174V01CN9;INF174V01CM1;9.8401;;;25-Aug-2025

Mirae Asset Mutual Fund
148624;Mirae Asset Banking and Financial Services Fund Direct  IDCW;INF769K01GW1;INF769K01GY7;21.818;;;25-Aug-2025
148623;Mirae Asset Banking and Financial Services Fund Direct Growth;INF769K01GX9;;21.907;;;25-Aug-2025
148621;Mirae Asset Banking and Financial Services Fund Regular Growth;INF769K01GU5;;20.346;;;25-Aug-2025
148622;Mirae Asset Banking and Financial Services Fund Regular IDCW;INF769K01GT7;INF769K01GV3;20.372;;;25-Aug-2025
118837;Mirae Asset Great Consumer Fund - Direct Plan - Growth;INF769K01BL5;;114.732;;;25-Aug-2025
114931;Mirae Asset Great Consumer Fund - Regular Plan - Growth option;INF769K01135;;96.128;;;25-Aug-2025
118838;Mirae Asset Great Consumer Fund Direct IDCW;INF769K01BM3;INF769K01BN1;68.889;;;25-Aug-2025
114930;Mirae Asset Great Consumer Fund Regular IDCW;INF769K01150;INF769K01143;26.932;;;25-Aug-2025
143785;Mirae Asset Healthcare Fund -Regular Growth;INF769K01EA2;;39.066;;;25-Aug-2025
143783;Mirae Asset Healthcare Fund Direct Growth;INF769K01ED6;;43.616;;;25-Aug-2025
143784;Mirae Asset Healthcare Fund Direct IDCW;INF769K01EE4;INF769K01EF1;28.655;;;25-Aug-2025
143786;Mirae Asset Healthcare Fund Regular IDCW;INF769K01EB0;INF769K01EC8;25.080;;;25-Aug-2025

Motilal Oswal Mutual Fund
153366;Motilal Oswal Active Momentum Fund - Regular- IDCW;INF247L01ET7;INF247L01EU5;11.3130;;;25-Aug-2025
153364;Motilal Oswal Active Momentum Fund- Direct-Growth;INF247L01EP5;;11.3177;;;25-Aug-2025
153367;Motilal Oswal Active Momentum Fund- Direct-IDCW;INF247L01EQ3;INF247L01ER1;11.3174;;;25-Aug-2025
153365;Motilal Oswal Active Momentum Fund- Regular- Growth;INF247L01ES9;;11.3127;;;25-Aug-2025
152796;Motilal Oswal Business Cycle Fund - Direct Plan- Growth;INF247L01DG6;;12.9919;;;25-Aug-2025
152797;Motilal Oswal Business Cycle Fund - Direct Plan- IDCW;INF247L01DH4;INF247L01DI2;12.9911;;;25-Aug-2025
152794;Motilal Oswal Business Cycle Fund-Regular Plan-Growth;INF247L01DD3;;12.7932;;;25-Aug-2025
152795;Motilal Oswal Business Cycle Fund-Regular Plan-IDCW;INF247L01DE1;INF247L01DF8;12.7932;;;25-Aug-2025
152964;Motilal Oswal Digital India Fund - Direct Plan - Growth;INF247L01DN2;;10.6036;;;25-Aug-2025
152965;Motilal Oswal Digital India Fund - Direct Plan- IDCW;INF247L01DO0;INF247L01DP7;10.6033;;;25-Aug-2025
152967;Motilal Oswal Digital India Fund - Regular Plan - IDCW;INF247L01DR3;INF247L01DS1;10.4744;;;25-Aug-2025
152966;Motilal Oswal Digital India Fund - Regular Plan- Growth;INF247L01DQ5;;10.4743;;;25-Aug-2025
153484;Motilal Oswal Infrastructure Fund-Direct-Growth;INF247L01EW1;;11.8780;;;25-Aug-2025
153483;Motilal Oswal Infrastructure Fund-Direct-IDCW;INF247L01EX9;INF247L01EY7;11.8780;;;25-Aug-2025
153482;Motilal Oswal Infrastructure Fund-Regular-Growth;INF247L01EZ4;;11.8746;;;25-Aug-2025
153485;Motilal Oswal Infrastructure Fund-Regular-IDCW;INF247L01FA4;INF247L01FB2;11.8746;;;25-Aug-2025
153258;Motilal Oswal Innovation Opportunities Fund - Direct Plan- Growth;INF247L01EJ8;;12.9957;;;25-Aug-2025
153259;Motilal Oswal Innovation Opportunities Fund - Direct Plan- IDCW;INF247L01EK6;INF247L01EL4;12.9948;;;25-Aug-2025
153256;Motilal Oswal Innovation Opportunities Fund- Regular Plan- Growth;INF247L01EM2;;12.9080;;;25-Aug-2025
153257;Motilal Oswal Innovation Opportunities Fund- Regular Plan- IDCW;INF247L01EN0;INF247L01EO8;12.9082;;;25-Aug-2025
152762;Motilal Oswal Manufacturing Fund - Direct Plan - IDCW;INF247L01DB7;INF247L01DC5;11.5288;;;25-Aug-2025
152760;Motilal Oswal Manufacturing Fund - Direct Plan- Growth;INF247L01DA9;;11.5294;;;25-Aug-2025
152761;Motilal Oswal Manufacturing Fund - Regular Plan - IDCW;INF247L01CY1;INF247L01CZ8;11.3557;;;25-Aug-2025
152763;Motilal Owsal Manufacturing Fund - Regular Plan - Growth;INF247L01CX3;;11.3559;;;25-Aug-2025
152694;Motilal Oswal Quant Fund - Direct - Growth;INF247L01CS3;;10.2974;;;25-Aug-2025
152695;Motilal Oswal Quant Fund - Direct - IDCW;INF247L01CT1;INF247L01CU9;9.6835;;;25-Aug-2025
152692;Motilal Oswal Quant Fund - Regular - Growth;INF247L01CP9;;9.7282;;;25-Aug-2025
152693;Motilal Oswal Quant Fund - Regular - IDCW;INF247L01CQ7;INF247L01CR5;8.9682;;;25-Aug-2025
153558;Motilal Oswal Services Fund - Direct Plan - Growth;INF247L01FE6;;10.5723;;;25-Aug-2025
153563;Motilal Oswal Services Fund - Direct Plan - IDCW;INF247L01FI7;INF247L01FF3;10.5723;;;25-Aug-2025
153561;Motilal Oswal Services Fund - Regular Plan - Growth;INF247L01FG1;;10.5700;;;25-Aug-2025
153562;Motilal Oswal Services Fund - Regular Plan - IDCW;INF247L01FJ5;INF247L01FH9;10.5700;;;25-Aug-2025
153749;Motilal Oswal Special Opportunities Fund - Direct - Growth;INF247L01FS6;;10.2069;;;25-Aug-2025
153750;Motilal Oswal Special Opportunities Fund - Direct- IDCW;INF247L01FT4;INF247L01FU2;10.2069;;;25-Aug-2025
153752;Motilal Oswal Special Opportunities Fund-Regular Plan- IDCW;INF247L01FW8;INF247L01FX6;10.2066;;;25-Aug-2025
153751;Motilal Oswal Special Opportunities Fund-Regular Plan-Growth;INF247L01FV0;;10.2066;;;25-Aug-2025

Nippon India Mutual Fund
153276;Nippon India Active Momentum Fund - Regular Plan- Growth Option;INF204KC1EH1;;11.6592;;;25-Aug-2025
153277;Nippon India Active Momentum Fund- Direct Plan IDCW Option;INF204KC1EL3;INF204KC1EM1;11.7150;;;25-Aug-2025
153278;Nippon India Active Momentum Fund- Regular Plan- IDCW Option;INF204KC1EI9;INF204KC1EJ7;11.6592;;;25-Aug-2025
153274;Nippon India Active Momentum Fund-Direct Plan - Growth Option;INF204KC1EK5;;11.7150;;;25-Aug-2025
118588;Nippon India Banking & Financial Services Fund - Direct Plan Growth Plan - Bonus Option;INF204K01D22;;677.9277;;;25-Aug-2025
118589;Nippon India Banking & Financial Services Fund - Direct Plan Growth Plan - Growth Option;INF204K01XO1;;677.9277;;;25-Aug-2025
101864;Nippon India Banking & Financial Services Fund - IDCW Option;INF204K01893;INF204K01901;71.0232;;;25-Aug-2025
118591;Nippon India Banking & Financial Services Fund- DIRECT Plan - IDCW Option;INF204K01XM5;INF204K01XN3;106.1478;;;25-Aug-2025
101863;Nippon India Banking & Financial Services Fund-Growth Plan-Bonus Option;INF204K01919;;619.8490;;;25-Aug-2025
101862;Nippon India Banking & Financial Services Fund-Growth Plan-Growth Option;INF204K01927;;619.8490;;;25-Aug-2025
118725;NIPPON INDIA CONSUMPTION FUND - DIRECT Plan - IDCW Option;INF204K01G37;INF204K01G45;60.6834;;;25-Aug-2025
118722;Nippon India Consumption Fund - Direct Plan Growth Plan - Bonus;INF204K01G29;;229.5655;;;25-Aug-2025
118724;Nippon India Consumption Fund - Direct Plan Growth Plan - Growth Option;INF204K01G52;;229.5655;;;25-Aug-2025
102753;NIPPON INDIA CONSUMPTION FUND - IDCW Option;INF204K01AN1;INF204K01AO9;39.7776;;;25-Aug-2025
102752;Nippon India Consumption Fund-Growth Plan-Bonus Option;INF204K01AP6;;204.0701;;;25-Aug-2025
102751;Nippon India Consumption Fund-Growth Plan-Growth Option;INF204K01AQ4;;204.0701;;;25-Aug-2025
152033;Nippon India Innovation Fund-Direct Plan-Growth Option;INF204KC1BO3;;15.0813;;;25-Aug-2025
152035;Nippon India Innovation Fund-Direct Plan-IDCW Option;INF204KC1BP0;INF204KC1BQ8;15.0813;;;25-Aug-2025
152034;Nippon India Innovation Fund-Regular Plan-Growth Option;INF204KC1BL9;;14.6878;;;25-Aug-2025
152036;Nippon India Innovation Fund-Regular Plan-IDCW Option;INF204KC1BM7;INF204KC1BN5;14.6878;;;25-Aug-2025
130864;NIPPON INDIA - JAPAN EQUITY FUND - DIRECT Plan - IDCW Option;INF204KA1SM3;;24.3319;;;25-Aug-2025
130859;NIPPON INDIA - JAPAN EQUITY FUND - IDCW Option;INF204KA1SL5;;21.7690;;;25-Aug-2025
130861;Nippon India Japan Equity Fund- Direct Plan- Growth Plan- Bonus Option;INF204KA1SK7;;24.3319;;;25-Aug-2025
130860;Nippon India Japan Equity Fund- Direct Plan- Growth Plan- Growth Option;INF204KA1SI1;;24.3319;;;25-Aug-2025
130858;Nippon India Japan Equity Fund- Growth Plan- Bonus Option;INF204KA1SJ9;;21.7690;;;25-Aug-2025
130863;Nippon India Japan Equity Fund- Growth Plan- Growth Option;INF204KA1SH3;;21.7690;;;25-Aug-2025
153693;Nippon India MNC Fund- Direct Plan- Growth Option;INF204KC1FR7;;10.2474;;;25-Aug-2025
153690;Nippon India MNC Fund- Direct Plan-IDCW Payout;INF204KC1FS5;INF204KC1FT3;10.2474;;;25-Aug-2025
153692;Nippon India MNC Fund- Regular Plan- IDCW Payout;INF204KC1FP1;INF204KC1FQ9;10.2338;;;25-Aug-2025
153691;Nippon India MNC Fund- Regular Plan-Growth Option;INF204KC1FO4;;10.2338;;;25-Aug-2025
118756;NIPPON INDIA PHARMA FUND - DIRECT Plan - IDCW Option;INF204K01I35;INF204K01I43;172.0089;;;25-Aug-2025
118758;Nippon India Pharma Fund - Direct Plan Growth Plan - Bonus Option;INF204K01I27;;582.5211;;;25-Aug-2025
118759;Nippon India Pharma Fund - Direct Plan Growth Plan - Growth Option;INF204K01I50;;582.5211;;;25-Aug-2025
102433;NIPPON INDIA PHARMA FUND - IDCW Option;INF204K01935;INF204K01943;121.7815;;;25-Aug-2025
102432;Nippon India Pharma Fund-Growth Plan-Bonus Option;INF204K01950;;522.4990;;;25-Aug-2025
102431;Nippon India Pharma Fund-Growth Plan-Growth Option;INF204K01968;;522.4990;;;25-Aug-2025
118760;NIPPON INDIA POWER & INFRA FUND - DIRECT Plan - IDCW Option;INF204K01I76;INF204K01I84;73.0296;;;25-Aug-2025
118762;Nippon India Power & Infra Fund - Direct Plan Growth Plan - Bonus Option;INF204K01I68;;370.6107;;;25-Aug-2025
118763;Nippon India Power & Infra Fund - Direct Plan Growth Plan - Growth Option;INF204K01I92;;370.6107;;;25-Aug-2025
101264;NIPPON INDIA POWER & INFRA FUND - IDCW Option;INF204K01AB6;INF204K01AC4;64.0812;;;25-Aug-2025
101262;Nippon India Power & Infra Fund-Growth Plan -Growth Option;INF204K01AE0;;342.0345;;;25-Aug-2025
101263;Nippon India Power & Infra Fund-Growth Plan-Bonus Option;INF204K01AD2;;342.0345;;;25-Aug-2025
118767;NIPPON INDIA QUANT FUND - DIRECT Plan - IDCW Option;INF204K01J18;INF204K01J26;44.2854;;;25-Aug-2025
118770;Nippon India Quant Fund - Direct Plan Growth Plan - Bonus Option;INF204K01J00;;77.1986;;;25-Aug-2025
118769;Nippon India Quant Fund - Direct Plan Growth Plan - Growth Option;INF204K01J34;;77.1986;;;25-Aug-2025
108252;NIPPON INDIA QUANT FUND - IDCW Option;INF204K01745;INF204K01752;37.9622;;;25-Aug-2025
108249;Nippon India Quant Fund -Growth Plan - Growth Option;INF204K01760;;71.2110;;;25-Aug-2025
108258;Nippon India Quant Fund -Growth Plan -Bonus Option;INF204K01737;;71.2110;;;25-Aug-2025
149329;Nippon India Taiwan Equity Fund- Direct Plan- Growth Option;INF204KC1303;;15.4236;;;25-Aug-2025
149327;Nippon India Taiwan Equity Fund- Direct Plan- IDCW option;INF204KC1311;INF204KC1329;15.4236;;;25-Aug-2025
149328;Nippon India Taiwan Equity fund- Regular Plan- Growth Option;INF204KC1279;;14.6059;;;25-Aug-2025
149325;Nippon India Taiwan Equity Fund- Regular Plan- IDCW option;INF204KC1287;INF204KC1295;14.6059;;;25-Aug-2025

PGIM India Mutual Fund
153039;PGIM India Healthcare Fund - Direct Plan - Growth Option;INF663L01Z45;;10.18;;;25-Aug-2025
153037;PGIM India Healthcare Fund - Direct Plan - IDCW Option;INF663L01Z60;INF663L01Z78;10.18;;;25-Aug-2025
153040;PGIM India Healthcare Fund - Regular Plan - Growth Option;INF663L01Z52;;10.05;;;25-Aug-2025
153038;PGIM India Healthcare Fund - Regular Plan - IDCW Option;INF663L01Z86;INF663L01Z94;10.05;;;25-Aug-2025

quant Mutual Fund
151791;quant BFSI Fund - Growth Option - Direct Plan;INF966L01BX0;;18.1403;;;25-Aug-2025
151788;quant BFSI Fund - Growth Option - Regular Plan;INF966L01CA6;;17.5082;;;25-Aug-2025
151790;quant BFSI Fund - IDCW Option - Direct Plan;INF966L01BY8;INF966L01BZ5;18.1612;;;25-Aug-2025
151789;quant BFSI Fund - IDCW Option - Regular Plan;INF966L01CB4;INF966L01CC2;17.5069;;;25-Aug-2025
151757;quant Business Cycle Fund - Growth Option - Direct Plan;INF966L01BR2;;16.1005;;;25-Aug-2025
151758;quant Business Cycle Fund - Growth Option - Regular Plan;INF966L01BU6;;15.547;;;25-Aug-2025
151759;quant Business Cycle Fund - IDCW Option - Direct Plan;INF966L01BS0;INF966L01BT8;16.0897;;;25-Aug-2025
151760;quant Business Cycle Fund - IDCW Option - Regular Plan;INF966L01BV4;INF966L01BW2;15.562;;;25-Aug-2025
152255;quant Commodities Fund - Growth Option - Direct Plan;INF966L01DF3;;13.1137;;;25-Aug-2025
152256;quant Commodities Fund - Growth Option - Regular Plan;INF966L01DC0;;12.7842;;;25-Aug-2025
152257;quant Commodities Fund - IDCW Option - Direct Plan;INF966L01DG1;INF966L01DH9;13.11;;;25-Aug-2025
152258;quant Commodities Fund - IDCW Option - Regular Plan;INF966L01DD8;INF966L01DE6;12.7822;;;25-Aug-2025
152336;quant Consumption Fund - Growth Option - Direct Plan;INF966L01DN7;;10.0721;;;25-Aug-2025
152338;quant Consumption Fund - Growth Option - Regular Plan;INF966L01DI7;;9.825;;;25-Aug-2025
152339;quant Consumption Fund - IDCW Option - Direct Plan;INF966L01DO5;INF966L01DP2;10.0769;;;25-Aug-2025
152337;quant Consumption Fund - IDCW Option - Regular Plan;INF966L01DL1;INF966L01DM9;9.8289;;;25-Aug-2025
148564;quant ESG Integration Strategy Fund - Growth Option - Direct Plan;INF966L01AD4;;34.5158;;;25-Aug-2025
148560;quant ESG Integration Strategy Fund - Growth Option - Regular Plan;INF966L01AB8;;32.0403;;;25-Aug-2025
148563;quant ESG Integration Strategy Fund - IDCW Option - Direct Plan;INF966L01AE2;INF966L01AG7;34.474;;;25-Aug-2025
148561;quant ESG Integration Strategy Fund - IDCW Option - Regular Plan;INF966L01AC6;INF966L01AF9;31.8847;;;25-Aug-2025
151853;quant Healthcare Fund - Growth Option - Direct Plan;INF966L01CD0;;15.6903;;;25-Aug-2025
151855;quant Healthcare Fund - Growth Option - Regular Plan;INF966L01CG3;;15.1559;;;25-Aug-2025
151854;quant Healthcare Fund - IDCW Option - Direct Plan;INF966L01CE8;INF966L01CF5;15.6893;;;25-Aug-2025
151856;quant Healthcare Fund - IDCW Option - Regular Plan;INF966L01CH1;INF966L01CI9;15.1557;;;25-Aug-2025
106170;quant Infrastructure Fund - Growth Option;INF966L01523;;36.9006;;;25-Aug-2025
120833;quant Infrastructure Fund - Growth Option-Direct Plan;INF966L01721;;40.5453;;;25-Aug-2025
120832;quant Infrastructure Fund - IDCW Option - Direct Plan;INF966L01705;INF966L01713;40.5135;;;25-Aug-2025
106169;quant Infrastructure Fund - IDCW Option - Regular Plan;INF966L01507;INF966L01515;36.8177;;;25-Aug-2025
151916;quant Manufacturing Fund - Growth Option - Direct Plan;INF966L01CJ7;;14.718;;;25-Aug-2025
151913;quant Manufacturing Fund - Growth Option - Regular Plan;INF966L01CN9;;14.2546;;;25-Aug-2025
151914;quant Manufacturing Fund - IDCW Option - Direct Plan;INF966L01CK5;INF966L01CL3;14.7156;;;25-Aug-2025
151915;quant Manufacturing Fund - IDCW Option - Regular Plan;INF966L01CO7;INF966L01CP4;14.3634;;;25-Aug-2025
152189;quant Momentum Fund - Growth Option - Direct Plan;INF966L01CZ3;;14.4135;;;25-Aug-2025
152190;quant Momentum Fund - Growth Option - Regular Plan;INF966L01CW0;;14.0794;;;25-Aug-2025
152192;quant Momentum Fund - IDCW Option - Direct Plan;INF966L01DA4;INF966L01DB2;14.3996;;;25-Aug-2025
152191;quant Momentum Fund - IDCW Option - Regular Plan;INF966L01CX8;INF966L01CY6;14.0346;;;25-Aug-2025
152415;quant PSU Fund - Growth Option - Direct Plan;INF966L01DT4;;10.0344;;;25-Aug-2025
152413;quant PSU Fund - Growth Option - Regular Plan;INF966L01DQ0;;9.8183;;;25-Aug-2025
152416;quant PSU Fund - IDCW Option - Direct Plan;INF966L01DU2;INF966L01DV0;10.0407;;;25-Aug-2025
152414;quant PSU Fund - IDCW Option - Regular Plan;INF966L01DR8;INF966L01DS6;9.8179;;;25-Aug-2025
148925;quant Quantamental Fund - Growth Option - Direct Plan;INF966L01AK9;;23.9814;;;25-Aug-2025
148923;quant Quantamental Fund - Growth Option - Regular Plan;INF966L01AH5;;22.4174;;;25-Aug-2025
148924;quant Quantamental Fund - IDCW Option - Direct Plan;INF966L01AL7;INF966L01AM5;24.1141;;;25-Aug-2025
148922;quant Quantamental Fund - IDCW Option - Regular Plan;INF966L01AI3;INF966L01AJ1;22.4434;;;25-Aug-2025
152067;quant Teck Fund - Growth Option - Direct Plan;INF966L01CT6;;12.2768;;;25-Aug-2025
152070;quant Teck Fund - Growth Option - Regular Plan;INF966L01CQ2;;11.8978;;;25-Aug-2025
152068;quant Teck Fund - IDCW Option - Direct Plan;INF966L01CU4;INF966L01CV2;12.271;;;25-Aug-2025
152069;quant Teck Fund - IDCW Option - Regular Plan;INF966L01CR0;INF966L01CS8;11.8996;;;25-Aug-2025

Quantum Mutual Fund
147372;QUANTUM ESG BEST IN CLASS STRATEGY FUND - DIRECT PLAN - GROWTH OPTION;INF082J01382;;25.69;;;25-Aug-2025
147371;QUANTUM ESG BEST IN CLASS STRATEGY FUND - REGULAR PLAN - GROWTH OPTION;INF082J01390;;24.32;;;25-Aug-2025
153094;Quantum Ethical Fund - Direct Plan Growth Option;INF082J01473;;10.07;;;25-Aug-2025
153095;Quantum Ethical Fund - Regular Plan Growth Option;INF082J01481;;9.98;;;25-Aug-2025

Samco Mutual Fund
151753;Samco Active Momentum Fund - Direct Plan - Growth Option;INF0K1H01081;;14.37;;;25-Aug-2025
151752;Samco Active Momentum Fund - Regular Plan - Growth Option;INF0K1H01073;;13.95;;;25-Aug-2025
152586;Samco Special Opportunities Fund - Direct Plan - Growth;INF0K1H01180;;9.02;;;25-Aug-2025
152587;Samco Special Opportunities Fund - Regular Plan - Growth;INF0K1H01172;;8.85;;;25-Aug-2025

SBI Mutual Fund
152657;SBI Automotive Opportunities Fund - Direct Plan - Growth;INF200KB1183;;10.3469;;;25-Aug-2025
152655;SBI Automotive Opportunities Fund - Direct Plan - Income Distribution Cum Capital Withdrawal Option;INF200KB1191;INF200KB1209;10.3467;;;25-Aug-2025
152658;SBI Automotive Opportunities Fund - Regular Plan - Growth;INF200KB1159;;10.1985;;;25-Aug-2025
152656;SBI Automotive Opportunities Fund - Regular Plan - Income Distribution Cum Capital Withdrawal Option;INF200KB1167;INF200KB1175;10.1987;;;25-Aug-2025
133859;SBI BANKING & FINANCIAL SERVICES FUND - DIRECT PLAN - GROWTH;INF200KA1507;;47.3531;;;25-Aug-2025
133857;SBI Banking & Financial Services Fund - Direct Plan - Income Distribution cum Capital Withdrawal Option (IDCW);INF200KA1515;INF200KA1523;42.3264;;;25-Aug-2025
133858;SBI BANKING & FINANCIAL SERVICES FUND - REGULAR PLAN - GROWTH;INF200KA1473;;42.3646;;;25-Aug-2025
133860;SBI Banking & Financial Services Fund - Regular Plan - Income Distribution cum Capital Withdrawal Option (IDCW);INF200KA1481;INF200KA1499;38.0457;;;25-Aug-2025
119705;SBI COMMA Fund - DIRECT PLAN - Growth;INF200K01SB6;;113.1286;;;25-Aug-2025
119613;SBI Comma Fund - Direct Plan - Income Distribution cum Capital Withdrawal Option (IDCW);INF200K01RZ7;INF200K01SA8;64.3755;;;25-Aug-2025
103145;SBI COMMA Fund - REGULAR PLAN - Growth;INF200K01339;;104.5529;;;25-Aug-2025
103146;SBI Comma Fund - Regular Plan - Income Distribution cum Capital Withdrawal Option (IDCW);INF200K01313;INF200K01321;59.3454;;;25-Aug-2025
120575;SBI CONSUMPTION OPPORTUNITIES FUND - DIRECT PLAN - GROWTH;INF200K01RM5;;358.2245;;;25-Aug-2025
119730;SBI Consumption Opportunities Fund - Direct Plan - Income Distribution cum Capital Withdrawal Option (IDCW);INF200K01RK9;INF200K01RL7;252.1864;;;25-Aug-2025
120576;SBI CONSUMPTION OPPORTUNITIES FUND - REGULAR - GROWTH;INF200K01VR6;;313.6442;;;25-Aug-2025
100645;SBI Consumption Opportunities Fund - Regular Plan - Income Distribution cum Capital Withdrawal Option (IDCW);INF200K01404;INF200K01412;188.8355;;;25-Aug-2025
152417;SBI Energy Opportunities Fund - Direct Plan - Growth;INF200KB1126;;10.5123;;;25-Aug-2025
152420;SBI Energy Opportunities Fund - Direct Plan - Income Distribution Cum Capital Withdrawal Option;INF200KB1134;INF200KB1142;10.5121;;;25-Aug-2025
152418;SBI Energy Opportunities Fund - Regular Plan - Growth;INF200KB1092;;10.3347;;;25-Aug-2025
152419;SBI Energy Opportunities Fund - Regular Plan - Income Distribution Cum Capital Withdrawal Option;INF200KB1100;INF200KB1118;10.3350;;;25-Aug-2025
146643;SBI Equity Minimum Variance Fund - Direct Plan - Growth;INF200KA1A71;;24.6148;;;25-Aug-2025
146642;SBI Equity Minimum Variance Fund - Direct Plan - Income Distribution cum Capital Withdrawal Option (IDCW);INF200KA1A89;INF200KA1A97;24.6132;;;25-Aug-2025
146644;SBI Equity Minimum Variance Fund - Regular Plan - Growth;INF200KA1A48;;24.0463;;;25-Aug-2025
146641;SBI Equity Minimum Variance Fund - Regular Plan - Income Distribution cum Capital Withdrawal Option (IDCW);INF200KA1A55;INF200KA1A63;24.0501;;;25-Aug-2025
119708;SBI ESG Exclusionary Strategy Fund - Direct Plan - Income Distribution cum Capital Withdrawal Option (IDCW);INF200K01SC4;INF200K01SD2;94.1142;;;25-Aug-2025
119709;SBI ESG Exclusionary Strategy Fund - Direct Plan -Growth;INF200K01SE0;;262.1596;;;25-Aug-2025
104523;SBI ESG Exclusionary Strategy Fund - Regular Plan - Growth;INF200K01214;;239.1222;;;25-Aug-2025
101295;SBI ESG Exclusionary Strategy Fund - Regular Plan - Income Distribution cum Capital Withdrawal Option (IDCW);INF200K01198;INF200K01206;74.7842;;;25-Aug-2025
119700;SBI INFRASTRUCTURE FUND -  DIRECT PLAN - GROWTH;INF200K01RS2;;52.2666;;;25-Aug-2025
106096;SBI INFRASTRUCTURE FUND -  REGULAR PLAN - GROWTH;INF200K01CT2;;48.3583;;;25-Aug-2025
119695;SBI Infrastructure Fund - Direct Plan - Income Distribution cum Capital Withdrawal Option (IDCW);INF200K01RQ6;INF200K01RR4;46.2567;;;25-Aug-2025
106095;SBI Infrastructure Fund - Regular Plan - Income Distribution cum Capital Withdrawal Option (IDCW);INF200K01CU0;INF200K01CV8;43.0186;;;25-Aug-2025
152776;SBI Innovative Opportunities Fund - Direct Plan - Growth;INF200KB1324;;9.9839;;;25-Aug-2025
152777;SBI Innovative Opportunities Fund - Direct Plan - Income Distribution Cum Capital Withdrawal Option;INF200KB1332;INF200KB1340;9.9839;;;25-Aug-2025
152774;SBI Innovative Opportunities Fund - Regular Plan - Growth;INF200KB1290;;9.8658;;;25-Aug-2025
152775;SBI Innovative Opportunities Fund - Regular Plan - Income Distribution Cum Capital Withdrawal Option;INF200KB1308;INF200KB1316;9.8662;;;25-Aug-2025
119710;SBI MNC Fund - Direct Plan - Income Distribution cum Capital Withdrawal Option (IDCW);INF200K01SL5;INF200K01SM3;140.3582;;;25-Aug-2025
119711;SBI MNC FUND - DIRECT PLAN -GROWTH;INF200K01SN1;;393.1988;;;25-Aug-2025
103114;SBI MNC Fund - Regular Plan - Income Distribution cum Capital Withdrawal Option (IDCW);INF200K01255;INF200K01263;108.9516;;;25-Aug-2025
103034;SBI MNC FUND - REGULAR PLAN -GROWTH;INF200K01271;;356.6430;;;25-Aug-2025
119732;SBI PSU Fund - DIRECT PLAN - GROWTH;INF200K01UY4;;34.2193;;;25-Aug-2025
119733;SBI PSU Fund - Direct Plan - Income Distribution cum Capital Withdrawal Option (IDCW);INF200K01UW8;INF200K01UX6;34.1693;;;25-Aug-2025
112923;SBI PSU Fund - Regular Plan - Income Distribution cum Capital Withdrawal Option (IDCW);INF200K01BD8;INF200K01BE6;31.0419;;;25-Aug-2025
113099;SBI PSU Fund - REGULAR PLAN -Growth;INF200K01BC0;;31.0455;;;25-Aug-2025
153154;SBI Quant Fund- Direct Plan- Growth;INF200KB1506;;9.5906;;;25-Aug-2025
153151;SBI Quant Fund- Direct Plan- Income Distribution cum Capital Withdrawal Option (IDCW);INF200KB1514;INF200KB1522;9.5904;;;25-Aug-2025
153153;SBI Quant Fund- Regular Plan- Growth;INF200KB1472;;9.5150;;;25-Aug-2025
153152;SBI Quant Fund- Regular Plan- Income Distribution Cum Capital Withdrawal Option (IDCW);INF200KB1480;INF200KB1498;9.5150;;;25-Aug-2025

Shriram Mutual Fund
153076;Shriram Multi Sector Rotation Fund - Direct Plan Growth Option;INF680P01455;;7.774;;;25-Aug-2025
153077;Shriram Multi Sector Rotation Fund - Regular Plan Growth Option;INF680P01463;;7.6769;;;25-Aug-2025

Sundaram Mutual Fund
152677;Sundaram Business Cycle Fund Direct Plan Growth;INF903JA1LQ6;;11.1890;;;25-Aug-2025
152676;Sundaram Business Cycle Fund Direct Plan IDCW Payout;INF903JA1LR4;;11.1890;;;25-Aug-2025
152673;Sundaram Business Cycle Fund Direct Plan IDCW Reinvestment;;INF903JA1LS2;11.1890;;;25-Aug-2025
152678;Sundaram Business Cycle Fund Regular Plan Growth;INF903JA1LN3;;10.9817;;;25-Aug-2025
152674;Sundaram Business Cycle Fund Regular Plan IDCW Payout;INF903JA1LO1;;10.9817;;;25-Aug-2025
152675;Sundaram Business Cycle Fund Regular Plan IDCW Reinvestment;;INF903JA1LP8;10.9817;;;25-Aug-2025
119595;Sundaram Consumption Fund (Formerly Known as Sundaram Rural and Consumption Fund Direct Plan - Growth);INF903J01NH5;;109.3673;;;25-Aug-2025
103743;Sundaram Consumption Fund (Formerly Known as Sundaram Rural and Consumption Fund Regular Plan - Income Distribution cum Capital Withdrawal (IDCW);INF903J01546;INF903J01553;30.2669;;;25-Aug-2025
119594;Sundaram Consumption Fund (Formerly Known asSundaram Rural and Consumption Fund Direct Plan - Income Distribution cum Capital Withdrawal (IDCW);INF903J01NF9;INF903J01NG7;33.7687;;;25-Aug-2025
102142;Sundaram Consumption Fund(Formerly Known as Sundaram Rural and Consumption Fund Regular Plan - Growth);INF903J01561;;99.6783;;;25-Aug-2025
119597;Sundaram Financial Services Opportunities Fund Direct Plan - Growth;INF903J01NB8;;113.2451;;;25-Aug-2025
119596;Sundaram Financial Services Opportunities Fund Direct Plan - Income Distribution cum Capital Withdrawal (IDCW);INF903J01MZ9;INF903J01NA0;35.6896;;;25-Aug-2025
109059;Sundaram Financial Services Opportunities Fund Regular Plan - Growth;INF903J01629;;100.2236;;;25-Aug-2025
109058;Sundaram Financial Services Opportunities Fund Regular Plan - Income Distribution cum Capital Withdrawal (IDCW);INF903J01603;INF903J01611;31.0705;;;25-Aug-2025
129212;Sundaram Infrastructure Advantage Fund Direct Plan - Growth;INF903J01F92;;101.5286;;;25-Aug-2025
129211;Sundaram Infrastructure Advantage Fund Direct Plan - Income Distribution cum Capital Withdrawal (IDCW);INF903J01G00;INF903J01G18;62.5554;;;25-Aug-2025
129213;Sundaram Infrastructure Advantage Fund Regular Plan - Growth;INF903J01F68;;94.9627;;;25-Aug-2025
129210;Sundaram Infrastructure Advantage Fund Regular Plan - Income Distribution cum Capital Withdrawal (IDCW);INF903J01F76;INF903J01F84;58.2104;;;25-Aug-2025
153669;Sundaram Multi-Factor Fund - Direct - Growth;INF903JA1LV6;;10.0751;;;25-Aug-2025
153670;Sundaram Multi-Factor Fund - Direct - IDCW Payout;INF903JA1LU8;;10.0751;;;25-Aug-2025
153666;Sundaram Multi-Factor Fund - Direct - IDCW Reinvestment;;INF903JA1LT0;10.0751;;;25-Aug-2025
153667;Sundaram Multi-Factor Fund - Regular - Growth;INF903JA1LY0;;10.0588;;;25-Aug-2025
153671;Sundaram Multi-Factor Fund - Regular - IDCW Payout;INF903JA1LX2;;10.0588;;;25-Aug-2025
153668;Sundaram Multi-Factor Fund - Regular - IDCW Reinvestment;;INF903JA1LW4;10.0588;;;25-Aug-2025

Tata Mutual Fund
135789;TATA Banking & Financial Services Fund Direct Plan - Payout of Income Distribution cum capital withdrawal option ;INF277K01Z28;;49.4666;;;25-Aug-2025
135792;TATA Banking & Financial Services Fund Direct Plan - Reinvestment of Income Distribution cum capital withdrawal option ;;INF277K01Z36;49.4666;;;25-Aug-2025
135790;TATA Banking & Financial Services Fund Regular Plan - Payout of Income Distribution cum capital withdrawal option ;INF277K01Y94;;39.0059;;;25-Aug-2025
135791;TATA Banking & Financial Services Fund Regular Plan - Reinvestment of Income Distribution cum capital withdrawal option ;;INF277K01Z02;39.0059;;;25-Aug-2025
135793;Tata Banking And Financial Services Fund-Direct Plan-Growth;INF277K01Z10;;49.4666;;;25-Aug-2025
135794;Tata Banking And Financial Services Fund-Regular Plan-Growth;INF277K01Y86;;42.4090;;;25-Aug-2025
149071;Tata Business Cycle Fund-Direct Plan-Growth;INF277KA1166;;20.0672;;;25-Aug-2025
149066;Tata Business Cycle Fund-Direct Plan-IDCW Payout;INF277KA1174;;20.0672;;;25-Aug-2025
149067;Tata Business Cycle Fund-Direct Plan-IDCW Reinvestment;;INF277KA1182;20.0672;;;25-Aug-2025
149068;Tata Business Cycle Fund-Regular Plan-Growth;INF277KA1190;;18.7947;;;25-Aug-2025
149070;Tata Business Cycle Fund-Regular Plan-IDCW Payout;INF277KA1208;;18.7947;;;25-Aug-2025
149069;Tata Business Cycle Fund-Regular Plan-IDCW Reinvestment;;INF277KA1216;18.7947;;;25-Aug-2025
135795;TATA Digital India Fund Direct Plan - Payout of Income Distribution cum capital withdrawal option ;INF277K01Z85;;55.1810;;;25-Aug-2025
135798;TATA Digital India Fund Direct Plan - Reinvestment of Income Distribution cum capital withdrawal option ;;INF277K01Z93;55.1810;;;25-Aug-2025
135796;TATA Digital India Fund Regular Plan - Payout of Income Distribution cum capital withdrawal option ;INF277K01Z51;;47.2989;;;25-Aug-2025
135799;TATA Digital India Fund Regular Plan - Reinvestment of Income Distribution cum capital withdrawal option ;;INF277K01Z69;47.2989;;;25-Aug-2025
135800;Tata Digital India Fund-Direct Plan-Growth;INF277K01Z77;;55.1810;;;25-Aug-2025
135797;Tata Digital India Fund-Regular Plan-Growth;INF277K01Z44;;47.2989;;;25-Aug-2025
119172;Tata Ethical Fund -Direct Plan- Growth Option;INF277K01NG4;;440.1668;;;25-Aug-2025
119171;Tata Ethical Fund- Direct Plan - Payout of IDCW Option;INF277K01NE9;INF277K01NF6;241.6373;;;25-Aug-2025
101833;Tata Ethical Fund- Regular Plan - Payout of IDCW Option;INF277K01EH1;INF277K01949;156.9229;;;25-Aug-2025
100415;Tata Ethical Fund-Regular Plan - Growth Option;INF277K01956;;385.0121;;;25-Aug-2025
150532;Tata Housing Opportunities Fund - Direct Plan - Growth;INF277KA1497;;15.9458;;;25-Aug-2025
150534;Tata Housing Opportunities Fund - Direct Plan - IDCW Payout;INF277KA1513;;15.9458;;;25-Aug-2025
150533;Tata Housing Opportunities Fund - Direct Plan - IDCW Reinvestment;;INF277KA1505;15.9458;;;25-Aug-2025
150537;Tata Housing Opportunities Fund - Regular Plan - Growth;INF277KA1521;;15.1435;;;25-Aug-2025
150535;Tata Housing Opportunities Fund - Regular Plan - IDCW Payout;INF277KA1547;;15.1435;;;25-Aug-2025
150536;Tata Housing Opportunities Fund - Regular Plan - IDCW Reinvestment;;INF277KA1539;15.1435;;;25-Aug-2025
135806;TATA India Consumer Fund Direct Plan - Payout of Income Distribution cum capital withdrawal option ;INF277K014A4;;52.5764;;;25-Aug-2025
135801;TATA India Consumer Fund Direct Plan - Reinvestment of Income Distribution cum capital withdrawal option ;;INF277K015A1;52.5764;;;25-Aug-2025
135802;TATA India Consumer Fund Regular Plan - Payout of Income Distribution cum capital withdrawal option;INF277K011A0;;42.0776;;;25-Aug-2025
135803;TATA India Consumer Fund Regular Plan - Reinvestment of Income Distribution cum capital withdrawal option ;;INF277K012A8;42.0776;;;25-Aug-2025
135805;Tata India Consumer Fund-Direct Plan-Growth;INF277K013A6;;52.5764;;;25-Aug-2025
135804;Tata India Consumer Fund-Regular Plan-Growth;INF277K010A2;;45.6299;;;25-Aug-2025
153055;Tata India Innovation Fund- Direct Growth;INF277KA1CU2;;10.0734;;;25-Aug-2025
153057;Tata India Innovation Fund- Direct IDCW payout;INF277KA1CW8;;10.0734;;;25-Aug-2025
153056;Tata India Innovation Fund- Direct IDCW Reinvestment;;INF277KA1CV0;10.0734;;;25-Aug-2025
153059;Tata India Innovation Fund- Regular Growth;INF277KA1CR8;;9.9583;;;25-Aug-2025
153054;Tata India Innovation Fund- Regular IDCW payout;INF277KA1CT4;;9.9583;;;25-Aug-2025
153058;Tata India Innovation Fund- Regular IDCW Reinvestment;;INF277KA1CS6;9.9583;;;25-Aug-2025
135807;TATA India Pharma & Health Care Fund Direct Plan - Payout of Income Distribution cum capital withdrawal option ;INF277K010B0;;36.3530;;;25-Aug-2025
135809;TATA India Pharma & Health Care Fund Regular Plan - Payout of Income Distribution cum capital withdrawal option ;INF277K017A7;;31.2078;;;25-Aug-2025
135808;TATA India Pharma & Healthcare Fund Direct Plan - Reinvestment of Income Distribution cum capital withdrawal option;;INF277K011B8;36.3530;;;25-Aug-2025
135811;TATA India Pharma & Healthcare Fund Regular Plan - Reinvestment of Income Distribution cum capital withdrawal option ;;INF277K018A5;31.2078;;;25-Aug-2025
135810;Tata India Pharma & Healthcare Fund-Direct Plan-Growth;INF277K019A3;;36.3530;;;25-Aug-2025
135812;Tata India Pharma & Healthcare Fund-Regular Plan-Growth;INF277K016A9;;31.2078;;;25-Aug-2025
119243;Tata Infrastructure Fund -Direct Plan -Growth Option;INF277K01PQ8;;185.0781;;;25-Aug-2025
101852;TATA Infrastructure Fund Regular Plan - Payout of IDCW Option;INF277K01DY8;INF277K01774;80.6284;;;25-Aug-2025
119244;Tata Infrastructure Fund- Direct Plan - Payout of IDCW Option;INF277K01PO3;INF277K01PP0;96.9768;;;25-Aug-2025
101766;Tata Infrastructure Fund-Regular Plan- Growth Option;INF277K01782;;170.1012;;;25-Aug-2025
135817;TATA Resources & Energy Fund Direct Plan - Payout of Income Distribution cum capital withdrawal option ;INF277K016B7;;53.2294;;;25-Aug-2025
135816;TATA Resources & Energy Fund Direct Plan - Reinvestment of Income Distribution cum capital withdrawal option ;;INF277K017B5;53.2294;;;25-Aug-2025
135814;TATA Resources & Energy Fund Regular Plan - Payout of Income Distribution cum capital withdrawal option ;INF277K013B4;;41.4308;;;25-Aug-2025
135818;TATA Resources & Energy Fund Regular Plan - Reinvestment of Income Distribution cum capital withdrawal option ;;INF277K014B2;41.4308;;;25-Aug-2025
135813;Tata Resources & Energy Fund-Direct Plan-Growth;INF277K015B9;;53.2294;;;25-Aug-2025
135815;Tata Resources & Energy Fund-Regular Plan-Growth;INF277K012B6;;45.2954;;;25-Aug-2025

Taurus Mutual Fund
118868;Taurus Banking & Financial Services Fund - Direct Plan - Growth;INF044D01CN2;;59.56;;;25-Aug-2025
118869;Taurus Banking & Financial Services Fund - Direct Plan - Payout of Income Distribution cum Capital Withdrawal option;INF044D01CO0;INF044D01CP7;58.87;;;25-Aug-2025
117312;Taurus Banking & Financial Services Fund - Regular Plan - Growth;INF044D01BI4;;53.25;;;25-Aug-2025
117313;Taurus Banking & Financial Services Fund - Regular Plan - Payout of Income Distribution cum Capital Withdrawal option;INF044D01BJ2;INF044D01BK0;47.67;;;25-Aug-2025
111903;Taurus Ethical Fund -  Regular Plan - Bonus Option;INF044D01823;;126.66;;;25-Aug-2025
118876;Taurus Ethical Fund - Direct Plan - Growth;INF044D01CJ0;;142.87;;;25-Aug-2025
118877;Taurus Ethical Fund - Direct Plan - Payout of Income Distribution cum Capital Withdrawal option;INF044D01CK8;INF044D01CL6;95.90;;;25-Aug-2025
111787;Taurus Ethical Fund - Regular Plan - Growth;INF044D01864;;126.68;;;25-Aug-2025
111788;Taurus Ethical Fund - Regular Plan - Payout of Income Distribution cum Capital Withdrawal option;INF044D01831;INF044D01849;85.63;;;25-Aug-2025
118878;Taurus Ethical Fund-Direct Plan-Bonus Option #;INF044D01CM4;;46.82;;;25-Aug-2025
118879;Taurus Infrastructure Fund - Direct Plan - Growth ;INF044D01CD3;;72.11;;;25-Aug-2025
118880;Taurus Infrastructure Fund - Direct Plan - Payout of Income Distribution cum Capital Withdrawal option;INF044D01CE1;INF044D01CF8;67.15;;;25-Aug-2025
105417;Taurus Infrastructure Fund - Regular Plan - Growth;INF044D01906;;67.16;;;25-Aug-2025
105418;Taurus Infrastructure Fund - Regular Plan - Payout of Income Distribution cum Capital Withdrawal option;INF044D01872;INF044D01880;63.08;;;25-Aug-2025

Union Mutual Fund
153109;Union Active Momentum Fund - Direct Plan - Growth Option;INF582M01KG9;;8.74;;;25-Aug-2025
153110;Union Active Momentum Fund - Direct Plan - IDCW Option;INF582M01KH7;INF582M01KI5;8.74;;;25-Aug-2025
153111;Union Active Momentum Fund - Regular Plan - Growth Option;INF582M01KC8;;8.67;;;25-Aug-2025
153112;Union Active Momentum Fund - Regular Plan - IDCW Option;INF582M01KD6;INF582M01KE4;8.67;;;25-Aug-2025
152409;Union Business Cycle Fund - Direct Plan - Growth Option;INF582M01JQ0;;11.43;;;25-Aug-2025
152410;Union Business Cycle Fund - Direct Plan - IDCW Option;INF582M01JR8;INF582M01JS6;11.43;;;25-Aug-2025
152411;Union Business Cycle Fund - Regular Plan - Growth Option;INF582M01JM9;;11.19;;;25-Aug-2025
152412;Union Business Cycle Fund - Regular Plan - IDCW Option;INF582M01JN7;INF582M01JO5;11.19;;;25-Aug-2025
151905;Union Innovation & Opportunities Fund - Direct Plan - Growth Option;INF582M01JE6;;14.76;;;25-Aug-2025
151904;Union Innovation & Opportunities Fund - Direct Plan - IDCW Option;INF582M01JF3;INF582M01JG1;14.76;;;25-Aug-2025
151903;Union Innovation & Opportunities Fund - Regular Plan - Growth Option;INF582M01JA4;;14.33;;;25-Aug-2025
151906;Union Innovation & Opportunities Fund - Regular Plan - IDCW Option;INF582M01JB2;INF582M01JC0;14.33;;;25-Aug-2025

UTI Mutual Fund
120733;UTI Banking and Financial Services Fund - Direct Plan - Growth Option;INF789F01SN3;;213.9431;;;25-Aug-2025
120732;UTI Banking and Financial Services Fund - Direct Plan - IDCW;INF789F01SL7;INF789F01SM5;83.7337;;;25-Aug-2025
102401;UTI Banking and Financial Services Fund - Regular Plan - Growth Option;INF789F01372;;187.5253;;;25-Aug-2025
102402;UTI Banking and Financial Services Fund - Regular Plan - IDCW;INF789F01356;INF789F01364;72.9839;;;25-Aug-2025
120782;UTI Healthcare Fund - Direct Plan - Growth Option;INF789F01TO9;;334.6684;;;25-Aug-2025
120783;UTI Healthcare Fund - Direct Plan - IDCW;INF789F01TM3;INF789F01TN1;258.6742;;;25-Aug-2025
100807;UTI Healthcare Fund - Regular Plan - Growth Option;INF789F01695;;296.4961;;;25-Aug-2025
100806;UTI Healthcare Fund - Regular Plan - IDCW;INF789F01679;INF789F01687;229.1501;;;25-Aug-2025
120780;UTI India Consumer Fund - Direct Plan - Growth Option;INF789F01VF3;;63.998;;;25-Aug-2025
120781;UTI India Consumer Fund - Direct Plan - IDCW;INF789F01VG1;INF789F01VH9;56.183;;;25-Aug-2025
106425;UTI India Consumer Fund - Regular Plan - Growth Option;INF789F01CE6;;59.0816;;;25-Aug-2025
106426;UTI India Consumer Fund - Regular Plan - IDCW;INF789F01CF3;INF789F01CG1;51.6455;;;25-Aug-2025
120729;UTI Infrastructure Fund - Direct Plan - IDCW;INF789F01TS0;INF789F01TT8;76.9077;;;25-Aug-2025
102396;UTI Infrastructure Fund - Regular Plan - IDCW;INF789F01737;INF789F01745;73.1022;;;25-Aug-2025
102395;UTI Infrastructure Fund-Growth Option;INF789F01752;;139.87;;;25-Aug-2025
120728;UTI Infrastructure Fund-Growth Option- Direct;INF789F01TU6;;146.9659;;;25-Aug-2025
120682;UTI - MNC Fund - Growth Option - Direct;INF789F01UD0;;442.7355;;;25-Aug-2025
100740;UTI - MNC Fund - Regular Plan - Growth Option;INF789F01844;;397.1099;;;25-Aug-2025
120681;UTI MNC Fund - Direct Plan - IDCW;INF789F01UB4;INF789F01UC2;229.6614;;;25-Aug-2025
100739;UTI MNC Fund - Regular Plan - IDCW;INF789F01828;INF789F01836;204.7438;;;25-Aug-2025
120730;UTI Transportation and Logistics Fund - Direct Plan - IDCW;INF789F01SF9;INF789F01SG7;148.7416;;;25-Aug-2025
102397;UTI Transportation and Logistics Fund - Regular Plan - IDCW;INF789F01273;INF789F01281;129.2521;;;25-Aug-2025
102398;UTI-Transportation and Logistics  Fund-Growth Option;INF789F01299;;280.3069;;;25-Aug-2025
120731;UTI-Transportation and Logistics  Fund-Growth Option- Direct;INF789F01SH5;;321.6046;;;25-Aug-2025
152087;UTI Innovation Fund - Direct Plan - Growth Option;INF789F1AZA4;;12.1384;;;25-Aug-2025
152089;UTI Innovation Fund - Direct Plan - Payout of IDCW Option;INF789F1AZB2;;12.1384;;;25-Aug-2025
152086;UTI Innovation Fund - Regular Plan - Growth Option;INF789F1AYY7;;11.8177;;;25-Aug-2025
152088;UTI Innovation Fund - Regular Plan - Payout of IDCW Option;INF789F1AYZ4;;11.8177;;;25-Aug-2025
153204;UTI Quant Fund - Direct Plan - Growth Option;INF789F1AA98;;10.5818;;;25-Aug-2025
153205;UTI Quant Fund - Regular Plan - Growth Option;INF789F1AA80;;10.4748;;;25-Aug-2025

WhiteOak Capital Mutual Fund
152321;WhiteOak Capital Banking & Financial Services Fund - Direct Growth;INF03VN01860;;12.845;;;25-Aug-2025
152322;WhiteOak Capital Banking & Financial Services Fund - Regular Growth;INF03VN01852;;12.506;;;25-Aug-2025
152915;WhiteOak Capital Digital Bharat Fund Direct Plan Growth;INF03VN01936;;10.699;;;25-Aug-2025
152914;WhiteOak Capital Digital Bharat Fund Regular Plan Growth;INF03VN01944;;10.539;;;25-Aug-2025
152962;WhiteOak Capital ESG Best-In-Class Strategy Fund Direct Plan Growth;INF03VN01951;;10.727;;;25-Aug-2025
152963;WhiteOak Capital ESG Best-In-Class Strategy Fund Regular Plan Growth;INF03VN01969;;10.574;;;25-Aug-2025
152349;WhiteOak Capital Pharma and Heathcare Fund Direct Plan Growth;INF03VN01886;;14.495;;;25-Aug-2025
152348;WhiteOak Capital Pharma and Heathcare Fund Regular Plan Growth;INF03VN01878;;14.106;;;25-Aug-2025
153189;WhiteOak Capital Quality Equity Fund Direct Plan Growth;INF03VN01977;;10.728;;;25-Aug-2025
153190;WhiteOak Capital Quality Equity Fund Regular Plan Growth;INF03VN01985;;10.621;;;25-Aug-2025
152644;WhiteOak Capital Special Opportunities Fund - Direct Growth;INF03VN01902;;13.316;;;25-Aug-2025
152643;WhiteOak Capital Special Opportunities Fund - Regular Growth;INF03VN01894;;12.991;;;25-Aug-2025

Open Ended Schemes ( Equity Scheme - ELSS )


360 ONE Mutual Fund
151165;360 ONE ELSS Tax Saver Nifty 50 Index Fund - Direct Plan - Growth;INF579M01AN2;;14.0753;;;25-Aug-2025
151166;360 ONE ELSS Tax Saver Nifty 50 Index Fund - Direct Plan - IDCW Payout;INF579M01AO0;;14.0753;;;25-Aug-2025
151164;360 ONE ELSS Tax Saver Nifty 50 Index Fund - Regular Plan - Growth;INF579M01AL6;;13.9820;;;25-Aug-2025
151167;360 ONE ELSS Tax Saver Nifty 50 Index Fund - Regular Plan - IDCW Payout;INF579M01AM4;;13.9820;;;25-Aug-2025

Aditya Birla Sun Life Mutual Fund
119544;Aditya Birla Sun Life ELSS Tax Saver Fund - Growth - Direct Plan;INF209K01UN8;;68.53;;;25-Aug-2025
107745;Aditya Birla Sun Life ELSS Tax Saver Fund - Growth Option;INF209K01108;;61.36;;;25-Aug-2025
119543;Aditya Birla Sun Life ELSS Tax Saver Fund-DIRECT - IDCW;INF209K01P23;INF209K01UM0;458.2;;;25-Aug-2025
103164;Aditya Birla Sun Life ELSS Tax Saver Fund-Regular - IDCW;INF209K01090;INF209K01CB1;200.28;;;25-Aug-2025

Axis Mutual Fund
120503;Axis ELSS Tax Saver Fund - Direct Plan - Growth Option;INF846K01EW2;;109.9294;;;25-Aug-2025
120502;Axis ELSS Tax Saver Fund - Direct Plan - IDCW;INF846K01EX0;INF846K01EY8;55.5284;;;25-Aug-2025
112323;Axis ELSS Tax Saver Fund - Regular Plan - Growth;INF846K01131;;97.2651;;;25-Aug-2025
112322;Axis ELSS Tax Saver Fund - Regular Plan - IDCW;INF846K01149;INF846K01156;25.9974;;;25-Aug-2025

Bajaj Finserv Mutual Fund
153201;BAJAJ FINSERV ELSS TAX SAVER FUND - DIRECT - GROWTH;INF0QA701AK0;;11.210;;;25-Aug-2025
153203;BAJAJ FINSERV ELSS TAX SAVER FUND - DIRECT - IDCW;INF0QA701AL8;;11.210;;;25-Aug-2025
153202;BAJAJ FINSERV ELSS TAX SAVER FUND - REGULAR - GROWTH;INF0QA701AI4;;11.095;;;25-Aug-2025
153200;BAJAJ FINSERV ELSS TAX SAVER FUND - REGULAR - IDCW;INF0QA701AJ2;;11.095;;;25-Aug-2025

Bandhan Mutual Fund
118473;BANDHAN ELSS Tax Saver Fund - Direct Plan - Growth;INF194K01Y29;;174.412;;;25-Aug-2025
118472;BANDHAN ELSS Tax Saver Fund - Direct Plan - IDCW;INF194K01Y37;INF194K01Y45;43.073;;;25-Aug-2025
111569;BANDHAN ELSS Tax Saver Fund - Regular Plan - Growth;INF194K01292;;151.680;;;25-Aug-2025
111570;BANDHAN ELSS Tax Saver Fund - Regular Plan - IDCW;INF194K01300;INF194K01318;32.695;;;25-Aug-2025

Bank of India Mutual Fund
119351;BANK OF INDIA ELSS Tax Saver -Direct Plan- Growth;INF761K01884;;185.01;;;25-Aug-2025
119352;BANK OF INDIA ELSS Tax Saver -Direct Plan-IDCW;INF761K01876;INF761K01868;73.89;;;25-Aug-2025
111709;BANK OF INDIA ELSS Tax Saver -ECO Plan-Growth;INF761K01157;;171.71;;;25-Aug-2025
111711;BANK OF INDIA ELSS Tax Saver -ECO Plan-IDCW;INF761K01132;INF761K01140;28.50;;;25-Aug-2025
111710;BANK OF INDIA ELSS Tax Saver -Regular Plan- Growth;INF761K01181;;158.70;;;25-Aug-2025
111708;BANK OF INDIA ELSS Tax Saver -Regular Plan-IDCW;INF761K01165;INF761K01173;30.57;;;25-Aug-2025

Baroda BNP Paribas Mutual Fund
150159;BARODA BNP PARIBAS ELSS Tax Saver Fund - Direct Plan - Growth Option;INF251K01HF3;;108.0917;;;25-Aug-2025
150158;BARODA BNP PARIBAS ELSS Tax Saver Fund - Direct Plan - IDCW Option;INF251K01HH9;INF251K01HG1;29.2194;;;25-Aug-2025
150156;BARODA BNP PARIBAS ELSS Tax Saver Fund - Regular - Growth Option;INF251K01985;;95.7873;;;25-Aug-2025
150157;BARODA BNP PARIBAS ELSS Tax Saver Fund- Regular - IDCW Option;INF251K01AA9;INF251K01993;22.9965;;;25-Aug-2025

Canara Robeco Mutual Fund
118285;CANARA ROBECO ELSS TAX SAVER - DIRECT PLAN - GROWTH OPTION;INF760K01EL8;;196.8000;;;25-Aug-2025
118286;CANARA ROBECO ELSS TAX SAVER - DIRECT PLAN - IDCW (Payout);INF760K01EJ2;INF760K01EK0;80.2700;;;25-Aug-2025
111722;CANARA ROBECO ELSS TAX SAVER - REGULAR PLAN - GROWTH OPTION;INF760K01100;;175.9000;;;25-Aug-2025
100593;CANARA ROBECO ELSS TAX SAVER - REGULAR PLAN -IDCW (Payout);INF760K01084;INF760K01092;49.4900;;;25-Aug-2025

DSP Mutual Fund
119242;DSP ELSS Tax Saver Fund - Direct Plan - Growth;INF740K01OK1;;153.25;;;25-Aug-2025
119241;DSP ELSS Tax Saver Fund - Direct Plan - IDCW;INF740K01OL9;INF740K01OM7;92.566;;;25-Aug-2025
104772;DSP ELSS Tax Saver Fund - Regular Plan - Growth;INF740K01185;;137.877;;;25-Aug-2025
104773;DSP ELSS Tax Saver Fund - Regular Plan - IDCW;INF740K01169;INF740K01177;23.634;;;25-Aug-2025

Edelweiss Mutual Fund
118619;Edelweiss ELSS Tax Saver Fund - Direct Plan - IDCW Option;INF754K01BX2;INF754K01BY0;44;;;25-Aug-2025
118620;Edelweiss ELSS Tax Saver Fund - Direct Plan-Growth Option;INF754K01CA8;;130.12;;;25-Aug-2025
111638;Edelweiss ELSS Tax Saver Fund - Regular Plan - Growth Option;INF754K01517;;109.84;;;25-Aug-2025
111639;Edelweiss ELSS Tax Saver Fund - Regular Plan - IDCW Option;INF754K01525;INF754K01541;29.4;;;25-Aug-2025

Franklin Templeton Mutual Fund
118540;Franklin India ELSS Tax Saver Fund - Direct - Growth;INF090I01JS8;;1647.5224;;;25-Aug-2025
118541;Franklin India ELSS Tax Saver Fund - Direct - IDCW;INF090I01JT6;INF090I01JU4;77.6437;;;25-Aug-2025
100525;Franklin India ELSS Tax Saver Fund - IDCW;INF090I01783;INF090I01791;66.9231;;;25-Aug-2025
100526;Franklin India ELSS Tax Saver Fund-Growth;INF090I01775;;1476.4785;;;25-Aug-2025

Groww Mutual Fund
141807;Groww ELSS Tax Saver Fund (formerly known as Indiabulls Tax Savings Fund)- Direct Plan- Dividend Option;INF666M01DL5;;22.86;;;25-Aug-2025
141808;Groww ELSS Tax Saver Fund (formerly known as Indiabulls Tax Savings Fund)- Direct Plan- Growth Option;INF666M01DK7;;22.89;;;25-Aug-2025
141810;Groww ELSS Tax Saver Fund (formerly known as Indiabulls Tax Savings Fund)- Regular Plan- - Income Distribution cum capital withdrawal Option (Payout);INF666M01DO9;;20.15;;;25-Aug-2025
141862;Groww ELSS Tax Saver Fund (formerly known as Indiabulls Tax Savings Fund)-Regular Plan-Growth Option;INF666M01DN1;;20.15;;;25-Aug-2025

HDFC Mutual Fund
119060;HDFC ELSS Tax saver - Growth Option - Direct Plan;INF179K01YS4;;1537.892;;;25-Aug-2025
101979;HDFC ELSS Tax saver - Growth Plan;INF179K01BB8;;1423.222;;;25-Aug-2025
119059;HDFC ELSS Tax saver - IDCW Option - Direct Plan;INF179K01YQ8;INF179K01YR6;103.097;;;25-Aug-2025
101980;HDFC ELSS Tax saver - IDCW Plan;INF179K01AZ9;INF179K01BA0;76.065;;;25-Aug-2025

HSBC Mutual Fund
151078;HSBC ELSS Tax saver Fund - Direct Growth;INF917K01GP0;;146.3552;;;25-Aug-2025
151079;HSBC ELSS Tax saver Fund - Direct IDCW Payout;INF917K01GO3;;41.1594;;;25-Aug-2025
151076;HSBC ELSS Tax saver Fund - Regular Growth;INF677K01064;;134.1882;;;25-Aug-2025
151077;HSBC ELSS Tax saver Fund - Regular IDCW Payout;INF677K01072;;28.1138;;;25-Aug-2025
104707;HSBC Tax Saver Equity Fund - Growth;INF336L01BA4;;95.3833;;;25-Aug-2025
120079;HSBC Tax Saver Equity Fund - Growth Direct;INF336L01EE0;;107.1602;;;25-Aug-2025
104706;HSBC Tax Saver Equity Fund - IDCW;INF336L01AZ3;;34.9053;;;25-Aug-2025
120078;HSBC Tax Saver Equity Fund - IDCW Direct Plan;INF336L01ER2;;39.3398;;;25-Aug-2025

ICICI Prudential Mutual Fund
120592;ICICI Prudential ELSS Tax Saver Fund - Direct Plan - Growth;INF109K01Y31;;1047.36;;;25-Aug-2025
120593;ICICI Prudential ELSS Tax Saver Fund - Direct Plan - IDCW;INF109K01Y15;INF109K01Y23;47.85;;;25-Aug-2025
100354;ICICI Prudential ELSS Tax Saver Fund - Growth;INF109K01464;;942.96;;;25-Aug-2025
100353;ICICI Prudential ELSS Tax Saver Fund - IDCW;INF109K01FN1;INF109K01472;24.36;;;25-Aug-2025

Invesco Mutual Fund
120416;Invesco India ELSS Tax Saver Fund - Direct Plan - Growth;INF205K01NT8;;149.62;;;25-Aug-2025
120417;Invesco India ELSS Tax Saver Fund - Direct Plan - IDCW (Payout / Reinvestment);INF205K01NR2;INF205K01NS0;32.53;;;25-Aug-2025
104636;Invesco India ELSS Tax Saver Fund - Growth;INF205K01270;;126.36;;;25-Aug-2025
104635;Invesco India ELSS Tax Saver Fund - IDCW (Payout / Reinvestment);INF205K01296;INF205K01288;24.73;;;25-Aug-2025

ITI Mutual Fund
147541;ITI ELSS Tax Saver Fund - Direct Plan - Growth Option;INF00XX01390;;27.0509;;;25-Aug-2025
147542;ITI ELSS Tax Saver Fund - Direct Plan - IDCW Option;INF00XX01408;;24.9442;;;25-Aug-2025
147544;ITI ELSS Tax Saver Fund - Regular Plan - Growth Option;INF00XX01374;;24.0727;;;25-Aug-2025
147543;ITI ELSS Tax Saver Fund - Regular Plan - IDCW Option;INF00XX01382;;22.0908;;;25-Aug-2025

JM Financial Mutual Fund
120494;JM ELSS Tax Saver Fund (Direct) - Growth Option;INF192K01CE3;;56.0265;;;25-Aug-2025
120493;JM ELSS Tax Saver Fund (Direct) - IDCW;INF192K01CD5;;54.6452;;;25-Aug-2025
107288;JM ELSS Tax Saver Fund (Regular) - Growth option;INF192K01650;;48.9951;;;25-Aug-2025
107287;JM ELSS Tax Saver Fund (Regular) - IDCW;INF192K01643;;48.9944;;;25-Aug-2025

Kotak Mahindra Mutual Fund
103339;Kotak ELSS Tax Saver Fund-Growth;INF174K01369;;115.203;;;25-Aug-2025
119773;Kotak ELSS Tax Saver Fund-Growth - Direct;INF174K01LI3;;135.098;;;25-Aug-2025
103338;Kotak ELSS Tax Saver Fund-Payout of Income Distribution cum capital withdrawal option;INF174K01385;;43.114;;;25-Aug-2025
119772;Kotak ELSS Tax Saver Fund-Payout of Income Distribution cum capital withdrawal option - Direct;INF174K01LJ1;;56.592;;;25-Aug-2025

LIC Mutual Fund
120270;LIC MF ELSS Tax Saver-Direct Plan-Growth;INF767K01EM1;;174.5903;;;25-Aug-2025
120269;LIC MF ELSS Tax Saver-Direct Plan-IDCW;INF767K01EL3;INF767K01EN9;38.5571;;;25-Aug-2025
100865;LIC MF ELSS Tax Saver-Regular Plan-Growth;INF767K01956;;152.7498;;;25-Aug-2025
100864;LIC MF ELSS Tax Saver-Regular Plan-IDCW;INF767K01931;INF767K01949;31.9771;;;25-Aug-2025
134878;LIC MF ULIS (10 Yrs. Regular Premium Reducing Cover Half-Yearly)-Direct Plan-IDCW Reinvestment;;INF767K01DR2;40.8464;;;25-Aug-2025
134865;LIC MF ULIS (10 Yrs. Regular Premium Reducing Cover Half-Yearly)-Regular Plan-IDCW Reinvestment;;INF767K01998;36.6993;;;25-Aug-2025
134876;LIC MF ULIS (10 Yrs. Regular Premium Reducing Cover Monthly)-Direct Plan-IDCW Reinvestment;;INF767K01DQ4;40.8464;;;25-Aug-2025
134847;LIC MF ULIS (10 Yrs. Regular Premium Reducing Cover Monthly)-Regular Plan-IDCW Reinvestment;;INF767K01980;36.6993;;;25-Aug-2025
135976;LIC MF ULIS (10 Yrs. Regular Premium Reducing Cover Quarterly)-Direct Plan-IDCW Reinvestment;;INF767K01OY5;40.8464;;;25-Aug-2025
135979;LIC MF ULIS (10 Yrs. Regular Premium Reducing Cover Quarterly)-Regular Plan-IDCW Reinvestment;;INF767K01OV1;36.6993;;;25-Aug-2025
134877;LIC MF ULIS (10 Yrs. Regular Premium Reducing Cover Yearly)-Direct Plan-IDCW Reinvestment;;INF767K01DS0;40.8464;;;25-Aug-2025
134864;LIC MF ULIS (10 Yrs. Regular Premium Reducing Cover Yearly)-Regular Plan-IDCW Reinvestment;;INF767K01AA4;36.6993;;;25-Aug-2025
134879;LIC MF ULIS (10 Yrs. Regular Premium Uniform Cover Half-Yearly)-Direct Plan-IDCW Reinvestment;;INF767K01DU6;40.8464;;;25-Aug-2025
134867;LIC MF ULIS (10 Yrs. Regular Premium Uniform Cover Half-Yearly)-Regular Plan-IDCW Reinvestment;;INF767K01AC0;36.6993;;;25-Aug-2025
134881;LIC MF ULIS (10 Yrs. Regular Premium Uniform Cover Monthly)-Direct Plan-IDCW Reinvestment;;INF767K01DT8;40.8464;;;25-Aug-2025
134863;LIC MF ULIS (10 Yrs. Regular Premium Uniform Cover Monthly)-Regular Plan-IDCW Reinvestment;;INF767K01AB2;36.6993;;;25-Aug-2025
135977;LIC MF ULIS (10 Yrs. Regular Premium Uniform Cover Quarterly)-Direct Plan-IDCW Reinvestment;;INF767K01PB0;40.8464;;;25-Aug-2025
135983;LIC MF ULIS (10 Yrs. Regular Premium Uniform Cover Quarterly)-Regular Plan-IDCW Reinvestment;;INF767K01PA2;36.6993;;;25-Aug-2025
134880;LIC MF ULIS (10 Yrs. Regular Premium Uniform Cover Yearly)-Direct Plan-IDCW Reinvestment;;INF767K01DV4;40.8464;;;25-Aug-2025
134868;LIC MF ULIS (10 Yrs. Regular Premium Uniform Cover Yearly)-Regular Plan-IDCW Reinvestment;;INF767K01AD8;36.6993;;;25-Aug-2025
134875;LIC MF ULIS (10 Yrs. Single Premium)-Direct Plan-IDCW Reinvestment;;INF767K01DP6;40.8464;;;25-Aug-2025
134846;LIC MF ULIS (10 Yrs. Single Premium)-Regular Plan-IDCW Reinvestment;;INF767K01972;36.6993;;;25-Aug-2025
134882;LIC MF ULIS (15 Yrs. Regular Premium Reducing Cover Half-Yearly)-Direct Plan-IDCW Reinvestment;;INF767K01DX0;40.8464;;;25-Aug-2025
134870;LIC MF ULIS (15 Yrs. Regular Premium Reducing Cover Half-Yearly)-Regular Plan-IDCW Reinvestment;;INF767K01AF3;36.6993;;;25-Aug-2025
134884;LIC MF ULIS (15 Yrs. Regular Premium Reducing Cover Monthly)-Direct Plan-IDCW Reinvestment;;INF767K01DW2;40.8464;;;25-Aug-2025
134869;LIC MF ULIS (15 Yrs. Regular Premium Reducing Cover Monthly)-Regular Plan-IDCW Reinvestment;;INF767K01AE6;36.6993;;;25-Aug-2025
135978;LIC MF ULIS (15 Yrs. Regular Premium Reducing Cover Quarterly)-Direct Plan-IDCW Reinvestment;;INF767K01OX7;40.8464;;;25-Aug-2025
135981;LIC MF ULIS (15 Yrs. Regular Premium Reducing Cover Quarterly)-Regular Plan-IDCW Reinvestment;;INF767K01OU3;36.6993;;;25-Aug-2025
134883;LIC MF ULIS (15 Yrs. Regular Premium Reducing Cover Yearly)-Direct Plan-IDCW Reinvestment;;INF767K01DY8;40.8464;;;25-Aug-2025
134871;LIC MF ULIS (15 Yrs. Regular Premium Reducing Cover Yearly)-Regular Plan-IDCW Reinvestment;;INF767K01AG1;36.6993;;;25-Aug-2025
134885;LIC MF ULIS (15 Yrs. Regular Premium Uniform Cover Half-Yearly)-Direct Plan-IDCW Reinvestment;;INF767K01EA6;40.8464;;;25-Aug-2025
134873;LIC MF ULIS (15 Yrs. Regular Premium Uniform Cover Half-Yearly)-Regular Plan-IDCW Reinvestment;;INF767K01AI7;36.6993;;;25-Aug-2025
134887;LIC MF ULIS (15 Yrs. Regular Premium Uniform Cover Monthly)-Direct Plan-IDCW Reinvestment;;INF767K01DZ5;40.8464;;;25-Aug-2025
134872;LIC MF ULIS (15 Yrs. Regular Premium Uniform Cover Monthly)-Regular Plan-IDCW Reinvestment;;INF767K01AH9;36.6993;;;25-Aug-2025
135980;LIC MF ULIS (15 Yrs. Regular Premium Uniform Cover Quarterly)-Direct Plan-IDCW Reinvestment;;INF767K01OZ2;40.8464;;;25-Aug-2025
135982;LIC MF ULIS (15 Yrs. Regular Premium Uniform Cover Quarterly)-Regular Plan-IDCW Reinvestment;;INF767K01OW9;36.6993;;;25-Aug-2025
134886;LIC MF ULIS (15 Yrs. Regular Premium Uniform Cover Yearly)-Direct Plan-IDCW Reinvestment;;INF767K01EB4;40.8464;;;25-Aug-2025
134874;LIC MF ULIS (15Yrs. Regular Premium Uniform Cover Yearly)-Regular Plan-IDCW Reinvestment;;INF767K01AJ5;36.6993;;;25-Aug-2025
120259;LIC MF ULIS (5 Yrs. Single Premium)-Direct Plan-IDCW Reinvestment;;INF767K01DO9;40.8464;;;25-Aug-2025
100325;LIC MF ULIS (5 Yrs. Single Premium)-Regular Plan-IDCW Reinvestment;;INF767K01964;36.6993;;;25-Aug-2025

Mahindra Manulife Mutual Fund
139781;Mahindra Manulife ELSS Tax Saver Fund - Direct Plan -Growth;INF174V01093;;33.5715;;;25-Aug-2025
139780;Mahindra Manulife ELSS Tax Saver Fund - Regular Plan - IDCW;INF174V01085;;18.5145;;;25-Aug-2025
139782;Mahindra Manulife ELSS Tax Saver Fund- Direct Plan - IDCW;INF174V01101;;22.7180;;;25-Aug-2025
139783;Mahindra Manulife ELSS Tax Saver Fund- Regular Plan - Growth;INF174V01077;;28.5761;;;25-Aug-2025

Mirae Asset Mutual Fund
135781;Mirae Asset ELSS Tax Saver Fund - Direct Plan - Growth;INF769K01DM9;;55.387;;;25-Aug-2025
135782;Mirae Asset ELSS Tax Saver Fund - Direct Plan - IDCW;INF769K01DN7;;30.336;;;25-Aug-2025
135784;Mirae Asset ELSS Tax Saver Fund - Regular Plan - Growth;INF769K01DK3;;48.911;;;25-Aug-2025
135783;Mirae Asset ELSS Tax Saver Fund - Regular Plan - IDCW;INF769K01DL1;;25.758;;;25-Aug-2025

Motilal Oswal Mutual Fund
133386;Motilal Oswal ELSS Tax Saver Fund - Direct Plan - Growth Option;INF247L01569;;58.4480;;;25-Aug-2025
133383;Motilal Oswal ELSS Tax Saver Fund - IDCW Payout;INF247L01551;;30.2287;;;25-Aug-2025
133385;Motilal Oswal ELSS Tax Saver Fund - Regular Plan - Growth Option;INF247L01544;;50.9578;;;25-Aug-2025
133384;Motilal Oswal ELSS Tax Saver Fund Direct - IDCW Payout;INF247L01577;;38.8398;;;25-Aug-2025

Navi Mutual Fund
135653;Navi ELSS Tax Saver Fund - Direct Plan IDCW Payout;INF959L01CE3;;33.3869;;;25-Aug-2025
135652;Navi ELSS Tax Saver Fund - Regular Plan IDCW Payout;INF959L01CG8;;28.4602;;;25-Aug-2025
135654;Navi ELSS Tax Saver Fund- Direct Plan- Growth Option;INF959L01CD5;;33.8071;;;25-Aug-2025
135655;Navi ELSS Tax Saver Fund- Regular Plan- Growth Option;INF959L01CF0;;28.4629;;;25-Aug-2025
151471;NAVI ELSS TAX SAVER NIFTY 50 INDEX FUND - DIRECT PLAN GROWTH;INF959L01GR6;;15.0679;;;25-Aug-2025
151473;NAVI ELSS TAX SAVER NIFTY 50 INDEX FUND - DIRECT PLAN IDCW PAYOUT;INF959L01GT2;;15.0749;;;25-Aug-2025
151472;NAVI ELSS TAX SAVER NIFTY 50 INDEX FUND - REGULAR PLAN GROWTH;INF959L01GS4;;14.7066;;;25-Aug-2025
151474;NAVI ELSS TAX SAVER NIFTY 50 INDEX FUND - REGULAR PLAN IDCW PAYOUT;INF959L01GU0;;14.7648;;;25-Aug-2025

Nippon India Mutual Fund
133866;NIPPON INDIA TAX SAVER (ELSS) FUND - ANNUAL IDCW Option;INF204KA1E04;;21.6817;;;25-Aug-2025
133865;NIPPON INDIA TAX SAVER (ELSS) FUND - DIRECT Plan - ANNUAL IDCW Option;INF204KA1E12;;23.5709;;;25-Aug-2025
118801;NIPPON INDIA TAX SAVER (ELSS) FUND - DIRECT Plan - IDCW Option;INF204K01L30;INF204K01L48;47.7151;;;25-Aug-2025
103197;NIPPON INDIA TAX SAVER (ELSS) FUND - IDCW Option;INF204K01GL2;INF204K01GM0;35.6679;;;25-Aug-2025
103196;Nippon India Tax Saver (ELSS) Fund-Growth Plan-Growth Option;INF204K01GK4;;128.7715;;;25-Aug-2025
118803;Nippon India Tax Saver Fund - Direct Plan Growth Plan - Growth Option;INF204K01L55;;141.4378;;;25-Aug-2025

NJ Mutual Fund
151611;NJ ELSS Tax Saver Scheme Direct Growth;INF0J8L01115;;15.28;;;25-Aug-2025
151612;NJ ELSS Tax Saver Scheme Direct IDCW;INF0J8L01123;;15.28;;;25-Aug-2025
151609;NJ ELSS Tax Saver Scheme Regular Growth;INF0J8L01099;;14.69;;;25-Aug-2025
151610;NJ ELSS Tax Saver Scheme Regular IDCW;INF0J8L01107;;14.69;;;25-Aug-2025

PGIM India Mutual Fund
135600;PGIM India ELSS Tax Saver Fund - Direct Plan - Dividend Option;INF663L01FO3;;19.61;;;25-Aug-2025
135601;PGIM India ELSS Tax Saver Fund - Direct Plan - Growth Option;INF663L01FN5;;40.39;;;25-Aug-2025
135599;PGIM India ELSS Tax Saver Fund - Regular Plan - Dividend Option;INF663L01FR6;;18.44;;;25-Aug-2025
135598;PGIM India ELSS Tax Saver Fund - Regular Plan - Growth Option;INF663L01FQ8;;35.24;;;25-Aug-2025

PPFAS Mutual Fund
147481;Parag Parikh ELSS Tax Saver Fund- Direct Growth;INF879O01100;;34.1799;;;25-Aug-2025
147482;Parag Parikh ELSS Tax Saver Fund- Regular Growth;INF879O01092;;31.7682;;;25-Aug-2025

quant Mutual Fund
120847;quant ELSS Tax Saver Fund - Growth Option - Direct Plan;INF966L01986;;402.0688;;;25-Aug-2025
100175;quant ELSS Tax Saver Fund - Growth Option - Regular Plan;INF966L01135;;358.9948;;;25-Aug-2025
120846;quant ELSS Tax Saver Fund - IDCW Option - Direct Plan;INF966L01960;INF966L01127;53.598;;;25-Aug-2025
100174;quant ELSS Tax Saver Fund - IDCW Option - Regular Plan;INF966L01119;;49.8506;;;25-Aug-2025

Quantum Mutual Fund
111549;Quantum ELSS Tax Saver Fund - Direct Plan Growth Option;INF082J01069;;131.11;;;25-Aug-2025
111550;Quantum ELSS Tax Saver Fund - Direct Plan IDCW;INF082J01077;INF082J01085;130.26;;;25-Aug-2025
141070;Quantum ELSS Tax Saver Fund - Regular Plan Growth Option;INF082J01366;;124.93;;;25-Aug-2025
141071;Quantum ELSS Tax Saver Fund - Regular Plan IDCW;INF082J01374;;124.09;;;25-Aug-2025

Samco Mutual Fund
150838;Samco ELSS Tax Saver Fund - Direct Plan - Growth Option;INF0K1H01065;;13.80;;;25-Aug-2025
150839;Samco ELSS Tax Saver Fund - Regular Plan - Growth Option;INF0K1H01057;;13.28;;;25-Aug-2025

SBI Mutual Fund
119722;SBI ELSS Tax Saver Fund - Direct Plan - Income Distribution cum Capital Withdrawal Option (IDCW);INF200K01UK3;;116.7448;;;25-Aug-2025
119723;SBI ELSS Tax Saver FUND - DIRECT PLAN -GROWTH;INF200K01UM9;;471.3368;;;25-Aug-2025
103883;SBI ELSS Tax Saver Fund - Regular Plan - Income Distribution cum Capital Withdrawal Option (IDCW);INF200K01479;;88.3693;;;25-Aug-2025
105628;SBI ELSS Tax Saver FUND - REGULAR PLAN- GROWTH;INF200K01495;;435.8748;;;25-Aug-2025

Shriram Mutual Fund
145819;Shriram ELSS Tax Saver Fund - Direct Growth;INF680P01158;;23.5693;;;25-Aug-2025
145822;Shriram ELSS Tax Saver Fund - Direct- IDCW;INF680P01166;;23.3953;;;25-Aug-2025
145820;Shriram ELSS Tax Saver Fund - Regular Growth;INF680P01133;;20.9554;;;25-Aug-2025
145821;Shriram ELSS Tax Saver Fund - Regular-IDCW;INF680P01141;;20.958;;;25-Aug-2025

Sundaram Mutual Fund
119549;Sundaram Diversified Equity (ELSS) Direct Plan - Growth;INF903J01NN3;;236.6097;;;25-Aug-2025
119548;Sundaram Diversified Equity (ELSS) Direct Plan - Income Distribution cum Capital Withdrawal (IDCW);INF903J01NL7;INF903J01NM5;20.8815;;;25-Aug-2025
101853;Sundaram Diversified Equity (ELSS) Regular Plan - Growth;INF903J01538;;223.2500;;;25-Aug-2025
100614;Sundaram Diversified Equity (ELSS) Regular Plan - Income Distribution cum Capital Withdrawal (IDCW);INF903J01512;INF903J01520;17.1767;;;25-Aug-2025
149571;Sundaram ELSS Tax Saver Fund Direct Plan - Income Distribution CUM Capital Withdrawal Option (IDCW);INF173K01NN1;;551.9114;;;25-Aug-2025
149570;Sundaram ELSS Tax Saver Fund Direct Plan Growth;INF173K01HZ7;;552.4719;;;25-Aug-2025
149569;Sundaram ELSS Tax Saver Fund Regular Growth;INF173K01361;;516.5267;;;25-Aug-2025
149572;Sundaram ELSS Tax Saver Fund Regular Plan - Income Distribution CUM Capital Withdrawal Option (IDCW);INF173K01NM3;;414.2254;;;25-Aug-2025

Tata Mutual Fund
119281;Tata ELSS Fund- Direct Plan - Payout of IDCW Option;INF277K01I94;;226.1327;;;25-Aug-2025
100474;Tata ELSS Fund- Regular Plan - Payout of IDCW Option;INF277K01I60;;98.3224;;;25-Aug-2025
132756;Tata ELSS Fund-Growth-Direct Plan;INF277K01I86;;50.3465;;;25-Aug-2025
132757;Tata ELSS Fund-Growth-Regular Plan;INF277K01I52;;43.9351;;;25-Aug-2025

Taurus Mutual Fund
118866;Taurus ELSS Tax Saver Fund - Direct Plan - Growth;INF044D01CG6;INF044D01AA3;201.74;;;25-Aug-2025
118867;Taurus ELSS Tax Saver Fund - Direct Plan - Payout of Income Distribution cum Capital Withdrawal option;INF044D01CH4;INF044D01CI2;92.98;;;25-Aug-2025
100480;Taurus ELSS Tax Saver Fund - Regular Plan - Growth;INF044D01AC9;;184.98;;;25-Aug-2025
108402;Taurus ELSS Tax Saver Fund - Regular Plan - Payout of Income Distribution cum Capital Withdrawal option;INF044D01997;;86.66;;;25-Aug-2025

Union Mutual Fund
119307;Union ELSS Tax Saver Fund - Direct Plan - Growth Option;INF582M01765;;71.10;;;25-Aug-2025
119306;Union ELSS Tax Saver Fund - Direct Plan - IDCW Option;INF582M01781;INF582M01773;71.10;;;25-Aug-2025
116051;Union ELSS Tax Saver Fund - Growth Option;INF582M01302;;65.40;;;25-Aug-2025
116052;Union ELSS Tax Saver Fund - IDCW Option;INF582M01328;INF582M01310;36.56;;;25-Aug-2025

UTI Mutual Fund
120715;UTI ELSS Tax Saver Fund - Direct Plan - Growth Option;INF789F01TF7;;230.5229;;;25-Aug-2025
120714;UTI ELSS Tax Saver Fund - Direct Plan - IDCW;INF789F01TD2;INF789F01TE0;54.3258;;;25-Aug-2025
100821;UTI ELSS Tax Saver Fund - Regular Plan - Growth Option;INF789F01547;;205.7502;;;25-Aug-2025
100820;UTI ELSS Tax Saver Fund - Regular Plan - IDCW;INF789F01521;INF789F01539;39.3067;;;25-Aug-2025

WhiteOak Capital Mutual Fund
150587;WhiteOak Capital ELSS Tax Saver Fund Direct Plan Growth;INF03VN01621;;18.413;;;25-Aug-2025
150586;WhiteOak Capital ELSS Tax Saver Fund Direct Plan IDCW;INF03VN01639;;18.413;;;25-Aug-2025
150589;WhiteOak Capital ELSS Tax Saver Fund Regular Plan Growth;INF03VN01647;;17.530;;;25-Aug-2025
150588;WhiteOak Capital ELSS Tax Saver Fund Regular Plan IDCW;INF03VN01654;;17.530;;;25-Aug-2025

Open Ended Schemes ( Debt Scheme - Overnight Fund )


360 ONE Mutual Fund
153703;360 ONE Overnight Fund - Direct Plan - Growth;INF579M01BG4;;1006.9819;;;25-Aug-2025
153700;360 ONE Overnight Fund - Regular Plan - Growth;INF579M01BD1;;1006.8780;;;25-Aug-2025
153702;360 ONE Overnight Fund - Regular Plan - IDCW;INF579M01BE9;INF579M01BF6;1006.8780;;;25-Aug-2025
153701;360 ONE Overnight Fund- Direct Plan - IDCW;INF579M01BH2;INF579M01BI0;1006.9819;;;25-Aug-2025

Aditya Birla Sun Life Mutual Fund
145488;ADITYA BIRLA SUN LIFE OVERNIGHT FUND-  Direct - Monthly Payout of IDCW;INF209KB1ZL4;;1004.5655;;;25-Aug-2025
145489;ADITYA BIRLA SUN LIFE OVERNIGHT FUND-  Direct - Weekly Reinvestment of IDCW;;INF209KB1ZJ8;1000.4688;;;25-Aug-2025
145482;ADITYA BIRLA SUN LIFE OVERNIGHT FUND-  Regular - Weekly Reinvestment of IDCW option;;INF209KB1ZE9;1000.4613;;;25-Aug-2025
145487;ADITYA BIRLA SUN LIFE OVERNIGHT FUND- Direct - Daily Reinvestment of IDCW;;INF209KB1ZI0;1000.02;;;25-Aug-2025
145483;ADITYA BIRLA SUN LIFE OVERNIGHT FUND- Regular - Daily Reinvestment of IDCW;;INF209KB1ZD1;1000.02;;;25-Aug-2025
145485;ADITYA BIRLA SUN LIFE OVERNIGHT FUND- Regular- Monthly Payout of IDCW option;INF209KB1ZG4;;1004.4733;;;25-Aug-2025
145486;ADITYA BIRLA SUN LIFE OVERNIGHT FUND-DIRECT PLAN-GROWTH;INF209KB1ZH2;;1412.1247;;;25-Aug-2025
145481;ADITYA BIRLA SUNLIFE OVERNIGHT FUND-REGULAR PLAN-GROWTH;INF209KB1ZC3;;1401.097;;;25-Aug-2025

Axis Mutual Fund
146679;Axis Overnight Fund - Direct Plan - Daily IDCW;;INF846K01N99;1000.5073;;;25-Aug-2025
146675;Axis Overnight Fund - Direct Plan - Growth Option;INF846K01N65;;1381.6909;;;25-Aug-2025
146677;Axis Overnight Fund - Direct Plan - Monthly IDCW;INF846K01N73;INF846K01N81;1000.8457;;;25-Aug-2025
146676;Axis Overnight Fund - Direct Plan - Weekly IDCW;INF846K01N40;INF846K01N57;1000.7022;;;25-Aug-2025
146682;Axis Overnight Fund - Regular Plan - Daily IDCW;;INF846K01O56;1000.5032;;;25-Aug-2025
146678;Axis Overnight Fund - Regular Plan - Growth Option;INF846K01O23;;1376.9069;;;25-Aug-2025
146681;Axis Overnight Fund - Regular Plan - Monthly IDCW;INF846K01O31;INF846K01O49;1000.8385;;;25-Aug-2025
146680;Axis Overnight Fund - Regular Plan - Weekly IDCW;INF846K01O07;INF846K01O15;1000.6715;;;25-Aug-2025

Bajaj Finserv Mutual Fund
153437;Bajaj Finserv Overnight Fund - Direct - Unclaimed less than 3 years IDCW Plan;INF0QA701AE3;;1017.5000;;;25-Aug-2025
153438;Bajaj Finserv Overnight Fund - Direct - Unclaimed less than 3 years Redemption Plan;INF0QA701AF0;;1023.0394;;;25-Aug-2025
151843;Bajaj Finserv Overnight Fund - Direct Plan - Daily - IDCW;;INF0QA701185;1033.1412;;;25-Aug-2025
151850;Bajaj Finserv Overnight Fund - Direct Plan - Fortnightly - IDCW;INF0QA701235;INF0QA701201;1033.1412;;;25-Aug-2025
151849;Bajaj Finserv Overnight Fund - Direct Plan - Growth;INF0QA701177;;1145.0088;;;25-Aug-2025
151845;Bajaj Finserv Overnight Fund - Direct Plan - Monthly - IDCW;INF0QA701243;INF0QA701219;1034.2323;;;25-Aug-2025
151844;Bajaj Finserv Overnight Fund - Direct Plan - Weekly - IDCW;INF0QA701227;INF0QA701193;1033.1412;;;25-Aug-2025
151852;Bajaj Finserv Overnight Fund - Regular Plan - Daily - IDCW;;INF0QA701292;1032.8859;;;25-Aug-2025
151847;Bajaj Finserv Overnight Fund - Regular Plan - Fortnightly - IDCW;INF0QA701318;INF0QA701276;1032.8859;;;25-Aug-2025
151851;Bajaj Finserv Overnight Fund - Regular Plan - Growth;INF0QA701250;;1143.7834;;;25-Aug-2025
151848;Bajaj Finserv Overnight Fund - Regular Plan - Monthly - IDCW;INF0QA701326;INF0QA701284;1033.9540;;;25-Aug-2025
151846;Bajaj Finserv Overnight Fund - Regular Plan - Weekly - IDCW;INF0QA701300;INF0QA701268;1032.8859;;;25-Aug-2025

Bandhan Mutual Fund
146190;BANDHAN Overnight Fund - Direct Plan - Daily IDCW;INF194KB1462;INF194KB1470;1000.0073;;;25-Aug-2025
146191;BANDHAN Overnight Fund - Direct Plan - Growth;INF194KB1447;;1392.3638;;;25-Aug-2025
146183;BANDHAN Overnight Fund - Direct Plan - Monthly IDCW;INF194KB1496;INF194KB1504;1003.8528;;;25-Aug-2025
146184;BANDHAN Overnight Fund - Direct Plan - Periodic IDCW;INF194KB1520;INF194KB1538;1268.6983;;;25-Aug-2025
146192;BANDHAN Overnight Fund - Direct Plan - Weekly IDCW;INF194KB1553;INF194KB1561;1000.4764;;;25-Aug-2025
146188;BANDHAN Overnight Fund - Regular Plan - Daily IDCW;INF194KB1330;INF194KB1348;1000.0073;;;25-Aug-2025
146187;BANDHAN Overnight Fund - Regular Plan - Growth;INF194KB1314;;1382.4265;;;25-Aug-2025
146185;BANDHAN Overnight Fund - Regular Plan - Monthly IDCW;INF194KB1363;INF194KB1371;1003.8213;;;25-Aug-2025
146189;BANDHAN Overnight Fund - Regular Plan - Weekly IDCW;INF194KB1421;INF194KB1439;1001.3754;;;25-Aug-2025
146186;BANDHAN Overnight Fund - REGULAR PLAN PERIODIC IDCW;INF194KB1397;INF194KB1405;1264.9199;;;25-Aug-2025

Bank of India Mutual Fund
147951;BANK OF INDIA Overnight Fund Direct Plan Growth;INF761K01EU7;;1325.2558;;;25-Aug-2025
147952;BANK OF INDIA Overnight Fund Direct Plan- Daily IDCW;;INF761K01EV5;1000.0000;;;25-Aug-2025
147948;BANK OF INDIA Overnight Fund Direct Plan- Monthly IDCW;INF761K01EY9;INF761K01EX1;1004.2267;;;25-Aug-2025
147936;BANK OF INDIA Overnight Fund Regular Plan Growth;INF761K01EZ6;;1321.5656;;;25-Aug-2025
147953;BANK OF INDIA Overnight Fund Regular Plan- Daily IDCW;;INF761K01FA6;1000.0000;;;25-Aug-2025
147949;BANK OF INDIA Overnight Fund Regular Plan- Monthly IDCW;INF761K01FD0;INF761K01FC2;1004.2011;;;25-Aug-2025
149412;BANK OF INDIA Overnight Fund Unclaimed IDCW Plan - Greater than 3 Years;;;1000.0000;;;25-Aug-2025
149414;BANK OF INDIA Overnight Fund Unclaimed IDCW Plan - Up to 3 Years;;;1246.0516;;;25-Aug-2025
149415;BANK OF INDIA Overnight Fund Unclaimed Redemption Plan - Greater than 3 Years;;;1000.0000;;;25-Aug-2025
149413;BANK OF INDIA Overnight Fund Unclaimed Redemption Plan - Upto 3 Years;;;1246.3471;;;25-Aug-2025

Baroda BNP Paribas Mutual Fund
147197;Baroda BNP Paribas Overnight Fund - Direct Plan - Daily IDCW;;INF955L01HW2;1000.0028;;;25-Aug-2025
147196;Baroda BNP Paribas Overnight Fund - Direct Plan - Growth;INF955L01HV4;;1371.1322;;;25-Aug-2025
147195;Baroda BNP Paribas Overnight Fund - Direct Plan - Weekly IDCW;;INF955L01HX0;1001.0006;;;25-Aug-2025
149988;Baroda BNP Paribas Overnight Fund - Plan C - Unclaimed IDCW - Greater than 3 years;;;1000.0000;;;25-Aug-2025
149991;Baroda BNP Paribas Overnight Fund - Plan C - Unclaimed IDCW - Up to 3 years;;;1230.2171;;;25-Aug-2025
149990;Baroda BNP Paribas Overnight Fund - Plan C - Unclaimed Redemption - Greater than 3 years;;;1000.0000;;;25-Aug-2025
149989;Baroda BNP Paribas Overnight Fund - Plan C - Unclaimed Redemption - Up to 3 years;;;1230.1884;;;25-Aug-2025
147194;Baroda BNP Paribas Overnight Fund - Regular Plan - Daily IDCW;;INF955L01HT8;1000.0018;;;25-Aug-2025
147193;Baroda BNP Paribas Overnight Fund - Regular Plan - Growth;INF955L01HS0;;1365.4775;;;25-Aug-2025
147198;Baroda BNP Paribas Overnight Fund - Regular Plan - Weekly IDCW;;INF955L01HU6;1001.4715;;;25-Aug-2025

Canara Robeco Mutual Fund
147532;CANARA ROBECO OVERNIGHT FUND - DIRECT PLAN - DAILY IDCW (Reinvestment);;INF760K01JN3;1001.0012;;;25-Aug-2025
147531;CANARA ROBECO OVERNIGHT FUND - DIRECT PLAN - GROWTH OPTION;INF760K01JM5;;1348.2640;;;25-Aug-2025
147533;CANARA ROBECO OVERNIGHT FUND - REGULAR PLAN - DAILY IDCW (Reinvestment);;INF760K01JP8;1001.0000;;;25-Aug-2025
147534;CANARA ROBECO OVERNIGHT FUND - REGULAR PLAN - GROWTH OPTION;INF760K01JO1;;1346.9262;;;25-Aug-2025

DSP Mutual Fund
146062;DSP Overnight Fund - Direct Plan - Growth;INF740KA1MC8;;1398.3561;;;25-Aug-2025
146065;DSP Overnight Fund - Direct Plan - IDCW - Daily;;INF740KA1OR2;1000.0099;;;25-Aug-2025
146061;DSP Overnight Fund - Regular Plan - Growth;INF740KA1MB0;;1390.9277;;;25-Aug-2025
146066;DSP Overnight Fund - Regular Plan - IDCW - Daily;;INF740KA1OU6;1000.0099;;;25-Aug-2025
146063;DSP Overnight Fund - Regular Plan - IDCW - Weekly;INF740KA1OV4;INF740KA1OW2;1000.8252;;;25-Aug-2025
149313;Unclaimed IDCW - Beyond 3 years (Invested in DSP Overnight Fund);;;10;;;25-Aug-2025
149312;Unclaimed IDCW - Upto 3 years (Invested in DSP Overnight Fund);;;12.4562;;;25-Aug-2025
149311;Unclaimed Redemption - Beyond 3 years (Invested in DSP Overnight Fund);;;10;;;25-Aug-2025
149310;Unclaimed Redemption - Upto 3 years (Invested in DSP Overnight Fund);;;12.4562;;;25-Aug-2025

Edelweiss Mutual Fund
147551;Edelweiss Overnight Fund - Direct Plan - Annual - IDCW Option;INF754K01KD5;INF754K01KC7;1351.2627;;;25-Aug-2025
147557;Edelweiss Overnight Fund - Direct Plan - Daily - IDCW Option;;INF754K01JW7;1000.1508;;;25-Aug-2025
147570;Edelweiss Overnight Fund - Direct Plan - Growth;INF754K01JV9;;1350.8024;;;25-Aug-2025
147554;Edelweiss Overnight Fund - Direct Plan - Monthly - IDCW Option;INF754K01KB9;INF754K01KA1;1057.5099;;;25-Aug-2025
147556;Edelweiss Overnight Fund - Regular Plan - Annual - IDCW Option;INF754K01KM6;INF754K01KL8;1346.2576;;;25-Aug-2025
147552;Edelweiss Overnight Fund - Regular Plan - Daily - IDCW Option;;INF754K01KF0;1008.3332;;;25-Aug-2025
147549;Edelweiss Overnight Fund - Regular Plan - Fortnightly - IDCW Option;INF754K01KI4;INF754K01KH6;1096.8582;;;25-Aug-2025
147569;Edelweiss Overnight Fund - Regular Plan - Growth;INF754K01KE3;;1346.252;;;25-Aug-2025
147555;Edelweiss Overnight Fund - Regular Plan - Monthly - IDCW Option;INF754K01KK0;INF754K01KJ2;1004.4138;;;25-Aug-2025
147553;Edelweiss Overnight Fund - Regular Plan - Weekly - IDCW Option;;INF754K01KG8;1017.3885;;;25-Aug-2025
149476;Edelweiss Overnight Fund - Unclaimed IDCW Plan - Above 3 years;;;1000;;;25-Aug-2025
149477;Edelweiss Overnight Fund - Unclaimed IDCW Plan - Upto 3 years;;;1235.9111;;;25-Aug-2025
149479;Edelweiss Overnight Fund - Unclaimed Redemption Plan - Above 3 years;;;1000;;;25-Aug-2025
149478;Edelweiss Overnight Fund - Unclaimed Redemption Plan - Upto 3 years;;;1235.9096;;;25-Aug-2025

Franklin Templeton Mutual Fund
147215;Franklin India Overnight Fund - Daily Dividend Plan - Daily - IDCW;;INF090I01SM2;1000.0001;;;25-Aug-2025
147212;Franklin India Overnight Fund - Direct Daily Dividend Plan - Daily - IDCW;;INF090I01ST7;1000.0008;;;25-Aug-2025
147211;Franklin India Overnight Fund - Direct Weekly Dividend Plan - Weekly - IDCW;INF090I01SR1;INF090I01SQ3;1000.1477;;;25-Aug-2025
147216;Franklin India Overnight Fund - Weekly Dividend Plan - Weekly - IDCW;INF090I01SN0;INF090I01SP5;1000.1517;;;25-Aug-2025
147213;Franklin India Overnight fund- Growth;INF090I01SO8;;1357.0081;;;25-Aug-2025
147214;Franklin India Overnight Fund- Growth - Direct;INF090I01SS9;;1361.3450;;;25-Aug-2025
149445;Franklin India Overnight Fund- Unclaimed IDCW Investor Education Plan;;;10.0000;;;25-Aug-2025
149443;Franklin India Overnight Fund- Unclaimed IDCW Plan;;;12.3557;;;25-Aug-2025
149444;Franklin India Overnight Fund- Unclaimed Redemption Investor EducationPlan;;;10.0000;;;25-Aug-2025
149446;Franklin India Overnight Fund- Unclaimed Redemption Plan;;;12.3557;;;25-Aug-2025

Groww Mutual Fund
147458;Groww Overnight Fund (formerly known as Indiabulls Overnight Fund)- Direct Plan- - Income Distribution cum capital withdrawal Option ( Reinvestment);;INF666M01GM6;1001.2186;;;25-Aug-2025
147452;Groww Overnight Fund (formerly known as Indiabulls Overnight Fund)- Direct Plan- Fortnightly - Income Distribution cum capital withdrawal Option (Payout & Reinvestment);INF666M01GP9;INF666M01GQ7;1214.7795;;;25-Aug-2025
147450;Groww Overnight Fund (formerly known as Indiabulls Overnight Fund)- Direct Plan- Growth Option;INF666M01GL8;;1345.9026;;;25-Aug-2025
147453;Groww Overnight Fund (formerly known as Indiabulls Overnight Fund)- Direct Plan- Monthly - Income Distribution cum capital withdrawal Option (Payout & Reinvestment);INF666M01GR5;INF666M01GS3;1004.8877;;;25-Aug-2025
147451;Groww Overnight Fund (formerly known as Indiabulls Overnight Fund)- Direct Plan- Weekly - Income Distribution cum capital withdrawal Option (Payout & Reinvestment);INF666M01GN4;INF666M01GO2;1002.1426;;;25-Aug-2025
147455;Groww Overnight Fund (formerly known as Indiabulls Overnight Fund)- Regular Plan- - Income Distribution cum capital withdrawal Option ( Reinvestment);;INF666M01GU9;1001.0359;;;25-Aug-2025
147457;Groww Overnight Fund (formerly known as Indiabulls Overnight Fund)- Regular Plan- Fortnightly - Income Distribution cum capital withdrawal Option (Payout & Reinvestment);INF666M01GX3;INF666M01GY1;1000.911;;;25-Aug-2025
147454;Groww Overnight Fund (formerly known as Indiabulls Overnight Fund)- Regular Plan- Growth Option;INF666M01GT1;;1338.2651;;;25-Aug-2025
147459;Groww Overnight Fund (formerly known as Indiabulls Overnight Fund)- Regular Plan- Monthly - Income Distribution cum capital withdrawal Option (Payout & Reinvestment);INF666M01GZ8;INF666M01HA9;1004.8404;;;25-Aug-2025
147456;Groww Overnight Fund (formerly known as Indiabulls Overnight Fund)- Regular Plan- Weekly - Income Distribution cum capital withdrawal Option (Payout & Reinvestment);INF666M01GV7;INF666M01GW5;1000.9848;;;25-Aug-2025
149394;Groww Overnight Fund (formerly known as Indiabulls Overnight Fund)- Unclaimed Dividend < 3 years;;;1239.9515;;;25-Aug-2025
149396;Groww Overnight Fund (formerly known as Indiabulls Overnight Fund)- Unclaimed Redemption < 3 Years;;;1233.635;;;25-Aug-2025

HDFC Mutual Fund
119109;HDFC Overnight Fund - Daily IDCW Option - Direct Plan;;INF179KB1HY1;1042.66;;;25-Aug-2025
101996;HDFC Overnight Fund - Growth Option;INF179KB1HS3;;3833.571;;;25-Aug-2025
119110;HDFC Overnight Fund - Growth Option - Direct Plan;INF179KB1HT1;;3871.0831;;;25-Aug-2025
101997;HDFC Overnight Fund - IDCW Option (Daily);;INF179KB1IF8;1042.66;;;25-Aug-2025

Helios Mutual Fund
152151;Helios Overnight Fund - Direct Plan - Daily IDCW Option;INF0R8701087;;1000.0000;;;25-Aug-2025
152152;Helios Overnight Fund - Direct Plan - Growth Option;INF0R8701079;;1120.9627;;;25-Aug-2025
152154;Helios Overnight Fund - Regular Plan - Daily IDCW Option;INF0R8701103;;1000.0000;;;25-Aug-2025
152153;Helios Overnight Fund - Regular Plan - Growth Option;INF0R8701095;;1119.9322;;;25-Aug-2025

HSBC Mutual Fund
147291;HSBC Overnight Fund - Direct Daily IDCW;;INF336L01OG4;1000.0149;;;25-Aug-2025
147287;HSBC Overnight Fund - Direct Growth;INF336L01OF6;;1366.1884;;;25-Aug-2025
147300;HSBC Overnight Fund - Direct Monthly IDCW;INF336L01OK6;INF336L01OI0;1000.0015;;;25-Aug-2025
147296;HSBC Overnight Fund - Direct Weekly IDCW;INF336L01OJ8;INF336L01OH2;1000.9215;;;25-Aug-2025
147289;HSBC Overnight Fund - Regular Daily IDCW;;INF336L01OM2;1000.0149;;;25-Aug-2025
147290;HSBC Overnight Fund - Regular Growth;INF336L01OL4;;1355.2147;;;25-Aug-2025
147301;HSBC Overnight Fund - Regular Monthly IDCW;INF336L01OQ3;INF336L01OO8;1000.0015;;;25-Aug-2025
147288;HSBC Overnight Fund - Regular Weekly IDCW;INF336L01OP5;INF336L01ON0;1000.9181;;;25-Aug-2025
150501;HSBC Overnight Fund - Unclaimed IDCW Above three years;;;1000;;;25-Aug-2025
150499;HSBC Overnight Fund - Unclaimed IDCW Below three years;;;1212.4844;;;25-Aug-2025
150500;HSBC Overnight Fund - Unclaimed Redemption above three years;;;1000;;;25-Aug-2025
150502;HSBC Overnight Fund - Unclaimed Redemption Below three years;;;1212.5002;;;25-Aug-2025

ICICI Prudential Mutual Fund
145547;ICICI Prudential Overnight Fund - Daily IDCW;;INF109KC18E1;1000.0050;;;25-Aug-2025
145537;ICICI Prudential Overnight Fund - Direct Plan - Daily IDCW;;INF109KC12G9;1000.0050;;;25-Aug-2025
145536;ICICI Prudential Overnight Fund - Direct Plan - Growth;INF109KC11G1;;1406.7824;;;25-Aug-2025
149411;ICICI Prudential Overnight fund - Direct Plan - Unclaimed IDCW Stable Scheme;INF109KC18H4;;1000.0000;;;25-Aug-2025
149408;ICICI Prudential Overnight fund - Direct Plan - Unclaimed IDCW Transitory Scheme;INF109KC16H8;;1241.2233;;;25-Aug-2025
149409;ICICI Prudential Overnight fund - Direct Plan - Unclaimed Redemption Stable Scheme;INF109KC17H6;;1000.0000;;;25-Aug-2025
149410;ICICI Prudential Overnight fund - Direct Plan - Unclaimed Redemption Transitory Scheme;INF109KC15H0;;1241.2418;;;25-Aug-2025
145539;ICICI Prudential Overnight Fund - Direct Plan - Weekly IDCW;INF109KC16G0;INF109KC15G2;1001.0434;;;25-Aug-2025
145535;ICICI Prudential Overnight Fund - Growth;INF109KC17E3;;1398.7727;;;25-Aug-2025
145538;ICICI Prudential Overnight Fund - Weekly IDCW;INF109KC12F1;INF109KC11F3;1001.0300;;;25-Aug-2025

Invesco Mutual Fund
147884;Invesco India Overnight Fund - Direct Plan - Daily IDCW (Reinvestment);;INF205KA1122;1000.5303;;;25-Aug-2025
147883;Invesco India Overnight Fund - Direct Plan - Growth;INF205KA1163;;1319.0757;;;25-Aug-2025
147886;Invesco India Overnight Fund - Direct Plan - Monthly IDCW (Payout / Reinvestment);INF205KA1155;INF205KA1148;1003.8583;;;25-Aug-2025
147880;Invesco India Overnight Fund - Regular Plan - Daily IDCW (Reinvestment);;INF205KA1072;1000.1395;;;25-Aug-2025
147878;Invesco India Overnight Fund - Regular Plan - Growth;INF205KA1114;;1314.8963;;;25-Aug-2025
147879;Invesco India Overnight Fund - Regular Plan - Monthly IDCW (Payout / Reinvestment);INF205KA1106;INF205KA1098;1003.9804;;;25-Aug-2025
147881;Invesco India Overnight Fund - Regular Plan - Weekly IDCW (Reinvestment);;INF205KA1080;1000.2275;;;25-Aug-2025

ITI Mutual Fund
147713;ITI Overnight Fund - Direct Plan - Growth Option;INF00XX01564;;1323.2668;;;25-Aug-2025
147717;ITI Overnight Fund - Direct Plan - Monthly IDCW Option;INF00XX01630;INF00XX01606;1005.3000;;;25-Aug-2025
147709;ITI Overnight Fund - Regular Plan - Daily IDCW Option;;INF00XX01481;1001.0002;;;25-Aug-2025
147716;ITI Overnight Fund - Regular Plan - Fortnightly IDCW Option;INF00XX01531;INF00XX01507;1002.9082;;;25-Aug-2025
147714;ITI Overnight Fund - Regular Plan - Growth Option;INF00XX01473;;1315.4483;;;25-Aug-2025
147718;ITI Overnight Fund - Regular Plan - Monthly IDCW Option;INF00XX01549;INF00XX01515;1001.0714;;;25-Aug-2025
147712;ITI Overnight Fund - Regular Plan - Weekly IDCW Option;;INF00XX01499;1001.8538;;;25-Aug-2025

Jio BlackRock Mutual Fund
153650;JioBlackRock Overnight Fund - Direct Plan - Growth Option;INF22M001036;;1008.0762;;;25-Aug-2025

JM Financial Mutual Fund
147838;JM Overnight Fund (Direct) - Daily IDCW;;INF192K01LY2;1000;;;25-Aug-2025
147835;JM Overnight Fund (Direct) - Weekly IDCW;INF192K01LZ9;INF192K01MA0;1000.8817;;;25-Aug-2025
147839;JM Overnight Fund (Regular) - Daily IDCW;;INF192K01LU0;1000;;;25-Aug-2025
147836;JM Overnight Fund (Regular) - Growth;INF192K01LX4;;1319.1713;;;25-Aug-2025
147834;JM Overnight Fund (Regular) - Weekly IDCW;INF192K01LV8;INF192K01LW6;1000.8686;;;25-Aug-2025
147837;JM Overnight Fund - (Direct) - Growth;INF192K01MB8;;1324.4544;;;25-Aug-2025
149828;JM Overnight Fund - (Direct) - Unclaimed IDCW - Growth Plan;;;1332.1586;;;25-Aug-2025
149827;JM Overnight Fund - (Direct) - Unclaimed IDCW I.E.F. - Growth Plan;;;1073.9936;;;25-Aug-2025
149829;JM Overnight Fund - (Direct) - Unclaimed Redemption - Growth Plan;;;1324.4743;;;25-Aug-2025
149826;JM Overnight Fund - (Direct) - Unclaimed Redemption I.E.F. - Growth Plan;;;1073.9936;;;25-Aug-2025

Kotak Mahindra Mutual Fund
146141;Kotak Overnight Fund -Direct Plan-Growth Option;INF174KA1BF9;;1392.7961;;;25-Aug-2025
146142;Kotak Overnight Fund -Regular plan-Growth Option;INF174KA1BC6;;1384.3899;;;25-Aug-2025
146140;Kotak Overnight Fund-Direct Plan- Daily Reinvestment of Income Distribution cum capital withdrawal option;;INF174KA1BE2;1003.6055;;;25-Aug-2025
146138;Kotak Overnight Fund-Regular Plan- Daily Reinvestment of Income Distribution cum capital withdrawal option;;INF174KA1BB8;1004.7568;;;25-Aug-2025

LIC Mutual Fund
147516;LIC MF Overnight Fund-Direct Plan-Daily IDCW;;INF767K01QG7;1075.7214;;;25-Aug-2025
147515;LIC MF Overnight Fund-Direct Plan-Growth;INF767K01QI3;;1353.2788;;;25-Aug-2025
147513;LIC MF Overnight Fund-Direct Plan-IDCW;INF767K01QE2;INF767K01QF9;1353.3256;;;25-Aug-2025
147514;LIC MF Overnight Fund-Direct Plan-Weekly IDCW;;INF767K01QH5;1054.702;;;25-Aug-2025
147519;LIC MF Overnight Fund-Regular Plan-Growth;INF767K01QD4;;1342.7722;;;25-Aug-2025
147512;LIC MF Overnight Fund-Regular Plan-IDCW;INF767K01PZ9;INF767K01QA0;1187.6957;;;25-Aug-2025
147518;LIC MF Overnight Fund-Regular Plan-Weekly IDCW;;INF767K01QC6;1180.3437;;;25-Aug-2025

Mahindra Manulife Mutual Fund
147563;Mahindra Manulife Overnight Fund - Direct Plan - Daily IDCW;;INF174V01846;1354.6713;;;25-Aug-2025
147564;Mahindra Manulife Overnight Fund - Direct Plan -Growth;INF174V01838;;1351.3521;;;25-Aug-2025
147566;Mahindra Manulife Overnight Fund - Regular Plan - Daily IDCW;;INF174V01820;1191.0798;;;25-Aug-2025
147565;Mahindra Manulife Overnight Fund - Regular Plan - Growth;INF174V01812;;1343.0453;;;25-Aug-2025
149471;Mahindra Manulife Overnight Fund - Unclaimed Redemption/IDCW beyond 3 years;;;1000.0000;;;25-Aug-2025
149470;Mahindra Manulife Overnight Fund - Unclaimed Redemption/IDCW upto 3 years;;;1239.2407;;;25-Aug-2025

Mirae Asset Mutual Fund
147737;Mirae Asset Overnight Fund Direct Daily IDCW;;INF769K01FJ0;1000.0003;;;25-Aug-2025
147738;Mirae Asset Overnight Fund Direct Monthly IDCW;INF769K01FF8;INF769K01FI2;1000.0000;;;25-Aug-2025
147736;Mirae Asset Overnight Fund Direct Plan Growth;INF769K01FG6;;1338.8435;;;25-Aug-2025
147740;Mirae Asset Overnight Fund Direct Weekly IDCW;;INF769K01FK8;1000.7592;;;25-Aug-2025
147743;Mirae Asset Overnight Fund Regular Daily  IDCW ;;INF769K01FL6;1000.0137;;;25-Aug-2025
147742;Mirae Asset Overnight Fund Regular Monthly IDCW;INF769K01FD3;INF769K01FH4;1000.0000;;;25-Aug-2025
147739;Mirae Asset Overnight Fund Regular Plan Growth;INF769K01FE1;;1331.5863;;;25-Aug-2025
147741;Mirae Asset Overnight Fund Regular Weekly IDCW;;INF769K01FM4;1000.7527;;;25-Aug-2025

Nippon India Mutual Fund
145830;NIPPON INDIA OVERNIGHT FUND - DAILY IDCW Option;;INF204KB1Q73;100.0050;;;25-Aug-2025
145812;NIPPON INDIA OVERNIGHT FUND - DIRECT Plan - DAILY IDCW Option;;INF204KB1R49;100.0050;;;25-Aug-2025
145810;Nippon India Overnight Fund - Direct Plan - Growth Option;INF204KB1R31;;140.2342;;;25-Aug-2025
145824;NIPPON INDIA OVERNIGHT FUND - DIRECT Plan - MONTHLY IDCW Option;INF204KB1R64;INF204KB1R72;100.1215;;;25-Aug-2025
145825;NIPPON INDIA OVERNIGHT FUND - DIRECT Plan - QUARTERLY IDCW Option;INF204KB1R80;INF204KB1R98;101.2499;;;25-Aug-2025
145823;NIPPON INDIA OVERNIGHT FUND - DIRECT Plan - WEEKLY IDCW Option;;INF204KB1R56;100.0499;;;25-Aug-2025
145827;NIPPON INDIA OVERNIGHT FUND - MONTHLY IDCW Option;INF204KB1Q99;INF204KB1R07;100.1126;;;25-Aug-2025
145833;NIPPON INDIA OVERNIGHT FUND - QUARTERLY IDCW Option;INF204KB1R15;INF204KB1R23;101.2334;;;25-Aug-2025
145811;Nippon India Overnight Fund - Regular Plan - Growth Option;INF204KB1Q65;;139.3636;;;25-Aug-2025
145826;NIPPON INDIA OVERNIGHT FUND - WEEKLY IDCW Option;;INF204KB1Q81;100.0493;;;25-Aug-2025

NJ Mutual Fund
150369;NJ Overnight Fund - Direct Plan - Growth Option;INF0J8L01081;;1208.8845;;;25-Aug-2025
150368;NJ Overnight Fund - Regular Plan - Growth Option;INF0J8L01073;;1205.1524;;;25-Aug-2025
152116;NJ Overnight Fund - Unclaimed Redemption Plan - Upto 3 Years;;;1050.2515;;;25-Aug-2025

PGIM India Mutual Fund
147605;PGIM India Overnight Fund - Direct Plan - Daily Dividend Option;;INF663L01T35;1000.0087;;;25-Aug-2025
147606;PGIM India Overnight Fund - Direct Plan - Growth Option;INF663L01T01;;1346.9703;;;25-Aug-2025
147608;PGIM India Overnight Fund - Direct Plan - Weekly Dividend Option;INF663L01T19;INF663L01T27;1000.5086;;;25-Aug-2025
147609;PGIM India Overnight Fund - Regular Plan - Daily Dividend Option;;INF663L01T76;1000;;;25-Aug-2025
147607;PGIM India Overnight Fund - Regular Plan - Weekly Dividend Option;INF663L01T50;INF663L01T68;1007.6163;;;25-Aug-2025
147600;PGIM India Overnight Fund - Regular Plan- Growth Option;INF663L01T43;;1341.2432;;;25-Aug-2025

quant Mutual Fund
151190;quant Overnight Fund - Growth Option - Direct Plan;INF966L01AZ7;;11.9485;;;25-Aug-2025
151195;quant Overnight Fund - Growth Option - Regular Plan;INF966L01BC4;;11.9139;;;25-Aug-2025
151193;quant Overnight Fund - IDCW Option - Direct Plan;INF966L01BA8;INF966L01BB6;11.9526;;;25-Aug-2025
151191;quant Overnight Fund - IDCW Option - Regular Plan;INF966L01BD2;INF966L01BE0;11.902;;;25-Aug-2025

Samco Mutual Fund
150631;Samco Overnight Fund - Direct Plan - Growth Option;INF0K1H01040;;1194.3688;;;25-Aug-2025
150632;Samco Overnight Fund - Regular Plan - Growth Option;INF0K1H01032;;1186.8763;;;25-Aug-2025
153021;Samco Overnight Fund - Unclaimed Redemption Upto 3 years;;;1044.6800;;;25-Aug-2025

SBI Mutual Fund
119831;SBI Overnight Fund - Direct Plan - Daily Income Distribution cum Capital Withdrawal Option (IDCW);;INF200K01TJ7;1317.9520;;;25-Aug-2025
119833;SBI OVERNIGHT FUND - DIRECT PLAN - GROWTH;INF200K01TK5;;4246.1503;;;25-Aug-2025
119832;SBI Overnight Fund - Direct Plan - Weekly Income Distribution cum Capital Withdrawal Option (IDCW);INF200K01TL3;INF200K01TM1;1345.8187;;;25-Aug-2025
114297;SBI Overnight Fund - Regular Plan - Daily Income Distribution cum Capital Withdrawal Option (IDCW);;INF200K01LN6;1312.5404;;;25-Aug-2025
101206;SBI OVERNIGHT FUND - REGULAR PLAN - GROWTH;INF200K01LQ9;;4190.7741;;;25-Aug-2025
103140;SBI Overnight Fund - Regular Plan - Weekly Income Distribution cum Capital Withdrawal Option (IDCW);INF200K01LO4;INF200K01LP1;1340.1940;;;25-Aug-2025

Shriram Mutual Fund
150562;Shriram Overnight Fund -  Direct Growth;INF680P01323;;12.0577;;;25-Aug-2025
150561;Shriram Overnight Fund - Direct Daily IDCW;;INF680P01331;10;;;25-Aug-2025
150567;Shriram Overnight Fund - Direct Monthly IDCW;INF680P01380;INF680P01398;10.0103;;;25-Aug-2025
150558;Shriram Overnight Fund - Regular Daily IDCW;;INF680P01257;10;;;25-Aug-2025
150565;Shriram Overnight Fund - Regular Growth;INF680P01232;;12.0262;;;25-Aug-2025
150560;Shriram Overnight Fund - Regular Monthly IDCW;INF680P01307;INF680P01315;10.0103;;;25-Aug-2025

Sundaram Mutual Fund
146963;Sundaram Overnight Fund Direct Plan - Growth;INF903JA1HG5;;1387.0492;;;25-Aug-2025
146962;Sundaram Overnight Fund Direct Plan - Monthly Payout of Income Distribution cum Capital Withdrawal (IDCW);INF903JA1HH3;;1052.1893;;;25-Aug-2025
146957;Sundaram Overnight Fund Direct Plan - Monthly Reinvestment of Income Distribution cum Capital Withdrawal (IDCW);INF903JA1HM3;;1052.1893;;;25-Aug-2025
146959;Sundaram Overnight Fund Regular Plan - Growth;INF903JA1GZ7;;1378.3206;;;25-Aug-2025
146960;Sundaram Overnight Fund Regular Plan - Monthly Payout of Income Distribution cum Capital Withdrawal (IDCW);INF903JA1HA8;;1048.0643;;;25-Aug-2025
146961;Sundaram Overnight Fund Regular Plan - Monthly Reinvestment of Income Distribution cum Capital Withdrawal (IDCW);INF903JA1HF7;;1048.0643;;;25-Aug-2025

Tata Mutual Fund
146978;TATA Overnight Fund Direct Plan - Daily Reinvestment of Income Distribution cum capital withdrawal option   ;;INF277K019T3;1000.0000;;;25-Aug-2025
146979;TATA Overnight Fund Regular Plan - Daily Reinvestment of Income Distribution cum capital withdrawal option   ;;INF277K017T7;1000.0000;;;25-Aug-2025
146980;Tata Overnight Fund-Direct Plan-Growth;INF277K018T5;;1377.9137;;;25-Aug-2025
146977;Tata Overnight Fund-Regular Plan-Growth;INF277K016T9;;1368.0380;;;25-Aug-2025

Trust Mutual Fund
149796;TRUST MF OVERNIGHT FUND-DIRECT PLAN-DAILY IDCW REINVESTMENT;;INF0GCD01461;1215.5957;;;25-Aug-2025
149797;TRUST MF OVERNIGHT FUND-DIRECT PLAN-GROWTH;INF0GCD01453;;1235.5881;;;25-Aug-2025
149798;TRUST MF OVERNIGHT FUND-REGULAR PLAN-DAILY IDCW REINVESTMENT;;INF0GCD01446;1215.2376;;;25-Aug-2025
149795;TRUST MF OVERNIGHT FUND-REGULAR-GROWTH;INF0GCD01438;;1233.3825;;;25-Aug-2025

Union Mutual Fund
147002;Union Overnight Fund - Direct Plan - Daily IDCW Option;;INF582M01FB0;1000.7998;;;25-Aug-2025
147003;Union Overnight Fund - Direct Plan - Growth Option;INF582M01FA2;;1374.3087;;;25-Aug-2025
147006;Union Overnight Fund - Direct Plan - Monthly IDCW Option;INF582M01FG9;INF582M01FE4;1005.1723;;;25-Aug-2025
146998;Union Overnight Fund - Regular Plan - Daily IDCW Option;;INF582M01FK1;1001.2597;;;25-Aug-2025
146997;Union Overnight Fund - Regular Plan - Growth Option;INF582M01FJ3;;1365.6310;;;25-Aug-2025
147000;Union Overnight Fund - Regular Plan - Monthly IDCW Option;INF582M01FP0;INF582M01FN5;1005.0824;;;25-Aug-2025
149451;Union Overnight Fund - Unclaimed Amounts Plan - IDCW Beyond 3 years;;;1000.0000;;;25-Aug-2025
149452;Union Overnight Fund - Unclaimed Amounts Plan - IDCW Upto 3 years;;;1239.1656;;;25-Aug-2025
149453;Union Overnight Fund - Unclaimed Amounts Plan - Redemption Beyond 3 years;;;1000.0000;;;25-Aug-2025
149454;Union Overnight Fund - Unclaimed Amounts Plan - Redemption Upto 3 years;;;1238.2946;;;25-Aug-2025

UTI Mutual Fund
100814;UTI - Overnight  Fund - Regular Plan - Growth Option;INF789F01604;;3534.9803;;;25-Aug-2025
120785;UTI - Overnight Fund - Direct Plan - Growth Option;INF789FB1S71;;3573.5931;;;25-Aug-2025
124266;UTI Overnight Fund - Direct Plan - Daily IDCW;;INF789FB1S89;1371.6621;;;25-Aug-2025
120786;UTI Overnight Fund - Direct Plan - Periodic IDCW;INF789FB1T05;INF789FB1S97;1875.4713;;;25-Aug-2025
124265;UTI Overnight Fund - Regular Plan - Daily IDCW;;INF789FB1T13;1370.8617;;;25-Aug-2025
100813;UTI Overnight Fund - Regular Plan - Periodic IDCW;INF789F01588;INF789F01596;1821.0989;;;25-Aug-2025

Zerodha Mutual Fund
153436;Zerodha Overnight Fund - Direct Plan - Growth Option;INF0R8F01075;;10.2265;;;25-Aug-2025

Open Ended Schemes ( Debt Scheme - Liquid Fund )


360 ONE Mutual Fund
125349;360 ONE LIQUID FUND DIRECT PLAN  DAILY DIVIDEND REINVESTMENT;;INF579M01688;1000.2773;;;25-Aug-2025
125345;360 ONE LIQUID FUND DIRECT PLAN  GROWTH;INF579M01621;;2040.0404;;;25-Aug-2025
125343;360 ONE LIQUID FUND DIRECT PLAN  WEEKLY DIVIDEND;INF579M01639;INF579M01696;1005.9751;;;25-Aug-2025
125342;360 ONE LIQUID FUND REGULAR PLAN  DAILY DIVIDEND REINVESTMENT;;INF579M01563;1000.2773;;;25-Aug-2025
125259;360 ONE LIQUID FUND REGULAR PLAN  GROWTH;INF579M01506;;2027.3672;;;25-Aug-2025
125337;360 ONE LIQUID FUND REGULAR PLAN  WEEKLY DIVIDEND;INF579M01514;INF579M01571;1005.9084;;;25-Aug-2025

Aditya Birla Sun Life Mutual Fund
100047;Aditya Birla Sun Life Liquid Fund - Growth;INF209K01RU9;;424.4051;;;25-Aug-2025
119568;Aditya Birla Sun Life Liquid Fund - Growth - Direct Plan;INF209K01VA3;;429.5937;;;25-Aug-2025
100046;Aditya Birla Sun Life Liquid Fund -Daily IDCW;INF209K01KQ2;INF209K01SQ5;100.195;;;25-Aug-2025
119569;Aditya Birla Sun Life Liquid Fund -Direct - daily IDCW;INF209K01UZ2;;100.195;;;25-Aug-2025
119571;Aditya Birla Sun Life Liquid Fund -DIRECT - IDCW;INF209K01VD7;;164.8818;;;25-Aug-2025
119570;Aditya Birla Sun Life Liquid Fund -Direct - weekly IDCW;INF209K01VC9;;100.2722;;;25-Aug-2025
100041;Aditya Birla Sun Life Liquid Fund -Institutional - IDCW;;INF209K01KN9;108.023;;;25-Aug-2025
100048;Aditya Birla Sun Life Liquid Fund -Institutional - weekly  IDCW;INF209KA1LK7;INF209K01KY6;108.222;;;25-Aug-2025
103885;Aditya Birla Sun Life Liquid Fund -Regular - IDCW;INF209KA1LI1;;125.5872;;;25-Aug-2025
100044;Aditya Birla Sun Life Liquid Fund -Retail - IDCW;;INF209K01KP4;163.694;;;25-Aug-2025
100051;Aditya Birla Sun Life Liquid Fund -weekly IDCW;INF209K01KU4;INF209KA1LJ9;100.2711;;;25-Aug-2025
112014;Aditya Birla Sun Life Liquid Fund- Discipline Advantage Plan;INF209K01KZ3;;287.3679;;;25-Aug-2025
100043;Aditya Birla Sun Life Liquid Fund-Institutional (Growth);INF209K01RT1;;706.7708;;;25-Aug-2025
100042;Aditya Birla Sun Life Liquid Fund-Retail (Growth);INF209K01ME4;;688.7215;;;25-Aug-2025

Axis Mutual Fund
120388;Axis Liquid Fund - Direct Plan - Daily IDCW;;INF846K01DA0;1000.9560;;;25-Aug-2025
120389;Axis Liquid Fund - Direct Plan - Growth Option;INF846K01CX4;;2958.3190;;;25-Aug-2025
120391;Axis Liquid Fund - Direct Plan - Monthly IDCW;INF846K01CY2;INF846K01CZ9;1000.6876;;;25-Aug-2025
120390;Axis Liquid Fund - Direct Plan - Weekly IDCW;INF846K01DB8;INF846K01DC6;1002.0913;;;25-Aug-2025
112211;Axis Liquid Fund - Regular Plan - Daily IDCW;;INF846K01420;1001.3998;;;25-Aug-2025
112210;Axis Liquid Fund - Regular Plan - Growth Option;INF846K01412;;2932.8355;;;25-Aug-2025
112213;Axis Liquid Fund - Regular Plan - Monthly IDCW;INF846K01453;INF846K01461;1001.2778;;;25-Aug-2025
112212;Axis Liquid Fund - Regular Plan - Weekly IDCW;INF846K01438;INF846K01446;1002.0913;;;25-Aug-2025
112712;Axis Liquid Fund - Retail Plan - Daily IDCW;;INF846K01362;1000.9559;;;25-Aug-2025
112713;Axis Liquid Fund - Retail Plan - Growth Option;INF846K01354;;2683.5511;;;25-Aug-2025
112714;Axis Liquid Fund - Retail Plan - Monthly IDCW;INF846K01396;INF846K01404;1000.6871;;;25-Aug-2025
112715;Axis Liquid Fund - Retail Plan - Weekly IDCW;INF846K01370;INF846K01388;1000.5882;;;25-Aug-2025

Bajaj Finserv Mutual Fund
151835;Bajaj Finserv Liquid Fund - Direct Plan - Daily - IDCW;;INF0QA701029;1034.6939;;;25-Aug-2025
151838;Bajaj Finserv Liquid Fund - Direct Plan - Fortnightly - IDCW;INF0QA701078;INF0QA701045;1034.6939;;;25-Aug-2025
151833;Bajaj Finserv Liquid Fund - Direct Plan - Growth;INF0QA701011;;1161.1694;;;25-Aug-2025
151836;Bajaj Finserv Liquid Fund - Direct Plan - Monthly - IDCW;INF0QA701086;INF0QA701052;1035.8228;;;25-Aug-2025
151834;Bajaj Finserv Liquid Fund - Direct Plan - Weekly - IDCW;INF0QA701060;INF0QA701037;1034.6939;;;25-Aug-2025
151839;Bajaj Finserv Liquid Fund - Regular Plan - Daily - IDCW;;INF0QA701136;1033.8241;;;25-Aug-2025
151841;Bajaj Finserv Liquid Fund - Regular Plan - Fortnightly - IDCW;INF0QA701151;INF0QA701110;1033.8241;;;25-Aug-2025
151837;Bajaj Finserv Liquid Fund - Regular Plan - Growth;INF0QA701094;;1156.9455;;;25-Aug-2025
151842;Bajaj Finserv Liquid Fund - Regular Plan - Monthly - IDCW;INF0QA701169;INF0QA701128;1034.9169;;;25-Aug-2025
151840;Bajaj Finserv Liquid Fund - Regular Plan - Weekly - IDCW;INF0QA701144;INF0QA701102;1033.8241;;;25-Aug-2025

Bandhan Mutual Fund
108692;BANDHAN LIQUID Fund - Regular Plan - Daily IDCW;INF194K01VZ4;INF194K01VY7;1001.4161;;;25-Aug-2025
108690;BANDHAN LIQUID Fund - Regular Plan - Growth;INF194K01VX9;;3181.0862;;;25-Aug-2025
108693;BANDHAN LIQUID Fund - Regular Plan - Monthly IDCW;INF194K01WF4;INF194K01WE7;1004.6919;;;25-Aug-2025
115489;BANDHAN LIQUID Fund - Regular Plan - Periodic IDCW;INF194K01WC1;INF194K01WB3;1373.3837;;;25-Aug-2025
108691;BANDHAN LIQUID Fund - Regular Plan - Weekly IDCW;INF194K01WI8;INF194K01WH0;1001.8316;;;25-Aug-2025
139582;BANDHAN LIQUID Fund - Unclaimed IDCW Less than 3 years;INF194KA14C0;;1.7111;;;25-Aug-2025
139583;BANDHAN LIQUID Fund - Unclaimed IDCW More than 3 years;INF194KA15C7;;1.0000;;;25-Aug-2025
139584;BANDHAN LIQUID Fund - Unclaimed Redemption Less than 3 years;INF194KA12C4;;1.7111;;;25-Aug-2025
139585;BANDHAN LIQUID Fund - Unclaimed Redemption More than 3 years;INF194KA13C2;;1.0000;;;25-Aug-2025
118365;BANDHAN LIQUID Fund -Direct Plan -Monthly IDCW;INF194K01J36;INF194K01J28;1011.0936;;;25-Aug-2025
118367;BANDHAN LIQUID Fund -Direct Plan -Weekly IDCW;INF194KB1JT8;INF194K01J51;1007.5836;;;25-Aug-2025
118366;BANDHAN LIQUID Fund -Direct Plan-Daily IDCW;;INF194K01I78;1001.6663;;;25-Aug-2025
118364;BANDHAN LIQUID Fund -Direct Plan-Growth;INF194K01I60;;3212.5628;;;25-Aug-2025
118363;BANDHAN LIQUID Fund -Direct Plan-Periodic IDCW;INF194K01J02;INF194K01I94;1294.2389;;;25-Aug-2025

Bank of India Mutual Fund
119368;BANK OF INDIA Liquid Fund- Direct Plan- Daily IDCW;;INF761K01CL0;1002.6483;;;25-Aug-2025
119369;BANK OF INDIA Liquid Fund- Direct Plan- Growth;INF761K01785;;3063.8428;;;25-Aug-2025
119370;BANK OF INDIA Liquid Fund- Direct Plan- Weekly IDCW;;INF761K01CM8;1061.5519;;;25-Aug-2025
111971;BANK OF INDIA Liquid Fund- Regular Plan- Daily IDCW;;INF761K01CO4;1002.1069;;;25-Aug-2025
109254;BANK OF INDIA Liquid Fund- Regular Plan- Growth;INF761K01306;;3033.4662;;;25-Aug-2025
109255;BANK OF INDIA Liquid Fund- Regular Plan- Weekly IDCW;;INF761K01CP1;1001.3124;;;25-Aug-2025

Baroda BNP Paribas Mutual Fund
119414;Baroda BNP Paribas LIQUID FUND - DIRECT PLAN - DAILY IDCW OPTION;INF955L01AK2;;1002.0849;;;25-Aug-2025
119415;Baroda BNP Paribas LIQUID FUND - DIRECT PLAN - GROWTH OPTION;INF955L01AL0;;3066.7981;;;25-Aug-2025
119416;Baroda BNP Paribas LIQUID FUND - DIRECT PLAN - WEEKLY IDCW OPTION;INF251K01SL8;;1219.6083;;;25-Aug-2025
111707;Baroda BNP Paribas LIQUID FUND - Regular Plan - DAILY IDCW OPTION;INF955L01468;INF955L01476;1001.1996;;;25-Aug-2025
111704;Baroda BNP Paribas LIQUID FUND - Regular Plan - GROWTH OPTION;INF955L01484;;3027.8500;;;25-Aug-2025
111705;Baroda BNP Paribas LIQUID FUND - Regular Plan - WEEKLY IDCW OPTION;INF251K01SK0;INF955L01500;1001.0212;;;25-Aug-2025
101408;Baroda BNP Paribas LIQUID FUND- Defunct Plan -Growth Option;INF955L01575;;4457.7012;;;25-Aug-2025
101407;Baroda BNP Paribas LIQUID FUND-Defunct Plan- IDCW Option;INF955L01559;INF955L01567;3678.0798;;;25-Aug-2025

Canara Robeco Mutual Fund
118307;CANARA ROBECO LIQUID FUND - DIRECT PLAN - DAILY IDCW (Reinvestment);;INF760K01FS0;1005.5000;;;25-Aug-2025
118305;CANARA ROBECO LIQUID FUND - DIRECT PLAN - GROWTH OPTION;INF760K01FU6;;3188.7563;;;25-Aug-2025
118304;CANARA ROBECO LIQUID FUND - DIRECT PLAN - IDCW (Payout/Reinvestment);INF760K01FT8;;2282.0152;;;25-Aug-2025
118306;CANARA ROBECO LIQUID FUND - DIRECT PLAN - MONTHLY IDCW (Payout/Reinvestment);INF760K01FV4;INF760K01FW2;1004.3084;;;25-Aug-2025
118308;CANARA ROBECO LIQUID FUND - DIRECT PLAN - WEEKLY IDCW (Payout/Reinvestment);INF760K01FY8;INF760K01FX0;1000.9442;;;25-Aug-2025
109349;CANARA ROBECO LIQUID FUND - REGULAR PLAN - DAILY IDCW (Reinvestment);;INF760K01CU3;1005.5000;;;25-Aug-2025
109353;CANARA ROBECO LIQUID FUND - REGULAR PLAN - GROWTH OPTION;INF760K01CW9;;3170.2635;;;25-Aug-2025
109351;CANARA ROBECO LIQUID FUND - REGULAR PLAN - MONTHLY IDCW (Payout/Reinvestment);INF760K01CX7;INF760K01CY5;1004.2076;;;25-Aug-2025
109350;CANARA ROBECO LIQUID FUND - REGULAR PLAN - WEEKLY IDCW (Payout/Reinvestment);INF760K01BZ4;INF760K01CZ2;1000.9278;;;25-Aug-2025
139235;Canara Robeco Liquid Fund -Unclaimed Redemption and Dividend Plan -Direct Growth Option;INF760K01IC8;;1739.7551;;;25-Aug-2025

DSP Mutual Fund
119125;DSP Liquidity Fund - Direct Plan - Growth;INF740K01QL4;;3803.8495;;;25-Aug-2025
119124;DSP Liquidity Fund - Direct Plan - IDCW - Daily;;INF740KA1OB6;1001.1542;;;25-Aug-2025
119123;DSP Liquidity Fund - Direct Plan - IDCW - Weekly;INF740KA1OC4;INF740KA1OD2;1001.7787;;;25-Aug-2025
103347;DSP Liquidity Fund - Regular Plan - Growth;INF740K01FK9;;3760.4009;;;25-Aug-2025
103348;DSP Liquidity Fund - Regular Plan - IDCW - Weekly;INF740K01FM5;INF740K01FL7;1001.7654;;;25-Aug-2025
103349;DSP Liquidity Fund- Regular Plan - IDCW - Daily;;INF740KA1OE0;1001.1542;;;25-Aug-2025

Edelweiss Mutual Fund
140194;Edelweiss Liquid Fund - Direct Plan - Bonus Option;INF754K01GY9;;2000.1234;;;25-Aug-2025
140196;Edelweiss Liquid Fund - Direct Plan - Growth Option;INF754K01GM4;;3437.9266;;;25-Aug-2025
140198;Edelweiss Liquid Fund - Direct Plan - IDCW Option;INF754K01GO0;INF754K01GN2;3437.9403;;;25-Aug-2025
140192;Edelweiss Liquid Fund - Direct Plan Annual - IDCW Option;INF754K01GX1;INF754K01GT9;3437.9028;;;25-Aug-2025
140193;Edelweiss Liquid Fund - Direct Plan daily - IDCW Option;;INF754K01GP7;1148.0251;;;25-Aug-2025
140199;Edelweiss Liquid Fund - Direct Plan Fortnightly - IDCW Option;INF754K01GV5;INF754K01GR3;2477.2968;;;25-Aug-2025
140197;Edelweiss Liquid Fund - Direct Plan Monthly - IDCW Option;INF754K01GW3;INF754K01GS1;1004.2681;;;25-Aug-2025
140195;Edelweiss Liquid Fund - Direct Plan weekly - IDCW Option;INF754K01GU7;INF754K01GQ5;2175.1179;;;25-Aug-2025
140189;Edelweiss Liquid Fund - Regular Plan - Bonus Option;INF754K01HR1;;1962.1512;;;25-Aug-2025
140182;Edelweiss Liquid Fund - Regular Plan - Growth Option;INF754K01GZ6;;3368.2982;;;25-Aug-2025
140190;Edelweiss Liquid Fund - Regular Plan - IDCW Option;INF754K01GK8;INF754K01GL6;3368.3009;;;25-Aug-2025
140188;Edelweiss Liquid Fund - Regular Plan Annual - IDCW Option;INF754K01HQ3;INF754K01HP5;2330.5718;;;25-Aug-2025
140181;Edelweiss Liquid Fund - Regular Plan Daily - IDCW Option;;INF754K01HA7;1247.1836;;;25-Aug-2025
140184;Edelweiss Liquid Fund - Regular Plan Fortnightly - IDCW Option;INF754K01HK6;INF754K01HC3;2156.3814;;;25-Aug-2025
140183;Edelweiss Liquid Fund - Regular Plan Monthly - IDCW Option;INF754K01HL4;INF754K01HD1;1082.4193;;;25-Aug-2025
140185;Edelweiss Liquid Fund - Regular Plan Weekly - IDCW Option;INF754K01HJ8;INF754K01HB5;1216.3415;;;25-Aug-2025
140176;Edelweiss Liquid Fund - Retail Plan - Growth Option;INF754K01HE9;;3063.1929;;;25-Aug-2025
140178;Edelweiss Liquid Fund - Retail Plan - Weekly Dividend Option;;INF754K01HG4;1232.117;;;25-Aug-2025
140177;Edelweiss Liquid Fund - Retail Plan Daily - IDCW Option;;INF754K01HF6;1097.579;;;25-Aug-2025
140180;Edelweiss Liquid Fund - Retail Plan Monthly - IDCW Option;;INF754K01HI0;1243.5737;;;25-Aug-2025

Franklin Templeton Mutual Fund
100541;Franklin India Liquid Fund - Regular Plan - Daily - IDCW;;INF090I01BA3;1509.2342;;;25-Aug-2025
100538;Franklin India Liquid Fund - Regular Plan - Growth;INF090I01BB1;;5958.3547;;;25-Aug-2025
100537;Franklin India Liquid Fund - Regular Plan - Weekly - IDCW;INF090I01BL0;INF090I01BI6;1244.4646;;;25-Aug-2025
118577;Franklin India Liquid Fund - Super Institutional - Direct - Growth;INF090I01JV2;;3998.5780;;;25-Aug-2025
100547;Franklin India Liquid Fund - Super Institutional Plan - Daily - IDCW;;INF090I01BF2;1000.0000;;;25-Aug-2025
118578;Franklin India Liquid Fund - Super Institutional Plan - Direct - Daily - IDCW;INF090I01JW0;;1002.2720;;;25-Aug-2025
118579;Franklin India Liquid Fund - Super Institutional Plan - Direct - Weekly - IDCW;INF090I01JX8;INF090I01JY6;1021.6180;;;25-Aug-2025
100546;Franklin India Liquid Fund - Super Institutional Plan - Growth;INF090I01BG0;;3965.3522;;;25-Aug-2025
100548;Franklin India Liquid Fund - Super Institutional Plan - Weekly - IDCW;INF090I01BM8;INF090I01BH8;1031.1570;;;25-Aug-2025
139892;Franklin India Liquid Fund - Unclaimed IDCW Investor Education Plan - Growth;INF090I01LR6;;10.0000;;;25-Aug-2025
139890;Franklin India Liquid Fund - Unclaimed IDCW Plan - Growth;INF090I01LP0;;16.8739;;;25-Aug-2025
139891;Franklin India Liquid Fund - Unclaimed Redemption Investor Education Plan - Growth;INF090I01LQ8;;10.0000;;;25-Aug-2025
139889;Franklin India Liquid Fund - Unclaimed Redemption Plan - Growth;INF090I01LO3;;16.8739;;;25-Aug-2025
102443;Franklin India Liquid Fund - Institutional Plan - Daily - IDCW;;INF090I01BC9;1000.0000;;;25-Aug-2025
102442;Franklin India Liquid Fund - Institutional Plan - Weekly - IDCW;INF090I01BJ4;INF090I01BE5;1054.8680;;;25-Aug-2025

Groww Mutual Fund
119135;Groww Liquid Fund ( formerly known as Indiabulls Liquid )Fund - Direct Plan - Growth Option;INF666M01451;;2578.7888;;;25-Aug-2025
119136;Groww Liquid Fund (formerly known as Indiabulls Liquid Fund) - Direct Plan- - Income Distribution cum capital withdrawal Option ( Reinvestment);;INF666M01469;1002.0907;;;25-Aug-2025
115991;Groww Liquid Fund (formerly known as Indiabulls Liquid Fund) - Regular Plan - Growth Option;INF666M01014;;2547.2994;;;25-Aug-2025
119138;Groww Liquid Fund (formerly known as Indiabulls Liquid Fund)- Direct Plan- Fortnightly - Income Distribution cum capital withdrawal Option (Payout & Reinvestment);INF666M01501;INF666M01485;1001.7666;;;25-Aug-2025
119139;Groww Liquid Fund (formerly known as Indiabulls Liquid Fund)- Direct Plan- Monthly - Income Distribution cum capital withdrawal Option (Payout & Reinvestment);INF666M01519;INF666M01493;1033.2271;;;25-Aug-2025
119137;Groww Liquid Fund (formerly known as Indiabulls Liquid Fund)- Direct Plan- Weekly - Income Distribution cum capital withdrawal Option (Payout & Reinvestment);INF666M01527;INF666M01477;1001.7855;;;25-Aug-2025
115992;Groww Liquid Fund (formerly known as Indiabulls Liquid Fund)- Regular Plan- - Income Distribution cum capital withdrawal Option (Reinvestment);;INF666M01022;1002.0894;;;25-Aug-2025
115995;Groww Liquid Fund (formerly known as Indiabulls Liquid Fund)- Regular Plan- Monthly - Income Distribution cum capital withdrawal Option (Payout & Reinvestment);INF666M01071;INF666M01055;1005.3981;;;25-Aug-2025
115993;Groww Liquid Fund (formerly known as Indiabulls Liquid Fund)- Regular Plan- Weekly - Income Distribution cum capital withdrawal Option (Payout & Reinvestment);INF666M01089;INF666M01030;1001.7855;;;25-Aug-2025
115994;Groww Liquid Fund (formerly known as Indiabulls Liquid) Fund- Regular Plan- Fortnightly - Income Distribution cum capital withdrawal Option (Payout & Reinvestment);INF666M01063;INF666M01048;1001.7664;;;25-Aug-2025

HDFC Mutual Fund
119091;HDFC Liquid Fund - Growth Option - Direct Plan;INF179KB1HP9;;5224.4375;;;25-Aug-2025
100868;HDFC Liquid Fund - Growth Plan;INF179KB1HK0;;5167.6294;;;25-Aug-2025
100875;HDFC Liquid Fund - IDCW Daily;;INF179KB1IC5;1019.82;;;25-Aug-2025
119089;HDFC Liquid Fund - IDCW Daily - Direct Plan;;INF179KB1HV7;1019.82;;;25-Aug-2025
100876;HDFC Liquid Fund - IDCW Monthly;INF179KB1HM6;INF179KB1HL8;1030.6122;;;25-Aug-2025
119090;HDFC Liquid Fund - IDCW Monthly - Direct Plan;INF179KB1HO2;INF179KB1HQ7;1030.6834;;;25-Aug-2025
100874;HDFC Liquid Fund - IDCW Plan Weekly;INF179KB1ID3;;1032.1226;;;25-Aug-2025
119088;HDFC Liquid Fund - IDCW Weekly - Direct Plan;;;1032.1406;;;25-Aug-2025

HSBC Mutual Fund
120038;HSBC Liquid Fund -  Growth Direct;INF336L01CC8;;2651.2082;;;25-Aug-2025
120037;HSBC Liquid Fund - Direct Daily IDCW;;INF336L01CB0;1001.576;;;25-Aug-2025
120039;HSBC Liquid Fund - Direct Monthly IDCW;INF336L01BZ1;INF336L01CA2;1037.8864;;;25-Aug-2025
120040;HSBC Liquid Fund - Direct Weekly IDCW;INF336L01LK2;INF336L01CD6;1196.2626;;;25-Aug-2025
118907;HSBC Liquid Fund - Growth;INF336L01BL1;;3789.2126;;;25-Aug-2025
118906;HSBC Liquid Fund - IDCW;;INF336L01BK3;1019.3;;;25-Aug-2025
118909;HSBC Liquid Fund - Institutional Daily IDCW;;INF336L01BS6;1562.8262;;;25-Aug-2025
118901;HSBC Liquid Fund - Regular Daily IDCW;;INF336L01BM9;1001.3789;;;25-Aug-2025
118902;HSBC Liquid Fund - Regular Growth;INF336L01BN7;;2626.2833;;;25-Aug-2025
118903;HSBC Liquid Fund - Regular Monthly IDCW;INF336L01BP2;INF336L01BO5;1002.3019;;;25-Aug-2025
118904;HSBC Liquid Fund - Regular Weekly IDCW;INF336L01LJ4;INF336L01BQ0;1108.4749;;;25-Aug-2025
118908;HSBC Liquid Fund - Weekly IDCW;;INF336L01BR8;1002.2171;;;25-Aug-2025

ICICI Prudential Mutual Fund
103343;ICICI Prudential Liquid Fund - Daily IDCW;INF109K01VP3;;100.1482;;;25-Aug-2025
120191;ICICI Prudential Liquid Fund - Direct Plan -  IDCW Others;INF109K01Q31;INF109K01Q23;182.6176;;;25-Aug-2025
120188;ICICI Prudential Liquid Fund - Direct Plan - Daily IDCW;;INF109K01Q15;100.1082;;;25-Aug-2025
120197;ICICI Prudential Liquid Fund - Direct Plan - Growth;INF109K01Q49;;393.7437;;;25-Aug-2025
120190;ICICI Prudential Liquid Fund - Direct Plan - Weekly IDCW;INF109K01Q98;;100.2904;;;25-Aug-2025
103340;ICICI Prudential Liquid Fund - Growth;INF109K01VQ1;;389.8962;;;25-Aug-2025
115505;ICICI Prudential Liquid Fund - IDCW Others;INF109K01VU3;INF109K01VT5;181.2035;;;25-Aug-2025
103342;ICICI Prudential Liquid Fund - Weekly IDCW;INF109K01VS7;;100.2635;;;25-Aug-2025

Invesco Mutual Fund
122786;Invesco India Liquid Fund - Bonus Option;INF205K01UX5;;3628.0598;;;25-Aug-2025
104484;Invesco India Liquid Fund - Daily IDCW (Reinvestment);;INF205K01HN3;1002.7594;;;25-Aug-2025
120537;Invesco India Liquid Fund - Direct Plan - Growth;INF205K01MF9;;3651.4418;;;25-Aug-2025
120536;Invesco India Liquid Fund - Direct Plan - Monthly IDCW (Payout / Reinvestment);INF205K01MG7;INF205K01MH5;1086.4596;;;25-Aug-2025
120535;Invesco India Liquid Fund - Direct Plan - Weekly IDCW (Reinvestment);INF205KA1BE5;INF205K01MI3;1101.2158;;;25-Aug-2025
120534;Invesco India Liquid Fund - Direct Plan- Daily IDCW (Reinvestment);;INF205K01ME2;1005.8604;;;25-Aug-2025
104486;Invesco India Liquid Fund - Growth;INF205K01HM5;;3620.275;;;25-Aug-2025
104492;Invesco India Liquid Fund - Monthly IDCW (Payout / Reinvestment);INF205K01HQ6;INF205K01HP8;1006.946;;;25-Aug-2025
104488;Invesco India Liquid Fund - Regular - Growth;INF205K01HG7;;3203.2444;;;25-Aug-2025
104489;Invesco India Liquid Fund - Regular - Weekly IDCW (Reinvestment);;INF205K01HH5;1003.5644;;;25-Aug-2025
139390;Invesco India Liquid Fund - Unclaimed Dividend Plan - Above 3 Years;;;1000;;;25-Aug-2025
139389;Invesco India Liquid Fund - Unclaimed Dividend Plan - Below 3 Years;;;1730.6976;;;25-Aug-2025
139388;Invesco India Liquid Fund - Unclaimed Redemption Plan - Above 3 Years;;;1000;;;25-Aug-2025
139387;Invesco India Liquid Fund - Unclaimed Redemption Plan - Below 3 years;;;1730.3317;;;25-Aug-2025
104485;Invesco India Liquid Fund - Weekly IDCW (Reinvestment);INF205KA1BD7;INF205K01HO1;1018.586;;;25-Aug-2025

ITI Mutual Fund
147161;ITI Liquid Fund - Direct Plan - Annually IDCW Option;INF00XX01366;INF00XX01333;1386.0336;;;25-Aug-2025
147158;ITI Liquid Fund - Direct Plan - Daily IDCW Option;;INF00XX01291;1001.0789;;;25-Aug-2025
147157;ITI Liquid Fund - Direct Plan - Growth Option;INF00XX01283;;1384.3628;;;25-Aug-2025
147163;ITI Liquid Fund - Direct Plan - Monthly IDCW Option;INF00XX01358;INF00XX01325;1006.2149;;;25-Aug-2025
147159;ITI Liquid Fund - Direct Plan - Weekly IDCW Option;;INF00XX01309;1001.9416;;;25-Aug-2025
147162;ITI Liquid Fund - Regular Plan - Annually IDCW Option;INF00XX01275;INF00XX01242;1379.4399;;;25-Aug-2025
147154;ITI Liquid Fund - Regular Plan - Daily IDCW Option;;INF00XX01200;1001.0000;;;25-Aug-2025
147155;ITI Liquid Fund - Regular Plan - Fortnightly Income Distribution cum capital withdrawal option Option;INF00XX01259;INF00XX01226;1003.0269;;;25-Aug-2025
147153;ITI Liquid Fund - Regular Plan - Growth Option;INF00XX01192;;1372.3400;;;25-Aug-2025
147156;ITI Liquid Fund - Regular Plan - Monthly IDCW Option;INF00XX01267;INF00XX01234;1001.9231;;;25-Aug-2025
147164;ITI Liquid Fund - Regular Plan - Weekly IDCW Option;;INF00XX01218;1001.9154;;;25-Aug-2025

Jio BlackRock Mutual Fund
153651;JioBlackRock Liquid Fund - Direct Plan - Growth Option;INF22M001010;;1008.3926;;;25-Aug-2025

JM Financial Mutual Fund
120411;JM Liquid Fund (Direct) - Daily IDCW;;INF192K01CH6;10.4302;;;25-Aug-2025
120406;JM Liquid Fund (Direct) - Growth Option;INF192K01CM6;;72.638;;;25-Aug-2025
120408;JM Liquid Fund (Direct) - Quarterly IDCW;INF192K01CK0;INF192K01CL8;41.2395;;;25-Aug-2025
120407;JM Liquid Fund (Direct) - Weekly IDCW;INF192K01CI4;INF192K01CJ2;11.0162;;;25-Aug-2025
100244;JM Liquid Fund (Regular) - Quarterly IDCW;INF192K01866;INF192K01874;40.6723;;;25-Aug-2025
100247;JM Liquid Fund (Regular) - Super Institutional Plan - Growth Option;INF192K01981;;41.3108;;;25-Aug-2025
100233;JM Liquid Fund (Regular) - Weekly IDCW;INF192K01841;INF192K01858;11.0135;;;25-Aug-2025
100234;JM Liquid Fund - Growth Option;INF192K01882;;71.8579;;;25-Aug-2025
148414;JM Liquid Fund - Unclaimed Application Refund Amount I.E.F. (Direct) - Growth Plan;;;41.4437;;;25-Aug-2025
148413;JM Liquid Fund - Unclaimed Brokerage I.E.F. (Direct) - Growth Plan;;;41.4437;;;25-Aug-2025
101549;JM Liquid Fund (Regular) - Bonus Option - Principal Units;INF192K01890;;23.0091;;;25-Aug-2025
101078;JM Liquid Fund (Regular) - Daily IDCW;;INF192K01833;10.4302;;;25-Aug-2025

Kotak Mahindra Mutual Fund
119764;Kotak Liquid Fund - Direct Plan - Daily Reinvestment of Income Distribution cum capital withdrawal option;;INF174K01NH1;1222.81;;;25-Aug-2025
119766;Kotak Liquid Fund - Direct Plan - Growth;INF174K01NE8;;5375.134;;;25-Aug-2025
100833;Kotak Liquid Fund - Regular  - Daily Reinvestment of Income Distribution cum capital withdrawal option;;INF174K01NL3;1222.81;;;25-Aug-2025
100835;Kotak Liquid Fund - Regular Plan - Growth;INF174K01NI9;;5323.7755;;;25-Aug-2025

LIC Mutual Fund
120248;LIC MF Liquid Fund-Direct Plan-Daily IDCW;INF767K01DL5;INF767K01DM3;1034.6038;;;25-Aug-2025
120249;LIC MF Liquid Fund-Direct Plan-Growth;INF767K01DN1;;4829.5258;;;25-Aug-2025
151930;LIC MF Liquid Fund-Direct Plan-Monthly IDCW;INF397L01AK7;INF397L01AJ9;1172.3514;;;25-Aug-2025
151932;LIC MF Liquid Fund-Direct Plan-Weekly IDCW;INF397L01AM3;INF397L01AL5;1047.1665;;;25-Aug-2025
101184;LIC MF Liquid Fund-Regular Plan-Daily IDCW;INF767K01IQ3;INF767K01IR1;1000.1751;;;25-Aug-2025
101185;LIC MF Liquid Fund-Regular Plan-Growth;INF767K01IS9;;4760.9361;;;25-Aug-2025
151928;LIC MF Liquid Fund-Regular Plan-Monthly IDCW;INF397L01976;INF397L01968;1153.3948;;;25-Aug-2025
151927;LIC MF Liquid Fund-Regular Plan-Weekly IDCW;INF397L01950;INF397L01943;1002.3798;;;25-Aug-2025

Mahindra Manulife Mutual Fund
139535;Mahindra Manulife Liquid Fund - Direct Plan - Daily IDCW;;INF174V01051;1216.2863;;;25-Aug-2025
139536;Mahindra Manulife Liquid Fund - Direct Plan - Weekly IDCW;;INF174V01069;1003.6359;;;25-Aug-2025
139538;Mahindra Manulife Liquid Fund - Direct Plan -Growth;INF174V01044;;1732.6324;;;25-Aug-2025
139534;Mahindra Manulife Liquid Fund - Regular Plan - Daily IDCW;;INF174V01028;1001.0440;;;25-Aug-2025
139537;Mahindra Manulife Liquid Fund - Regular Plan - Growth;INF174V01010;;1713.9468;;;25-Aug-2025
139541;Mahindra Manulife Liquid Fund - Regular Plan - Weekly IDCW;;INF174V01036;1010.0482;;;25-Aug-2025

Mirae Asset Mutual Fund
118859;Mirae Asset Liquid Fund - Direct Plan - Growth;INF769K01CM1;;2810.1809;;;25-Aug-2025
118862;Mirae Asset Liquid Fund - Direct Plan - Weekly IDCW;INF769K01PD2;INF769K01CP4;1217.1559;;;25-Aug-2025
118861;Mirae Asset Liquid Fund - Direct Plan -Daily IDCW;;INF769K01CO7;1075.8332;;;25-Aug-2025
118860;Mirae Asset Liquid Fund - Direct Plan -Monthly IDCW;INF769K01CN9;INF769K01CQ2;1134.6543;;;25-Aug-2025
111647;Mirae Asset Liquid Fund - Regular - Daily IDCW;;INF769K01804;1066.4347;;;25-Aug-2025
111646;Mirae Asset Liquid Fund - Regular Plan - Growth;INF769K01788;;2761.9476;;;25-Aug-2025
111645;Mirae Asset Liquid Fund - Regular Plan - Monthly IDCW;INF769K01838;INF769K01820;1152.3028;;;25-Aug-2025
111644;Mirae Asset Liquid Fund - Regular Plan - Weekly IDCW;INF769K01PC4;INF769K01812;1153.4498;;;25-Aug-2025

Motilal Oswal Mutual Fund
145834;Motilal Oswal Liquid Fund - Direct Growth;INF247L01734;;14.0538;;;25-Aug-2025
145946;Motilal Oswal Liquid Fund - Regular Growth;INF247L01726;;13.9117;;;25-Aug-2025
147442;Motilal Oswal Liquid Fund - Unclaimed Dividend - Greater than 3 years;;;10.0000;;;25-Aug-2025
147441;Motilal Oswal Liquid Fund - Unclaimed Dividend- Upto 3 years;;;13.6858;;;25-Aug-2025
147443;Motilal Oswal Liquid Fund - Unclaimed Redemption - Greater than 3 years;;;10.0000;;;25-Aug-2025
147444;Motilal Oswal Liquid Fund - Unclaimed Redemption - Upto 3 years;;;13.4134;;;25-Aug-2025
146218;Motilal Oswal Liquid Fund Direct - IDCW  Quarterly Payout/Reinvestment;INF247L01791;INF247L01783;10.0924;;;25-Aug-2025
146226;Motilal Oswal Liquid Fund Direct - IDCW Fortnightly Reinvestment;;INF247L01759;10.0096;;;25-Aug-2025
146223;Motilal Oswal Liquid Fund Direct - IDCW Monthly Payout/Reinvestment;INF247L01775;INF247L01767;10.0761;;;25-Aug-2025
146228;Motilal Oswal Liquid Fund Direct - IDCW Reinvestment;;INF247L01742;10.0077;;;25-Aug-2025
146229;Motilal Oswal Liquid Fund Direct - IDCW Weekly Reinvestment;;INF247L01809;10.0118;;;25-Aug-2025
146227;Motilal Oswal Liquid Fund Regular - IDCW Daily Reinvestment;;INF247L01817;10.0055;;;25-Aug-2025
146230;Motilal Oswal Liquid Fund Regular - IDCW Fortnightly Reinvestment;;INF247L01825;10.0086;;;25-Aug-2025
146220;Motilal Oswal Liquid Fund Regular - IDCW Monthly Payout/Reinvestment;INF247L01841;INF247L01833;10.0744;;;25-Aug-2025
146222;Motilal Oswal Liquid Fund Regular - IDCW Quarterly Payout/Reinvestment;INF247L01866;INF247L01858;10.0895;;;25-Aug-2025
146224;Motilal Oswal Liquid Fund Regular - IDCW Weekly Reinvestment;;INF247L01874;10.0213;;;25-Aug-2025

Navi Mutual Fund
119163;Navi Liquid Fund - Direct Plan Daily IDCW - ReInvestment;;INF959L01GK1;10.0129;;;25-Aug-2025
119161;Navi Liquid Fund - Direct Plan Monthly IDCW - Payout;INF959L01GG9;INF959L01GH7;10.058;;;25-Aug-2025
119162;Navi Liquid Fund - Direct Plan Weekly IDCW - Payout;INF959L01GI5;INF959L01GJ3;10.0148;;;25-Aug-2025
112645;Navi Liquid Fund - Regular Plan Daily IDCW;;INF959L01GM7;10.0129;;;25-Aug-2025
112647;Navi Liquid Fund - Regular Plan Monthly IDCW;INF959L01GN5;INF959L01GO3;10.0576;;;25-Aug-2025
112646;Navi Liquid Fund - Regular Plan Weekly IDCW;INF959L01GP0;INF959L01GQ8;10.0151;;;25-Aug-2025
119164;Navi Liquid Fund-Direct Plan-Growth Option;INF959L01GF1;;28.8835;;;25-Aug-2025
112636;Navi Liquid Fund-Regular Plan-Growth Option;INF959L01GL9;;28.6264;;;25-Aug-2025
140437;Navi Liquid Fund-Unclaimed Redemption and Dividend Plan greater than 3 years;INF959L01CO2;;10;;;25-Aug-2025
139386;Navi Liquid Fund-Unclaimed Redemption and Dividend Plan less than 3 years;INF959L01CN4;;28.7825;;;25-Aug-2025

Nippon India Mutual Fund
100852;NIPPON INDIA LIQUID FUND - DAILY IDCW OPTION;;INF204K01UM1;1528.7400;;;25-Aug-2025
118695;NIPPON INDIA LIQUID FUND - DIRECT Plan - DAILY IDCW OPTION;;INF204K01ZG2;1528.7400;;;25-Aug-2025
118696;NIPPON INDIA LIQUID FUND - DIRECT Plan - MONTHLY IDCW OPTION;INF204K01ZI8;INF204K01ZJ6;1587.1282;;;25-Aug-2025
118698;NIPPON INDIA LIQUID FUND - DIRECT Plan - QUARTERLY IDCW OPTION;INF204K01ZK4;INF204K01ZL2;1014.1826;;;25-Aug-2025
118700;NIPPON INDIA LIQUID FUND - DIRECT Plan - WEEKLY IDCW OPTION;INF204KC1FN6;INF204K01ZM0;1531.4789;;;25-Aug-2025
118701;Nippon India Liquid Fund - Direct Plan Growth Plan - Growth Option;INF204K01ZH0;;6511.4714;;;25-Aug-2025
100855;NIPPON INDIA LIQUID FUND - MONTHLY IDCW OPTION;INF204K01UO7;INF204K01UP4;1583.8258;;;25-Aug-2025
112340;NIPPON INDIA LIQUID FUND - QUARTERLY IDCW OPTION;INF204K01UQ2;INF204K01UR0;1013.8775;;;25-Aug-2025
100837;Nippon India Liquid Fund - Retail Option - Growth Plan;INF204K01UL3;;5686.5841;;;25-Aug-2025
100842;NIPPON INDIA LIQUID FUND - RETAIL Plan - DAILY IDCW OPTION;;INF204K01UJ7;1524.2800;;;25-Aug-2025
100843;NIPPON INDIA LIQUID FUND - RETAIL plan - MONTHLY IDCW OPTION;INF204K01UT6;INF204K01UU4;1326.4581;;;25-Aug-2025
100844;NIPPON INDIA LIQUID FUND - RETAIL Plan - QUARTERLY IDCW OPTION;INF204K01UV2;INF204K01UW0;1224.4396;;;25-Aug-2025
100838;NIPPON INDIA LIQUID FUND - RETAIL Plan - WEEKLY IDCW OPTION;;INF204K01UK5;1034.8576;;;25-Aug-2025
100853;NIPPON INDIA LIQUID FUND - WEEKLY IDCW OPTION;INF204KC1FM8;INF204K01US8;1531.4535;;;25-Aug-2025
100851;Nippon India Liquid Fund -Growth Plan;INF204K01UN9;;6427.9119;;;25-Aug-2025

PGIM India Mutual Fund
138285;PGIM India Liquid Fund - Daily Dividend;;INF223J01BO9;100.304;;;25-Aug-2025
138297;PGIM India Liquid Fund - Direct Plan - Daily Dividend;INF223J01NR7;;123.6885;;;25-Aug-2025
138299;PGIM India Liquid Fund - Direct Plan - Growth;INF223J01NS5;;347.0535;;;25-Aug-2025
138298;PGIM India Liquid Fund - Direct Plan - Monthly Dividend;INF223J01NT3;INF223J01NU1;117.0578;;;25-Aug-2025
138301;PGIM India Liquid Fund - Direct Plan - Weekly Dividend;INF223J01NV9;INF223J01NW7;100.5513;;;25-Aug-2025
138288;PGIM India Liquid Fund - Growth;INF223J01BP6;;342.885;;;25-Aug-2025
138287;PGIM India Liquid Fund - Monthly Dividend;INF223J01BL5;;117.5295;;;25-Aug-2025
138289;PGIM India Liquid Fund - Weekly Dividend;INF223J01BU6;;100.5505;;;25-Aug-2025

PPFAS Mutual Fund
143263;Parag Parikh Liquid Fund- Direct Plan- Daily Reinvestment of IDCW;;INF879O01118;1000.5405;;;25-Aug-2025
143269;Parag Parikh Liquid Fund- Direct Plan- Growth;INF879O01068;;1471.8024;;;25-Aug-2025
143262;Parag Parikh Liquid Fund- Direct Plan- Monthly IDCW;INF879O01076;INF879O01084;1003.0000;;;25-Aug-2025
143265;Parag Parikh Liquid Fund- Direct Plan- Weekly Reinvestment of IDCW;;INF879O01134;1001.0000;;;25-Aug-2025
143264;Parag Parikh Liquid Fund- Regular Plan- Daily Reinvestment of IDCW;;INF879O01126;1000.5404;;;25-Aug-2025
143260;Parag Parikh Liquid Fund- Regular Plan- Growth;INF879O01035;;1460.9926;;;25-Aug-2025
143261;Parag Parikh Liquid Fund- Regular Plan- Monthly IDCW;INF879O01043;INF879O01050;1003.0000;;;25-Aug-2025
143266;Parag Parikh Liquid Fund- Regular Plan- Weekly Reinvestment of IDCW;;INF879O01142;1001.0000;;;25-Aug-2025

quant Mutual Fund
120837;quant Liquid Fund - Growth Option - Direct Plan;INF966L01820;;42.7504;;;25-Aug-2025
103225;quant Liquid Fund - Growth Option - Regular Plan;INF966L01317;;41.6405;;;25-Aug-2025
120838;quant Liquid Fund - Monthly IDCW Option - Direct Plan;INF966L01796;INF966L01812;15.7496;;;25-Aug-2025
103228;quant Liquid Fund - Monthly IDCW Option - Regular Plan;INF966L01291;INF966L01309;15.2124;;;25-Aug-2025
120839;quant Liquid Fund - Weekly IDCW Option - Direct Plan;INF966L01788;INF966L01804;14.6348;;;25-Aug-2025
103227;quant Liquid Fund - Weekly IDCW Option - Regular Plan;INF966L01499;INF966L01283;14.4916;;;25-Aug-2025
120836;quant Liquid Fund-Daily IDCW Option - Direct Plan;;INF966L01770;13.2738;;;25-Aug-2025
103226;quant Liquid Fund-Daily IDCW Option - Regular Plan;;INF966L01275;12.7945;;;25-Aug-2025
148513;quant Liquid Fund-Unclaimed Dividend Investor Education Plan-Growth Option;;;13.2925;;;25-Aug-2025
148510;quant Liquid Fund-Unclaimed Dividend-Growth Option;;;13.292;;;25-Aug-2025
148511;quant Liquid Fund-Unclaimed Redemption Investor Education Plan-Growth Option;;;13.2925;;;25-Aug-2025
148512;quant Liquid Fund-Unclaimed Redemption Plan-Growth Option;;;13.1111;;;25-Aug-2025

Quantum Mutual Fund
103736;Quantum Liquid Fund - Direct Plan Daily IDCW;;INF082J01135;10.0085;;;25-Aug-2025
103734;Quantum Liquid Fund - Direct Plan Growth Option;INF082J01127;;35.5302;;;25-Aug-2025
103735;Quantum Liquid Fund - Direct Plan Monthly IDCW;INF082J01143;INF082J01200;10.0108;;;25-Aug-2025
141065;Quantum Liquid Fund - Regular Plan Daily IDCW;;INF082J01317;10.0002;;;25-Aug-2025
141066;Quantum Liquid Fund - Regular Plan Growth Option;INF082J01309;;35.2763;;;25-Aug-2025
141067;Quantum Liquid Fund - Regular Plan Monthly IDCW;INF082J01325;INF082J01333;10.0082;;;25-Aug-2025
152299;Quantum Liquid Fund - Unclaimed IDCW Plan Above 3 years;;;10.0000;;;25-Aug-2025
152298;Quantum Liquid Fund - Unclaimed IDCW Plan Below 3 years;;;11.1710;;;25-Aug-2025
152301;Quantum Liquid Fund - Unclaimed Redemption Plan Above 3 years;;;10.0000;;;25-Aug-2025
152300;Quantum Liquid Fund - Unclaimed Redemption Plan Below 3 years;;;10.7416;;;25-Aug-2025

SBI Mutual Fund
119804;SBI Liquid Fund - Direct Paln - Fortnightly Income Distribution cum Capital Withdrawal Option (IDCW);INF200K01UR8;INF200K01US6;1358.2856;;;25-Aug-2025
119805;SBI Liquid Fund - Direct Plan - Daily Income Distribution cum Capital Withdrawal Option (IDCW);;INF200K01UQ0;1144.0484;;;25-Aug-2025
119799;SBI Liquid Fund - Direct Plan - Weekly Income Distribution cum Capital Withdrawal Option (IDCW);INF200K01UU2;INF200K01UV0;1386.1351;;;25-Aug-2025
119800;SBI Liquid Fund - DIRECT PLAN -Growth;INF200K01UT4;;4159.4997;;;25-Aug-2025
105274;SBI Liquid Fund - Institutional - Growth;INF200K01LU1;;4155.5154;;;25-Aug-2025
105275;SBI Liquid Fund - Institutional Daily Income Distribution cum Capital Withdrawal Option (IDCW);;INF200K01LR7;1335.0143;;;25-Aug-2025
105281;SBI Liquid Fund - Regular Plan - Daily Income Distribution cum Capital Withdrawal Option (IDCW);;INF200K01LX5;1140.7391;;;25-Aug-2025
105283;SBI Liquid Fund - Regular Plan - Fortnightly Income Distribution cum Capital Withdrawal Option (IDCW);INF200K01LY3;INF200K01LZ0;1350.9859;;;25-Aug-2025
105282;SBI Liquid Fund - Regular Plan - Weekly Income Distribution cum Capital Withdrawal Option (IDCW);INF200K01MB9;INF200K01MC7;1379.2291;;;25-Aug-2025
105280;SBI Liquid Fund - REGULAR PLAN -Growth;INF200K01MA1;;4116.5894;;;25-Aug-2025

Shriram Mutual Fund
153035;Shriram Liquid Fund - Direct Plan Growth Option;INF680P01430;;1052.0309;;;25-Aug-2025
153036;Shriram Liquid Fund - Regular Plan Growth Option;INF680P01448;;1050.8437;;;25-Aug-2025
153282;Shriram Unclaimed IDCW Liquid Fund;;;1027.1875;;;25-Aug-2025
153283;Shriram Unclaimed IDCW Stable Scheme Liquid Fund;;;1000;;;25-Aug-2025
153280;Shriram Unclaimed Redemption Liquid Fund;;;1038.0457;;;25-Aug-2025
153281;Shriram Unclaimed Redemption Stable Scheme Liquid Fund;;;1000;;;25-Aug-2025

Sundaram Mutual Fund
149664;Sundaram Liquid Fund (Formerly Known as Principal Cash Management Fund) - Direct Plan - Growth Option;INF173K01GU0;;2350.7959;;;25-Aug-2025
149660;Sundaram Liquid Fund (Formerly Known as Principal Cash Management Fund) - Regular Plan IDCW;INF173K01DD3;INF173K01DE1;1038.1697;;;25-Aug-2025
149662;Sundaram Liquid Fund (Formerly Known as Principal Cash Management Fund) -Direct Plan - IDCW;INF173K01GV8;INF173K01GW6;1039.2592;;;25-Aug-2025
149661;Sundaram Liquid Fund (Formerly Known as Principal Cash Management Fund) -Growth Option;INF173K01DA9;;2322.9594;;;25-Aug-2025

Tata Mutual Fund
153689;Tata Liquid Fund - Direct Plan - Weekly IDCW Reinvestment;;INF277KA1EE2;1009.5672;;;25-Aug-2025
153688;Tata Liquid Fund - Regular Plan - Weekly IDCW Reinvestment;;INF277KA1EF9;1005.8068;;;25-Aug-2025
102672;Tata Liquid Fund -Regular Plan - Growth Option;INF277K01YD8;;4148.3990;;;25-Aug-2025
119862;Tata Liquid Fund- Direct Plan - Daily Reinvestment of IDCW Option;;INF277K012D2;1001.5187;;;25-Aug-2025
119861;Tata Liquid Fund- Direct Plan-Growth Option;INF277K01YE6;;4199.0967;;;25-Aug-2025
101714;Tata Liquid Fund- Regular Plan - Daily Reinvestment of IDCW Option;;INF277K011D4;1001.5157;;;25-Aug-2025

Trust Mutual Fund
148842;TRUSTMF Liquid Fund-Direct Plan-Daily Income Distribution cum Capital Withdrawal;;INF0GCD01263;1235.5111;;;25-Aug-2025
148841;TRUSTMF Liquid Fund-Direct Plan-Growth;INF0GCD01255;;1288.3257;;;25-Aug-2025
148839;TRUSTMF Liquid Fund-Direct Plan-Monthly Income Distribution cum Capital Withdrawal;INF0GCD01305;INF0GCD01297;1170.6543;;;25-Aug-2025
148837;TRUSTMF Liquid Fund-Direct Plan-Weekly Income Distribution cum Capital Withdrawal;INF0GCD01271;INF0GCD01289;1198.834;;;25-Aug-2025
148834;TRUSTMF Liquid Fund-Regular Plan-Daily Income Distribution cum Capital Withdrawal;;INF0GCD01206;1175.1159;;;25-Aug-2025
148833;TRUSTMF Liquid Fund-Regular Plan-Growth;INF0GCD01198;;1279.8863;;;25-Aug-2025
148843;TRUSTMF Liquid Fund-Regular Plan-Monthly Income Distribution cum Capital Withdrawal;INF0GCD01248;INF0GCD01230;1163.1836;;;25-Aug-2025
148836;TRUSTMF Liquid Fund-Regular Plan-Weekly Income Distribution cum Capital Withdrawal;INF0GCD01214;INF0GCD01222;1150.6742;;;25-Aug-2025

Unifi Mutual Fund
153570;Unifi Liquid Fund- Direct Growth;INF1MIY01056;;1012.5457;;;25-Aug-2025
153571;Unifi Liquid Fund- Regular Growth;INF1MIY01064;;1012.4191;;;25-Aug-2025

Union Mutual Fund
115401;Union Liquid Fund - Daily IDCW Option;;INF582M01021;1001.1995;;;25-Aug-2025
119301;Union Liquid Fund - Direct Plan - Daily IDCW Option;;INF582M01682;1001.1995;;;25-Aug-2025
119305;Union Liquid Fund - Direct Plan - Fortnightly IDCW Option;INF582M01724;INF582M01708;1003.1458;;;25-Aug-2025
119303;Union Liquid Fund - Direct Plan - Growth Option;INF582M01674;;2565.8140;;;25-Aug-2025
119302;Union Liquid Fund - Direct Plan - Monthly IDCW Option;INF582M01732;INF582M01716;1005.8066;;;25-Aug-2025
119304;Union Liquid Fund - Direct Plan - Weekly IDCW Option;;INF582M01690;1002.1412;;;25-Aug-2025
115399;Union Liquid Fund - Fortnightly IDCW Option;INF582M01062;INF582M01047;1003.1130;;;25-Aug-2025
115398;Union Liquid Fund - Growth Option;INF582M01013;;2534.3092;;;25-Aug-2025
115400;Union Liquid Fund - Monthly IDCW Option;INF582M01070;INF582M01054;1005.3332;;;25-Aug-2025
115402;Union Liquid Fund - Weekly IDCW Option;;INF582M01039;1002.3641;;;25-Aug-2025

UTI Mutual Fund
134427;UTI Liquid Fund - Direct Plan - Annual IDCW;INF789FA1K63;INF789FA1K71;1917.7358;;;25-Aug-2025
120558;UTI Liquid Fund - Direct Plan - Daily IDCW (Reinvestment);;INF789F01XP8;1063.5232;;;25-Aug-2025
141768;UTI Liquid Fund - Direct Plan - Flexi IDCW;INF789FA1K89;INF789FA1K97;1579.5335;;;25-Aug-2025
140913;UTI Liquid Fund - Direct Plan - Fortnightly IDCW;INF789FA1K06;INF789FA1K14;1157.4007;;;25-Aug-2025
140504;UTI Liquid Fund - Direct Plan - Half-Yearly IDCW;INF789FA1K48;INF789FA1K55;1498.002;;;25-Aug-2025
120794;UTI Liquid Fund - Direct Plan - Monthly IDCW;INF789F01XR4;INF789F01XS2;1046.7236;;;25-Aug-2025
140024;UTI Liquid Fund - Direct Plan - Quarterly IDCW;INF789FA1K22;INF789FA1K30;1811.1702;;;25-Aug-2025
120777;UTI Liquid Fund - Direct Plan - Weekly IDCW;;INF789F01XT0;1354.1053;;;25-Aug-2025
133973;UTI Liquid Fund - Regular Plan - Annual IDCW;INF789FA1J66;INF789FA1J74;1905.2901;;;25-Aug-2025
102010;UTI Liquid Fund - Regular Plan - Daily IDCW (Reinvestment);;INF789F01PG3;1137.4232;;;25-Aug-2025
140517;UTI Liquid Fund - Regular Plan - Flexi IDCW;INF789FA1J82;INF789FA1J90;1570.2982;;;25-Aug-2025
139838;UTI Liquid Fund - Regular Plan - Fortnightly IDCW;INF789FA1J09;INF789FA1J17;1156.5425;;;25-Aug-2025
144475;UTI Liquid Fund - Regular Plan - Half-Yearly IDCW;INF789FA1J41;INF789FA1J58;1326.547;;;25-Aug-2025
102011;UTI Liquid Fund - Regular Plan - Monthly IDCW;INF789F01PI9;INF789F01PJ7;1083.8192;;;25-Aug-2025
135721;UTI Liquid Fund - Regular Plan - Quarterly IDCW;INF789FA1J25;INF789FA1J33;1799.0172;;;25-Aug-2025
102013;UTI Liquid Fund - Regular Plan - Weekly IDCW;;INF789F01PK5;1053.7207;;;25-Aug-2025
120304;UTI-  Liquid Cash Plan - Direct Plan - Growth Option;INF789F01XQ6;;4360.5991;;;25-Aug-2025
102012;UTI-  Liquid Cash Plan - Regular Plan - Growth Option;INF789F01PH1;;4320.9662;;;25-Aug-2025
102008;UTI-  Liquid Cash Plan- Discontinued - Regular Plan - Monthly Dividend Option;INF789F01BC2;INF789F01BA6;1073.5984;;;25-Aug-2025
102009;UTI-  Liquid Cash Plan- Discontinued - Regular Plan -Growth;INF789F01BB4;;3921.0179;;;25-Aug-2025
102007;UTI-  Liquid Cash Plan- Discontinued -Regular Plan Periodic Dividend Option;;INF789F01AZ5;1135.7898;;;25-Aug-2025

WhiteOak Capital Mutual Fund
145969;WhiteOak Capital Liquid Fund- Direct plan-Daily Reinvestment of Income Distribution cum capital withdrawal option (IDCW);;INF03VN01019;1001.5963;;;25-Aug-2025
145966;WhiteOak Capital Liquid Fund- Direct plan-Fortnightly Payout/ Reinvestment of Income Distribution cum capital withdrawal option (IDCW);INF03VN01027;INF03VN01035;1003.5436;;;25-Aug-2025
145971;WhiteOak Capital Liquid Fund- Direct plan-Growth Option;INF03VN01043;;1425.1522;;;25-Aug-2025
145967;WhiteOak Capital Liquid Fund- Direct plan-Monthly  Payout/ Reinvestment of Income Distribution cum capital withdrawal option (IDCW);INF03VN01050;INF03VN01068;1002.5897;;;25-Aug-2025
145970;WhiteOak Capital Liquid Fund- Direct plan-Weekly Payout/ Reinvestment of Income Distribution cum capital withdrawal option (IDCW);INF03VN01076;INF03VN01084;1002.5214;;;25-Aug-2025
145963;WhiteOak Capital Liquid Fund- Regular plan-Daily Reinvestment of Income Distribution cum capital withdrawal option (IDCW);;INF03VN01092;1001.5950;;;25-Aug-2025
145965;WhiteOak Capital Liquid Fund- Regular plan-Fortnightly Payout/ Reinvestment of Income Distribution cum capital withdrawal option (IDCW);INF03VN01100;INF03VN01118;1004.7721;;;25-Aug-2025
145968;WhiteOak Capital Liquid Fund- Regular plan-Growth Option;INF03VN01126;;1416.5165;;;25-Aug-2025
145972;WhiteOak Capital Liquid Fund- Regular plan-Monthly Payout/ Reinvestment of Income Distribution cum capital withdrawal option (IDCW);INF03VN01134;INF03VN01142;1002.3139;;;25-Aug-2025
145964;WhiteOak Capital Liquid Fund- Regular plan-Weekly Payout/ Reinvestment of Income Distribution cum capital withdrawal option (IDCW);INF03VN01159;INF03VN01167;1002.5077;;;25-Aug-2025

Open Ended Schemes ( Debt Scheme - Ultra Short Duration Fund )


Aditya Birla Sun Life Mutual Fund
112016;Aditya Birla Sun Life Savings Fund - Discipline Advantage Plan;INF209K01JT8;;317.9355;;;25-Aug-2025
119501;Aditya Birla Sun Life Savings Fund - Growth - Direct Plan;INF209K01UR9;;564.5354;;;25-Aug-2025
101317;Aditya Birla Sun Life Savings Fund - Growth - Regular Plan;INF209K01LZ1;;554.4279;;;25-Aug-2025
119500;Aditya Birla Sun Life Savings Fund-DIRECT - DAILY IDCW;INF209K01UQ1;;100.514;;;25-Aug-2025
119499;Aditya Birla Sun Life Savings Fund-DIRECT - WEEKLY IDCW;INF209K01US7;;100.6338;;;25-Aug-2025
105888;Aditya Birla Sun Life Savings Fund-Regular - DAILY IDCW;INF209K01LY4;;100.5094;;;25-Aug-2025
105887;Aditya Birla Sun Life Savings Fund-Regular - weekly IDCW;INF209K01MA2;;100.6305;;;25-Aug-2025
109108;Aditya Birla Sun Life Savings Fund-Retail - Daily IDCW;INF209K01MB0;;100.5575;;;25-Aug-2025
101316;Aditya Birla Sun Life Savings Fund-Retail Growth;INF209K01MC8;;536.5123;;;25-Aug-2025
105881;Aditya Birla Sun Life Savings Fund-Weekly - retail IDCW;INF209K01MD6;;100.6406;;;25-Aug-2025

Axis Mutual Fund
144753;Axis Ultra Short Duration Fund - Direct Plan - Daily IDCW;;INF846K01F57;10.0338;;;25-Aug-2025
144755;Axis Ultra Short Duration Fund - Direct Plan - Monthly IDCW;INF846K01F99;INF846K01F81;10.0368;;;25-Aug-2025
144756;Axis Ultra Short Duration Fund - Direct Plan - Regular IDCW;INF846K01G15;INF846K01G07;15.7989;;;25-Aug-2025
144757;Axis Ultra Short Duration Fund - Direct Plan - Weekly IDCW;INF846K01F73;INF846K01F65;10.0500;;;25-Aug-2025
144754;Axis Ultra Short Duration Fund - Direct Plan Growth;INF846K01F40;;15.7975;;;25-Aug-2025
144758;Axis Ultra Short Duration Fund - Regular Plan - Daily IDCW;;INF846K01G31;10.0689;;;25-Aug-2025
144760;Axis Ultra Short Duration Fund - Regular Plan - Monthly IDCW;INF846K01G72;INF846K01G64;10.0480;;;25-Aug-2025
144761;Axis Ultra Short Duration Fund - Regular Plan - Regular IDCW;INF846K01G98;INF846K01G80;14.8720;;;25-Aug-2025
144762;Axis Ultra Short Duration Fund - Regular Plan - Weekly IDCW;INF846K01G56;INF846K01G49;10.0671;;;25-Aug-2025
144759;Axis Ultra Short Duration Fund - Regular Plan Growth;INF846K01G23;;14.8721;;;25-Aug-2025

Bandhan Mutual Fund
144195;BANDHAN ULTRA SHORT DURATION FUND - DIRECT PLAN -MONTHLY IDCW;INF194KA11S2;INF194KA12S0;10.0747;;;25-Aug-2025
144173;BANDHAN ULTRA SHORT DURATION FUND - DIRECT PLAN GROWTH;INF194KA16R3;;15.5646;;;25-Aug-2025
144196;BANDHAN ULTRA SHORT DURATION FUND - DIRECT PLAN PERIODIC IDCW;INF194KA17S9;INF194KA18S7;13.2216;;;25-Aug-2025
144192;BANDHAN ULTRA SHORT DURATION FUND - DIRECT PLAN QUARTERLY IDCW;INF194KA14S6;INF194KA15S3;10.5046;;;25-Aug-2025
144191;BANDHAN ULTRA SHORT DURATION FUND - DIRECT PLAN- WEEKLY IDCW;INF194KA10T2;INF194KA11T0;10.0742;;;25-Aug-2025
144174;BANDHAN ULTRA SHORT DURATION FUND - DIRECT PLAN-DAILY IDCW;INF194KA18R9;INF194KA19R7;10.0367;;;25-Aug-2025
144172;BANDHAN ULTRA SHORT DURATION FUND - REGULAR PLAN DAILY IDCW;INF194KA12Q4;INF194KA13Q2;10.0519;;;25-Aug-2025
144171;BANDHAN ULTRA SHORT DURATION FUND - REGULAR PLAN GROWTH;INF194KA10Q8;;15.3725;;;25-Aug-2025
144194;BANDHAN ULTRA SHORT DURATION FUND - REGULAR PLAN MONTHLY IDCW;INF194KA15Q7;INF194KA16Q5;10.0791;;;25-Aug-2025
144193;BANDHAN ULTRA SHORT DURATION FUND - REGULAR PLAN PERIODIC IDCW;INF194KA11R4;INF194KA12R2;12.9364;;;25-Aug-2025
144190;BANDHAN ULTRA SHORT DURATION FUND - REGULAR PLAN QUARTERLY IDCW;INF194KA18Q1;INF194KA19Q9;10.4881;;;25-Aug-2025
144189;BANDHAN ULTRA SHORT DURATION FUND - REGULAR PLAN WEEKLY IDCW;INF194KA14R8;INF194KA15R5;10.0756;;;25-Aug-2025

Bank of India Mutual Fund
119380;BANK OF INDIA Ultra Short Duration Fund- Direct Plan- Daily IDCW;;INF761K01CT3;1011.9280;;;25-Aug-2025
119379;BANK OF INDIA Ultra Short Duration Fund- Direct Plan- Growth;INF761K01892;;3304.1115;;;25-Aug-2025
119381;BANK OF INDIA Ultra Short Duration Fund- Direct Plan- Weekly IDCW;;INF761K01CU1;1007.9866;;;25-Aug-2025
126389;BANK OF INDIA Ultra Short Duration Fund- Direct Plan-Bonus;INF761K01CS5;;3288.4480;;;25-Aug-2025
111970;BANK OF INDIA Ultra Short Duration Fund- Regular Plan- Daily IDCW;;INF761K01CW7;1007.4498;;;25-Aug-2025
109269;BANK OF INDIA Ultra Short Duration Fund- Regular Plan- Growth;INF761K01298;;3190.6896;;;25-Aug-2025
109264;BANK OF INDIA Ultra Short Duration Fund- Regular Plan- Weekly IDCW;;INF761K01CX5;1008.4153;;;25-Aug-2025

Baroda BNP Paribas Mutual Fund
143510;Baroda BNP Paribas Ultra Short Duratio Fund- Regular Plan- Weekly IDCW;INF251K01SN4;INF955L01GY0;1002.5877;;;25-Aug-2025
143507;Baroda BNP Paribas Ultra Short Duration Fund - Regular Plan - Daily IDCW;;INF955L01GW4;1006.2583;;;25-Aug-2025
143464;Baroda BNP Paribas Ultra Short Duration Fund - Regular Plan - Growth;INF955L01GX2;;1558.0378;;;25-Aug-2025
143511;Baroda BNP Paribas Ultra Short Duration Fund- Direct Plan- Daily IDCW;;INF955L01GZ7;1007.0751;;;25-Aug-2025
143508;Baroda BNP Paribas Ultra Short Duration Fund- Direct Plan- Growth;INF955L01HA8;;1578.7198;;;25-Aug-2025
143509;Baroda BNP Paribas Ultra Short Duration Fund- Direct Plan- Weekly IDCW;INF251K01SM6;INF955L01HB6;1002.6151;;;25-Aug-2025

Canara Robeco Mutual Fund
118315;CANARA ROBECO ULTRA SHORT TERM FUND - DIRECT PLAN - DAILY IDCW (Reinvestment);;INF760K01GL3;1240.7100;;;25-Aug-2025
118317;CANARA ROBECO ULTRA SHORT TERM FUND - DIRECT PLAN - GROWTH OPTION;INF760K01GM1;;4082.0210;;;25-Aug-2025
118319;CANARA ROBECO ULTRA SHORT TERM FUND - DIRECT PLAN - IDCW (Payout/Reinvestment);INF760K01GN9;;2336.2424;;;25-Aug-2025
118318;CANARA ROBECO ULTRA SHORT TERM FUND - DIRECT PLAN - MONTHLY IDCW (Payout/Reinvestment);INF760K01GP4;INF760K01GO7;1006.4150;;;25-Aug-2025
118316;CANARA ROBECO ULTRA SHORT TERM FUND - DIRECT PLAN - WEEKLY IDCW (Payout/Reinvestment);INF760K01GQ2;INF760K01GR0;1241.6829;;;25-Aug-2025
109372;CANARA ROBECO ULTRA SHORT TERM FUND - REGULAR PLAN - DAILY IDCW (Reinvestment);;INF760K01DA3;1240.7100;;;25-Aug-2025
109371;CANARA ROBECO ULTRA SHORT TERM FUND - REGULAR PLAN - GROWTH OPTION;INF760K01DC9;;3834.6534;;;25-Aug-2025
109370;CANARA ROBECO ULTRA SHORT TERM FUND - REGULAR PLAN - MONTHLY IDCW (Payout/Reinvestment);INF760K01CA5;INF760K01DD7;1005.9724;;;25-Aug-2025
109366;CANARA ROBECO ULTRA SHORT TERM FUND - REGULAR PLAN - WEEKLY IDCW (Payout/Reinvestment);INF760K01DE5;INF760K01DF2;1241.5775;;;25-Aug-2025
140530;CANARA ROBECO ULTRA SHORT TERM FUND- REGULAR PLAN - IDCW (Payout);INF760K01IL9;;1575.3195;;;25-Aug-2025

DSP Mutual Fund
119205;DSP Ultra Short Fund - Direct Plan - Growth;INF740K01ON5;;3741.6542;;;25-Aug-2025
119206;DSP Ultra Short Fund - Direct Plan - IDCW;INF740K01OQ8;INF740K01OR6;1135.613;;;25-Aug-2025
119203;DSP Ultra Short Fund - Direct Plan - IDCW - Daily;;INF740KA1NT0;1005.3951;;;25-Aug-2025
119204;DSP Ultra Short Fund - Direct Plan - IDCW - Monthly;INF740K01OO3;INF740K01OP0;1086.622;;;25-Aug-2025
119207;DSP Ultra Short Fund - Direct Plan - IDCW - Weekly;INF740KA1NU8;INF740KA1NV6;1005.6156;;;25-Aug-2025
104138;DSP Ultra Short Fund - Regular Plan - Growth;INF740K01QQ3;;3437.5712;;;25-Aug-2025
104140;DSP Ultra Short Fund - Regular Plan - IDCW - Daily Reinvest;;INF740KA1NW4;1005.4914;;;25-Aug-2025
117063;DSP Ultra Short Fund - Regular Plan - IDCW - Monthly;INF740K01QS9;INF740K01QR1;1078.4091;;;25-Aug-2025
117995;DSP Ultra Short Fund - Regular Plan - IDCW - Payout;INF740K01MK5;;1123.1536;;;25-Aug-2025
104139;DSP Ultra Short Fund - Regular Plan - IDCW - Weekly Reinvest;;;1005.5333;;;25-Aug-2025

Franklin Templeton Mutual Fund
152825;Franklin India Ultra Short Duration Fund - Direct - Growth;INF090I01XL4;;10.7882;;;25-Aug-2025
152827;Franklin India Ultra Short Duration Fund - Direct - IDCW;INF090I01XM2;INF090I01XN0;10.6669;;;25-Aug-2025
152828;Franklin India Ultra Short Duration Fund - Growth;INF090I01XJ8;;10.7390;;;25-Aug-2025
152826;Franklin India Ultra Short Duration Fund - IDCW;INF090I01XK6;INF090I01XO8;10.6178;;;25-Aug-2025

HDFC Mutual Fund
145041;HDFC Ultra Short Term Fund - Daily IDCW Option;;INF179KB12R1;10.103;;;25-Aug-2025
145039;HDFC Ultra Short Term Fund - Direct Plan-Daily IDCW Option;;INF179KB16Q4;10.092;;;25-Aug-2025
145034;HDFC Ultra Short Term Fund - Direct Plan-Growth Option;INF179KB15Q6;;15.6424;;;25-Aug-2025
145036;HDFC Ultra Short Term Fund - Direct Plan-Monthly IDCW Option;INF179KB10R5;INF179KB19Q8;10.093;;;25-Aug-2025
145035;HDFC Ultra Short Term Fund - Direct Plan-Weekly IDCW Option;INF179KB18Q0;INF179KB17Q2;10.0621;;;25-Aug-2025
145040;HDFC Ultra Short Term Fund - Growth Option;INF179KB11R3;;15.3036;;;25-Aug-2025
145037;HDFC Ultra Short Term Fund - Monthly IDCW Option;INF179KB16R2;INF179KB15R4;10.1908;;;25-Aug-2025
145038;HDFC Ultra Short Term Fund - Weekly IDCW Option;INF179KB14R7;INF179KB13R9;10.0615;;;25-Aug-2025

HSBC Mutual Fund
147910;HSBC Ultra Short Duration Fund - Direct Daily IDCW;;INF336L01OS9;1079.9409;;;25-Aug-2025
147908;HSBC Ultra Short Duration Fund - Direct Growth;INF336L01OR1;;1387.1468;;;25-Aug-2025
147915;HSBC Ultra Short Duration Fund - Direct Monthly IDCW;INF336L01OV3;INF336L01OU5;1016.105;;;25-Aug-2025
147912;HSBC Ultra Short Duration Fund - Direct Weekly IDCW;;INF336L01OT7;1008.2867;;;25-Aug-2025
147909;HSBC Ultra Short Duration Fund - Regular Daily IDCW;;INF336L01OX9;1031.7278;;;25-Aug-2025
147907;HSBC Ultra Short Duration Fund - Regular Growth;INF336L01OW1;;1367.3856;;;25-Aug-2025
147916;HSBC Ultra Short Duration Fund - Regular Monthly IDCW;INF336L01PA4;INF336L01OZ4;1031.6122;;;25-Aug-2025
147911;HSBC Ultra Short Duration Fund - Regular Weekly IDCW;;INF336L01OY7;1042.3852;;;25-Aug-2025

ICICI Prudential Mutual Fund
145399;ICICI Prudential Ultra Short Term Fund - Daily IDCW;-;INF109KC1ND7;10.0973;;;25-Aug-2025
120676;ICICI Prudential Ultra Short Term Fund - Direct Plan -  Growth;INF109K01T04;;30.2871;;;25-Aug-2025
120677;ICICI Prudential Ultra Short Term Fund - Direct Plan -  Monthly IDCW;INF109K01T38;INF109K01T46;10.8231;;;25-Aug-2025
120675;ICICI Prudential Ultra Short Term Fund - Direct Plan -  Quarterly IDCW;INF109K01T53;INF109K01T61;11.2447;;;25-Aug-2025
145404;ICICI Prudential Ultra Short Term Fund - Direct Plan - Daily IDCW;-;INF109KC1MY5;10.0296;;;25-Aug-2025
145400;ICICI Prudential Ultra Short Term Fund - Direct Plan - Weekly IDCW;INF109KC1NA3;INF109KC1MZ2;10.0961;;;25-Aug-2025
115092;ICICI Prudential Ultra Short Term Fund - Growth;INF109K01TP7;;27.9900;;;25-Aug-2025
115094;ICICI Prudential Ultra Short Term Fund - Monthly IDCW;INF109K01TR3;INF109K01TQ5;10.6904;;;25-Aug-2025
115091;ICICI Prudential Ultra Short Term Fund - Quarterly IDCW;INF109K01TT9;INF109K01TS1;11.0296;;;25-Aug-2025
145402;ICICI Prudential Ultra Short Term Fund - Weekly IDCW;INF109KC1NF2;INF109KC1NE5;10.0794;;;25-Aug-2025

Invesco Mutual Fund
114361;Invesco India Ultra Short Duration Fund - Annual IDCW (Payout / Reinvestment);INF205K01TD9;INF205K01TE7;1119.7492;;;25-Aug-2025
136111;Invesco India Ultra Short Duration Fund - Daily IDCW (Reinvestment);;INF205K018H7;1438.2342;;;25-Aug-2025
120543;Invesco India Ultra Short Duration Fund - Direct Plan - Annual IDCW (Payout / Reinvestment);INF205K01TF4;INF205K01TG2;2071.336;;;25-Aug-2025
136112;Invesco India Ultra Short Duration Fund - Direct Plan - Daily IDCW (Reinvestment);;INF205K019H5;1474.477;;;25-Aug-2025
120541;Invesco India Ultra Short Duration Fund - Direct Plan - Growth;INF205K01TH0;;2908.9604;;;25-Aug-2025
120542;Invesco India Ultra Short Duration Fund - Direct Plan - Monthly IDCW (Payout / Reinvestment);INF205K01TI8;INF205K01TJ6;1971.1147;;;25-Aug-2025
120544;Invesco India Ultra Short Duration Fund - Direct Plan - Quarterly IDCW (Payout / Reinvestment);INF205K01TK4;INF205K01TL2;1042.5129;;;25-Aug-2025
114359;Invesco India Ultra Short Duration Fund - Growth;INF205K01TM0;;2723.9398;;;25-Aug-2025
114362;Invesco India Ultra Short Duration Fund - Monthly IDCW (Payout / Reinvestment);INF205K01TN8;INF205K01TO6;1014.8313;;;25-Aug-2025
114360;Invesco India Ultra Short Duration Fund - Quarterly IDCW (Payout / Reinvestment);INF205K01TP3;INF205K01TQ1;1079.9589;;;25-Aug-2025

ITI Mutual Fund
148909;ITI Ultra Short Duration Fund - Direct Plan - Annually IDCW Option;INF00XX01AM5;INF00XX01AJ1;1294.0861;;;25-Aug-2025
148910;ITI Ultra Short Duration Fund - Direct Plan - Daily IDCW;;INF00XX01AF9;1002.6069;;;25-Aug-2025
148913;ITI Ultra Short Duration Fund - Direct Plan - Growth Option;INF00XX01AE2;;1292.4424;;;25-Aug-2025
148916;ITI Ultra Short Duration Fund - Direct Plan - Monthly IDCW Option;INF00XX01AL7;INF00XX01AI3;1007.6696;;;25-Aug-2025
148917;ITI Ultra Short Duration Fund - Regular Plan - Annually IDCW Option;INF00XX01AD4;INF00XX01AA0;1247.3203;;;25-Aug-2025
148912;ITI Ultra Short Duration Fund - Regular Plan - Daily IDCW Option;;INF00XX01960;1002.5408;;;25-Aug-2025
148911;ITI Ultra Short Duration Fund - Regular Plan - Fortnightly IDCW Option;INF00XX01AB8;INF00XX01986;1004.5591;;;25-Aug-2025
148906;ITI Ultra Short Duration Fund - Regular Plan - Growth Option;INF00XX01952;;1247.2684;;;25-Aug-2025
148914;ITI Ultra Short Duration Fund - Regular Plan - Monthly IDCW Option;INF00XX01AC6;INF00XX01994;1007.0871;;;25-Aug-2025
148907;ITI Ultra Short Duration Fund - Regular Plan - Weekly IDCW Option;;INF00XX01978;1003.9577;;;25-Aug-2025

Kotak Mahindra Mutual Fund
102591;Kotak Savings Fund -Growth;INF174K01FD6;;43.3011;;;25-Aug-2025
102592;Kotak Savings Fund -Monthly Payout of Income Distribution cum capital withdrawal option;INF174K01FH7;;10.7339;;;25-Aug-2025
119750;Kotak Savings Fund-Growth - Direct;INF174K01JP2;;45.3934;;;25-Aug-2025
119751;Kotak Savings Fund-Monthly Payout of Income Distribution cum capital withdrawal option - Direct;INF174K01JQ0;;19.5722;;;25-Aug-2025

LIC Mutual Fund
147771;LIC MF Ultra Short Duration Fund-Direct Plan-Daily IDCW;;INF767K01QP8;1102.1317;;;25-Aug-2025
147772;LIC MF Ultra Short Duration Fund-Direct Plan-Growth;INF767K01QU8;;1364.3294;;;25-Aug-2025
147773;LIC MF Ultra Short Duration Fund-Direct Plan-Monthly IDCW;INF767K01QT0;INF767K01QS2;1364.177;;;25-Aug-2025
147769;LIC MF Ultra Short Duration Fund-Direct Plan-Weekly IDCW;INF767K01QR4;INF767K01QQ6;1102.7689;;;25-Aug-2025
147766;LIC MF Ultra Short Duration Fund-Regular Plan-Daily IDCW;;INF767K01QJ1;1093.4116;;;25-Aug-2025
147770;LIC MF Ultra Short Duration Fund-Regular Plan-Growth;INF767K01QO1;;1333.7727;;;25-Aug-2025
147768;LIC MF Ultra Short Duration Fund-Regular Plan-Monthly IDCW;INF767K01QN3;INF767K01QM5;1333.9834;;;25-Aug-2025
147767;LIC MF Ultra Short Duration Fund-Regular Plan-Weekly IDCW;INF767K01QL7;INF767K01QK9;1031.0086;;;25-Aug-2025

Mahindra Manulife Mutual Fund
147733;Mahindra Manulife Ultra Short Duration Fund - Direct Plan - Daily IDCW;;INF174V01895;1183.6680;;;25-Aug-2025
147732;Mahindra Manulife Ultra Short Duration Fund - Direct Plan - Weekly IDCW;;INF174V01903;1002.5781;;;25-Aug-2025
147731;Mahindra Manulife Ultra Short Duration Fund - Direct Plan -Growth;INF174V01887;;1424.0862;;;25-Aug-2025
147729;Mahindra Manulife Ultra Short Duration Fund - Regular Plan - Daily IDCW;;INF174V01861;1095.8079;;;25-Aug-2025
147734;Mahindra Manulife Ultra Short Duration Fund - Regular Plan - Growth;INF174V01853;;1389.4319;;;25-Aug-2025
147730;Mahindra Manulife Ultra Short Duration Fund - Regular Plan - Weekly IDCW;;INF174V01879;1002.3847;;;25-Aug-2025

Mirae Asset Mutual Fund
148529;Mirae Asset Ultra Short Duration Fund Direct Growth;INF769K01GK6;;1336.6024;;;25-Aug-2025
148532;Mirae Asset Ultra Short Duration Fund Direct IDCW;INF769K01GJ8;INF769K01GL4;1336.3785;;;25-Aug-2025
148530;Mirae Asset Ultra Short Duration Fund Regular Growth;INF769K01GH2;;1321.8554;;;25-Aug-2025
148531;Mirae Asset Ultra Short Duration Fund Regular IDCW;INF769K01GG4;INF769K01GI0;1321.3779;;;25-Aug-2025

Motilal Oswal Mutual Fund
124234;Motilal Oswal Ultra Short Term Fund (MOFUSTF) -Direct Plan- Growth;INF247L01247;;17.6094;;;25-Aug-2025
124233;Motilal Oswal Ultra Short Term Fund (MOFUSTF)-Regular Plan- Growth;INF247L01213;;16.6090;;;25-Aug-2025
124316;Motilal Oswal Ultra Short Term Fund Direct - IDCW Daily Reinvestment;;INF247L01346;11.7326;;;25-Aug-2025
124311;Motilal Oswal Ultra Short Term Fund Direct - IDCW Fortnightly Reinvestment;;INF247L01361;11.8177;;;25-Aug-2025
124312;Motilal Oswal Ultra Short Term Fund Direct - IDCW Quarterly Payout/Reinvestment;INF247L01403;INF247L01387;12.0965;;;25-Aug-2025
124306;Motilal Oswal Ultra Short Term Fund Direct - IDCW Weekly Reinvestment;;INF247L01353;11.7468;;;25-Aug-2025
124308;Motilal Oswal Ultra Short Term Fund Direct Plan - IDCW Monthly Payout/Reinvestment;INF247L01395;INF247L01379;11.7974;;;25-Aug-2025
124303;Motilal Oswal Ultra Short Term Fund Regular - IDCW Daily Reinvestment;;INF247L01270;11.4495;;;25-Aug-2025
124313;Motilal Oswal Ultra Short Term Fund Regular - IDCW Fortnightly Reinvestment;;INF247L01296;11.5006;;;25-Aug-2025
124315;Motilal Oswal Ultra Short Term Fund Regular - IDCW Monthly Payout/Reinvestment;INF247L01320;INF247L01304;11.5123;;;25-Aug-2025
124305;Motilal Oswal Ultra Short Term Fund Regular - IDCW Quarterly Payout/Reinvestment;INF247L01338;INF247L01312;11.7298;;;25-Aug-2025
124310;Motilal Oswal Ultra Short Term Fund Regular - IDCW Weekly Reinvestment;;INF247L01288;11.4651;;;25-Aug-2025

Nippon India Mutual Fund
143498;NIPPON INDIA ULTRA SHORT DURATION FUND - DAILY IDCW OPTION;;INF204K01UC2;1114.1500;;;25-Aug-2025
143500;NIPPON INDIA ULTRA SHORT DURATION FUND - DIRECT Plan - DAILY IDCW OPTION;;INF204K01YF7;1114.1500;;;25-Aug-2025
143497;NIPPON INDIA ULTRA SHORT DURATION FUND - DIRECT Plan - MONTHLY IDCW Option;INF204K01YI1;INF204K01YJ9;1033.7326;;;25-Aug-2025
143502;NIPPON INDIA ULTRA SHORT DURATION FUND - DIRECT Plan - QUARTERLY IDCW Option;INF204K01YK7;INF204K01YL5;1027.9878;;;25-Aug-2025
143501;NIPPON INDIA ULTRA SHORT DURATION FUND - DIRECT Plan - WEEKLY IDCW OPTION;;INF204K01YG5;1092.2144;;;25-Aug-2025
143499;NIPPON INDIA ULTRA SHORT DURATION FUND - MONTHLY IDCW Option;INF204K01UF5;INF204K01UG3;1023.2614;;;25-Aug-2025
143496;NIPPON INDIA ULTRA SHORT DURATION FUND - QUARTERLY IDCW Option;INF204K01UH1;INF204K01UI9;1020.2394;;;25-Aug-2025
143495;NIPPON INDIA ULTRA SHORT DURATION FUND - WEEKLY IDCW OPTION;;INF204K01UD0;1092.1479;;;25-Aug-2025
143494;Nippon India Ultra Short Duration Fund- Direct Plan- Growth Option;INF204K01YH3;;4490.8998;;;25-Aug-2025
143493;Nippon India Ultra Short Duration Fund- Growth Option;INF204K01UE8;;4068.0415;;;25-Aug-2025

PGIM India Mutual Fund
138342;PGIM India Ultra Short Duration Fund - Daily Dividend;INF223J01FH4;;10.0203;;;25-Aug-2025
138361;PGIM India Ultra Short Duration Fund - Direct Plan - Daily Dividend;;INF223J01QL3;10.0241;;;25-Aug-2025
138358;PGIM India Ultra Short Duration Fund - Direct Plan - Growth;INF223J01QO7;;35.9939;;;25-Aug-2025
138359;PGIM India Ultra Short Duration Fund - Direct Plan - Monthly Dividend;INF223J01QP4;;12.4889;;;25-Aug-2025
138362;PGIM India Ultra Short Duration Fund - Direct Plan - Weekly Dividend;INF223J01QR0;INF223J01QS8;10.2691;;;25-Aug-2025
138343;PGIM India Ultra Short Duration Fund - Growth;INF223J01FK8;;34.3903;;;25-Aug-2025
138344;PGIM India Ultra Short Duration Fund - Monthly Dividend;INF223J01FL6;INF223J01FM4;14.8523;;;25-Aug-2025
138341;PGIM India Ultra Short Duration Fund - Weekly Dividend;INF223J01FO0;INF223J01FP7;10.081;;;25-Aug-2025

SBI Mutual Fund
119784;SBI Magnum Ultra Short Duration Fund - Direct Plan - Daily Income Distribution cum Capital Withdrawal Option (IDCW);;INF200K01TG3;2297.0346;;;25-Aug-2025
119828;SBI MAGNUM ULTRA SHORT DURATION FUND - DIRECT PLAN - GROWTH;INF200K01TF5;;6143.0131;;;25-Aug-2025
119829;SBI Magnum Ultra Short Duration Fund - Direct Plan - Weekly Income Distribution cum Capital Withdrawal Option (IDCW);INF200K01TH1;INF200K01TI9;1273.1804;;;25-Aug-2025
105080;SBI Magnum Ultra Short Duration Fund - Regular Plan - Daily Income Distribution cum Capital Withdrawal Option (IDCW);;INF200K01LK2;2273.0734;;;25-Aug-2025
100641;SBI MAGNUM ULTRA SHORT DURATION FUND - REGULAR PLAN - GROWTH;INF200K01LJ4;;6034.8916;;;25-Aug-2025
103884;SBI Magnum Ultra Short Duration Fund - Regular Plan - Weekly Income Distribution cum Capital Withdrawal Option (IDCW);INF200K01LM8;INF200K01LL0;1265.2010;;;25-Aug-2025

Sundaram Mutual Fund
149537;Sundaram Ultra Short Duration Fund (Formerly Known as Principal Ultra Short Term Fund) - Income Distribution CUM Capital Withdrawal Option (IDCW);INF173K01CX3;INF173K01CY1;1074.4185;;;25-Aug-2025
149539;Sundaram Ultra Short Duration Fund (Formerly Known as Principal Ultra Short Term Fund)- Direct Plan -Growth Option;INF173K01HI3;;2960.3516;;;25-Aug-2025
149540;Sundaram Ultra Short Duration Fund (Formerly Known as Principal Ultra Short Term Fund)- Direct Plan Income Distribution CUM Capital Withdrawal Option (IDCW);INF173K01HK9;INF173K01HJ1;1081.8714;;;25-Aug-2025
149535;Sundaram Ultra Short Duration Fund (Formerly Known as Principal Ultra Short Term Fund)-Growth Option;INF173K01CU9;;2708.9975;;;25-Aug-2025

Tata Mutual Fund
146076;TATA Ultra Short Term Fund Direct Plan - Monthly Reinvestment of Income Distribution cum capital withdrawal option  ;;INF277K013T6;15.0729;;;25-Aug-2025
146068;TATA Ultra Short Term Fund Direct Plan - Weekly Reinvestment of Income Distribution cum capital withdrawal option   ;;INF277K015T1;10.4139;;;25-Aug-2025
146073;TATA Ultra Short Term Fund Regular Plan - Monthly Reinvestment of Income Distribution cum capital withdrawal option  ;;INF277K018S7;14.3107;;;25-Aug-2025
146074;TATA Ultra Short Term Fund Regular Plan -Weekly Reinvestment of Income Distribution cum capital withdrawal option  ;;INF277K010T2;10.3859;;;25-Aug-2025
146069;TATA Ultra Short Term Fund-Direct Plan - Monthly Payout of Income Distribution cum capital withdrawal option ;INF277K012T8;;15.0729;;;25-Aug-2025
146067;TATA Ultra Short Term Fund-Direct Plan - Weekly Payout of Income Distribution cum capital withdrawal option ;INF277K014T4;;10.4139;;;25-Aug-2025
146075;Tata Ultra Short Term Fund-Direct Plan-Growth;INF277K011T0;;15.0575;;;25-Aug-2025
146072;TATA Ultra Short Term Fund-Regular Plan - Monthly Payout of Income Distribution cum capital withdrawal option ;INF277K017S9;;14.3107;;;25-Aug-2025
146071;TATA Ultra Short Term Fund-Regular Plan - Weekly Payout of Income Distribution cum capital withdrawal option ;INF277K019S5;;10.3859;;;25-Aug-2025
146070;Tata Ultra Short Term Fund-Regular Plan-Growth;INF277K016S1;;14.3083;;;25-Aug-2025

UTI Mutual Fund
139568;UTI Ultra Short Duration Fund - Direct Plan - Annual IDCW;INF789FA1Q42;INF789FA1Q59;1445.6006;;;25-Aug-2025
120744;UTI Ultra Short Duration Fund - Direct Plan - Daily IDCW (Reinvestment);INF789F01TG5;INF789F01TH3;1528.9605;;;25-Aug-2025
121892;UTI Ultra Short Duration Fund - Direct Plan - Flexi IDCW;INF789FB1KQ0;INF789FB1KR8;2229.7894;;;25-Aug-2025
131512;UTI Ultra Short Duration Fund - Direct Plan - Fortnightly IDCW;INF789FA1P68;INF789FA1P76;1326.4756;;;25-Aug-2025
120746;UTI Ultra Short Duration Fund - Direct Plan - Growth Option;INF789F01TI1;;4595.8434;;;25-Aug-2025
147128;UTI Ultra Short Duration Fund - Direct Plan - Half-Yearly IDCW;INF789FA1Q26;INF789FA1Q34;1457.1881;;;25-Aug-2025
131444;UTI Ultra Short Duration Fund - Direct Plan - Monthly IDCW;INF789FA1P84;INF789FA1P92;1161.0409;;;25-Aug-2025
133059;UTI Ultra Short Duration Fund - Direct Plan - Quarterly IDCW;INF789FA1Q00;INF789FA1Q18;1908.2399;;;25-Aug-2025
120745;UTI Ultra Short Duration Fund - Direct Plan - Weekly IDCW (Reinvestment);INF789FB1S63;;1084.2812;;;25-Aug-2025
112083;UTI Ultra Short Duration Fund - Discontinued - INSTN GROWTH OPTION;INF789F01PM1;;3066.7803;;;25-Aug-2025
134484;UTI Ultra Short Duration Fund - Regular Plan - Annual IDCW;INF789FA1P43;INF789FA1P50;1400.574;;;25-Aug-2025
109501;UTI Ultra Short Duration Fund - Regular Plan - Daily IDCW (Reinvestment);;INF789F01554;1049.7593;;;25-Aug-2025
121891;UTI Ultra Short Duration Fund - Regular Plan - Flexi IDCW;INF789FB1KS6;INF789FB1KT4;1652.2295;;;25-Aug-2025
131511;UTI Ultra Short Duration Fund - Regular Plan - Fortnightly IDCW;INF789FA1O69;INF789FA1O77;1322.0494;;;25-Aug-2025
102532;UTI Ultra Short Duration Fund - Regular Plan - Growth Option;INF789F01570;;4280.0139;;;25-Aug-2025
134799;UTI Ultra Short Duration Fund - Regular Plan - Half-Yearly IDCW;INF789FA1P27;INF789FA1P35;1014.9489;;;25-Aug-2025
131445;UTI Ultra Short Duration Fund - Regular Plan - Monthly IDCW;INF789FA1O85;INF789FA1O93;1095.1395;;;25-Aug-2025
133873;UTI Ultra Short Duration Fund - Regular Plan - Quarterly IDCW;INF789FA1P01;INF789FA1P19;1263.696;;;25-Aug-2025
102531;UTI Ultra Short Duration Fund - Regular Plan - Weekly IDCW (Reinvestment);;INF789F01562;1370.8145;;;25-Aug-2025

WhiteOak Capital Mutual Fund
147316;WhiteOak Capital Ultra Short Duration Fund- Direct plan-Daily Reinvestment of Income Distribution cum capital withdrawal option (IDCW);;INF03VN01175;1004.9892;;;25-Aug-2025
147315;WhiteOak Capital Ultra Short Duration Fund- Direct plan-Fortnightly Payout/ Reinvestment of Income Distribution cum capital withdrawal option (IDCW);INF03VN01183;INF03VN01191;1006.7749;;;25-Aug-2025
147311;WhiteOak Capital Ultra Short Duration Fund- Direct plan-Growth Option;INF03VN01209;;1423.9422;;;25-Aug-2025
147312;WhiteOak Capital Ultra Short Duration Fund- Direct plan-Monthly Payout/ Reinvestment of Income Distribution cum capital withdrawal option (IDCW);INF03VN01217;INF03VN01225;1006.7327;;;25-Aug-2025
147313;WhiteOak Capital Ultra Short Duration Fund- Direct plan-Weekly Payout/ Reinvestment of Income Distribution cum capital withdrawal option (IDCW);INF03VN01233;INF03VN01241;1005.8415;;;25-Aug-2025
147308;WhiteOak Capital Ultra Short Duration Fund- Regular plan-Daily Reinvestment of Income Distribution cum capital withdrawal option (IDCW);;INF03VN01258;1004.9892;;;25-Aug-2025
147309;WhiteOak Capital Ultra Short Duration Fund- Regular plan-Fortnightly Payout/ Reinvestment of Income Distribution cum capital withdrawal option (IDCW);INF03VN01266;INF03VN01274;1006.5356;;;25-Aug-2025
147307;WhiteOak Capital Ultra Short Duration Fund- Regular plan-Growth Option;INF03VN01282;;1374.3496;;;25-Aug-2025
147314;WhiteOak Capital Ultra Short Duration Fund- Regular plan-Monthly Payout/ Reinvestment of Income Distribution cum capital withdrawal option (IDCW);INF03VN01290;INF03VN01308;1005.5338;;;25-Aug-2025
147310;WhiteOak Capital Ultra Short Duration Fund- Regular plan-Weekly Payout/ Reinvestment of Income Distribution cum capital withdrawal option (IDCW);INF03VN01316;INF03VN01324;1007.1806;;;25-Aug-2025

Open Ended Schemes ( Debt Scheme - Low Duration Fund )


Aditya Birla Sun Life Mutual Fund
119523;Aditya Birla Sun Life Low duration Fund - Growth - Direct Plan;INF209K01XU7;;735.6604;;;25-Aug-2025
103192;Aditya Birla Sun Life Low Duration Fund - Growth Plan;INF209K01LQ0;;663.3279;;;25-Aug-2025
103195;Aditya Birla Sun Life Low Duration Fund - Institutional Plan - Growth;INF209K01KE8;;465.1046;;;25-Aug-2025
119524;Aditya Birla Sun Life Low Duration Fund -Direct - daily IDCW;INF209K01XW3;;100.9279;;;25-Aug-2025
119522;Aditya Birla Sun Life Low Duration Fund -Direct - weekly IDCW;;INF209K01XV5;101.0914;;;25-Aug-2025
103191;Aditya Birla Sun Life Low Duration Fund -INSTITUTIONAL - DAILY IDCW;;INF209K01KD0;100.927;;;25-Aug-2025
113307;Aditya Birla Sun Life Low Duration Fund -Regular - DAILY IDCW;;INF209KA1LP6;100.9191;;;25-Aug-2025
103193;Aditya Birla Sun Life Low Duration Fund -REGULAR - WEEKLY IDCW;;INF209KA1LQ4;101.062;;;25-Aug-2025

Axis Mutual Fund
120515;Axis Treasury Advantage Fund - Direct Plan - Daily IDCW;;INF846K01EQ4;1012.4737;;;25-Aug-2025
120513;Axis Treasury Advantage Fund - Direct Plan - Growth Option;INF846K01EN1;;3281.9502;;;25-Aug-2025
120516;Axis Treasury Advantage Fund - Direct Plan - Monthly IDCW;INF846K01EO9;INF846K01EP6;1009.6083;;;25-Aug-2025
120514;Axis Treasury Advantage Fund - Direct Plan - Weekly IDCW;INF846K01ER2;INF846K01ES0;1011.6343;;;25-Aug-2025
112215;Axis Treasury Advantage Fund - Regular Plan - Daily IDCW;;INF846K01545;1013.2484;;;25-Aug-2025
112214;Axis Treasury Advantage Fund - Regular Plan - Growth Option;INF846K01537;;3129.1694;;;25-Aug-2025
112217;Axis Treasury Advantage Fund - Regular Plan - Monthly IDCW;INF846K01578;INF846K01586;1009.6058;;;25-Aug-2025
112216;Axis Treasury Advantage Fund - Regular Plan - Weekly IDCW;INF846K01552;INF846K01560;1011.6337;;;25-Aug-2025
112720;Axis Treasury Advantage Fund - Retail Plan - Daily IDCW;;INF846K01487;1012.4736;;;25-Aug-2025
112717;Axis Treasury Advantage Fund - Retail Plan - Growth Option;INF846K01479;;2933.7722;;;25-Aug-2025
112718;Axis Treasury Advantage Fund - Retail Plan - Monthly IDCW;INF846K01511;INF846K01529;1009.6059;;;25-Aug-2025
112719;Axis Treasury Advantage Fund - Retail Plan - Weekly IDCW;INF846K01495;INF846K01503;1011.6337;;;25-Aug-2025

Bandhan Mutual Fund
108633;BANDHAN Low Duration Fund - Regular Plan - Daily IDCW;INF194K01FW4;INF194K01FV6;10.1015;;;25-Aug-2025
108632;BANDHAN Low Duration Fund - Regular Plan - Growth;INF194K01FU8;;38.9803;;;25-Aug-2025
108635;BANDHAN Low Duration Fund - Regular Plan - Monthly IDCW;INF194K01FZ7;INF194K01FY0;10.1318;;;25-Aug-2025
116020;BANDHAN Low Duration Fund - Regular Plan - Periodic IDCW;INF194K01I29;INF194K01I37;12.9430;;;25-Aug-2025
116413;BANDHAN Low Duration Fund - Regular Plan - Quarterly IDCW;INF194K01UR3;INF194K01US1;11.1571;;;25-Aug-2025
108634;BANDHAN Low Duration Fund - Regular Plan - Weekly IDCW;INF194K01GC4;INF194K01GB6;10.1126;;;25-Aug-2025
118368;BANDHAN Low Duration Fund-Direct Plan-Daily IDCW;;INF194K01J85;10.1111;;;25-Aug-2025
118371;BANDHAN Low Duration Fund-Direct Plan-Growth;INF194K01J77;;39.9486;;;25-Aug-2025
118372;BANDHAN Low Duration Fund-Direct Plan-Monthly IDCW;INF194K01K17;INF194K01K09;10.1472;;;25-Aug-2025
118370;BANDHAN Low Duration Fund-Direct Plan-Periodic IDCW;INF194K01K82;INF194K01K90;13.0866;;;25-Aug-2025
118369;BANDHAN Low Duration Fund-Direct Plan-Quarterly IDCW;INF194K01K58;INF194K01K66;11.0978;;;25-Aug-2025
118373;BANDHAN Low Duration Fund-Direct Plan-Weekly IDCW;;INF194K01K33;10.1010;;;25-Aug-2025

Baroda BNP Paribas Mutual Fund
150168;BARODA BNP PARIBAS LOW DURATION Fund - Direct Plan - Daily IDCW Option;;INF251K01GK5;10.1384;;;25-Aug-2025
150169;BARODA BNP PARIBAS LOW DURATION Fund - Direct Plan - Growth Option;INF251K01GJ7;;44.3824;;;25-Aug-2025
150170;BARODA BNP PARIBAS LOW DURATION Fund - Direct Plan - Monthly IDCW Option;INF251K01GN9;INF251K01GO7;10.4626;;;25-Aug-2025
150171;BARODA BNP PARIBAS LOW DURATION Fund - Direct Plan - Weekly IDCW Option;INF251K01GL3;INF251K01GM1;10.0540;;;25-Aug-2025
150164;BARODA BNP PARIBAS LOW DURATION FUND - Regular Plan - DAILY IDCW OPTION;;INF251K01DR7;10.0604;;;25-Aug-2025
150165;BARODA BNP PARIBAS LOW DURATION FUND - Regular Plan - GROWTH OPTION;INF251K01DQ9;;40.4883;;;25-Aug-2025
150167;BARODA BNP PARIBAS LOW DURATION FUND - Regular Plan - MONTHLY IDCW OPTION;INF251K01DU1;INF251K01DV9;10.3864;;;25-Aug-2025
150166;BARODA BNP PARIBAS LOW DURATION FUND - Regular Plan - WEEKLY IDCW OPTION;INF251K01DS5;INF251K01DT3;10.0527;;;25-Aug-2025
150163;BARODA BNP PARIBAS LOW DURATION Fund-Defunct Plan- Daily IDCW Option;;INF251K01DM8;10.0499;;;25-Aug-2025
150160;BARODA BNP PARIBAS LOW DURATION Fund-Defunct Plan-Growth Option;INF251K01DL0;;40.5586;;;25-Aug-2025
150162;BARODA BNP PARIBAS LOW DURATION Fund-Defunct Plan-Monthly IDCW Option;INF251K01DO4;INF251K01DP1;10.6045;;;25-Aug-2025
150161;BARODA BNP PARIBAS LOW DURATION Fund-Defunct Plan-Weekly IDCW Option;;INF251K01DN6;10.0527;;;25-Aug-2025

Canara Robeco Mutual Fund
118293;CANARA ROBECO SAVINGS FUND - DIRECT PLAN - DAILY IDCW (Reinvestment);;INF760K01EM6;10.2600;;;25-Aug-2025
118291;CANARA ROBECO SAVINGS FUND - DIRECT PLAN - GROWTH OPTION;INF760K01ET1;;43.7999;;;25-Aug-2025
118292;CANARA ROBECO SAVINGS FUND - DIRECT PLAN - IDCW (Payout/Reinvestment);INF760K01EP9;INF760K01EQ7;39.1328;;;25-Aug-2025
118295;CANARA ROBECO SAVINGS FUND - DIRECT PLAN - MONTHLY IDCW (Payout/Reinvestment);INF760K01EN4;INF760K01EO2;10.2940;;;25-Aug-2025
118294;CANARA ROBECO SAVINGS FUND - DIRECT PLAN - WEEKLY IDCW (Payout/Reinvestment);INF760K01ER5;INF760K01ES3;10.2663;;;25-Aug-2025
104559;CANARA ROBECO SAVINGS FUND - REGULAR PLAN - DAILY IDCW (Reinvestment);;INF760K01803;10.2600;;;25-Aug-2025
102913;CANARA ROBECO SAVINGS FUND - REGULAR PLAN - GROWTH OPTION;INF760K01795;;42.6029;;;25-Aug-2025
102914;CANARA ROBECO SAVINGS FUND - REGULAR PLAN - IDCW (Payout/Reinvestment);INF760K01779;INF760K01787;38.1632;;;25-Aug-2025
113144;CANARA ROBECO SAVINGS FUND - REGULAR PLAN - MONTHLY IDCW (Payout/Reinvestment);INF760K01AM4;INF760K01AN2;10.2919;;;25-Aug-2025
102915;CANARA ROBECO SAVINGS FUND - REGULAR PLAN - WEEKLY IDCW (Payout/Reinvestment);INF760K01CB3;INF760K01811;10.2660;;;25-Aug-2025

DSP Mutual Fund
133925;DSP Low Duration Fund - Direct Plan - Growth;INF740K013Q1;;20.7023;;;25-Aug-2025
133922;DSP Low Duration Fund - Direct Plan - IDCW - Daily;;INF740KA1OL5;10.1268;;;25-Aug-2025
133928;DSP Low Duration Fund - Direct Plan - IDCW - Monthly;INF740K014Q9;INF740K015Q6;11.8148;;;25-Aug-2025
133924;DSP Low Duration Fund - Direct Plan - IDCW - Quarterly;INF740K016Q4;INF740K017Q2;10.915;;;25-Aug-2025
133923;DSP Low Duration Fund - Direct Plan - IDCW - Weekly;INF740KA1OM3;INF740KA1ON1;10.13;;;25-Aug-2025
133926;DSP Low Duration Fund - Regular Plan - Growth;INF740K018P2;;20.0374;;;25-Aug-2025
133919;DSP Low Duration Fund - Regular Plan - IDCW - Daily;;INF740KA1OO9;10.1814;;;25-Aug-2025
133920;DSP Low Duration Fund - Regular Plan - IDCW - Monthly;INF740K019P0;INF740K010Q7;10.6646;;;25-Aug-2025
133921;DSP Low Duration Fund - Regular Plan - IDCW - Quarterly;INF740K011Q5;INF740K012Q3;10.878;;;25-Aug-2025
133927;DSP Low Duration Fund - Regular Plan - IDCW - Weekly;INF740KA1OP6;INF740KA1OQ4;10.1296;;;25-Aug-2025

Edelweiss Mutual Fund
153416;Edelweiss Low Duration Fund - Direct Plan Growth;INF754K01UP8;;1037.0443;;;25-Aug-2025
153418;Edelweiss Low Duration Fund - Direct Plan IDCW Payout;INF754K01UQ6;INF754K01UR4;1037.037;;;25-Aug-2025
153419;Edelweiss Low Duration Fund - Regular Plan Growth;INF754K01UT0;;1033.2108;;;25-Aug-2025
153417;Edelweiss Low Duration Fund - Regular Plan IDCW Payout;INF754K01UU8;INF754K01UV6;1033.2103;;;25-Aug-2025

Franklin Templeton Mutual Fund
153368;Franklin India Low Duration Fund-Direct-Growth;INF090I01YE7;;10.4359;;;25-Aug-2025
153369;Franklin India Low Duration Fund-Direct-IDCW;INF090I01YG2;INF090I01YF4;10.4359;;;25-Aug-2025
153371;Franklin India Low Duration Fund-Growth;INF090I01YB3;;10.4050;;;25-Aug-2025
153370;Franklin India Low Duration Fund-IDCW;INF090I01YD9;INF090I01YC1;10.4050;;;25-Aug-2025

HDFC Mutual Fund
105548;HDFC Low Duration  Fund - Daily IDCW;;INF179K01434;10.1428;;;25-Aug-2025
118945;HDFC Low Duration  Fund - Direct Plan - Daily IDCW;;;10.0655;;;25-Aug-2025
118942;HDFC Low Duration  Fund - Direct Plan - Growth;INF179K01VF7;;63.3459;;;25-Aug-2025
118943;HDFC Low Duration  Fund - Direct Plan - Monthly IDCW;INF179K01VG5;INF179K01VH3;10.1795;;;25-Aug-2025
118944;HDFC Low Duration  Fund - Direct Plan - Weekly IDCW;;;10.0693;;;25-Aug-2025
102452;HDFC Low Duration  Fund - Growth;INF179K01442;;58.3567;;;25-Aug-2025
105543;HDFC Low Duration  Fund - Monthly IDCW;INF179K01459;INF179K01467;10.1724;;;25-Aug-2025
102453;HDFC Low Duration  Fund - Weekly IDCW;INF179K01475;INF179K01483;10.1026;;;25-Aug-2025

HSBC Mutual Fund
151118;HSBC Low Duration Fund - Direct Annual IDCW;INF917K01VV7;INF917K01VU9;10.8454;;;25-Aug-2025
151117;HSBC Low Duration Fund - Direct Growth;INF917K01GM7;;30.619;;;25-Aug-2025
151116;HSBC Low Duration Fund - Direct Monthly IDCW;INF917K01E60;INF917K01GK1;11.0985;;;25-Aug-2025
151119;HSBC Low Duration Fund - Regular Annual IDCW;INF917K01VX3;INF917K01VW5;10.6457;;;25-Aug-2025
151114;HSBC Low Duration Fund - Regular Growth;INF677K01452;;28.9841;;;25-Aug-2025
151115;HSBC Low Duration Fund - Regular Monthly IDCW;INF677K01460;INF677K01478;10.3824;;;25-Aug-2025

ICICI Prudential Mutual Fund
101618;ICICI Prudential Savings Fund - Daily IDCW;INF109K01738;;105.7358;;;25-Aug-2025
120397;ICICI Prudential Savings Fund - Direct Plan - Daily IDCW;;INF109K01O66;105.7358;;;25-Aug-2025
122904;ICICI Prudential Savings Fund - Direct Plan - Fortnightly IDCW;INF109K016Y3;INF109K015Y5;101.7893;;;25-Aug-2025
120398;ICICI Prudential Savings Fund - Direct Plan - Growth;INF109K01O82;;557.6506;;;25-Aug-2025
120399;ICICI Prudential Savings Fund - Direct Plan - IDCW Others;INF109K01O90;INF109K01O74;187.1115;;;25-Aug-2025
122651;ICICI Prudential Savings Fund - Direct Plan - Monthly IDCW;INF109K018Y9;INF109K017Y1;101.9653;;;25-Aug-2025
122982;ICICI Prudential Savings Fund - Direct Plan - Quarterly IDCW;INF109K010Z3;INF109K019Y7;110.3301;;;25-Aug-2025
120396;ICICI Prudential Savings Fund - Direct Plan - Weekly IDCW;INF109K01P08;INF109K01P16;105.5719;;;25-Aug-2025
122748;ICICI Prudential Savings Fund - Fortnightly IDCW;INF109K012Z9;INF109K011Z1;101.7855;;;25-Aug-2025
101619;ICICI Prudential Savings Fund - Growth;INF109K01746;;550.0528;;;25-Aug-2025
115511;ICICI Prudential Savings Fund - IDCW Others;INF109K01WO4;INF109K01WN6;184.3689;;;25-Aug-2025
122531;ICICI Prudential Savings Fund - Monthly IDCW;INF109K014Z5;INF109K013Z7;101.9570;;;25-Aug-2025
122995;ICICI Prudential Savings Fund - Quarterly IDCW;INF109K016Z0;INF109K015Z2;110.0494;;;25-Aug-2025
101617;ICICI Prudential Savings Fund - Weekly IDCW;INF109K01JO1;INF109K01753;105.5229;;;25-Aug-2025

Invesco Mutual Fund
105025;Invesco India Low Duration Fund - Daily IDCW (Reinvestment);;INF205K01HZ7;1017.9524;;;25-Aug-2025
120567;Invesco India Low Duration Fund - Direct Plan - Discretionary IDCW (Payout / Reinvestment);INF205K01NW2;INF205K01NX0;3987.3709;;;25-Aug-2025
120570;Invesco India Low Duration Fund - Direct Plan - Growth;INF205K01NY8;;3985.5767;;;25-Aug-2025
120571;Invesco India Low Duration Fund - Direct Plan - Monthly IDCW (Payout / Reinvestment);INF205K01NZ5;INF205K01OA6;1088.9739;;;25-Aug-2025
120568;Invesco India Low Duration Fund - Direct Plan - Weekly IDCW (Payout / Reinvestment);INF205K01OB4;INF205K01OC2;1207.0916;;;25-Aug-2025
120566;Invesco India Low Duration Fund - Direct Plan -Daily IDCW (Reinvestment);;INF205K01NV4;1018.9655;;;25-Aug-2025
115458;Invesco India Low Duration Fund - Discretionary IDCW (Payout / Reinvestment);INF205K01IG5;INF205K01IF7;3915.0451;;;25-Aug-2025
104726;Invesco India Low Duration Fund - Growth;INF205K01HY0;;3825.3301;;;25-Aug-2025
104729;Invesco India Low Duration Fund - Monthly IDCW (Payout / Reinvestment);INF205K01ID2;INF205K01IC4;1394.1194;;;25-Aug-2025
104728;Invesco India Low Duration Fund - Regular - Growth;INF205K01HT0;;3403.0594;;;25-Aug-2025
104723;Invesco India Low Duration Fund - Regular - Monthly IDCW (Reinvestment);;INF205K01HW4;1371.9313;;;25-Aug-2025
104722;Invesco India Low Duration Fund - Regular - Weekly IDCW (Reinvestment);;INF205K01HV6;1438.1084;;;25-Aug-2025
105024;Invesco India Low Duration Fund - Regular Daily IDCW (Reinvestment);;INF205K01HU8;1692.581;;;25-Aug-2025
104725;Invesco India Low Duration Fund - Weekly IDCW (Payout / Reinvestment);INF205K01IB6;INF205K01IA8;1278.7663;;;25-Aug-2025

JM Financial Mutual Fund
143610;JM Low Duration Fund (Direct) - Bonus Option - Principal Units;INF192K01FL1;;23.1868;;;25-Aug-2025
143604;JM Low Duration Fund (Direct) - Daily IDCW;;INF192K01DT9;10.85;;;25-Aug-2025
143606;JM Low Duration Fund (Direct) - Fortnightly IDCW;;INF192K01DV5;11.1435;;;25-Aug-2025
143612;JM Low Duration Fund (Direct) - Growth;INF192K01DW3;;38.5102;;;25-Aug-2025
143611;JM Low Duration Fund (Direct) - Weekly IDCW;;INF192K01DU7;11.4625;;;25-Aug-2025
143603;JM Low Duration Fund (Regular) - Daily IDCW;;INF192K01AV1;10.82;;;25-Aug-2025
143605;JM Low Duration Fund (Regular) - Fortnightly IDCW ;;INF192K01AX7;11.1019;;;25-Aug-2025
143607;JM Low Duration Fund (Regular) - Growth Option;INF192K01AY5;;37.4646;;;25-Aug-2025
143608;JM Low Duration Fund (Regular) - Weekly IDCW;;INF192K01AW9;11.4217;;;25-Aug-2025
143609;JM Low Duration Fund - Bonus Option - Principal Units;INF192K01FJ5;;22.5714;;;25-Aug-2025

Kotak Mahindra Mutual Fund
133812;Kotak Low Duration Fund - Direct Plan- Standard Income Distribution cum capital withdrawal option;INF178L01AZ9;INF178L01AY2;1567.431;;;25-Aug-2025
133810;Kotak Low Duration Fund- Direct Plan- Growth Option;INF178L01AX4;;3688.4761;;;25-Aug-2025
133805;Kotak Low Duration Fund- Regular Plan-Growth Option;INF178L01202;;3378.4543;;;25-Aug-2025
133809;Kotak Low Duration Fund- Regular Plan-Standard Income Distribution cum capital withdrawal option;INF178L01210;INF178L01228;1287.7708;;;25-Aug-2025

LIC Mutual Fund
120316;LIC MF Low Duration Fund-Direct Plan-Daily IDCW;INF767K01FL0;INF767K01FN6;10.05;;;25-Aug-2025
120315;LIC MF Low Duration Fund-Direct Plan-Growth;INF767K01FM8;;43.3536;;;25-Aug-2025
120317;LIC MF Low Duration Fund-Direct Plan-Monthly IDCW;INF767K01FP1;INF767K01FO4;22.6417;;;25-Aug-2025
120318;LIC MF Low Duration Fund-Direct Plan-Weekly IDCW;INF767K01JJ6;INF767K01JK4;15.1017;;;25-Aug-2025
111676;LIC MF Low Duration Fund-Regular Plan-Daily IDCW;INF767K01AK3;INF767K01AL1;10.718;;;25-Aug-2025
101830;LIC MF Low Duration Fund-Regular Plan-Growth;INF767K01AO5;;39.9426;;;25-Aug-2025
101829;LIC MF Low Duration Fund-Regular Plan-Monthly IDCW;INF767K01AM9;INF767K01AN7;13.7732;;;25-Aug-2025
111675;LIC MF Low Duration Fund-Regular Plan-Weekly IDCW;INF767K01AP2;INF767K01AQ0;13.7144;;;25-Aug-2025

Mahindra Manulife Mutual Fund
140617;Mahindra Manulife Low Duration Fund - Direct Plan - Daily IDCW;;INF174V01275;1193.7477;;;25-Aug-2025
140619;Mahindra Manulife Low Duration Fund - Direct Plan - Monthly IDCW;INF174V01309;INF174V01291;1137.0037;;;25-Aug-2025
140618;Mahindra Manulife Low Duration Fund - Direct Plan - Weekly IDCW;;INF174V01283;1030.2013;;;25-Aug-2025
140613;Mahindra Manulife Low Duration Fund - Direct Plan -Growth;INF174V01267;;1773.9920;;;25-Aug-2025
140614;Mahindra Manulife Low Duration Fund - Regular Plan - Daily IDCW;;INF174V01226;1007.6367;;;25-Aug-2025
140620;Mahindra Manulife Low Duration Fund - Regular Plan - Growth;INF174V01218;;1651.8389;;;25-Aug-2025
140616;Mahindra Manulife Low Duration Fund - Regular Plan - Monthly IDCW;INF174V01259;INF174V01242;1116.8447;;;25-Aug-2025
140615;Mahindra Manulife Low Duration Fund - Regular Plan - Weekly IDCW;;INF174V01234;1052.5635;;;25-Aug-2025

Mirae Asset Mutual Fund
118843;Mirae Asset Low Duration Fund - Direct Plan - Daily IDCW;;INF769K01BR2;1208.9337;;;25-Aug-2025
118840;Mirae Asset Low Duration Fund - Direct Plan - Growth;INF769K01BO9;;2487.0664;;;25-Aug-2025
118841;Mirae Asset Low Duration Fund - Direct Plan - Monthly IDCW;INF769K01BP6;INF769K01BT8;1159.5809;;;25-Aug-2025
118842;Mirae Asset Low Duration Fund - Direct Plan - Quarterly IDCW;INF769K01BQ4;INF769K01BU6;1012.4823;;;25-Aug-2025
118844;Mirae Asset Low Duration Fund - Direct Plan - Weekly IDCW;;INF769K01BS0;1455.3920;;;25-Aug-2025
107700;Mirae Asset Low Duration Fund - Regular Plan - Daily IDCW;;INF769K01986;1005.1646;;;25-Aug-2025
107705;Mirae Asset Low Duration Fund - Regular Plan - Growth;INF769K01937;;2282.6392;;;25-Aug-2025
107704;Mirae Asset Low Duration Fund - Regular Plan - Monthly IDCW;INF769K01960;INF769K01AA0;1088.0070;;;25-Aug-2025
107702;Mirae Asset Low Duration Fund - Regular Plan - Quarterly IDCW;INF769K01978;INF769K01AB8;1011.4026;;;25-Aug-2025
107701;Mirae Asset Low Duration Fund - Regular Plan - Weekly IDCW;;INF769K01994;1107.3051;;;25-Aug-2025

Nippon India Mutual Fund
111747;NIPPON INDIA LOW DURATION FUND - DAILY IDCW Option;;INF204K01EX2;1015.9620;;;25-Aug-2025
118703;NIPPON INDIA LOW DURATION FUND - DIRECT Plan - DAILY IDCW Option;;INF204K01ZV1;1016.0525;;;25-Aug-2025
125264;NIPPON INDIA LOW DURATION FUND - DIRECT Plan - IDCW Option;INF204KA1EK7;INF204KA1EL5;2124.0101;;;25-Aug-2025
118704;NIPPON INDIA LOW DURATION FUND - DIRECT Plan - MONTHLY IDCW Option;INF204K01ZX7;INF204K01ZY5;1037.9947;;;25-Aug-2025
118705;NIPPON INDIA LOW DURATION FUND - DIRECT Plan - QUARTERLY IDCW Option;INF204K01ZZ2;INF204K01A09;1031.2888;;;25-Aug-2025
118706;NIPPON INDIA LOW DURATION FUND - DIRECT Plan - WEEKLY IDCW Option;INF204K01A17;;1017.1131;;;25-Aug-2025
118702;Nippon India Low Duration Fund - Direct Plan Growth Plan - Bonus Option;INF204K01G03;;2332.8619;;;25-Aug-2025
118709;Nippon India Low Duration Fund - Direct Plan Growth Plan - Growth Option;INF204K01ZU3;;4015.9716;;;25-Aug-2025
125265;NIPPON INDIA LOW DURATION FUND - IDCW Option;INF204KA1EI1;INF204KA1EJ9;2011.3934;;;25-Aug-2025
111749;NIPPON INDIA LOW DURATION FUND - MONTHLY IDCW Option;INF204K01EZ7;INF204K01FA7;1030.2551;;;25-Aug-2025
111750;NIPPON INDIA LOW DURATION FUND - QUARTERLY IDCW Option;INF204K01FB5;INF204K01FC3;1030.0990;;;25-Aug-2025
111744;NIPPON INDIA LOW DURATION FUND - RETAIL Plan - DAILY IDCW Option;;INF204K01EP8;1015.9613;;;25-Aug-2025
111748;Nippon India Low Duration Fund - Retail Plan - Growth Plan - Growth Option;INF204K01EN3;;3592.5257;;;25-Aug-2025
111743;Nippon India Low Duration Fund - Retail Plan - Growth Plan -Bonus Option;INF204K01EO1;;2676.9192;;;25-Aug-2025
111751;NIPPON INDIA LOW DURATION FUND - RETAIL Plan - MONTHLY IDCW Option;INF204K01ER4;INF204K01ES2;1032.0911;;;25-Aug-2025
111752;NIPPON INDIA LOW DURATION FUND - RETAIL Plan - QUARTERLY IDCW Option;INF204K01ET0;INF204K01EU8;1029.8645;;;25-Aug-2025
111745;NIPPON INDIA LOW DURATION FUND - RETAIL Plan - WEEKLY IDCW Option;INF204K01OP7;INF204K01EQ6;1017.0442;;;25-Aug-2025
111754;NIPPON INDIA LOW DURATION FUND - WEEKLY IDCW Option;INF204K01OO0;INF204K01EY0;1016.8880;;;25-Aug-2025
111746;Nippon India Low Duration Fund -Growth Plan -Bonus Option;INF204K01EW4;;2197.0012;;;25-Aug-2025
111753;Nippon India Low Duration Fund- Growth Plan - Growth Option;INF204K01EV6;;3783.9275;;;25-Aug-2025

SBI Mutual Fund
119810;SBI Magnum Low Duration Fund - Direct Plan - Daily Income Distribution cum Capital Withdrawal Option (IDCW);;INF200K01VJ3;1416.4183;;;25-Aug-2025
119811;SBI Magnum Low Duration Fund - Direct Plan - Fortnightly Income Distribution cum Capital Withdrawal Option (IDCW);INF200K01VK1;INF200K01VL9;1441.1812;;;25-Aug-2025
119812;SBI MAGNUM LOW DURATION FUND - DIRECT PLAN - GROWTH;INF200K01VM7;;3674.3417;;;25-Aug-2025
119818;SBI Magnum Low Duration Fund - Direct Plan - Monthly Income Distribution cum Capital Withdrawal Option (IDCW);INF200K01VN5;INF200K01VO3;1632.7707;;;25-Aug-2025
119819;SBI Magnum Low Duration Fund - Direct Plan - Weekly Income Distribution cum Capital Withdrawal Option (IDCW);INF200K01VP0;INF200K01VQ8;1418.4909;;;25-Aug-2025
106213;SBI Magnum Low Duration Fund - Regular Plan - Daily Income Distribution cum Capital Withdrawal Option (IDCW);;INF200K01ML8;1374.9054;;;25-Aug-2025
106215;SBI Magnum Low Duration Fund - Regular Plan - Fornightly Income Distribution cum Capital Withdrawal Option (IDCW);INF200K01MM6;INF200K01MN4;1398.9739;;;25-Aug-2025
106212;SBI MAGNUM LOW DURATION FUND - REGULAR PLAN - GROWTH;INF200K01MO2;;3529.8033;;;25-Aug-2025
106216;SBI Magnum Low Duration Fund - Regular Plan - Monthly Income Distribution cum Capital Withdrawal Option (IDCW);INF200K01MP9;INF200K01MQ7;1548.1079;;;25-Aug-2025
106214;SBI Magnum Low Duration Fund - Regular Plan - Weekly Income Distribution cum Capital Withdrawal Option (IDCW);INF200K01MR5;INF200K01MS3;1374.8946;;;25-Aug-2025
106221;SBI Short Horizon Debt Fund - Ultra Short Term Fund - Institutional Plan - Daily Income Distribution cum Capital Withdrawal Option (IDCW);;INF200K01MD5;1375.2304;;;25-Aug-2025
106217;SBI Short Horizon Debt Fund - Ultra Short Term Fund - Institutional Plan - Growth;INF200K01MG8;;3592.0495;;;25-Aug-2025
106222;SBI Short Horizon Debt Fund - Ultra Short Term Fund- Institutional Plan - Weekly Income Distribution cum Capital Withdrawal Option (IDCW);INF200K01MJ2;INF200K01MK0;1371.8166;;;25-Aug-2025

Sundaram Mutual Fund
149526;Sundaram Low Duration Fund (Formerly Known as Principal Low Duration Fund) - Direct Plan - Growth Option;INF173K01FS6;;3752.7882;;;25-Aug-2025
149525;Sundaram Low Duration Fund (Formerly Known as Principal Low Duration Fund) - Direct Plan - Income Distribution CUM Capital Withdrawal Option (IDCW);INF173K01FT4;INF173K01FU2;1116.8986;;;25-Aug-2025
149519;Sundaram Low Duration Fund (Formerly Known as Principal Low Duration Fund)- Growth Option;INF173K01DG6;;3496.0497;;;25-Aug-2025
149521;Sundaram Low Duration Fund (Formerly Known as Principal Low Duration Fund)- Income Distribution CUM Capital Withdrawal Option (IDCW);INF173K01DJ0;INF173K01DK8;1102.5681;;;25-Aug-2025

Tata Mutual Fund
119863;Tata Treasury Advantage Fund - Direct Plan - Growth Option;INF277K01OK4;;4086.4848;;;25-Aug-2025
103159;Tata Treasury Advantage Fund - Regular Plan - Growth Option;INF277K01MA9;;3971.5595;;;25-Aug-2025
119864;Tata Treasury Advantage Fund Direct Plan - Daily Reinvestment of IDCW Option;;INF277K018B3;1003.5316;;;25-Aug-2025
119957;Tata Treasury Advantage Fund Direct Plan - Periodic Payout of IDCW Option;INF277K01OL2;INF277K01OM0;2591.6217;;;25-Aug-2025
119865;Tata Treasury Advantage Fund Direct Plan - Weekly Payout of IDCW Option;INF277K019B1;INF277K010C8;1008.8427;;;25-Aug-2025
103160;Tata Treasury Advantage Fund Regular Plan - Daily Reinvestment of IDCW Option;;INF277K01LZ8;1003.5288;;;25-Aug-2025
115464;Tata Treasury Advantage Fund Regular Plan - Periodic Payout of IDCW Option;INF277K01MC5;INF277K01ME1;2517.2269;;;25-Aug-2025
103158;Tata Treasury Advantage Fund Regular Plan - Weekly Payout of IDCW Option;INF277K01MD3;INF277K01MB7;1008.7899;;;25-Aug-2025

Union Mutual Fund
153654;Union Low Duration Fund - Direct Plan - Growth Option;INF582M01LQ6;;10.0639;;;25-Aug-2025
153655;Union Low Duration Fund - Direct Plan - IDCW Option;;INF582M01LS2;10.0639;;;25-Aug-2025
153652;Union Low Duration Fund - Regular Plan - Growth Option;INF582M01LU8;;10.0552;;;25-Aug-2025
153653;Union Low Duration Fund - Regular Plan - IDCW Option;;INF582M01LO1;10.0552;;;25-Aug-2025

UTI Mutual Fund
141958;UTI Low Duration Fund - Direct Plan - Annual IDCW;INF789F01XF9;INF789F01XG7;1349.3103;;;25-Aug-2025
120737;UTI Low Duration Fund - Direct Plan - Daily IDCW (Reinvestment);;INF789F01XE2;1391.6996;;;25-Aug-2025
133127;UTI Low Duration Fund - Direct Plan - Flexi IDCW;INF789FA1O44;INF789FA1O51;1547.3444;;;25-Aug-2025
135191;UTI Low Duration Fund - Direct Plan - Fortnightly IDCW;INF789FA1O02;INF789FA1O10;1340.6464;;;25-Aug-2025
120735;UTI Low Duration Fund - Direct Plan - Growth Option;INF789F01XI3;;3645.145;;;25-Aug-2025
133469;UTI Low Duration Fund - Direct Plan - Half-Yearly IDCW;INF789FA1O28;INF789FA1O36;1410.3342;;;25-Aug-2025
120736;UTI Low Duration Fund - Direct Plan - Monthly IDCW;INF789F01XJ1;INF789F01XK9;1423.1684;;;25-Aug-2025
120734;UTI Low Duration Fund - Direct Plan - Quarterly IDCW;INF789F01XL7;INF789F01XM5;1954.4172;;;25-Aug-2025
120739;UTI Low Duration Fund - Direct Plan - Weekly IDCW;INF789F01XN3;INF789F01XO1;1022.5973;;;25-Aug-2025
102538;UTI Low Duration Fund - Discontinued - Annaul Dividend Option;INF789F01OK8;INF789F01OL6;3409.8402;;;25-Aug-2025
105578;UTI Low Duration Fund - Discontinued - Periodic Dividend Plan;;INF789F01349;1059.7912;;;25-Aug-2025
102541;UTI Low Duration Fund - Discontinued - Quarterly Dividend Option;INF789F01OO0;INF789F01OP7;2243.8696;;;25-Aug-2025
102539;UTI Low Duration Fund - Discontinued Bonus Option;INF789F01OM4;;4230.1978;;;25-Aug-2025
105659;UTI Low Duration Fund - Discontinued Flexi Dividend Plan;INF789F01PA6;;1087.9026;;;25-Aug-2025
102540;UTI Low Duration Fund - Discontinued Growth Option;INF789F01331;;6346.0164;;;25-Aug-2025
105670;UTI Low Duration Fund - Discontinued Monthly Dividend Option;INF789F01OY9;INF789F01OZ6;1028.8518;;;25-Aug-2025
102545;UTI Low Duration Fund - Regular Plan - Bonus Option;INF789F01OS1;;2998.8487;;;25-Aug-2025
105605;UTI Low Duration Fund - Regular Plan - Daily IDCW (Reinvestment);;INF789F01ON2;1382.9133;;;25-Aug-2025
133130;UTI Low Duration Fund - Regular Plan - Flexi IDCW;INF789FA1N86;INF789FA1N94;1364.6926;;;25-Aug-2025
133733;UTI Low Duration Fund - Regular Plan - Fortnightly IDCW;INF789FA1N45;INF789FA1N52;1331.9157;;;25-Aug-2025
102544;UTI Low Duration Fund - Regular Plan - Growth Option;INF789F01OT9;;3588.0529;;;25-Aug-2025
136345;UTI Low Duration Fund - Regular Plan - Half-Yearly IDCW;INF789FA1N60;INF789FA1N78;1416.3929;;;25-Aug-2025
105658;UTI Low Duration Fund - Regular Plan - Monthly IDCW;INF789F01OU7;INF789F01OV5;1410.6004;;;25-Aug-2025
115483;UTI Low Duration Fund - Regular Plan - Quarterly IDCW;INF789F01OW3;INF789F01OX1;1394.1374;;;25-Aug-2025
105627;UTI Low Duration Fund - Regular Plan - Weekly IDCW;INF789F01PB4;INF789F01PC2;1386.4118;;;25-Aug-2025

Open Ended Schemes ( Debt Scheme - Money Market Fund )


Aditya Birla Sun Life Mutual Fund
101973;Aditya Birla Sun Life Money Manager Fund - Daily IDCW;;INF209K01SZ6;100.2949;;;25-Aug-2025
119513;Aditya Birla Sun Life Money Manager Fund - Direct - daily IDCW;;INF209K01UT5;100.2949;;;25-Aug-2025
119512;Aditya Birla Sun Life Money Manager Fund - Direct - weekly IDCW;INF209K01UV1;INF209KA1LM3;100.354;;;25-Aug-2025
101976;Aditya Birla Sun Life Money Manager Fund - Growth;INF209K01RV7;;374.4245;;;25-Aug-2025
119511;Aditya Birla Sun Life Money Manager Fund - Growth - Direct Plan;INF209K01UU3;;379.3695;;;25-Aug-2025
101972;Aditya Birla Sun Life Money Manager Fund - Retail - Daily IDCW;;INF209K01JZ5;100.2949;;;25-Aug-2025
101970;Aditya Birla Sun Life Money Manager Fund - RETAIL - WEEKLY IDCW;;INF209K01JY8;103.7994;;;25-Aug-2025
101971;Aditya Birla Sun Life Money Manager Fund - Retail Growth;INF209K01MJ3;;461.4887;;;25-Aug-2025
101974;Aditya Birla Sun Life Money Manager Fund - WEEKLY IDCW;;INF209K01SY9;100.3529;;;25-Aug-2025

Axis Mutual Fund
147576;Axis Money Market Fund - Direct Plan - Annual IDCW;INF846K01Q96;INF846K01Q88;1276.7443;;;25-Aug-2025
147571;Axis Money Market Fund - Direct Plan - Daily IDCW;;INF846K01Q70;1005.6131;;;25-Aug-2025
147567;Axis Money Market Fund - Direct Plan - Growth Option;INF846K01Q62;;1461.6818;;;25-Aug-2025
147572;Axis Money Market Fund - Direct Plan - Monthly IDCW;INF846K01R12;INF846K01R04;1010.6163;;;25-Aug-2025
147573;Axis Money Market Fund - Direct Plan - Quarterly IDCW;INF846K01R38;INF846K01R20;1171.9920;;;25-Aug-2025
147575;Axis Money Market Fund - Regular Plan - Annual IDCW;INF846K01R79;INF846K01R61;1263.7095;;;25-Aug-2025
147577;Axis Money Market Fund - Regular Plan - Daily IDCW;;INF846K01R53;1005.6127;;;25-Aug-2025
147568;Axis Money Market Fund - Regular Plan - Growth Option;INF846K01R46;;1448.0623;;;25-Aug-2025
147578;Axis Money Market Fund - Regular Plan - Monthly IDCW;INF846K01R95;INF846K01R87;1005.5636;;;25-Aug-2025
147574;Axis Money Market Fund - Regular Plan - Quarterly IDCW;INF846K01S11;INF846K01S03;1158.7964;;;25-Aug-2025

Bajaj Finserv Mutual Fund
151889;Bajaj Finserv Money Market Fund-Direct Plan-Growth;INF0QA701334;;1174.8360;;;25-Aug-2025
151890;Bajaj Finserv Money Market Fund-Direct Plan-IDCW;INF0QA701391;INF0QA701375;1174.8360;;;25-Aug-2025
151894;Bajaj Finserv Money Market Fund-Direct Plan-Monthly-IDCW;INF0QA701433;INF0QA701425;1036.3326;;;25-Aug-2025
151893;Bajaj Finserv Money Market Fund-Regular Plan-Growth;INF0QA701441;;1160.6966;;;25-Aug-2025
151891;Bajaj Finserv Money Market Fund-Regular Plan-IDCW;INF0QA701466;INF0QA701458;1160.6966;;;25-Aug-2025
151892;Bajaj Finserv Money Market Fund-Regular Plan-Monthly-IDCW;INF0QA701482;INF0QA701474;1045.8493;;;25-Aug-2025

Bandhan Mutual Fund
131389;Bandhan Money Market Fund - Regular Plan - Periodic IDCW;INF194KA1TG5;INF194KA1TH3;13.3747;;;25-Aug-2025
108701;Bandhan Money Market Fund - Regular Plan - Weekly IDCW;INF194K01LR2;INF194K01LQ4;10.1248;;;25-Aug-2025
118383;Bandhan Money Market Fund -Direct Plan-Daily IDCW;;INF194K01M98;10.0994;;;25-Aug-2025
118384;Bandhan Money Market Fund -Direct Plan-Growth;INF194K01M80;;44.1752;;;25-Aug-2025
118385;Bandhan Money Market Fund -Direct Plan-Monthly IDCW;INF194K01N22;INF194K01N14;10.2275;;;25-Aug-2025
131388;Bandhan Money Market Fund -Direct Plan-Periodic IDCW;INF194KA1TJ9;INF194KA1TK7;16.1973;;;25-Aug-2025
118386;Bandhan Money Market Fund -Direct Plan-Weekly IDCW;;INF194K01N48;10.1024;;;25-Aug-2025
108650;BANDHAN Money Market Fund - Regular Plan - Daily IDCW;INF194K01LL5;INF194K01LK7;10.0994;;;25-Aug-2025
108756;BANDHAN Money Market Fund - Regular Plan - Growth;INF194K01LJ9;;40.7799;;;25-Aug-2025
108757;BANDHAN Money Market Fund - Regular Plan - Monthly IDCW;INF194K01LO9;INF194K01LN1;10.2902;;;25-Aug-2025

Bank of India Mutual Fund
153296;Bank of India Money Market Fund - Direct - Daily IDCW;;INF761K01GP2;10.1738;;;25-Aug-2025
153294;Bank of India Money Market Fund - Direct - Growth;INF761K01GO5;;10.4594;;;25-Aug-2025
153295;Bank of India Money Market Fund - Direct - Monthly IDCW;INF761K01GR8;INF761K01GX6;10.4579;;;25-Aug-2025
153298;Bank of India Money Market Fund - Regular - Daily IDCW;;INF761K01GT4;10.4290;;;25-Aug-2025
153293;Bank of India Money Market Fund - Regular - Growth;INF761K01GS6;;10.4288;;;25-Aug-2025
153299;Bank of India Money Market Fund - Regular - Monthly IDCW;INF761K01GW8;INF761K01GV0;10.4290;;;25-Aug-2025
153301;Bank of India Money Market Fund - Regular - Weekly IDCW;;INF761K01GU2;10.4298;;;25-Aug-2025

Baroda BNP Paribas Mutual Fund
147373;Baroda BNP Paribas Money Market Fund - Direct Plan - Monthly IDCW;INF955L01IG3;;1042.8075;;;25-Aug-2025
147378;Baroda BNP Paribas Money Market Fund - Direct Plan-Daily IDCW;;INF955L01IE8;1001.8331;;;25-Aug-2025
147376;Baroda BNP Paribas Money Market Fund - Regular Plan - Monthly IDCW;INF955L01IB4;;1024.7468;;;25-Aug-2025
147379;Baroda BNP Paribas Money Market Fund -Direct Plan - Weekly IDCW;;INF955L01IF5;1003.2922;;;25-Aug-2025
147377;Baroda BNP Paribas Money Market Fund- Direct Plan - Growth;INF955L01ID0;;1415.4694;;;25-Aug-2025
147382;Baroda BNP Paribas Money Market Fund-Regular Plan - Growth;INF955L01HY8;;1394.6948;;;25-Aug-2025
147380;Baroda BNP Paribas Money Market Fund-Regular Plan- Daily IDCW;;INF955L01HZ5;1005.9752;;;25-Aug-2025
147381;Baroda BNP Paribas Money Market Fund-Regular Plan-Weekly IDCW;;INF955L01IA6;1003.2259;;;25-Aug-2025

DSP Mutual Fund
123288;DSP Savings Fund - Direct Plan -  IDCW - Daily;;INF740KA1PB3;10.1527;;;25-Aug-2025
119106;DSP Savings Fund - Direct Plan - Growth;INF740K01NU2;;54.86;;;25-Aug-2025
119108;DSP Savings Fund - Direct Plan - IDCW;INF740K01NV0;INF740K01NX6;12.5902;;;25-Aug-2025
119107;DSP Savings Fund - Direct Plan - IDCW - Monthly;INF740K01NT4;INF740K01NW8;11.0326;;;25-Aug-2025
100087;DSP Savings Fund - Regular Plan - Growth;INF740K01714;;53.2142;;;25-Aug-2025
100088;DSP Savings Fund - Regular Plan - IDCW;INF740K01706;INF740K01AJ2;12.546;;;25-Aug-2025
123287;DSP Savings Fund - Regular Plan - IDCW - Daily;;INF740KA1PC1;10.1021;;;25-Aug-2025
100089;DSP Savings Fund - Regular Plan - IDCW - Monthly;INF740K01722;INF740K01AK0;10.9982;;;25-Aug-2025

Edelweiss Mutual Fund
140236;Edelweiss Money Market Fund - Direct Plan - Annual - IDCW Option;INF843K01CI2;INF843K01CH4;31.7079;;;25-Aug-2025
140237;Edelweiss Money Market Fund - Direct Plan - Growth Option;INF843K01CE1;;31.7122;;;25-Aug-2025
140235;Edelweiss Money Market Fund - Direct Plan - IDCW Option;INF843K01CF8;INF843K01CG6;29.5729;;;25-Aug-2025
140230;Edelweiss Money Market Fund - Institutional Plan - Growth Option;INF843K01377;;24.594;;;25-Aug-2025
140233;Edelweiss Money Market Fund - Regular Plan - Annual - IDCW Option;INF843K01922;INF843K01914;28.5033;;;25-Aug-2025
140229;Edelweiss Money Market Fund - Regular Plan - Growth Option;INF843K01344;;28.7406;;;25-Aug-2025
140232;Edelweiss Money Market Fund - Regular Plan - IDCW Option;INF843K01351;INF843K01369;27.0364;;;25-Aug-2025

Franklin Templeton Mutual Fund
118506;Franklin India Money Market Fund - Direct - Growth;INF090I01GV8;;52.4651;;;25-Aug-2025
152200;Franklin India Money Market Fund - DP - Wkly IDCW R;INF090I01WV5;INF090I01WW3;10.1002;;;25-Aug-2025
101357;Franklin India Money Market Fund - Growth Option;INF090I01CA1;;50.7653;;;25-Aug-2025
122443;Franklin India Money Market Fund Retail Option - Daily - IDCW;;INF090I01KM9;10.1027;;;25-Aug-2025
122444;Franklin India Money Market Fund Retail Option - Direct - Daily - IDCW;;INF090I01KN7;10.1135;;;25-Aug-2025
129437;Franklin India Money Market Fund Retail Option - Direct - Monthly - IDCW;INF090I01LC8;INF090I01LD6;10.9419;;;25-Aug-2025
118505;Franklin India Money Market Fund Retail Option - Direct - Quarterly - IDCW;INF090I01GT2;INF090I01GU0;11.7131;;;25-Aug-2025
129436;Franklin India Money Market Fund Retail Option - Monthly - IDCW;INF090I01LA2;INF090I01LB0;10.5307;;;25-Aug-2025
101356;Franklin India Money Market Fund Retail Option - Quarterly - IDCW;INF090I01BZ0;INF090I01BY3;11.1723;;;25-Aug-2025
152199;Franklin India Money Market Fund Wkly IDCW R;INF090I01WT9;INF090I01WU7;10.0898;;;25-Aug-2025

HDFC Mutual Fund
101994;HDFC Money Market Fund - Daily IDCW Option;;INF179KB1IG6;1063.64;;;25-Aug-2025
119093;HDFC Money Market Fund - Daily IDCW Option - Direct Plan;;INF179KB1HZ8;1063.64;;;25-Aug-2025
101993;HDFC Money Market Fund - Growth Option;INF179KB1HR5;;5783.713;;;25-Aug-2025
119092;HDFC Money Market Fund - Growth Option - Direct Plan;INF179KB1HU9;;5899.9888;;;25-Aug-2025
101995;HDFC Money Market Fund - Weekly IDCW Option;INF179KB1IH4;INF179KB1II2;1063.696;;;25-Aug-2025
119094;HDFC Money Market Fund - Weekly IDCW Option -Direct Plan;INF179KB1IA9;INF179KB1IB7;1063.733;;;25-Aug-2025

HSBC Mutual Fund
151055;HSBC Money Market Fund - Direct Daily IDCW;;INF917K01FD8;10.8591;;;25-Aug-2025
151054;HSBC Money Market Fund - Direct Growth;INF917K01FE6;;28.0117;;;25-Aug-2025
151052;HSBC Money Market Fund - Direct Monthly IDCW;INF917K01E86;INF917K01FF3;12.2456;;;25-Aug-2025
151053;HSBC Money Market Fund - Direct Weekly IDCW;;INF917K01FH9;13.1921;;;25-Aug-2025
151049;HSBC Money Market Fund - Regular Daily IDCW;;INF917K01AY5;10.8591;;;25-Aug-2025
151048;HSBC Money Market Fund - Regular Growth;INF917K01BC9;;26.7025;;;25-Aug-2025
151051;HSBC Money Market Fund - Regular Monthly IDCW;INF917K01BB1;INF917K01BA3;11.5913;;;25-Aug-2025
151050;HSBC Money Market Fund - Regular Weekly IDCW;;INF917K01AZ2;13.1048;;;25-Aug-2025

ICICI Prudential Mutual Fund
120209;ICICI Prudential Money Market Fund Option - Direct Plan -  Daily IDCW;;INF109K01R22;100.2879;;;25-Aug-2025
120211;ICICI Prudential Money Market Fund Option - Direct Plan -  Growth;INF109K01R14;;388.7591;;;25-Aug-2025
120216;ICICI Prudential Money Market Fund Option - Direct Plan -  IDCW Others;INF109K01R30;;178.1273;;;25-Aug-2025
120212;ICICI Prudential Money Market Fund Option - Direct Plan -  Weekly IDCW;INF109K01R89;;100.8809;;;25-Aug-2025
103634;ICICI Prudential Money Market Fund Option - Daily IDCW;INF109K01TY9;;100.2879;;;25-Aug-2025
103633;ICICI Prudential Money Market Fund Option - Growth;INF109K01TX1;;384.0344;;;25-Aug-2025
130013;ICICI Prudential Money Market Fund Option - IDCW Others;INF109K01I64;;176.3807;;;25-Aug-2025
103635;ICICI Prudential Money Market Fund Option - Weekly IDCW;INF109K01TZ6;;100.8161;;;25-Aug-2025

Invesco Mutual Fund
115515;Invesco India Money Market Fund - Daily IDCW (Reinvestment);;INF205K01RU7;1000.29;;;25-Aug-2025
120506;Invesco India Money Market Fund - Direct Plan - Daily IDCW (Reinvestment);;INF205K01RV5;1012.2021;;;25-Aug-2025
120508;Invesco India Money Market Fund - Direct Plan - Discretionary IDCW (Payout / Reinvestment);INF205K01RW3;INF205K01RX1;2856.0811;;;25-Aug-2025
120507;Invesco India Money Market Fund - Direct Plan - Growth;INF205K01RY9;;3188.1212;;;25-Aug-2025
120509;Invesco India Money Market Fund - Direct Plan - Monthly IDCW (Payout / Reinvestment);INF205K01RZ6;INF205K01SA7;1162.6603;;;25-Aug-2025
116653;Invesco India Money Market Fund - Discretionary IDCW (Payout / Reinvestment);INF205K01SB5;INF205K01SC3;3084.3124;;;25-Aug-2025
112123;Invesco India Money Market Fund - Growth;INF205K01SD1;;3081.0394;;;25-Aug-2025
112125;Invesco India Money Market Fund - Monthly IDCW (Payout / Reinvestment);INF205K01SE9;INF205K01SF6;1021.5463;;;25-Aug-2025
112120;Invesco India Money Market Fund - Regular - Growth;INF205K01SG4;;2721.2768;;;25-Aug-2025
112122;Invesco India Money Market Fund - Regular - Monthly IDCW (Payout / Reinvestment);INF205K01SH2;INF205K01SI0;1445.3492;;;25-Aug-2025
116488;Invesco India Money Market Fund - Regular Plan - Daily IDCW (Reinvestment);;INF205K01UW7;1008.6058;;;25-Aug-2025
152580;Invesco India Money Market Fund - Weekly IDCW (Payout / Reinvestment);INF205KA1833;INF205KA1841;1001.3615;;;25-Aug-2025

Jio BlackRock Mutual Fund
153649;JioBlackRock Money Market Fund - Direct Plan - Growth Option;INF22M001028;;1008.2505;;;25-Aug-2025

Kotak Mahindra Mutual Fund
101893;Kotak Money Market Fund - (Growth);INF174K01NA6;;4543.8611;;;25-Aug-2025
119746;Kotak Money Market Fund - (Growth) - Direct;INF174K01MW2;;4586.765;;;25-Aug-2025
101892;Kotak Money market Fund - (Monthly Payout of Income Distribution cum capital withdrawal option);INF174K018O0;INF174K01NB4;1053.6655;;;25-Aug-2025
119747;Kotak Money Market Fund - (Monthly Payout of Income Distribution cum capital withdrawal option) - Direct;INF174K019O8;INF174K01MX0;1224.3259;;;25-Aug-2025

LIC Mutual Fund
150392;LIC MF Money Market Fund-Direct Plan-Growth;INF767K01RE0;;1217.7318;;;25-Aug-2025
150391;LIC MF Money Market Fund-Direct Plan-IDCW;INF767K01RF7;INF767K01RG5;1217.732;;;25-Aug-2025
150393;LIC MF Money Market Fund-Regular Plan-Growth;INF767K01RB6;;1202.3559;;;25-Aug-2025
150394;LIC MF Money Market Fund-Regular Plan-IDCW;INF767K01RC4;INF767K01RD2;1202.3559;;;25-Aug-2025

Mirae Asset Mutual Fund
149112;Mirae Asset Money Market Fund Direct Growth;INF769K01HN8;;1293.3732;;;25-Aug-2025
149113;Mirae Asset Money Market Fund Direct IDCW;INF769K01HM0;INF769K01HO6;1291.2335;;;25-Aug-2025
149115;Mirae Asset Money Market Fund Regular Growth;INF769K01HK4;;1274.6949;;;25-Aug-2025
149114;Mirae Asset Money Market Fund Regular IDCW;INF769K01HJ6;INF769K01HL2;1274.6842;;;25-Aug-2025

Nippon India Mutual Fund
103050;NIPPON INDIA MONEY MARKET FUND - DAILY IDCW Option;;INF204K01UY6;1009.0963;;;25-Aug-2025
118718;NIPPON INDIA MONEY MARKET FUND - DIRECT Plan - DAILY IDCW Option;;INF204K01ZN8;1009.0027;;;25-Aug-2025
118720;NIPPON INDIA MONEY MARKET FUND - DIRECT Plan - MONTHLY IDCW Option;INF204K01ZQ1;INF204K01ZR9;1025.5849;;;25-Aug-2025
118716;NIPPON INDIA MONEY MARKET FUND - DIRECT Plan - QUARTERLY IDCW Option;INF204K01ZS7;INF204K01ZT5;1024.8328;;;25-Aug-2025
118717;NIPPON INDIA MONEY MARKET FUND - DIRECT Plan - WEEKLY IDCW Option;;INF204K01ZO6;1010.0647;;;25-Aug-2025
118715;Nippon India Money Market Fund - Direct Plan Growth Plan - Bonus Option;INF204K01G11;;2502.5761;;;25-Aug-2025
118719;Nippon India Money Market Fund - Direct Plan Growth Plan - Growth Option;INF204K01ZP3;;4255.9498;;;25-Aug-2025
103052;NIPPON INDIA MONEY MARKET FUND - MONTHLY IDCW Option;INF204K01VB2;INF204K01VC0;1025.2384;;;25-Aug-2025
112341;NIPPON INDIA MONEY MARKET FUND - QUARTERLY IDCW Option;INF204K01VD8;INF204K01VE6;1024.6127;;;25-Aug-2025
103051;NIPPON INDIA MONEY MARKET FUND - WEEKLY IDCW Option;;INF204K01UZ3;1010.0743;;;25-Aug-2025
103048;Nippon India Money Market Fund-Growth Plan-Growth Option;INF204K01VA4;;4200.6139;;;25-Aug-2025

PGIM India Mutual Fund
148162;PGIM India Money Market Fund - Direct Plan - Daily Dividend Option;;INF663L01U16;1010.4294;;;25-Aug-2025
148161;PGIM India Money Market Fund - Direct Plan - Growth Option;INF663L01T84;;1382.8748;;;25-Aug-2025
148163;PGIM India Money Market Fund - Direct Plan - Monthly Dividend Option;INF663L01T92;;1072.5921;;;25-Aug-2025
148164;PGIM India Money Market Fund - Direct Plan - Weekly Dividend Option;;INF663L01U08;1003.5871;;;25-Aug-2025
148160;PGIM India Money Market Fund - Regular Plan - Daily Dividend Option;;INF663L01U57;1009.0935;;;25-Aug-2025
148159;PGIM India Money Market Fund - Regular Plan - Growth Option;INF663L01U24;;1342.0299;;;25-Aug-2025
148157;PGIM India Money Market Fund - Regular Plan - Monthly Dividend Option;INF663L01U32;;1062.8169;;;25-Aug-2025
148158;PGIM India Money Market Fund - Regular Plan - Weekly Dividend Option;;INF663L01U40;1003.5676;;;25-Aug-2025
152111;PGIM India Money Market Fund - Segregated Portfolio 1 - Direct Plan - Annual IDCW option;;;0;;;25-Aug-2025
152114;PGIM India Money Market Fund - Segregated Portfolio 1 - Direct Plan - Growth Option;;;0;;;25-Aug-2025
152112;PGIM India Money Market Fund - Segregated Portfolio 1 - Direct Plan - Monthly IDCW Option;;;0;;;25-Aug-2025
152113;PGIM India Money Market Fund - Segregated Portfolio 1 - Direct Plan - Quarterly IDCW option;;;0;;;25-Aug-2025
152120;PGIM India Money Market Fund - Segregated Portfolio 1 - Regular Plan - Annual IDCW Option;;;0;;;25-Aug-2025
152122;PGIM India Money Market Fund - Segregated Portfolio 1 - Regular plan - Growth option;;;0;;;25-Aug-2025
152119;PGIM India Money Market Fund - Segregated Portfolio 1 - Regular Plan - Monthly IDCW option;;;0;;;25-Aug-2025
152121;PGIM India Money Market Fund - Segregated Portfolio 1 - Regular Plan - Quarterly IDCW Option;;;0;;;25-Aug-2025

SBI Mutual Fund
119821;SBI  SAVINGS FUND - DIRECT PLAN - GROWTH;INF200K01SZ5;;44.9995;;;25-Aug-2025
102503;SBI  SAVINGS FUND - REGULAR PLAN - GROWTH;INF200K01636;;41.9146;;;25-Aug-2025
119820;SBI Savings Fund - Direct Plan - Income Distribution cum Capital Withdrawal Option (IDCW);INF200K01SX0;INF200K01SY8;17.8365;;;25-Aug-2025
119822;SBI Savings Fund - Direct Plan Daily Income Distribution cum Capital Withdrawal Option (IDCW);;INF200K01SW2;14.0514;;;25-Aug-2025
119823;SBI Savings Fund - Direct Plan Weekly Income Distribution cum Capital Withdrawal Option (IDCW);INF200K01TA6;INF200K01TB4;15.9354;;;25-Aug-2025
102504;SBI Savings Fund - Regular Plan - Income Distribution cum Capital Withdrawal Option (IDCW);INF200K01644;INF200K01651;16.5270;;;25-Aug-2025
114348;SBI Savings Fund - Regular Plan Daily Income Distribution cum Capital Withdrawal Option (IDCW);;INF200KA1K20;13.6628;;;25-Aug-2025
102860;SBI Savings Fund - Regular Plan Weekly Income Distribution cum Capital Withdrawal Option (IDCW);INF200K01669;INF200K01677;15.5973;;;25-Aug-2025

Sundaram Mutual Fund
145050;Sundaram Money Market Fund Direct Plan - Growth;INF903JA1FR6;;15.2753;;;25-Aug-2025
145051;Sundaram Money Market Fund Direct Plan - Income Distribution cum Capital Withdrawal (IDCW);INF903JA1FS4;;11.4068;;;25-Aug-2025
145056;Sundaram Money Market Fund Direct Plan - Income Distribution cum Capital Withdrawal(IDCW);;INF903JA1FX4;11.4068;;;25-Aug-2025
145042;Sundaram Money Market Fund Regular Plan - Growth;INF903JA1FJ3;;15.1708;;;25-Aug-2025
145049;Sundaram Money Market Fund Regular Plan -Income Distribution cum Capital Withdrawal(IDCW);;INF903JA1FP0;11.3764;;;25-Aug-2025
145044;Sundaram Money Market Fund Regular Plan- Income Distribution cum Capital Withdrawal (IDCW);INF903JA1FK1;;11.3764;;;25-Aug-2025

Tata Mutual Fund
119421;Tata Money Market Fund- Direct Plan - Daily Reinvestment of IDCW Option;;INF277K011C6;1114.5200;;;25-Aug-2025
119424;Tata Money Market Fund- Direct Plan- Growth Option;INF277K01PR6;;4869.5539;;;25-Aug-2025
101986;Tata Money Market Fund- Regular Plan - Daily Reinvestment of IDCW Option;;INF277K014C0;1114.5200;;;25-Aug-2025
101847;Tata Money Market Fund-Regular Plan - Growth Option;INF277K01LQ7;;4778.1301;;;25-Aug-2025

Trust Mutual Fund
150513;TRUSTMF MONEY MARKET FUND-DIRECT PLAN-GROWTH;INF0GCD01503;;1239.2592;;;25-Aug-2025
150514;TRUSTMF MONEY MARKET FUND-DIRECT PLAN-MONTHLY IDCW;INF0GCD01529;INF0GCD01511;1130.2265;;;25-Aug-2025
150511;TRUSTMF MONEY MARKET FUND-REGULAR PLAN-GROWTH;INF0GCD01479;;1232.5135;;;25-Aug-2025
150512;TRUSTMF MONEY MARKET FUND-REGULAR PLAN-MONTHLY IDCW;INF0GCD01495;INF0GCD01487;1123.8123;;;25-Aug-2025

Union Mutual Fund
149117;Union Money Market Fund - Direct Plan -  Growth Option;INF582M01HG5;;1280.0599;;;25-Aug-2025
149123;Union Money Market Fund - Direct Plan -  Monthly IDCW Option;INF582M01HK7;INF582M01HJ9;1013.3708;;;25-Aug-2025
149116;Union Money Market Fund - Regular Plan -  Growth Option;INF582M01HO9;;1244.1178;;;25-Aug-2025
149122;Union Money Market Fund - Regular Plan -  Monthly IDCW Option;INF582M01HS0;INF582M01HR2;1009.6474;;;25-Aug-2025

UTI Mutual Fund
120299;UTI MMF - Direct Plan - Growth Option;INF789F01XV6;;3158.8294;;;25-Aug-2025
139236;UTI MMF - Regular Plan - Flexi Dividend Option;INF789FA1M04;INF789FA1M12;1207.5099;;;25-Aug-2025
112077;UTI MMF - Regular Plan - Growth Option;INF789F01PX8;;3120.7498;;;25-Aug-2025
100724;UTI MMF- Discontinued - Regular Plan - Flexi Dividend Option;;INF789F01BD0;3891.0784;;;25-Aug-2025
100725;UTI MMF- Discontinued - Regular Plan - Periodic Dividend Option;INF789F01BE8;;2606.1944;;;25-Aug-2025
100723;UTI MMF-Discontinued - Regular Plan -Growth;INF789F01BF5;;7211.2556;;;25-Aug-2025
134973;UTI Money Market Fund - Direct Plan - Annual IDCW;INF789FA1N03;INF789FA1N11;1874.9158;;;25-Aug-2025
120772;UTI Money Market Fund - Direct Plan - Daily IDCW (Reinvestment);;INF789F01XU8;1030.934;;;25-Aug-2025
143125;UTI Money Market Fund - Direct Plan - Flexi IDCW;INF789FA1N29;INF789FA1N37;1619.196;;;25-Aug-2025
135606;UTI Money Market Fund - Direct Plan - Fortnightly IDCW;INF789FA1M20;INF789FA1M38;1252.9381;;;25-Aug-2025
140023;UTI Money Market Fund - Direct Plan - Half-Yearly IDCW;INF789FA1M87;INF789FA1M95;1765.0303;;;25-Aug-2025
133387;UTI Money Market Fund - Direct Plan - Monthly IDCW;INF789FA1M46;INF789FA1M53;1546.2505;;;25-Aug-2025
142249;UTI Money Market Fund - Direct Plan - Quarterly IDCW;INF789FA1M61;INF789FA1M79;1676.3779;;;25-Aug-2025
120793;UTI Money Market Fund - Direct Plan - Weekly IDCW;INF789F01XW4;INF789F01XX2;1120.1623;;;25-Aug-2025
134972;UTI Money Market Fund - Regular Plan - Annual IDCW;INF789FA1L88;INF789FA1L96;1858.7925;;;25-Aug-2025
112076;UTI Money Market Fund - Regular Plan - Daily IDCW (Reinvestment);;INF789F01PW0;1148.0749;;;25-Aug-2025
135371;UTI Money Market Fund - Regular Plan - Fortnightly IDCW;INF789FA1L05;INF789FA1L13;1160.8967;;;25-Aug-2025
134763;UTI Money Market Fund - Regular Plan - Half-Yearly IDCW;INF789FA1L62;INF789FA1L70;1753.6459;;;25-Aug-2025
133484;UTI Money Market Fund - Regular Plan - Monthly IDCW;INF789FA1L21;INF789FA1L39;1040.689;;;25-Aug-2025
112635;UTI Money Market Fund - Regular Plan - Weekly IDCW;INF789F01PY6;INF789F01PZ3;1141.2067;;;25-Aug-2025

Open Ended Schemes ( Debt Scheme - Short Duration Fund )


Aditya Birla Sun Life Mutual Fund
119496;Aditya Birla Sun Life Short Term Fund - DIRECT - IDCW;INF209KA1KQ6;INF209K01XL6;11.1269;;;25-Aug-2025
119498;Aditya Birla Sun Life Short Term Fund - Growth - Direct Plan;INF209K01XK8;;52.0045;;;25-Aug-2025
101844;Aditya Birla Sun Life Short Term Fund - Growth - Regular Plan;INF209K01942;;48.0185;;;25-Aug-2025
101843;Aditya Birla Sun Life Short Term Fund - REGULAR - IDCW;INF209K01975;INF209K01DK0;15.261;;;25-Aug-2025
112356;Aditya Birla Sun Life Short Term Fund - REGULAR - Quarterly IDCW;INF209K01BU3;;10.4655;;;25-Aug-2025
119497;Aditya Birla Sun Life Short Term Fund-Quarterly-IDCW-Direct;INF209K01R96;INF209KA1KR4;10.9214;;;25-Aug-2025

Axis Mutual Fund
120510;Axis Short Duration Fund - Direct Plan - Growth Option;INF846K01EI1;;34.1070;;;25-Aug-2025
120511;Axis Short Duration Fund - Direct Plan - Monthly IDCW;INF846K01EJ9;INF846K01EK7;10.0484;;;25-Aug-2025
133894;Axis Short Duration Fund - Direct Plan - Regular IDCW;INF846K01RH5;INF846K01RI3;20.8667;;;25-Aug-2025
120512;Axis Short Duration Fund - Direct Plan - Weekly IDCW;INF846K01EL5;INF846K01EM3;10.2388;;;25-Aug-2025
112354;Axis Short Duration Fund - Regular Plan - Growth Option;INF846K01644;;31.2392;;;25-Aug-2025
112355;Axis Short Duration Fund - Regular Plan - Monthly IDCW;INF846K01651;INF846K01669;10.0721;;;25-Aug-2025
133895;Axis Short Duration Fund - Regular Plan - Regular IDCW;INF846K01RJ1;INF846K01RK9;20.8984;;;25-Aug-2025
112369;Axis Short Duration Fund - Regular Plan - Weekly IDCW;INF846K01677;INF846K01685;10.3874;;;25-Aug-2025
112721;Axis Short Duration Fund - Retail Plan - Growth Option;INF846K01594;;30.8780;;;25-Aug-2025
112723;Axis Short Duration Fund - Retail Plan - Monthly IDCW;INF846K01602;INF846K01610;10.0472;;;25-Aug-2025
112722;Axis Short Duration Fund - Retail Plan - Weekly IDCW;INF846K01628;INF846K01636;10.2178;;;25-Aug-2025

Bandhan Mutual Fund
143369;BANDHAN Bond Fund - Short Term - Direct Plan - Annual IDCW;INF194KA11L7;INF194KA12L5;11.1565;;;25-Aug-2025
143367;BANDHAN Bond Fund - Short Term - Direct Plan - Quarterly IDCW;INF194KA18K4;INF194KA19K2;10.6580;;;25-Aug-2025
143368;BANDHAN Bond Fund - Short Term - Regular Plan - Annual IDCW;INF194KA15K0;INF194KA16K8;10.9243;;;25-Aug-2025
108713;BANDHAN Bond Fund - Short Term - Regular Plan - Fortnightly IDCW;INF194K01HK5;INF194K01HJ7;10.3788;;;25-Aug-2025
131383;BANDHAN Bond Fund - Short Term - Regular Plan - Periodic IDCW;INF194KA1SO1;INF194KA1SP8;21.3531;;;25-Aug-2025
143366;BANDHAN Bond Fund - Short Term - Regular Plan - Quarterly IDCW;INF194KA12K7;INF194KA13K5;10.7288;;;25-Aug-2025
118405;BANDHAN Bond Fund - Short Term-Direct Plan-Fortnightly IDCW;INF194K01U56;INF194K01U49;10.3391;;;25-Aug-2025
118407;BANDHAN Bond Fund - Short Term-Direct Plan-Growth;INF194K01U07;;61.6615;;;25-Aug-2025
118406;BANDHAN Bond Fund - Short Term-Direct Plan-Monthly IDCW;INF194K01U23;INF194K01U15;10.3359;;;25-Aug-2025
131382;BANDHAN Bond Fund - Short Term-Direct Plan-Periodic IDCW;INF194KA1SR4;INF194KA1SS2;22.2586;;;25-Aug-2025

Bank of India Mutual Fund
119382;BANK OF INDIA Short Term Income Fund-Direct Plan- Growth;INF761K01736;;29.3588;;;25-Aug-2025
119383;BANK OF INDIA Short Term Income Fund-Direct Plan- Monthly IDCW;INF761K01751;INF761K01744;14.2745;;;25-Aug-2025
119384;BANK OF INDIA Short Term Income Fund-Direct Plan- Quarterly IDCW;INF761K01777;INF761K01769;13.5350;;;25-Aug-2025
111585;BANK OF INDIA Short Term Income Fund-Regular Plan- Growth;INF761K01579;;26.9834;;;25-Aug-2025
111589;BANK OF INDIA Short Term Income Fund-Regular Plan- Monthly IDCW;INF761K01595;INF761K01587;13.8464;;;25-Aug-2025
111590;BANK OF INDIA Short Term Income Fund-Regular Plan- Quarterly IDCW;INF761K01611;INF761K01603;13.6451;;;25-Aug-2025

Baroda BNP Paribas Mutual Fund
119400;Baroda BNP Paribas Short Duration Fund - Direct Plan - Growth Option;INF955L01BD5;;32.0433;;;25-Aug-2025
119399;Baroda BNP Paribas Short Duration Fund - Direct Plan - Monthly IDCW Option;INF955L01BB9;;10.5705;;;25-Aug-2025
140463;Baroda BNP Paribas Short Duration Fund - Direct Plan - Quarterly IDCW;INF955L01GU8;;11.3462;;;25-Aug-2025
113036;Baroda BNP Paribas Short Duration Fund - Regular Plan - Growth Option;INF955L01153;;29.4957;;;25-Aug-2025
113037;Baroda BNP Paribas Short Duration Fund - Regular Plan - Monthly IDCW Option;INF955L01138;INF955L01146;10.3513;;;25-Aug-2025
140465;Baroda BNP Paribas Short Duration Fund - Regular Plan - Quarterly IDCW;INF955L01GS2;;10.7825;;;25-Aug-2025

Canara Robeco Mutual Fund
118320;CANARA ROBECO SHORT DURATION FUND - DIRECT PLAN - GROWTH OPTION;INF760K01DX5;;27.9343;;;25-Aug-2025
118321;CANARA ROBECO SHORT DURATION FUND - DIRECT PLAN - MONTHLY IDCW (Payout/Reinvestment);INF760K01DV9;INF760K01DW7;18.2093;;;25-Aug-2025
118322;CANARA ROBECO SHORT DURATION FUND - DIRECT PLAN - QUARTERLY IDCW (Payout/Reinvestment);INF760K01DY3;INF760K01DZ0;17.2472;;;25-Aug-2025
115077;CANARA ROBECO SHORT DURATION FUND - REGULAR PLAN - GROWTH OPTION;INF760K01BM2;;25.5853;;;25-Aug-2025
115078;CANARA ROBECO SHORT DURATION FUND - REGULAR PLAN - MONTHLY IDCW (Payout/Reinvestment);INF760K01BO8;INF760K01BN0;15.7635;;;25-Aug-2025
115079;CANARA ROBECO SHORT DURATION FUND - REGULAR PLAN - QUARTERLY IDCW (Payout/Reinvestment);INF760K01BQ3;INF760K01BP5;15.4853;;;25-Aug-2025

DSP Mutual Fund
119226;DSP Short Term Fund - Direct Plan - Growth;INF740K01NJ5;;51.1043;;;25-Aug-2025
119222;DSP Short Term Fund - Direct Plan - IDCW;INF740K01NK3;INF740K01NN7;12.3595;;;25-Aug-2025
119224;DSP Short Term Fund - Direct Plan - IDCW - Monthly;INF740K01NL1;INF740K01NM9;11.6983;;;25-Aug-2025
119223;DSP Short Term Fund - Direct Plan - IDCW - Weekly;INF740KA1PD9;INF740KA1PE7;10.1801;;;25-Aug-2025
101306;DSP Short Term Fund - IDCW - Monthly;INF740K01664;INF740K01AG8;11.5963;;;25-Aug-2025
101304;DSP Short Term Fund - Regular Plan - Growth;INF740K01656;;46.9904;;;25-Aug-2025
101305;DSP Short Term Fund - Regular Plan - IDCW;INF740K01649;INF740K01AF0;12.3764;;;25-Aug-2025
101303;DSP Short Term Fund - Regular Plan - Regular Plan - IDCW - Weekly;INF740KA1PF4;;10.1769;;;25-Aug-2025

Franklin Templeton Mutual Fund
148313;Franklin India Short Tem Income Plan - Segregated Portfolio 3 (9.50% Yes Bank Ltd CO 23Dec21) - Direct Retail Plan Growth Option;INF090I01VS3;;0.0000;;;25-Aug-2025
148314;Franklin India Short Term Income Plan - Segregated Portfolio 3 (9.50% Yes Bank Ltd CO 23Dec21) - Institutional Plan Growth Option;INF090I01VR5;;0.0000;;;25-Aug-2025
148318;Franklin India Short Term Income Plan - Segregated Portfolio 3 (9.50% Yes Bank Ltd CO 23Dec21) - Retail Plan Growth Option;INF090I01VN4;;0.0000;;;25-Aug-2025
148312;Franklin India Short term Income Plan- Retail Plan-Segregated Portfolio 3 (9.50% Yes Bank Ltd CO 23Dec21) - Direct Monthly - IDCW;INF090I01VU9;;0.0000;;;25-Aug-2025
148311;Franklin India Short term Income Plan- Retail Plan-Segregated Portfolio 3 (9.50% Yes Bank Ltd CO 23Dec21) - Direct Quarterly - IDCW;INF090I01VT1;;0.0000;;;25-Aug-2025
148319;Franklin India Short Term Income Plan- Retail Plan-Segregated Portfolio 3 (9.50% Yes Bank Ltd CO 23Dec21) - Monthly - IDCW;INF090I01VP9;;0.0000;;;25-Aug-2025
148317;Franklin India Short term Income Plan- Retail Plan-Segregated Portfolio 3 (9.50% Yes Bank Ltd CO 23Dec21) - Quarterly - IDCW;INF090I01VO2;;0.0000;;;25-Aug-2025
148315;Franklin India Short-term Income Plan- Retail Plan-Segregated Portfolio 3 (9.50% Yes Bank Ltd CO 23Dec21) - Weekly - IDCW;INF090I01VQ7;;0.0000;;;25-Aug-2025
148316;Franklin India Short-term Income Plan-Retail Plan-Segregated Portfolio 3 (9.50% Yes Bank Ltd CO 23Dec21) - Direct Weekly - IDCW;INF090I01VV7;;0.0000;;;25-Aug-2025

Groww Mutual Fund
123708;Groww Short Duration Fund (formerly known as Indiabulls Short Term Fund )- Regular Plan - Growth Option;INF666M01AJ5;;2101.1093;;;25-Aug-2025
123704;Groww Short Duration Fund (formerly known as Indiabulls Short Term Fund) - Direct Plan - Growth Option;INF666M01AC0;;2414.5151;;;25-Aug-2025
123706;Groww Short Duration Fund (formerly known as Indiabulls Short Term Fund)- Direct Plan- Fortnightly - Income Distribution cum capital withdrawal Option (Payout & Reinvestment);INF666M01AH9;INF666M01AE6;1019.1928;;;25-Aug-2025
123707;Groww Short Duration Fund (formerly known as Indiabulls Short Term Fund)- Direct Plan- Monthly - Income Distribution cum capital withdrawal Option (Payout & Reinvestment);INF666M01AI7;INF666M01AF3;1019.6085;;;25-Aug-2025
123705;Groww Short Duration Fund (formerly known as Indiabulls Short Term Fund)- Direct Plan- Weekly - Income Distribution cum capital withdrawal Option (Payout & Reinvestment);INF666M01AG1;INF666M01AD8;1018.4346;;;25-Aug-2025
123710;Groww Short Duration Fund (formerly known as Indiabulls Short Term Fund)- Regular Plan- Fortnightly - Income Distribution cum capital withdrawal Option (Payout & Reinvestment);INF666M01AO5;INF666M01AL1;1018.8496;;;25-Aug-2025
123711;Groww Short Duration Fund (formerly known as Indiabulls Short Term Fund)- Regular Plan- Monthly - Income Distribution cum capital withdrawal Option (Payout & Reinvestment);INF666M01AP2;INF666M01AM9;1025.3789;;;25-Aug-2025
123709;Groww Short Duration Fund (formerly known as Indiabulls Short Term Fund)- Regular Plan- Weekly - Income Distribution cum capital withdrawal Option (Payout & Reinvestment);INF666M01AN7;INF666M01AK3;1017.9758;;;25-Aug-2025

HDFC Mutual Fund
119015;HDFC Short Term  Debt Fund - Fortnightly IDCW - Direct Plan;;;10.3097;;;25-Aug-2025
113048;HDFC Short Term  Debt Fund - Fortnightly IDCW Option;INF179K01CV4;INF179K01CW2;10.2021;;;25-Aug-2025
113047;HDFC Short Term  Debt Fund - Growth Option;INF179K01CU6;;32.3384;;;25-Aug-2025
119016;HDFC Short Term  Debt Fund - Growth Option - Direct Plan;INF179K01YM7;;33.3915;;;25-Aug-2025
133367;HDFC Short Term  Debt Fund - Normal IDCW - Direct Plan;INF179KA1Q53;;19.7843;;;25-Aug-2025
133368;HDFC Short Term  Debt Fund - Normal IDCW Option;INF179KA1Q79;;19.2167;;;25-Aug-2025

HSBC Mutual Fund
151063;HSBC Short Duration Fund -  Regular Plan - Monthly IDCW;INF917K01CH6;INF917K01CI4;11.0541;;;25-Aug-2025
151062;HSBC Short Duration Fund - Bonus;INF917K01CM6;;26.7134;;;25-Aug-2025
151070;HSBC Short Duration Fund - Direct Annual IDCW;INF917K01VR5;INF917K01VQ7;12.5598;;;25-Aug-2025
151067;HSBC Short Duration Fund - Direct Growth;INF917K01IQ4;;28.3338;;;25-Aug-2025
151068;HSBC Short Duration Fund - Direct Plan -  Monthly IDCW;INF917K01IP6;INF917K01IO9;11.7243;;;25-Aug-2025
151069;HSBC Short Duration Fund - Direct Quarterly IDCW;INF917K01IS0;INF917K01IR2;11.5022;;;25-Aug-2025
151071;HSBC Short Duration Fund - Regular Annual IDCW;INF917K01VT1;INF917K01VS3;11.9914;;;25-Aug-2025
151065;HSBC Short Duration Fund - Regular Growth;INF917K01CL8;;26.7141;;;25-Aug-2025
151064;HSBC Short Duration Fund - Regular Quarterly IDCW;INF917K01CJ2;INF917K01CK0;10.6418;;;25-Aug-2025

ICICI Prudential Mutual Fund
120754;ICICI Prudential Short Term Fund - Direct Plan - Growth Option;INF109K013N3;;66.3138;;;25-Aug-2025
120755;ICICI Prudential Short Term Fund - Direct Plan - Monthly IDCW;INF109K014N1;INF109K015N8;12.6832;;;25-Aug-2025
101758;ICICI Prudential Short Term Fund - Growth Option;INF109K01654;;60.7521;;;25-Aug-2025
101165;ICICI Prudential Short Term Fund - Monthly IDCW;INF109K01WL0;INF109K01647;12.0659;;;25-Aug-2025

Invesco Mutual Fund
117973;Invesco India Short Duration Fund - Daily IDCW (Reinvestment);;INF205K01UD7;1035.1549;;;25-Aug-2025
120559;Invesco India Short Duration Fund - Direct Plan - Daily IDCW (Reinvestment);;INF205K01UE5;1022.2841;;;25-Aug-2025
120560;Invesco India Short Duration Fund - Direct Plan - Growth;INF205K01UH8;;3976.7641;;;25-Aug-2025
120561;Invesco India Short Duration Fund - Direct Plan - Monthly IDCW (Payout / Reinvestment);INF205K01UI6;INF205K01UJ4;2616.8677;;;25-Aug-2025
120563;Invesco India Short Duration Fund - Direct Plan -Discretionary IDCW (Payout / Reinvestment);INF205K01UF2;INF205K01UG0;2805.6107;;;25-Aug-2025
120562;Invesco India Short Duration Fund - Direct Plan -Weekly IDCW (Reinvestment);;INF205K01UK2;1017.7824;;;25-Aug-2025
105185;Invesco India Short Duration Fund - Growth;INF205K01UN6;;3598.926;;;25-Aug-2025
105191;Invesco India Short Duration Fund - Monthly IDCW (Payout / Reinvestment);INF205K01UO4;INF205K01UP1;1048.7814;;;25-Aug-2025
105189;Invesco India Short Duration Fund - Plan B - Growth;INF205K01UR7;;3579.9452;;;25-Aug-2025
105187;Invesco India Short Duration Fund - Plan B - Monthly IDCW (Payout / Reinvestment);INF205K01US5;INF205K01UT3;2345.037;;;25-Aug-2025
105192;Invesco India Short Duration Fund - Plan B - Weekly IDCW (Reinvestment);;INF205K01UU1;1013.7538;;;25-Aug-2025
105190;Invesco India Short Duration Fund - Weekly IDCW (Reinvestment);;INF205K01UV9;1017.326;;;25-Aug-2025
116110;Invesco India Short Duration Fund- Discretionary IDCW (Payout / Reinvestment);INF205K01UL0;INF205K01UM8;2684.6337;;;25-Aug-2025

JM Financial Mutual Fund
150545;JM Short Duration Fund (Direct) - Growth;INF192K01MP8;;12.426;;;25-Aug-2025
150544;JM Short Duration Fund (Direct) - IDCW;INF192K01MQ6;INF192K01MR4;12.4264;;;25-Aug-2025
150542;JM Short Duration Fund (Regular) - Growth;INF192K01MM5;;12.1305;;;25-Aug-2025
150543;JM Short Duration Fund (Regular) - IDCW;INF192K01MN3;INF192K01MO1;12.1311;;;25-Aug-2025

Kotak Mahindra Mutual Fund
135500;Kotak Bond Short Term Plan - Direct - Standard Income Distribution cum capital withdrawal option;INF174K01Z14;INF174K01Z22;16.3831;;;25-Aug-2025
135501;Kotak Bond Short Term Plan - Regular Plan - Normal Dividend;INF174K01Y98;INF174K01Z06;12.4424;;;25-Aug-2025
101373;Kotak Bond Short Term Plan-(Growth);INF174K01ES7;;52.5456;;;25-Aug-2025
119739;Kotak Bond Short Term Plan-(Growth) - Direct;INF174K01JI7;;57.9005;;;25-Aug-2025

LIC Mutual Fund
145954;LIC MF Short Duration Fund-Direct Plan-Growth;INF767K01PW6;;15.7049;;;25-Aug-2025
145953;LIC MF Short Duration Fund-Direct Plan-IDCW;INF767K01PX4;INF767K01PY2;15.7049;;;25-Aug-2025
151959;LIC MF Short Duration Fund-Direct Plan-Monthly IDCW;INF397L01BH1;INF397L01BI9;15.7033;;;25-Aug-2025
151960;LIC MF Short Duration Fund-Direct Plan-Weekly IDCW;INF397L01BK5;INF397L01BL3;15.703;;;25-Aug-2025
145952;LIC MF Short Duration Fund-Regular Plan-Growth;INF767K01PT2;;14.6814;;;25-Aug-2025
145951;LIC MF Short Duration Fund-Regular Plan-IDCW;INF767K01PU0;INF767K01PV8;14.6814;;;25-Aug-2025
151955;LIC MF Short Duration Fund-Regular Plan-Monthly IDCW;INF397L01406;INF397L01414;14.6818;;;25-Aug-2025
151956;LIC MF Short Duration Fund-Regular Plan-Weekly IDCW;INF397L01430;INF397L01448;12.7867;;;25-Aug-2025

Mahindra Manulife Mutual Fund
148730;Mahindra Manulife Short Duration Fund - Direct Plan - IDCW;INF174V01AO1;INF174V01AN3;11.9694;;;25-Aug-2025
148729;Mahindra Manulife Short Duration Fund - Direct Plan -Growth;INF174V01AM5;;13.4347;;;25-Aug-2025
148727;Mahindra Manulife Short Duration Fund - Regular Plan - Growth;INF174V01AJ1;;12.8627;;;25-Aug-2025
148728;Mahindra Manulife Short Duration Fund - Regular Plan - IDCW;INF174V01AL7;INF174V01AK9;11.4178;;;25-Aug-2025

Mirae Asset Mutual Fund
142641;Mirae Asset Short Duration Fund - Direct Plan - Growth;INF769K01DX6;;16.8534;;;25-Aug-2025
142640;Mirae Asset Short Duration Fund - Direct Plan - IDCW;INF769K01DY4;INF769K01DZ1;16.8147;;;25-Aug-2025
142642;Mirae Asset Short Duration Fund - Regular Plan - Growth;INF769K01DU2;;15.8699;;;25-Aug-2025
142643;Mirae Asset Short Duration Fund - Regular Plan - IDCW;INF769K01DV0;INF769K01DW8;15.8734;;;25-Aug-2025

Nippon India Mutual Fund
125269;NIPPON INDIA SHORT DURATION FUND - Direct Plan - IDCW Option;INF204KA1ES0;INF204KA1ET8;23.5613;;;25-Aug-2025
118797;NIPPON INDIA SHORT DURATION FUND - Direct Plan - MONTHLY IDCW Option;INF204K01B40;;11.7166;;;25-Aug-2025
118800;NIPPON INDIA SHORT DURATION FUND - Direct Plan - QUARTERLY IDCW OPTION;INF204K01B65;INF204K01B73;15.3174;;;25-Aug-2025
118796;Nippon India Short Duration Fund - Direct Plan Growth Plan - Growth Option;INF204K01B32;;57.9750;;;25-Aug-2025
125268;NIPPON INDIA SHORT DURATION FUND - IDCW Option;INF204KA1EQ4;INF204KA1ER2;21.6843;;;25-Aug-2025
101667;NIPPON INDIA SHORT DURATION FUND - MONTHLY IDCW Option;INF204K01FM2;INF204K01FN0;11.4866;;;25-Aug-2025
101669;NIPPON INDIA SHORT TERM FUND - QUARTERLY IDCW OPTION;INF204K01FO8;INF204K01FP5;14.9519;;;25-Aug-2025
101665;Nippon India Short Term Fund-Growth Plan;INF204K01FL4;;53.3119;;;25-Aug-2025

SBI Mutual Fund
106230;SBI Short Horizon Debt Fund - Short Term Fund - Retail Dividend - Fortnightly Income Distribution cum Capital Withdrawal Option (IDCW);INF200K01IA9;INF200K01IB7;15.2481;;;25-Aug-2025
106229;SBI Short Horizon Debt Fund - Short Term Fund - Retail Dividend - Monthly Income Distribution cum Capital Withdrawal Option (IDCW);INF200K01IC5;INF200K01ID3;16.8111;;;25-Aug-2025
106228;SBI Short Horizon Debt Fund - Short Term Fund - Retail Dividend - Weekly Income Distribution cum Capital Withdrawal Option (IDCW);INF200K01IE1;INF200K01IF8;15.2252;;;25-Aug-2025
106227;SBI SHORT HORIZON DEBT FUND-SHORT TERM FUND - RETAIL - GROWTH;INF200K01IG6;;36.7034;;;25-Aug-2025
119813;SBI Short Term Debt Fund - Direct Plan - Monthly Income Distribution cum Capital Withdrawal Option (IDCW);INF200K01VF1;INF200K01VG9;19.2196;;;25-Aug-2025
119816;SBI SHORT TERM DEBT FUND - DIRECT PLAN -GROWTH;INF200K01VE4;;34.4824;;;25-Aug-2025
119815;SBI Short Term Debt Fund - Direct Plan Fortnightly Income Distribution cum Capital Withdrawal Option (IDCW);INF200K01VC8;INF200K01VD6;23.2258;;;25-Aug-2025
119817;SBI Short Term Debt Fund - Direct Plan Weekly Income Distribution cum Capital Withdrawal Option (IDCW);INF200K01VH7;INF200K01VI5;15.1043;;;25-Aug-2025
106233;SBI Short Term Debt Fund - Regular Plan - Monthly Income Distribution cum Capital Withdrawal Option (IDCW);INF200K01HV7;INF200K01HW5;17.9348;;;25-Aug-2025
106231;SBI SHORT TERM DEBT FUND - REGULAR PLAN -GROWTH;INF200K01HZ8;;32.4402;;;25-Aug-2025
106234;SBI Short Term Debt Fund - Regular Plan Fortnightly Income Distribution cum Capital Withdrawal Option (IDCW);INF200K01HT1;INF200K01HU9;14.6941;;;25-Aug-2025
106232;SBI Short Term Debt Fund - Regular Plan Weekly Income Distribution cum Capital Withdrawal Option (IDCW);INF200K01HX3;INF200K01HY1;14.7086;;;25-Aug-2025

Sundaram Mutual Fund
149588;Sundaram Short Duration Fund (Formerly Known as Principal Short Term Debt Fund) - Direct Plan - Income Distribution CUM Capital Withdrawal Plan (IDCW);INF173K01GQ8;INF173K01GR6;13.1649;;;25-Aug-2025
149587;Sundaram Short Duration Fund (Formerly Known as Principal Short Term Debt Fund)- Direct Plan - Growth Option;INF173K01GP0;;48.3293;;;25-Aug-2025
149585;Sundaram Short Duration Fund (Formerly Known as Principal Short Term Debt Fund)- Growth Plan;INF173K01BA3;;44.6178;;;25-Aug-2025
149586;Sundaram Short Duration Fund (Formerly Known as Principal Short Term Debt Fund)- Income Distribution CUM Capital Withdrawal Option (IDCW);INF173K01BB1;INF173K01BC9;13.0851;;;25-Aug-2025

Tata Mutual Fund
119949;Tata Short Term Bond Fund - Direct Plan - Growth Option;INF277K01QR4;;53.4150;;;25-Aug-2025
101548;Tata Short Term Bond Fund -Regular Plan- Growth Option;INF277K01972;;48.2176;;;25-Aug-2025
119950;Tata Short Term Bond Fund Direct Plan - Monthly Payout of IDCW Option;INF277K01QP8;INF277K01QQ6;24.2617;;;25-Aug-2025
133974;Tata Short Term Bond Fund- Direct Plan - Periodic Payout of IDCW Option;INF277K01P38;INF277K01P46;28.3440;;;25-Aug-2025
101547;Tata Short Term Bond Fund- Regular Plan - Monthly Payout of IDCW Option;INF277K01EI9;INF277K01964;21.7762;;;25-Aug-2025
133975;Tata Short Term Bond Fund- Regular Plan - Periodic Payout of IDCW Option;INF277K01P12;INF277K01P20;25.5490;;;25-Aug-2025

Trust Mutual Fund
149076;TRUSTMF Short Duration Fund-Direct Plan-Growth;INF0GCD01370;;1289.0952;;;25-Aug-2025
149078;TRUSTMF Short Duration Fund-Direct Plan-Monthly Income Distribution Cum Capital Withdrawal;INF0GCD01396;INF0GCD01404;1136.4833;;;25-Aug-2025
149079;TRUSTMF Short Duration Fund-Direct Plan-Quarterly Income Distribution Cum Capital Withdrawal;INF0GCD01412;INF0GCD01420;1155.3931;;;25-Aug-2025
149077;TRUSTMF Short Duration Fund-Direct Plan-Weekly Income Distribution Cum Capital Withdrawal;;INF0GCD01388;1116.8197;;;25-Aug-2025
149073;TRUSTMF Short Duration Fund-Regular Plan-Growth;INF0GCD01313;;1263.1927;;;25-Aug-2025
149080;TRUSTMF Short Duration Fund-Regular Plan-Monthly Income Distribution Cum Capital Withdrawal;INF0GCD01339;INF0GCD01347;1121.6347;;;25-Aug-2025
149075;TRUSTMF Short Duration Fund-Regular Plan-Quarterly Income Distribution Cum Capital Withdrawal;INF0GCD01354;INF0GCD01362;1130.7376;;;25-Aug-2025
149074;TRUSTMF Short Duration Fund-Regular Plan-Weekly Income Distribution Cum Capital Withdrawal;;INF0GCD01321;1102.8115;;;25-Aug-2025

Union Mutual Fund
153242;Union Short Duration Fund - Direct Plan - Growth Option;INF582M01KO3;;10.5028;;;25-Aug-2025
153243;Union Short Duration Fund - Direct Plan - IDCW Option;INF582M01KP0;INF582M01KQ8;10.5028;;;25-Aug-2025
153240;Union Short Duration Fund - Regular Plan - Growth Option;INF582M01KK1;;10.4776;;;25-Aug-2025
153241;Union Short Duration Fund - Regular Plan - IDCW Option;INF582M01KL9;INF582M01KM7;10.4776;;;25-Aug-2025

UTI Mutual Fund
135497;UTI Short Duration Fund - Direct Plan - Annual IDCW;INF789FA1R33;INF789FA1R41;13.337;;;25-Aug-2025
124962;UTI Short Duration Fund - Direct Plan - Flexi IDCW;INF789FB1T70;INF789FB1T62;18.8253;;;25-Aug-2025
120718;UTI Short Duration Fund - Direct Plan - Growth Option;INF789F01XY0;;34.083;;;25-Aug-2025
131425;UTI Short Duration Fund - Direct Plan - Half Yearly Dividend Option;INF789FA1R17;INF789FA1R25;13.9523;;;25-Aug-2025
131548;UTI Short Duration Fund - Direct Plan - Monthly IDCW;INF789F01XZ7;INF789F01YA8;10.7673;;;25-Aug-2025
120719;UTI Short Duration Fund - Direct Plan - Quarterly IDCW;INF789FA1R66;INF789FA1R74;19.2715;;;25-Aug-2025
106383;UTI Short Duration Fund - Discontinued Regular Option - Dividend Sub Option;INF789F01AH3;INF789F01AI1;23.8208;;;25-Aug-2025
106384;UTI Short Duration Fund - Discontinued Regular Option -Growth Sub Option;INF789F01AJ9;;45.0598;;;25-Aug-2025
134517;UTI Short Duration Fund - Regular Plan - Annual IDCW;INF789FA1Q91;INF789FA1R09;14.1559;;;25-Aug-2025
125045;UTI Short Duration Fund - Regular Plan - Flexi IDCW;INF789FB1T54;INF789FB1T47;18.2781;;;25-Aug-2025
106624;UTI Short Duration Fund - Regular Plan - Growth Option;INF789F01QA4;;32.0103;;;25-Aug-2025
131424;UTI Short Duration Fund - Regular Plan - Half-Yearly IDCW;INF789FA1Q75;INF789FA1Q83;13.7118;;;25-Aug-2025
131547;UTI Short Duration Fund - Regular Plan - Monthly IDCW;INF789F01QB2;INF789F01QC0;12.071;;;25-Aug-2025
106980;UTI Short Duration Fund - Regular Plan - Quarterly IDCW;INF789FC1GD5;INF789FA1R58;16.5644;;;25-Aug-2025

Open Ended Schemes ( Debt Scheme - Medium Duration Fund )


Aditya Birla Sun Life Mutual Fund
119540;Aditya Birla Sun Life Medium Term Plan - DIRECT - HALF YEARLY IDCW;INF209KA1KN3;;14.5829;;;25-Aug-2025
119538;Aditya Birla Sun Life Medium Term Plan - Direct - IDCW;INF209KA1KO1;;17.7458;;;25-Aug-2025
119541;Aditya Birla Sun Life Medium Term Plan - DIRECT - Quarterly IDCW;INF209KA1KP8;;13.9746;;;25-Aug-2025
119539;Aditya Birla Sun Life Medium Term Plan - Growth - Direct Plan;INF209K01XA9;;43.7913;;;25-Aug-2025
111803;Aditya Birla Sun Life Medium Term Plan - Growth - Regular Plan;INF209K01603;;40.2306;;;25-Aug-2025
111811;Aditya Birla Sun Life Medium Term Plan - REGULAR - HALFYEARLY IDCW;INF209K01595;INF209K01CZ0;13.7304;;;25-Aug-2025
111812;Aditya Birla Sun Life Medium Term Plan - Regular - IDCW;INF209K01611;INF209K01DA1;16.2467;;;25-Aug-2025
111809;Aditya Birla Sun Life Medium Term Plan - REGULAR - Quarterly IDCW;INF209K01637;INF209KB1OJ2;13.3339;;;25-Aug-2025

Axis Mutual Fund
120475;Axis Strategic Bond Fund - Direct Plan - Growth Option;INF846K01DT0;;31.0588;;;25-Aug-2025
120474;Axis Strategic Bond Fund - Direct Plan - Half Yearly IDCW;INF846K01DU8;INF846K01DV6;12.0679;;;25-Aug-2025
120476;Axis Strategic Bond Fund - Direct Plan - Quarterly IDCW;INF846K01DW4;INF846K01DX2;10.5356;;;25-Aug-2025
116894;Axis Strategic Bond Fund - Regular Plan - Growth Option;INF846K01BP2;;28.2392;;;25-Aug-2025
116896;Axis Strategic Bond Fund - Regular Plan - Half Yearly IDCW;INF846K01BR8;INF846K01BT4;10.7233;;;25-Aug-2025
116895;Axis Strategic Bond Fund - Regular Plan - Quarterly IDCW;INF846K01BQ0;INF846K01BS6;10.2984;;;25-Aug-2025

Bandhan Mutual Fund
108730;BANDHAN Bond Fund - Medium Term - Regular Plan - Bi-Monthly IDCW;INF194K01KF9;INF194K01KE2;10.1766;;;25-Aug-2025
108731;BANDHAN Bond Fund - Medium Term - Regular Plan - Daily IDCW;INF194K01JW6;INF194K01JV8;10.2165;;;25-Aug-2025
108729;BANDHAN Bond Fund - Medium Term - Regular Plan - Fortnightly IDCW;INF194K01KI3;INF194K01KH5;10.2040;;;25-Aug-2025
108728;BANDHAN Bond Fund - Medium Term - Regular Plan - Growth;INF194K01JU0;;45.8264;;;25-Aug-2025
113169;BANDHAN Bond Fund - Medium Term - Regular Plan - IDCW Quarterly;INF194K01JZ9;INF194K01JY2;11.0427;;;25-Aug-2025
108727;BANDHAN Bond Fund - Medium Term - Regular Plan - Monthly IDCW;INF194K01KC6;INF194K01KB8;10.1689;;;25-Aug-2025
131385;BANDHAN Bond Fund - Medium Term - Regular Plan - Periodic IDCW;INF194KA1TA8;INF194KA1TB6;14.4359;;;25-Aug-2025
118399;BANDHAN Bond Fund - Medium Term Plan-Direct Plan-Bi Monthly IDCW;INF194K01T59;INF194K01T42;10.4553;;;25-Aug-2025
118400;BANDHAN Bond Fund - Medium Term Plan-Direct Plan-Daily IDCW;;INF194K01S68;10.3617;;;25-Aug-2025
118404;BANDHAN Bond Fund - Medium Term Plan-Direct Plan-Fortnightly IDCW;INF194K01T83;INF194K01T75;10.2094;;;25-Aug-2025
118401;BANDHAN Bond Fund - Medium Term Plan-Direct Plan-Growth;INF194K01S50;;49.9956;;;25-Aug-2025
118402;BANDHAN Bond Fund - Medium Term Plan-Direct Plan-Monthly IDCW;INF194K01T26;INF194K01T18;10.4042;;;25-Aug-2025
131384;BANDHAN Bond Fund - Medium Term Plan-Direct Plan-Periodic IDCW;INF194KA1TD2;INF194KA1TE0;13.0521;;;25-Aug-2025
118403;BANDHAN Bond Fund - Medium Term Plan-Direct Plan-Quartely IDCW;INF194K01S92;INF194K01S84;11.2383;;;25-Aug-2025

DSP Mutual Fund
118924;DSP Bond Fund - Direct Plan - Growth;INF740K01MZ3;;87.6493;;;25-Aug-2025
118922;DSP Bond Fund - Direct Plan - IDCW;INF740K01NB2;INF740K01ND8;11.8112;;;25-Aug-2025
118921;DSP Bond Fund - Direct Plan - IDCW - Monthly;INF740K01NA4;INF740K01NC0;11.2553;;;25-Aug-2025
100078;DSP Bond Fund - Growth;INF740K01557;;82.5085;;;25-Aug-2025
100077;DSP Bond Fund - IDCW;INF740K01565;INF740K01995;11.6848;;;25-Aug-2025
100079;DSP Bond Fund - IDCW - Monthly;INF740K01573;INF740K01AA1;11.1501;;;25-Aug-2025

HDFC Mutual Fund
101990;HDFC Medium Term Debt Fund - Fornightly IDCW Option;INF179K01897;INF179K01905;10.0767;;;25-Aug-2025
119080;HDFC Medium Term Debt Fund - Fortnightly IDCW Opt - Direct Plan;INF179KA1NP8;INF179KA1NO1;10.0824;;;25-Aug-2025
101989;HDFC Medium Term Debt Fund - Growth Option;INF179K01913;;56.6307;;;25-Aug-2025
119081;HDFC Medium Term Debt Fund - Growth Option - Direct Plan;INF179K01WI9;;61.5181;;;25-Aug-2025
132852;HDFC Medium Term Debt Fund - IDCW Option;INF179KA1E16;INF179KA1E08;19.1105;;;25-Aug-2025
132853;HDFC Medium Term Debt Fund - IDCW Option - Direct Plan;INF179KA1D90;INF179KA1D82;20.5556;;;25-Aug-2025

HSBC Mutual Fund
151150;HSBC Medium Duration Fund - Direct Annual IDCW;INF917K01WF8;INF917K01WC5;11.9826;;;25-Aug-2025
151146;HSBC Medium Duration Fund - Direct Growth;INF917K01TK4;;22.471;;;25-Aug-2025
151148;HSBC Medium Duration Fund - Direct IDCW;INF917K01TM0;INF917K01TL2;11.6884;;;25-Aug-2025
151151;HSBC Medium Duration Fund - Regular Annual IDCW;INF917K01WE1;INF917K01WD3;10.9344;;;25-Aug-2025
151149;HSBC Medium Duration Fund - Regular Growth;INF917K01TH0;;20.5713;;;25-Aug-2025
151147;HSBC Medium Duration Fund - Regular IDCW;INF917K01TJ6;INF917K01TI8;10.6319;;;25-Aug-2025

ICICI Prudential Mutual Fund
120670;ICICI Prudential Medium Term Bond Fund - Direct Plan - Growth;INF109K015A5;;49.6626;;;25-Aug-2025
120671;ICICI Prudential Medium Term Bond Fund - Direct Plan - Quarterly IDCW;INF109K018A9;INF109K019A7;11.3320;;;25-Aug-2025
102741;ICICI Prudential Medium Term Bond Fund - Growth;INF109K01AH4;;45.1921;;;25-Aug-2025
113137;ICICI Prudential Medium Term Bond Fund - Quarterly IDCW;INF109K01UF6;INF109K01IO3;10.7516;;;25-Aug-2025

Invesco Mutual Fund
149013;Invesco India Medium Duration Fund - Direct - Discretionary IDCW (Payout/Reinvestment);INF205KA1411;INF205KA1445;1286.1219;;;25-Aug-2025
149011;Invesco India Medium Duration Fund - Direct - Growth;INF205KA1429;;1286.2178;;;25-Aug-2025
149014;Invesco India Medium Duration Fund - Direct - Quarterly IDCW (Payout / Reinvestment));INF205KA1403;INF205KA1437;1096.9293;;;25-Aug-2025
149010;Invesco India Medium Duration Fund - Regular - Discretionary IDCW(Payout / Reinvestment));INF205KA1361;INF205KA1395;1242.7693;;;25-Aug-2025
149012;Invesco India Medium Duration Fund - Regular - Growth;INF205KA1379;;1242.7668;;;25-Aug-2025
149009;Invesco India Medium Duration Fund - Regular - Quarterly IDCW (Payout / Reinvestment);INF205KA1353;INF205KA1387;1056.5191;;;25-Aug-2025

Kotak Mahindra Mutual Fund
128079;Kotak Medium Term Fund - Direct - Standard Income Distribution cum capital withdrawal option;INF174K01VSI;INF174K01VU7;25.5242;;;25-Aug-2025
128006;Kotak Medium Term Fund - Direct Growth;INF174K01VQ5;;25.5219;;;25-Aug-2025
128009;Kotak Medium Term Fund - Growth;INF174K01VL6;;22.9278;;;25-Aug-2025
128078;Kotak Medium Term Fund - Standard Income Distribution cum capital withdrawal option;INF174K01VN2;INF174K01VP7;14.0727;;;25-Aug-2025

Nippon India Mutual Fund
130056;NIPPON INDIA MEDIUJM DURATION FUND - QUARTERLY IDCW Option;INF204KA1QC8;INF204KA1QE4;11.1607;;;25-Aug-2025
148283;Nippon India Medium Duration  Fund - Segregated Portfolio 2 - Bonus Option;INF204KB11R9;;0.0000;;;25-Aug-2025
148284;NIPPON INDIA MEDIUM DURATION FUND -  SEGREGATED PORTFOLIO 2 - DIRECT Plan - IDCW Option;INF204KB16Q0;INF204KB17Q8;0.0000;;;25-Aug-2025
148289;NIPPON INDIA MEDIUM DURATION FUND -  SEGREGATED PORTFOLIO 2 - DIRECT Plan - QUARTERLY IDCW Option;INF204KB18Q6;INF204KB19Q4;0.0000;;;25-Aug-2025
148290;NIPPON INDIA MEDIUM DURATION FUND -  SEGREGATED PORTFOLIO 2 - IDCW Option;INF204KB12R7;INF204KB13R5;0.0000;;;25-Aug-2025
148287;NIPPON INDIA MEDIUM DURATION FUND -  SEGREGATED PORTFOLIO 2 - QUARTERLY IDCW Option;INF204KB14R3;INF204KB15R0;0.0000;;;25-Aug-2025
130052;Nippon India Medium Duration Fund - Direct Plan - Bonus Option;INF204KA1QG9;;17.2192;;;25-Aug-2025
130050;Nippon India Medium Duration Fund - Direct Plan - Growth Option;INF204KA1QF1;;17.2157;;;25-Aug-2025
130054;NIPPON INDIA MEDIUM DURATION FUND - DIRECT Plan - IDCW Option;INF204KA1QH7;INF204KA1QJ3;14.5209;;;25-Aug-2025
130055;NIPPON INDIA MEDIUM DURATION FUND - DIRECT Plan - QUARTERLY IDCW Option;INF204KA1QI5;INF204KA1QK1;11.2574;;;25-Aug-2025
130037;Nippon India Medium Duration Fund - Growth Option;INF204KA1PZ1;;15.8843;;;25-Aug-2025
130053;NIPPON INDIA MEDIUM DURATION FUND - IDCW Option;INF204KA1QB0;INF204KA1QD6;13.5924;;;25-Aug-2025
148288;Nippon India Medium Duration Fund - Segregated Portfolio 2 - Direct Plan - Bonus Option;INF204KB15Q2;;0.0000;;;25-Aug-2025
148285;Nippon India Medium Duration Fund - Segregated Portfolio 2 - Direct Plan - Growth Option;INF204KB10R1;;0.0000;;;25-Aug-2025
148286;Nippon India Medium Duration Fund - Segregated Portfolio 2 - Growth Option;INF204KB16R8;;0.0000;;;25-Aug-2025

SBI Mutual Fund
119824;SBI MAGNUM MEDIUM DURATION FUND - DIRECT PLAN - GROWTH;INF200K01VB0;;55.5731;;;25-Aug-2025
119825;SBI Magnum Medium Duration Fund - Direct Plan - Income Distribution cum Capital Withdrawal Option (IDCW);INF200K01UZ1;INF200K01VA2;21.6022;;;25-Aug-2025
102053;SBI MAGNUM MEDIUM DURATION FUND - REGULAR PLAN - GROWTH;INF200K01719;;51.3776;;;25-Aug-2025
102054;SBI Magnum Medium Duration Fund - Regular Plan - Income Distribution cum Capital Withdrawal Option (IDCW);INF200K01727;INF200K01735;19.9154;;;25-Aug-2025

Sundaram Mutual Fund
119675;Sundaram Medium Duration Fund (Formerly Known as Sundaram Medium Term Bond Fund) Direct Plan - Growth;INF903J01PO6;;77.2784;;;25-Aug-2025
119672;Sundaram Medium Duration Fund (Formerly Known as Sundaram Medium Term Bond Fund) Direct Plan-Income Distribution cum Capital Withdrawal (IDCW);INF903J01PK4;INF903J01PL2;27.1810;;;25-Aug-2025
100603;Sundaram Medium Duration Fund (Formerly Known as Sundaram Medium Term Bond Fund) Regular Plan - Growth;INF903J01FQ2;;69.1296;;;25-Aug-2025
100602;Sundaram Medium Duration Fund (Formerly Known as Sundaram Medium Term Bond Fund) Regular Plan-Income Distribution cum Capital Withdrawal(IDCW);INF903J01FR0;INF903J01FU4;13.3473;;;25-Aug-2025

UTI Mutual Fund
148248;UTI - Medium Term Fund (Segregated - 06032020) - Direct Plan - Annual Dividend Option;INF789F1ASC5;INF789F1ASD3;0;;;25-Aug-2025
148249;UTI - Medium Term Fund (Segregated - 06032020) - Direct Plan - Flexi Dividend Option;INF789F1ASG6;INF789F1ASH4;0;;;25-Aug-2025
148257;UTI - Medium Term Fund (Segregated - 06032020) - Direct Plan - Growth Option;INF789F1ASB7;;0;;;25-Aug-2025
148256;UTI - Medium Term Fund (Segregated - 06032020) - Direct Plan - Half Yearly Dividend Option;INF789F1ASE1;INF789F1ASF8;0;;;25-Aug-2025
148250;UTI - Medium Term Fund (Segregated - 06032020) - Direct Plan - Monthly Dividend Option;INF789F1ASI2;INF789F1ASJ0;0;;;25-Aug-2025
148255;UTI - Medium Term Fund (Segregated - 06032020) - Direct Plan - Quarterly Dividend Option;INF789F1ARZ8;INF789F1ASA9;0;;;25-Aug-2025
148247;UTI - Medium Term Fund (Segregated - 06032020) - Regular Plan - Annual Dividend Option;INF789F1ASN2;INF789F1ASO0;0;;;25-Aug-2025
148254;UTI - Medium Term Fund (Segregated - 06032020) - Regular Plan - Flexi Dividend Option;INF789F1ASR3;INF789F1ASS1;0;;;25-Aug-2025
148252;UTI - Medium Term Fund (Segregated - 06032020) - Regular Plan - Growth Option;INF789F1ASM4;;0;;;25-Aug-2025
148251;UTI - Medium Term Fund (Segregated - 06032020) - Regular Plan - Half Yearly Dividend Option;INF789F1ASP7;INF789F1ASQ5;0;;;25-Aug-2025
148246;UTI - Medium Term Fund (Segregated - 06032020) - Regular Plan - Monthly Dividend Option;INF789F1AST9;INF789F1ASU7;0;;;25-Aug-2025
148253;UTI - Medium Term Fund (Segregated - 06032020) - Regular Plan - Quarterly Dividend Option;INF789F1ASK8;INF789F1ASL6;0;;;25-Aug-2025
134505;UTI Medium Duration Fund - Direct Plan - Annual IDCW;INF789FB1KL1;INF789FB1KM9;14.5608;;;25-Aug-2025
134506;UTI Medium Duration Fund - Direct Plan - Flexi IDCW;INF789FB1KO5;INF789FB1KN7;15.2852;;;25-Aug-2025
134503;UTI Medium Duration Fund - Direct Plan - Growth Option;INF789FB1KE6;;19.6586;;;25-Aug-2025
134504;UTI Medium Duration Fund - Direct Plan - Half-Yearly IDCW;INF789FB1KJ5;INF789FB1KK3;14.7246;;;25-Aug-2025
134501;UTI Medium Duration Fund - Direct Plan - Monthly IDCW;INF789FB1KF3;INF789FB1KG1;10.6061;;;25-Aug-2025
134502;UTI Medium Duration Fund - Direct Plan - Quarterly IDCW;INF789FB1KH9;INF789FB1KI7;14.709;;;25-Aug-2025
134500;UTI Medium Duration Fund - Regular Plan - Annual IDCW;INF789FB1KA4;INF789FB1KB2;13.4318;;;25-Aug-2025
134498;UTI Medium Duration Fund - Regular Plan - Flexi IDCW;INF789FB1KC0;INF789FB1KD8;13.5292;;;25-Aug-2025
134499;UTI Medium Duration Fund - Regular Plan - Growth Option;INF789FB1JU4;;18.3133;;;25-Aug-2025
134497;UTI Medium Duration Fund - Regular Plan - Half-Yearly IDCW;INF789FB1JY6;INF789FB1JZ3;13.2046;;;25-Aug-2025
134495;UTI Medium Duration Fund - Regular Plan - Monthly IDCW;INF789FB1JV2;INF789FB1KP2;13.2071;;;25-Aug-2025

Open Ended Schemes ( Debt Scheme - Medium to Long Duration Fund )


Aditya Birla Sun Life Mutual Fund
133446;Aditya Birla Sun Life Income Fund - Direct - IDCW;INF209KA1WL2;INF209KA1WM0;13.3835;;;25-Aug-2025
119655;Aditya Birla Sun Life Income Fund - Direct - Quarterly IDCW;INF209K01R13;INF209K01WZ8;14.2571;;;25-Aug-2025
119657;Aditya Birla Sun Life Income Fund - Growth - Direct Plan;INF209K01WY1;;134.6992;;;25-Aug-2025
100038;Aditya Birla Sun Life Income Fund - Growth - Regular Plan;INF209K01579;;124.8238;;;25-Aug-2025
133445;Aditya Birla Sun Life Income Fund - Regular - IDCW;INF209KA1WJ6;INF209KA1WK4;12.5493;;;25-Aug-2025
100037;Aditya Birla Sun Life Income Fund - Regular - Quarterly IDCW;INF209K01587;INF209K01CY3;13.2698;;;25-Aug-2025

Bandhan Mutual Fund
108766;BANDHAN Bond Fund - Income Plan - Regular Plan - Annual IDCW;INF194K01IN7;INF194K01IM9;11.5967;;;25-Aug-2025
108765;BANDHAN Bond Fund - Income Plan - Regular Plan - Growth;INF194K01IL1;;63.9975;;;25-Aug-2025
108763;BANDHAN Bond Fund - Income Plan - Regular Plan - Half-yearly IDCW;INF194K01IQ0;INF194K01IP2;11.8251;;;25-Aug-2025
131387;BANDHAN Bond Fund - Income Plan - Regular Plan - Periodic IDCW;INF194KA1SU8;INF194KA1SV6;13.7353;;;25-Aug-2025
108764;BANDHAN Bond Fund - Income Plan - Regular Plan - Quarterly IDCW;INF194K01IT4;INF194K01IS6;11.9235;;;25-Aug-2025
118393;BANDHAN Bond Fund - Income Plan-Direct Plan-Annual IDCW;INF194K01R77;INF194K01R69;15.9002;;;25-Aug-2025
118394;BANDHAN Bond Fund - Income Plan-Direct Plan-Growth;INF194K01R51;;70.0884;;;25-Aug-2025
118395;BANDHAN Bond Fund - Income Plan-Direct Plan-Half Yearly IDCW;INF194K01S01;INF194K01R93;12.7409;;;25-Aug-2025
131386;BANDHAN Bond Fund - Income Plan-Direct Plan-Periodic IDCW;INF194KA1SX2;INF194KA1SY0;17.0399;;;25-Aug-2025
118396;BANDHAN Bond Fund - Income Plan-Direct Plan-Quarterly IDCW;INF194K01S35;INF194K01S27;12.4975;;;25-Aug-2025
108768;BANDHAN Bond Fund - Short Term - Regular Plan - Growth;INF194K01HF5;;57.5474;;;25-Aug-2025
108767;BANDHAN Bond Fund - Short Term - Regular Plan - Monthly IDCW;INF194K01HH1;INF194K01HG3;10.3201;;;25-Aug-2025

Bank of India Mutual Fund
119395;BANK OF INDIA Conservative Hybrid  Fund-Direct Plan-Quarterly IDCW;INF761K01850;INF761K01843;17.9433;;;25-Aug-2025
119393;BANK OF INDIA Conservative Hybrid Fund Fund-Direct Plan-Growth;INF761K01819;;36.5162;;;25-Aug-2025
119396;BANK OF INDIA Conservative Hybrid Fund-Direct Plan-Annual IDCW;INF761K01793;INF761K01801;16.6410;;;25-Aug-2025
119394;BANK OF INDIA Conservative Hybrid Fund-Direct Plan-Monthly IDCW;INF761K01835;INF761K01827;16.2679;;;25-Aug-2025
111715;BANK OF INDIA Conservative Hybrid Fund-ECO Plan-Growth;INF761K01397;;35.3032;;;25-Aug-2025
111717;BANK OF INDIA Conservative Hybrid Fund-ECO Plan-Monthly IDCW;INF761K01413;INF761K01405;26.7388;;;25-Aug-2025
111714;BANK OF INDIA Conservative Hybrid Fund-Regular Plan-Annual IDCW;INF761K01454;INF761K01447;16.5454;;;25-Aug-2025
111712;BANK OF INDIA Conservative Hybrid Fund-Regular Plan-Growth;INF761K01462;;34.0835;;;25-Aug-2025
111716;BANK OF INDIA Conservative Hybrid Fund-Regular Plan-Monthly IDCW;INF761K01488;INF761K01470;17.5476;;;25-Aug-2025
111713;BANK OF INDIA Conservative Hybrid Fund-Regular Plan-Quarterly IDCW;INF761K01504;INF761K01496;18.1875;;;25-Aug-2025

Canara Robeco Mutual Fund
118282;CANARA ROBECO INCOME FUND - DIRECT PLAN - GROWTH OPTION;INF760K01FI1;;62.0020;;;25-Aug-2025
118281;CANARA ROBECO INCOME FUND - DIRECT PLAN - QUARTERLY IDCW (Payout/Reinvestment);INF760K01FG5;INF760K01FH3;17.0337;;;25-Aug-2025
101588;CANARA ROBECO INCOME FUND - REGULAR PLAN - GROWTH OPTION;INF760K01324;;55.1984;;;25-Aug-2025
101587;CANARA ROBECO INCOME FUND - REGULAR PLAN - QUARTERLY IDCW (Payout/Reinvestment);INF760K01340;INF760K01357;14.9384;;;25-Aug-2025

Franklin Templeton Mutual Fund
152852;Franklin India Medium to Long Duration Fund - Direct - IDCW;INF090I01XH2;INF090I01XI0;10.5638;;;25-Aug-2025
152851;Franklin India Medium to Long Duration Fund - Direct Growth;INF090I01XG4;;10.6833;;;25-Aug-2025
152853;Franklin India Medium to Long Duration Fund - Growth;INF090I01XD1;;10.6325;;;25-Aug-2025
152854;Franklin India Medium to Long Duration Fund - IDCW;INF090I01XE9;INF090I01XF6;10.5131;;;25-Aug-2025

HDFC Mutual Fund
100124;HDFC Income Fund - Growth Option;INF179K01962;;57.8003;;;25-Aug-2025
119069;HDFC Income Fund - Growth Option - Direct Plan;INF179K01WL3;;63.9933;;;25-Aug-2025
133365;HDFC Income Fund - Normal IDCW - Direct Plan;INF179KA1Q12;;20.2375;;;25-Aug-2025
133366;HDFC Income Fund - Normal IDCW Option;INF179KA1Q38;;18.228;;;25-Aug-2025
100123;HDFC Income Fund - Quarterly IDCW Option;INF179K01947;INF179K01954;11.3391;;;25-Aug-2025
119068;HDFC Income Fund - Quarterly IDCW- Direct Plan;INF179K01WJ7;INF179K01WK5;12.683;;;25-Aug-2025

HSBC Mutual Fund
120059;HSBC Medium to Long Duration Fund - Direct Growth;INF336L01DE2;;46.8885;;;25-Aug-2025
120101;HSBC Medium to Long Duration Fund - Direct Quarterly IDCW;INF336L01EO9;INF336L01EP6;10.7236;;;25-Aug-2025
101685;HSBC Medium to Long Duration Fund - Regular Growth;INF336L01776;;41.9805;;;25-Aug-2025
101686;HSBC Medium to Long Duration Fund - Regular Quarterly IDCW;INF336L01784;INF336L01792;10.696;;;25-Aug-2025

ICICI Prudential Mutual Fund
120619;ICICI Prudential Bond Fund - Direct Plan - Growth;INF109K01V83;;42.5304;;;25-Aug-2025
131480;ICICI Prudential Bond Fund - Direct Plan - Half Yearly IDCW;INF109KA1X77;INF109KA1X69;11.0542;;;25-Aug-2025
120617;ICICI Prudential Bond Fund - Direct Plan - IDCW Monthly;INF109K01V59;INF109K01V67;11.3879;;;25-Aug-2025
120618;ICICI Prudential Bond Fund - Direct Plan - IDCW Quarterly;INF109K01V75;INF109K01V91;11.5342;;;25-Aug-2025
109740;ICICI Prudential Bond Fund - Growth;INF109K01BO8;;40.1337;;;25-Aug-2025
131481;ICICI Prudential Bond Fund - Half Yearly IDCW;INF109KA1X51;INF109KA1X44;11.3730;;;25-Aug-2025
109741;ICICI Prudential Bond Fund - IDCW Monthly;INF109K01EU9;INF109K01BP5;11.1793;;;25-Aug-2025
109743;ICICI Prudential Bond Fund - IDCW Quarterly;INF109K01EV7;INF109K01BS9;11.1659;;;25-Aug-2025

JM Financial Mutual Fund
120430;JM Medium to Long Duration Fund (Direct) - Growth Option;INF192K01CW5;;69.1884;;;25-Aug-2025
120431;JM Medium to Long Duration Fund (Direct) - Quarterly IDCW;INF192K01CU9;INF192K01CV7;24.4481;;;25-Aug-2025
100223;JM Medium to Long Duration Fund (Regular) - Growth Option;INF192K01AB3;;62.0495;;;25-Aug-2025
100222;JM Medium to Long Duration Fund (Regular) - Quarterly IDCW;INF192K01999;INF192K01AA5;21.0972;;;25-Aug-2025
101181;JM Medium to Long Duration Fund (Regular) - Bonus Option- Principal Units;INF192K01AC1;;25.3863;;;25-Aug-2025

Kotak Mahindra Mutual Fund
119734;Kotak Bond Fund - Direct Plan - Standard IDCW option;INF174K01JD8;;28.5232;;;25-Aug-2025
119735;Kotak Bond Fund - Growth - Direct;INF174K01JC0;;85.6984;;;25-Aug-2025
100300;Kotak Bond Fund - Regular Plan - Standard IDCW Option;INF174K01EQ1;INF174K01EP3;46.6919;;;25-Aug-2025
100299;Kotak Bond Fund - Regular Plan Growth;INF174K01EM0;;76.2106;;;25-Aug-2025

LIC Mutual Fund
151990;LIC MF Medium to Long Duration Fund-Direct Plan-Annual IDCW;INF397L01GD9;;18.8511;;;25-Aug-2025
120279;LIC MF Medium to Long Duration Fund-Direct Plan-Growth;INF767K01EW0;;78.0238;;;25-Aug-2025
120278;LIC MF Medium to Long Duration Fund-Direct Plan-IDCW;INF767K01EV2;INF767K01EX8;18.8511;;;25-Aug-2025
151988;LIC MF Medium to Long Duration Fund-Direct Plan-Quarterly IDCW;INF397L01GA5;;18.8513;;;25-Aug-2025
151989;LIC MF Medium to Long Duration Fund-Regular Plan-Annual IDCW;INF397L01FX9;;15.8458;;;25-Aug-2025
100315;LIC MF Medium to Long Duration Fund-Regular Plan-Growth;INF767K01923;;72.2912;;;25-Aug-2025
100314;LIC MF Medium to Long Duration Fund-Regular Plan-IDCW;INF767K01907;INF767K01915;15.8459;;;25-Aug-2025
151986;LIC MF Medium to Long Duration Fund-Regular Plan-Quarterly IDCW;INF397L01FU5;;15.8458;;;25-Aug-2025

Nippon India Mutual Fund
100386;NIPPON INDIA MEDIUM TO LONG DURATION  FUND - ANNUAL IDCW Option;INF204K01CT4;INF204K01CU2;12.9310;;;25-Aug-2025
118680;NIPPON INDIA MEDIUM TO LONG DURATION  FUND - Direct Plan - ANNUAL IDCW Option;INF204K01YT8;INF204K01YU6;14.2215;;;25-Aug-2025
118681;NIPPON INDIA MEDIUM TO LONG DURATION  FUND - Direct Plan - HALF YEARLY IDCW Option;INF204K01YR2;INF204K01YS0;13.5809;;;25-Aug-2025
118683;NIPPON INDIA MEDIUM TO LONG DURATION  FUND - Direct Plan - MONTHLY IDCW Option;INF204K01YN1;;11.2806;;;25-Aug-2025
118679;Nippon India Medium to Long Duration  Fund - Direct Plan Growth Plan-Bonus Option;INF204K01F38;;28.3831;;;25-Aug-2025
100388;Nippon India Medium to Long Duration  Fund - Growth Plan Bonus Option;INF204K01CM9;;25.5020;;;25-Aug-2025
100387;Nippon India Medium to Long Duration  Fund - Growth Plan Growth Option;INF204K01CL1;;88.7045;;;25-Aug-2025
100385;NIPPON INDIA MEDIUM TO LONG DURATION  FUND - HALF YEARLY IDCW Option;INF204K01CR8;INF204K01CS6;12.5879;;;25-Aug-2025
100384;NIPPON INDIA MEDIUM TO LONG DURATION  FUND - QUARTERLY IDCW Option;INF204K01CP2;INF204K01CQ0;12.9911;;;25-Aug-2025
118684;NIPPON INDIA MEDIUM TO LONG DURATION FUND - Direct Plan - QUARTERLY IDCW Option;INF204K01YP6;INF204K01YQ4;13.7129;;;25-Aug-2025
118687;Nippon India Medium to Long Duration Fund - Direct Plan Growth Plan - Growth Option;INF204K01XS2;;99.3253;;;25-Aug-2025
100383;NIPPON INDIA MEDIUM TO LONG DURATION FUND - MONTHLY IDCW Option;INF204K01CN7;INF204K01CO5;10.6108;;;25-Aug-2025

SBI Mutual Fund
119713;SBI Magnum Income Fund - Direct Plan - Half Yearly - Income Distribution cum Capital Withdrawal Option (IDCW);INF200K01SP6;INF200K01SQ4;21.5618;;;25-Aug-2025
121940;SBI Magnum Income Fund - Direct Plan - Quarterly Income Distribution cum Capital Withdrawal Option (IDCW);INF200K01YS8;INF200K01YT6;22.0741;;;25-Aug-2025
100638;SBI Magnum Income Fund - Regular Plan - Half Yearly - Income Distribution cum Capital Withdrawal Option (IDCW);INF200K01610;INF200K01628;18.4042;;;25-Aug-2025
121944;SBI Magnum Income Fund - Regular Plan - Quarterly Income Distribution cum Capital Withdrawal Option (IDCW);INF200K01YQ2;INF200K01YR0;19.8160;;;25-Aug-2025
119712;SBI Magnum Income Fund-DIRECT PLAN - Bonus;INF200K01SO9;;46.0992;;;25-Aug-2025
119714;SBI Magnum Income Fund-DIRECT PLAN -Growth;INF200K01SR2;;75.9957;;;25-Aug-2025
100640;SBI Magnum Income Fund-REGULAR PLAN-Bonus;INF200K01602;;42.6354;;;25-Aug-2025
100639;SBI Magnum Income Fund-REGULAR PLAN-Growth;INF200K01594;;70.3658;;;25-Aug-2025

UTI Mutual Fund
139339;UTI Medium to Long Duration Fund - Direct Plan - Annual IDCW;INF789FA1T80;;13.0152;;;25-Aug-2025
133280;UTI Medium to Long Duration Fund - Direct Plan - Flexi IDCW;INF789FA1U04;INF789FA1U12;15.4785;;;25-Aug-2025
134998;UTI Medium to Long Duration Fund - Direct Plan - Half-Yearly IDCW;INF789FA1T64;INF789FA1T72;14.8967;;;25-Aug-2025
120690;UTI Medium to Long Duration Fund - Direct Plan - Quarterly IDCW;INF789F01SO1;INF789F01SP8;25.1076;;;25-Aug-2025
133869;UTI Medium to Long Duration Fund - Regular Plan - Annual IDCW;INF789FA1T23;INF789FA1T31;12.8316;;;25-Aug-2025
133872;UTI Medium to Long Duration Fund - Regular Plan - Flexi IDCW;INF789FA1T49;INF789FA1T56;14.1917;;;25-Aug-2025
135581;UTI Medium to Long Duration Fund - Regular Plan - Half-Yearly IDCW;INF789FA1T07;INF789FA1T15;14.4195;;;25-Aug-2025
100742;UTI Medium to Long Duration Fund - Regular Plan - Quarterly IDCW;INF789F01380;INF789F01398;18.7454;;;25-Aug-2025
100741;UTI Medium to Long Duration Fund- Regular Plan - Growth;INF789F01406;;72.986;;;25-Aug-2025
120689;UTI Medium to Long Duration Fund-Growth - Direct;INF789F01SQ6;;79.559;;;25-Aug-2025

Open Ended Schemes ( Debt Scheme - Long Duration Fund )


Aditya Birla Sun Life Mutual Fund
150484;Aditya Birla Sun Life Long Duration Fund-Direct Growth;INF209KB17J2;;12.8607;;;25-Aug-2025
150485;Aditya Birla Sun Life Long Duration Fund-Direct IDCW Payout;INF209KB18J0;INF209KB19J8;11.1782;;;25-Aug-2025
150482;Aditya Birla Sun Life Long Duration Fund-Regular Growth;INF209KB14J9;;12.6139;;;25-Aug-2025
150483;Aditya Birla Sun Life Long Duration Fund-Regular IDCW Payout;INF209KB15J6;INF209KB16J4;10.9586;;;25-Aug-2025

Axis Mutual Fund
151205;Axis Long Duration Fund - Direct Plan - Annual IDCW;INF846K017M4;INF846K019M0;1205.1588;;;25-Aug-2025
151179;Axis Long Duration Fund - Direct Plan - Growth;INF846K014L3;;1213.3787;;;25-Aug-2025
151202;Axis Long Duration Fund - Direct Plan - Monthly IDCW;INF846K019L2;INF846K011M7;1005.5978;;;25-Aug-2025
151204;Axis Long Duration Fund - Direct Plan - Quarterly IDCW;INF846K013M3;INF846K015M8;1186.5806;;;25-Aug-2025
151176;Axis Long Duration Fund - Direct Plan -Daily IDCW;;INF846K017L6;981.5799;;;25-Aug-2025
151206;Axis Long Duration Fund - Regular Plan - Annual IDCW;INF846K016M6;INF846K018M2;1190.7079;;;25-Aug-2025
151177;Axis Long Duration Fund - Regular Plan - Daily IDCW;;INF846K016L8;981.2760;;;25-Aug-2025
151178;Axis Long Duration Fund - Regular Plan - Growth;INF846K015L0;;1198.7876;;;25-Aug-2025
151201;Axis Long Duration Fund - Regular Plan - Monthly IDCW;INF846K018L4;INF846K010M9;1004.7244;;;25-Aug-2025
151203;Axis Long Duration Fund - Regular Plan - Quarterly IDCW;INF846K012M5;INF846K014M1;1172.1161;;;25-Aug-2025

Bandhan Mutual Fund
152520;Bandhan Long Duration Fund - Direct Plan - Growth;INF194KB1HY2;;10.8343;;;25-Aug-2025
152519;Bandhan Long Duration Fund - Direct Plan - IDCW;INF194KB1HZ9;INF194KB1IA0;10.8329;;;25-Aug-2025
152518;Bandhan Long Duration Fund - Regular Plan - Growth;INF194KB1HV8;;10.7713;;;25-Aug-2025
152517;Bandhan Long Duration Fund - Regular Plan - IDCW;INF194KB1HW6;INF194KB1HX4;10.7713;;;25-Aug-2025

Franklin Templeton Mutual Fund
153102;Franklin India Long Duration Fund - Direct - Growth;INF090I01XY7;;10.2257;;;25-Aug-2025
153103;Franklin India Long Duration Fund - Direct - IDCW;INF090I01YA5;INF090I01XZ4;10.1273;;;25-Aug-2025
153104;Franklin India Long Duration Fund - Growth;INF090I01XV3;;10.1868;;;25-Aug-2025
153101;Franklin India Long Duration Fund - IDCW;INF090I01XX9;INF090I01XW1;10.0885;;;25-Aug-2025

HDFC Mutual Fund
151314;HDFC Long Duration Debt Fund - Growth Option;INF179KC1EW1;;11.9481;;;25-Aug-2025
151313;HDFC Long Duration Debt Fund - Growth Option - Direct Plan;INF179KC1ET7;;12.0582;;;25-Aug-2025
151311;HDFC Long Duration Debt Fund - IDCW Option;INF179KC1EX9;INF179KC1EY7;10.4021;;;25-Aug-2025
151312;HDFC Long Duration Debt Fund - IDCW Option - Direct Plan;INF179KC1EU5;INF179KC1EV3;10.1531;;;25-Aug-2025

ICICI Prudential Mutual Fund
120743;ICICI Prudential Long Term Bond Fund - Direct Plan - Growth;INF109K017L8;;97.2351;;;25-Aug-2025
120747;ICICI Prudential Long Term Bond Fund - Direct Plan - Quarterly IDCW;INF109K010M1;INF109K011M9;12.5166;;;25-Aug-2025
100365;ICICI Prudential Long Term Bond Fund - Growth;INF109K01365;;88.7896;;;25-Aug-2025
100367;ICICI Prudential Long Term Bond Fund - Quarterly IDCW;INF109K01EZ8;INF109K01399;12.1639;;;25-Aug-2025

Kotak Mahindra Mutual Fund
152491;Kotak Long Duration Fund - Direct Plan - Growth;INF174KA1RF5;;10.7979;;;25-Aug-2025
152492;Kotak Long Duration Fund - Direct Plan - IDCW;INF174KA1RG3;INF174KA1RH1;10.7983;;;25-Aug-2025
152489;Kotak Long Duration Fund - Regular Plan - Growth;INF174KA1RC2;;10.7531;;;25-Aug-2025
152490;Kotak Long Duration Fund - Regular Plan - IDCW;INF174KA1RD0;INF174KA1RE8;10.7533;;;25-Aug-2025

Mirae Asset Mutual Fund
153105;Mirae Asset Long Duration Fund - Direct Plan - Growth;INF769K01NC9;;10.1459;;;25-Aug-2025
153106;Mirae Asset Long Duration Fund - Direct Plan - IDCW;INF769K01ND7;INF769K01NF2;10.1434;;;25-Aug-2025
153107;Mirae Asset Long Duration Fund - Regular Plan - Growth;INF769K01MZ2;;10.1024;;;25-Aug-2025
153108;Mirae Asset Long Duration Fund - Regular Plan - IDCW;INF769K01NA3;INF769K01NB1;10.1023;;;25-Aug-2025

Nippon India Mutual Fund
143709;NIPPON INDIA NIVESH LAKSHYA LONG DURATION  FUND - DIRECT Plan - QUARTERLY IDCW Option;INF204KB1YV1;INF204KB1YW9;11.4240;;;25-Aug-2025
143703;NIPPON INDIA NIVESH LAKSHYA LONG DURATION FUND - ANNUAL IDCW Option;INF204KB1ZK1;INF204KB1ZL9;11.8017;;;25-Aug-2025
143711;NIPPON INDIA NIVESH LAKSHYA LONG DURATION FUND - DIRECT Plan - ANNUAL IDCW Option;INF204KB1YZ2;INF204KB1ZA2;11.8254;;;25-Aug-2025
143701;NIPPON INDIA NIVESH LAKSHYA LONG DURATION FUND - DIRECT Plan - HALF YEARLY IDCW Option;INF204KB1YX7;INF204KB1YY5;12.2360;;;25-Aug-2025
143707;NIPPON INDIA NIVESH LAKSHYA LONG DURATION FUND - DIRECT Plan - IDCW Option;INF204KB1YR9;INF204KB1YS7;18.0034;;;25-Aug-2025
143705;NIPPON INDIA NIVESH LAKSHYA LONG DURATION FUND - DIRECT Plan - MONTHLY IDCW Option;INF204KB1YT5;INF204KB1YU3;11.4301;;;25-Aug-2025
143706;NIPPON INDIA NIVESH LAKSHYA LONG DURATION FUND - IDCW Option;INF204KB1ZC8;INF204KB1ZD6;17.6002;;;25-Aug-2025
143712;NIPPON INDIA NIVESH LAKSHYA LONG DURATION FUND - MONTHLY IDCW Option;INF204KB1ZE4;INF204KB1ZF1;11.4076;;;25-Aug-2025
143708;NIPPON INDIA NIVESH LAKSHYA LONG DURATION FUND - QUARTERLY IDCW Option;INF204KB1ZG9;INF204KB1ZH7;11.4095;;;25-Aug-2025
143710;NIPPON INDIA NIVESH LAKSHYA LONG DURATION FUND LONG DURATION - HALF YEARLY IDCW Option;INF204KB1ZI5;INF204KB1ZJ3;12.1885;;;25-Aug-2025
143704;Nippon India Nivesh Lakshya Long Duration Fund- Direct Plan- Growth Option;INF204KB1YQ1;;18.0032;;;25-Aug-2025
143702;Nippon India Nivesh Lakshya Long Duration Fund- Growth Option;INF204KB1ZB0;;17.6013;;;25-Aug-2025

SBI Mutual Fund
151214;SBI Long Duration Fund - Direct Plan - Growth;INF200KA16T4;;12.2471;;;25-Aug-2025
151215;SBI Long Duration Fund - Direct Plan - Income Distribution cum Capital Withdrawal Option (IDCW);INF200KA17T2;INF200KA18T0;12.2475;;;25-Aug-2025
151212;SBI Long Duration Fund - Regular Plan - Growth;INF200KA13T1;;12.1074;;;25-Aug-2025
151213;SBI Long Duration Fund - Regular Plan - Income Distribution cum Capital Withdrawal Option (IDCW);INF200KA14T9;INF200KA15T6;12.1077;;;25-Aug-2025

UTI Mutual Fund
151525;UTI Long Duration Fund - Direct Plan - Annual IDCW Option;INF789F1AYG4;INF789F1AYH2;10.9268;;;25-Aug-2025
151526;UTI Long Duration Fund - Direct Plan - Flexi IDCW Option;INF789F1AYI0;INF789F1AYJ8;11.7018;;;25-Aug-2025
151523;UTI Long Duration Fund - Direct Plan - Growth Option;INF789F1AYB5;;11.8518;;;25-Aug-2025
151530;UTI Long Duration Fund - Direct Plan - Half Yearly IDCW Option;INF789F1AYE9;INF789F1AYF6;11.8519;;;25-Aug-2025
151524;UTI Long duration Fund - Direct Plan - Quarterly IDCW Option;INF789F1AYC3;INF789F1AYD1;11.8518;;;25-Aug-2025
151531;UTI Long Duration Fund - Regular Plan - Annual IDCW Option;INF789F1AXX1;INF789F1AXY9;10.6658;;;25-Aug-2025
151532;UTI Long Duration Fund - Regular Plan - Flexi IDCW Option;INF789F1AXZ6;INF789F1AYA7;11.583;;;25-Aug-2025
151527;UTI Long Duration Fund - Regular Plan - Growth Option;INF789F1AXS1;;11.5828;;;25-Aug-2025
151529;UTI Long Duration Fund - Regular Plan - Half Yearly IDCW Option;INF789F1AXV5;INF789F1AXW3;11.5829;;;25-Aug-2025
151528;UTI Long Duration Fund - Regular Plan - Quarterly IDCW Option;INF789F1AXT9;INF789F1AXU7;11.5828;;;25-Aug-2025

Open Ended Schemes ( Debt Scheme - Dynamic Bond )


360 ONE Mutual Fund
122612;360 ONE Dynamic Bond Fund - Regular Plan - Growth Option;INF579M01183;;22.6994;;;25-Aug-2025
122715;360 ONE Dynamic Bond Fund Direct Plan Growth;INF579M01266;;23.9570;;;25-Aug-2025
122721;360 ONE Dynamic Bond Fund Direct Plan Monthly Dividend;INF579M01282;INF579M01316;13.9217;;;25-Aug-2025
122717;360 ONE Dynamic Bond Fund Direct Plan Quarterly Dividend;INF579M01290;INF579M01324;22.1051;;;25-Aug-2025
122711;360 ONE Dynamic Bond Fund Regular Plan Bonus;INF579M01191;;22.6993;;;25-Aug-2025
122720;360 ONE Dynamic Bond Fund Regular Plan Half Yearly Dividend;INF579M01225;INF579M01258;21.9048;;;25-Aug-2025
122719;360 ONE Dynamic Bond Fund Regular Plan Monthly Dividend;INF579M01209;INF579M01233;12.9008;;;25-Aug-2025
122712;360 ONE Dynamic Bond Fund Regular Plan Quarterly Dividend;INF579M01217;INF579M01241;21.9050;;;25-Aug-2025

Aditya Birla Sun Life Mutual Fund
119505;Aditya Birla Sun Life Dynamic Bond Fund - Growth - Direct Plan;INF209K01N82;;49.8223;;;25-Aug-2025
102767;Aditya Birla Sun Life Dynamic Bond Fund - Growth - Regular Plan;INF209K01793;;46.4035;;;25-Aug-2025
132918;Aditya Birla Sun Life Dynamic Bond Fund -Direct - IDCW;INF209KA1TX3;;13.3003;;;25-Aug-2025
119503;Aditya Birla Sun Life Dynamic Bond Fund -DIRECT - MONTHLY IDCW;INF209K01R62;;11.15;;;25-Aug-2025
119502;Aditya Birla Sun Life Dynamic Bond Fund -Direct - Quarterly IDCW;INF209K01R88;;11.0435;;;25-Aug-2025
132917;Aditya Birla Sun Life Dynamic Bond Fund -Regular - IDCW;INF209KA1TV7;;12.2762;;;25-Aug-2025
111521;Aditya Birla Sun Life Dynamic Bond Fund -REGULAR - MONTHLY IDCW;INF209K01801;INF209K01DG8;10.7023;;;25-Aug-2025
102766;Aditya Birla Sun Life Dynamic Bond Fund -Regular - Quarterly IDCW;INF209K01819;INF209K01DH6;10.782;;;25-Aug-2025
111848;Aditya Birla Sun Life Dynamic Bond Fund-Discipline Advantage Plan-Growth;INF209K01JW2;;32.089;;;25-Aug-2025

Axis Mutual Fund
120451;Axis Dynamic Bond Fund - Direct Plan - Growth Option;INF846K01DI3;;32.4999;;;25-Aug-2025
120450;Axis Dynamic Bond Fund - Direct Plan - Half Yearly IDCW;INF846K01DJ1;INF846K01DK9;12.7301;;;25-Aug-2025
120452;Axis Dynamic Bond Fund - Direct Plan - Quarterly IDCW;INF846K01DL7;INF846K01DM5;11.1833;;;25-Aug-2025
115068;Axis Dynamic Bond Fund - Regular Plan - Growth Option;INF846K01917;;29.5805;;;25-Aug-2025
115131;Axis Dynamic Bond Fund - Regular Plan - Half Yearly IDCW;INF846K01941;INF846K01958;11.6405;;;25-Aug-2025
115069;Axis Dynamic Bond Fund - Regular Plan - Quarterly IDCW;INF846K01925;INF846K01933;11.2296;;;25-Aug-2025

Bandhan Mutual Fund
108561;BANDHAN Dynamic Bond Fund - Regular Plan B - Quarterly IDCW;INF194K01QI0;INF194K01QH2;11.2557;;;25-Aug-2025
108675;BANDHAN Dynamic Bond Fund - Regular Plan B - Annual IDCW;INF194K01QL4;INF194K01QK6;10.9801;;;25-Aug-2025
111524;BANDHAN Dynamic Bond Fund - Regular Plan B - Growth;INF194K01QG4;;33.2053;;;25-Aug-2025
122868;BANDHAN Dynamic Bond Fund - Regular Plan B - Half Yearly IDCW;INF194K018R9;INF194K019R7;10.6020;;;25-Aug-2025
111523;BANDHAN Dynamic Bond Fund - Regular Plan B - IDCW;INF194K01QO8;INF194K01QN0;12.6965;;;25-Aug-2025
131397;BANDHAN Dynamic Bond Fund - Regular Plan B - Periodic IDCW;INF194KA1TM3;INF194KA1TN1;13.1950;;;25-Aug-2025
118415;BANDHAN Dynamic Bond Fund-Direct Plan-Annual IDCW;INF194K01O13;INF194K01O05;11.4963;;;25-Aug-2025
118416;BANDHAN Dynamic Bond Fund-Direct Plan-Growth;INF194K01N63;;36.9539;;;25-Aug-2025
122618;BANDHAN Dynamic Bond Fund-Direct Plan-Half Yearly IDCW;INF194K011P8;INF194K012P6;10.8315;;;25-Aug-2025
118417;BANDHAN Dynamic Bond Fund-Direct Plan-IDCW;INF194K01O47;INF194K01O39;15.8655;;;25-Aug-2025
131396;BANDHAN Dynamic Bond Fund-Direct Plan-Periodic IDCW;INF194KA1TP6;INF194KA1TQ4;12.9575;;;25-Aug-2025
118418;BANDHAN Dynamic Bond Fund-Direct Plan-Quarterly IDCW;INF194K01N89;INF194K01N71;13.1911;;;25-Aug-2025

Baroda BNP Paribas Mutual Fund
150179;Baroda BNP Paribas Dynamic Bond Fund - Direct Plan - Daily IDCW Option;;INF251K01GX8;9.8860;;;25-Aug-2025
150180;Baroda BNP Paribas Dynamic Bond Fund - Direct Plan - Growth Option;INF251K01GW0;;50.4293;;;25-Aug-2025
150182;Baroda BNP Paribas Dynamic Bond Fund - Direct Plan - Monthly IDCW Option;INF251K01GZ3;INF251K01HA4;10.6758;;;25-Aug-2025
150183;Baroda BNP Paribas Dynamic Bond Fund - Direct Plan - Quarterly IDCW Option;INF251K01HB2;INF251K01HC0;10.6586;;;25-Aug-2025
150184;Baroda BNP Paribas Dynamic Bond Fund - Direct Plan - Weekly IDCW Option;;INF251K01GY6;9.8663;;;25-Aug-2025
150174;Baroda BNP Paribas Dynamic Bond Fund - Regular Plan - Daily IDCW Option;;INF251K01DX5;9.8624;;;25-Aug-2025
150173;Baroda BNP Paribas Dynamic Bond Fund - Regular Plan - Growth Option;INF251K01DW7;;45.2285;;;25-Aug-2025
150178;Baroda BNP Paribas Dynamic Bond Fund - Regular Plan - Half Yearly IDCW Option;INF251K01ED5;INF251K01EE3;10.2816;;;25-Aug-2025
150176;Baroda BNP Paribas Dynamic Bond Fund - Regular Plan - Monthly IDCW Option;INF251K01DZ0;INF251K01EA1;10.2218;;;25-Aug-2025
150177;Baroda BNP Paribas Dynamic Bond Fund - Regular Plan - Quarterly IDCW Option;INF251K01EB9;INF251K01EC7;10.2365;;;25-Aug-2025
150175;Baroda BNP Paribas Dynamic Bond Fund - Regular Plan - Weekly IDCW Option;;INF251K01DY3;9.8436;;;25-Aug-2025
150172;Baroda BNP Paribas Dynamic Bond Fund-Defunct Plan - Growth Option;INF251K01EF0;;31.8506;;;25-Aug-2025

Canara Robeco Mutual Fund
118284;CANARA ROBECO DYNAMIC BOND FUND - DIRECT PLAN - GROWTH OPTION;INF760K01EC7;;31.9437;;;25-Aug-2025
118283;CANARA ROBECO DYNAMIC BOND FUND - DIRECT PLAN - IDCW (Payout/Reinvestment);INF760K01EA1;INF760K01EB9;15.1615;;;25-Aug-2025
111962;CANARA ROBECO DYNAMIC BOND FUND - REGULAR PLAN - GROWTH OPTION;INF760K01449;;28.9119;;;25-Aug-2025
111963;CANARA ROBECO DYNAMIC BOND FUND - REGULAR PLAN - IDCW (Payout/Reinvestment);INF760K01423;INF760K01431;13.5670;;;25-Aug-2025

DSP Mutual Fund
119239;DSP Strategic Bond Fund - Direct Plan - Growth;INF740K01QG4;;3550.6514;;;25-Aug-2025
119238;DSP Strategic Bond Fund - Direct Plan - IDCW;INF740K01QI0;INF740K01QK6;2419.1494;;;25-Aug-2025
119236;DSP Strategic Bond Fund - Direct Plan - IDCW - Monthly;INF740K01QH2;INF740K01QJ8;1049.2533;;;25-Aug-2025
105669;DSP Strategic Bond Fund - Regular Plan - Growth;INF740K01GK7;;3328.5641;;;25-Aug-2025
105668;DSP Strategic Bond Fund - Regular Plan - IDCW;INF740K01GO9;INF740K01GN1;1231.6461;;;25-Aug-2025
111786;DSP Strategic Bond Fund - Regular Plan - IDCW - Daily;;INF740KA1PA5;1036.6709;;;25-Aug-2025
105667;DSP Strategic Bond Fund - Regular Plan - IDCW - Monthly;INF740K01GM3;INF740K01GL5;1038.2104;;;25-Aug-2025
105878;DSP Strategic Bond Fund - Regular Plan - IDCW - Weekly;INF740K01GQ4;INF740K01GP6;1024.6616;;;25-Aug-2025

Franklin Templeton Mutual Fund
148308;Franklin India Dynamic Accrual Fund - Segregated Portfolio 3 (9.50% Yes Bank Ltd CO 23Dec21) - Direct Growth Plan;INF090I01WD3;;0.0000;;;25-Aug-2025
148307;Franklin India Dynamic Accrual Fund - Segregated Portfolio 3 (9.50% Yes Bank Ltd CO 23Dec21) - Growth Plan;INF090I01WB7;;0.0000;;;25-Aug-2025
148309;Franklin India Dynamic Accrual Fund- Segregated Portfolio 3 (9.50% Yes Bank Ltd CO 23Dec21) - IDCW;INF090I01WA9;;0.0000;;;25-Aug-2025
148310;Franklin India Dynamic Accrual Fund-Segregated Portfolio 3 (9.50% Yes Bank Ltd CO 23Dec21) - Direct IDCW;INF090I01WC5;;0.0000;;;25-Aug-2025

Groww Mutual Fund
145589;Groww Dynamic Bond Fund (formerly known as Indiabulls Dynamic Bond Fund) - Direct Plan - Growth option;INF666M01EK5;;1515.1518;;;25-Aug-2025
145590;Groww Dynamic Bond Fund (formerly known as Indiabulls Dynamic Bond Fund) - Regular Plan - Growth option;INF666M01ES8;;1450.0891;;;25-Aug-2025
145596;Groww Dynamic Bond Fund (formerly known as Indiabulls Dynamic Bond Fund)- Direct Plan- - Income Distribution cum capital withdrawal Option ( Reinvestment);;INF666M01EL3;998.4356;;;25-Aug-2025
145595;Groww Dynamic Bond Fund (formerly known as Indiabulls Dynamic Bond Fund)- Direct Plan- Fortnightly - Income Distribution cum capital withdrawal Option (Payout & Reinvestment);INF666M01EO7;INF666M01EP4;1000.8076;;;25-Aug-2025
145591;Groww Dynamic Bond Fund (formerly known as Indiabulls Dynamic Bond Fund)- Direct Plan- Monthly - Income Distribution cum capital withdrawal Option (Payout & Reinvestment);INF666M01EQ2;INF666M01ER0;991.8852;;;25-Aug-2025
145597;Groww Dynamic Bond Fund (formerly known as Indiabulls Dynamic Bond Fund)- Direct Plan- Weekly - Income Distribution cum capital withdrawal Option (Payout & Reinvestment);INF666M01EM1;INF666M01EN9;997.9098;;;25-Aug-2025
145593;Groww Dynamic Bond Fund (formerly known as Indiabulls Dynamic Bond Fund)- Regular Plan- - Income Distribution cum capital withdrawal Option ( Reinvestment);;INF666M01ET6;998.7475;;;25-Aug-2025
145598;Groww Dynamic Bond Fund (formerly known as Indiabulls Dynamic Bond Fund)- Regular Plan- Fortnightly - Income Distribution cum capital withdrawal Option (Payout & Reinvestment);INF666M01EW0;INF666M01EX8;996.1717;;;25-Aug-2025
145592;Groww Dynamic Bond Fund (formerly known as Indiabulls Dynamic Bond Fund)- Regular Plan- Monthly - Income Distribution cum capital withdrawal Option (Payout & Reinvestment);INF666M01EY6;INF666M01EZ3;990.5747;;;25-Aug-2025
145594;Groww Dynamic Bond Fund (formerly known as Indiabulls Dynamic Bond Fund)- Regular Plan- Weekly - Income Distribution cum capital withdrawal Option (Payout & Reinvestment);INF666M01EU4;INF666M01EV2;995.9928;;;25-Aug-2025

HDFC Mutual Fund
101872;HDFC Dynamic Debt Fund - Growth Option;INF179K01848;;88.4765;;;25-Aug-2025
119075;HDFC Dynamic Debt Fund - Growth Option - Direct Plan;INF179K01WB4;;97.7709;;;25-Aug-2025
119072;HDFC Dynamic Debt Fund - Half Yearly IDCW - Direct Plan;INF179K01WC2;INF179K01WD0;13.7416;;;25-Aug-2025
101874;HDFC Dynamic Debt Fund - Half Yearly IDCW Option;INF179K01855;INF179K01863;11.7662;;;25-Aug-2025
133369;HDFC Dynamic Debt Fund - Normal IDCW - Direct Plan;INF179KA1Q95;;20.5863;;;25-Aug-2025
133370;HDFC Dynamic Debt Fund - Normal IDCW Option;INF179KA1R11;;18.9549;;;25-Aug-2025
119073;HDFC Dynamic Debt Fund - Quarterly IDCW - Direct Plan;INF179K01WE8;INF179K01WF5;13.9064;;;25-Aug-2025
101873;HDFC Dynamic Debt Fund - Quarterly IDCW Option;INF179K01871;INF179K01889;12.4747;;;25-Aug-2025
119074;HDFC Dynamic Debt Fund - Yearly IDCW - Direct Plan;INF179K01WG3;INF179K01WH1;15.0476;;;25-Aug-2025
101875;HDFC Dynamic Debt Fund - Yearly IDCW Option;INF179K01921;INF179K01939;13.5179;;;25-Aug-2025

HSBC Mutual Fund
151088;HSBC Dynamic Bond Fund - Direct Annual IDCW;INF917K01VN4;INF917K01VM6;11.1796;;;25-Aug-2025
151087;HSBC Dynamic Bond Fund - Direct Growth;INF917K01HA0;;31.9206;;;25-Aug-2025
151086;HSBC Dynamic Bond Fund - Direct Monthly IDCW;INF917K01GZ9;INF917K01GY2;12.4885;;;25-Aug-2025
151089;HSBC Dynamic Bond Fund - Regular Annual IDCW;INF917K01VP9;INF917K01VO2;10.5203;;;25-Aug-2025
151084;HSBC Dynamic Bond Fund - Regular Growth;INF677K01916;;29.4432;;;25-Aug-2025
151085;HSBC Dynamic Bond Fund - Regular Monthly IDCW;INF677K01924;INF677K01932;10.4722;;;25-Aug-2025

ICICI Prudential Mutual Fund
113218;ICICI Prudential All Seasons Bond Fund - Annual IDCW;INF109K01GO7;INF109K01GP4;11.7133;;;25-Aug-2025
120601;ICICI Prudential All Seasons Bond Fund - Direct Plan - Annual IDCW;INF109K012E4;INF109K013E2;11.7558;;;25-Aug-2025
120603;ICICI Prudential All Seasons Bond Fund - Direct Plan - Growth;INF109K016E5;;40.0498;;;25-Aug-2025
120600;ICICI Prudential All Seasons Bond Fund - Direct Plan - IDCW;INF109K014E0;INF109K015E7;25.9895;;;25-Aug-2025
120602;ICICI Prudential All Seasons Bond Fund - Direct Plan - Quarterly IDCW;INF109K017E3;INF109K018E1;11.8980;;;25-Aug-2025
120604;ICICI Prudential All Seasons Bond Fund - Direct Plan - Weekly IDCW;INF109K019E9;INF109K010F5;10.4818;;;25-Aug-2025
112096;ICICI Prudential All Seasons Bond Fund - Growth;INF109K01GN9;;37.0367;;;25-Aug-2025
112097;ICICI Prudential All Seasons Bond Fund - IDCW;INF109K01GK5;INF109K01GL3;23.0315;;;25-Aug-2025
113403;ICICI Prudential All Seasons Bond Fund - Quarterly IDCW;INF109K01GE8;INF109K01GF5;11.6072;;;25-Aug-2025
101351;ICICI Prudential All Seasons Bond Fund - Weekly IDCW;INF109K01FD2;INF109K01704;10.8890;;;25-Aug-2025

ITI Mutual Fund
149030;ITI Dynamic Bond Fund - Direct Plan - Annually IDCW Option;INF00XX01BK7;INF00XX01BG5;13.0235;;;25-Aug-2025
149029;ITI Dynamic Bond Fund - Direct Plan - Growth Option;INF00XX01BC4;;13.0237;;;25-Aug-2025
149028;ITI Dynamic Bond Fund - Direct Plan - Half Yearly IDCW Option;INF00XX01BJ9;INF00XX01BF7;10.8244;;;25-Aug-2025
149023;ITI Dynamic Bond Fund - Direct Plan - Monthly IDCWOption;INF00XX01BH3;INF00XX01BD2;10.0009;;;25-Aug-2025
149025;ITI Dynamic Bond Fund - Direct Plan - Quarterly IDCW Option;INF00XX01BI1;INF00XX01BE0;13.0482;;;25-Aug-2025
149027;ITI Dynamic Bond Fund - Regular Plan - Annually IDCWOption;INF00XX01BB6;INF00XX01AX2;12.4679;;;25-Aug-2025
149021;ITI Dynamic Bond Fund - Regular Plan - Growth Option;INF00XX01AT0;;12.4674;;;25-Aug-2025
149026;ITI Dynamic Bond Fund - Regular Plan - Half Yearly IDCW Option;INF00XX01BA8;INF00XX01AW4;12.4700;;;25-Aug-2025
149022;ITI Dynamic Bond Fund - Regular Plan - Monthly IDCW Option;INF00XX01AY0;INF00XX01AU8;9.8504;;;25-Aug-2025
149024;ITI Dynamic Bond Fund - Regular Plan - Quarterly IDCW Option;INF00XX01AZ7;INF00XX01AV6;12.4696;;;25-Aug-2025

JM Financial Mutual Fund
120432;JM Dynamic Bond Fund (Direct) - Daily IDCW;;INF192K01CZ8;10.0191;;;25-Aug-2025
120434;JM Dynamic Bond Fund (Direct) - IDCW;INF192K01DB7;INF192K01DC5;44.7029;;;25-Aug-2025
133414;JM Dynamic Bond Fund (Direct) - Monthly IDCW;INF192K01IL5;INF192K01IM3;45.0468;;;25-Aug-2025
120433;JM Dynamic Bond Fund (Direct) - Weekly IDCW;;INF192K01DA9;10.4522;;;25-Aug-2025
105639;JM Dynamic Bond Fund (Regular) - Daily IDCW;;INF192K01668;9.9622;;;25-Aug-2025
101806;JM Dynamic Bond Fund (Regular) - Growth Option;INF192K01700;;41.6505;;;25-Aug-2025
101805;JM Dynamic Bond Fund (Regular) - IDCW;INF192K01684;INF192K01692;41.7812;;;25-Aug-2025
133390;JM Dynamic Bond Fund (Regular) - Monthly IDCW;INF192K01IJ9;INF192K01IK7;41.9794;;;25-Aug-2025
105637;JM Dynamic Bond Fund (Regular) - Weekly IDCW;;INF192K01676;10.4327;;;25-Aug-2025
120435;JM Dynamic Bond Fund - (Direct) - Growth Option;INF192K01DD3;;44.464;;;25-Aug-2025

Kotak Mahindra Mutual Fund
119753;Kotak Dynamic Bond Fund - Direct Plan - Standard Income Distribution cum capital withdrawal option;INF174K01JX6;;14.1972;;;25-Aug-2025
119755;Kotak Dynamic Bond Fund - Growth - Direct;INF174K01JU2;;40.4531;;;25-Aug-2025
117998;Kotak Dynamic Bond Fund Regular Plan - Standard Income Distribution cum capital withdrawal option;INF174K01IY6;INF174K01IZ3;13.9554;;;25-Aug-2025
108511;Kotak Dynamic Bond Fund Regular Plan Growth;INF174K01FA2;;37.042;;;25-Aug-2025

Mahindra Manulife Mutual Fund
144403;Mahindra Manulife Dynamic Bond Fund - Direct Plan - Growth;INF174V01580;;15.4820;;;25-Aug-2025
144406;Mahindra Manulife Dynamic Bond Fund - Direct Plan - IDCW;INF174V01606;INF174V01598;12.4868;;;25-Aug-2025
144404;Mahindra Manulife Dynamic Bond Fund - Direct Plan - Quarterly IDCW;INF174V01622;INF174V01614;11.3165;;;25-Aug-2025
144401;Mahindra Manulife Dynamic Bond Fund - Regular Plan - Growth;INF174V01531;;14.3109;;;25-Aug-2025
144405;Mahindra Manulife Dynamic Bond Fund - Regular Plan - IDCW;INF174V01556;INF174V01549;11.3877;;;25-Aug-2025
144402;Mahindra Manulife Dynamic Bond Fund - Regular Plan - Quarterly IDCW;INF174V01572;INF174V01564;10.2918;;;25-Aug-2025

Mirae Asset Mutual Fund
140769;Mirae Asset Dynamic Bond Fund -Direct Plan -Growth;INF769K01DR8;;17.8523;;;25-Aug-2025
140770;Mirae Asset Dynamic Bond Fund Direct IDCW;INF769K01DS6;INF769K01DT4;17.8362;;;25-Aug-2025
140772;Mirae Asset Dynamic Bond Fund Regular IDCW;INF769K01DP2;INF769K01DQ0;16.3104;;;25-Aug-2025
140771;Mirae Asset Dynamic Bond Fund-Regular Plan Growth;INF769K01DO5;;16.3101;;;25-Aug-2025

Nippon India Mutual Fund
118750;NIPPON INDIA DYNAMIC BOND FUND - Direct Plan - IDCW Option;INF204K01A33;INF204K01A41;29.0568;;;25-Aug-2025
118749;NIPPON INDIA DYNAMIC BOND FUND - Direct Plan - QUARTERLY IDCW Option;INF204K01A58;INF204K01A66;10.3895;;;25-Aug-2025
118747;Nippon India Dynamic Bond Fund - Direct Plan Growth Plan - Growth Option;INF204K01A25;;40.2183;;;25-Aug-2025
102851;NIPPON INDIA DYNAMIC BOND FUND - IDCW Option;INF204K01FJ8;INF204K01FK6;25.2006;;;25-Aug-2025
117974;NIPPON INDIA DYNAMIC BOND FUND - QUARTERLY IDCW Option;INF204K01XB8;INF204K01XC6;10.2872;;;25-Aug-2025
102849;Nippon India Dynamic Bond Fund-Growth Plan-Growth Option;INF204K01FI0;;37.4663;;;25-Aug-2025

PGIM India Mutual Fund
120084;PGIM India Dynamic Bond Fund - Direct Plan-Growth Option;INF663L01AD7;;2973.7737;;;25-Aug-2025
120086;PGIM India Dynamic Bond Fund - Direct Plan-Quarterly Dividend Option;INF663L01AI6;INF663L01AH8;1186.8124;;;25-Aug-2025
116484;PGIM India Dynamic Bond Fund - Dividend Option - Quarterly;INF663L01526;INF663L01534;1069.9;;;25-Aug-2025
116485;PGIM India Dynamic Bond Fund - Growth Option;INF663L01484;;2612.9379;;;25-Aug-2025

Quantum Mutual Fund
134494;Quantum Dynamic Bond Fund - Direct Plan Growth Option;INF082J01176;;21.7625;;;25-Aug-2025
134493;Quantum Dynamic Bond Fund - Direct Plan Monthly IDCW;INF082J01184;INF082J01192;10.3124;;;25-Aug-2025
141061;Quantum Dynamic Bond Fund - Regular Plan Growth Option;INF082J01218;;21.4031;;;25-Aug-2025
141060;Quantum Dynamic Bond Fund - Regular Plan Monthly IDCW;INF082J01226;INF082J01234;10.3748;;;25-Aug-2025

SBI Mutual Fund
119671;SBI Dynamic Bond Fund - DIRECT PLAN - Growth;INF200K01RD4;;39.0158;;;25-Aug-2025
119670;SBI Dynamic Bond Fund - Direct Plan - Income Distribution cum Capital Withdrawal Option (IDCW);INF200K01RB8;INF200K01RC6;21.7927;;;25-Aug-2025
102205;SBI Dynamic Bond Fund - REGULAR PLAN - Growth;INF200K01958;;35.6201;;;25-Aug-2025
102206;SBI Dynamic Bond Fund - Regular Plan - Income Distribution cum Capital Withdrawal Option (IDCW);INF200K01966;INF200K01974;18.6740;;;25-Aug-2025

Union Mutual Fund
119311;Union Dynamic Bond Fund - Direct Plan - Growth Option;INF582M01799;;24.1868;;;25-Aug-2025
119310;Union Dynamic Bond Fund - Direct Plan - IDCW Option;INF582M01815;INF582M01807;16.2011;;;25-Aug-2025
116555;Union Dynamic Bond Fund - Growth Option;INF582M01336;;22.8904;;;25-Aug-2025
116556;Union Dynamic Bond Fund - IDCW Option;INF582M01351;INF582M01344;15.2610;;;25-Aug-2025

UTI Mutual Fund
135536;UTI Dynamic Bond Fund - Direct Plan - Annual IDCW;INF789FA1S65;INF789FA1S73;14.535;;;25-Aug-2025
133180;UTI Dynamic Bond Fund - Direct Plan - Flexi IDCW;INF789FA1S81;INF789FA1S99;16.8501;;;25-Aug-2025
120762;UTI Dynamic Bond Fund - Direct Plan - Growth Option;INF789F01XD4;;33.5761;;;25-Aug-2025
134788;UTI Dynamic Bond Fund - Direct Plan - Half-Yearly IDCW;INF789FA1S40;INF789FA1S57;16.5276;;;25-Aug-2025
120763;UTI Dynamic Bond Fund - Direct Plan - Quarterly IDCW;INF789F01XB8;INF789F01XC6;25.8382;;;25-Aug-2025
133852;UTI Dynamic Bond Fund - Regular Plan - Annual IDCW;INF789FA1S08;INF789FA1S16;13.5291;;;25-Aug-2025
135336;UTI Dynamic Bond Fund - Regular Plan - Flexi IDCW;INF789FA1S24;INF789FA1S32;16.352;;;25-Aug-2025
113077;UTI Dynamic Bond Fund - Regular Plan - Growth Option;INF789F01JQ5;;30.8505;;;25-Aug-2025
139181;UTI Dynamic Bond Fund - Regular Plan - Half-Yearly IDCW;INF789FA1R82;INF789FA1R90;15.2023;;;25-Aug-2025
113078;UTI Dynamic Bond Fund - Regular Plan - Quarterly IDCW;INF789F01JO0;INF789F01JP7;16.7978;;;25-Aug-2025

Open Ended Schemes ( Debt Scheme - Corporate Bond Fund )


Aditya Birla Sun Life Mutual Fund
119533;Aditya Birla Sun Life Corporate Bond Fund - Growth - Direct Plan;INF209K01S38;;115.432;;;25-Aug-2025
103178;Aditya Birla Sun Life Corporate Bond Fund - Growth - Regular Plan;INF209K01785;;113.474;;;25-Aug-2025
124832;Aditya Birla Sun Life Corporate Bond Fund -DIRECT - IDCW;INF209KA1KT0;;10.7501;;;25-Aug-2025
119532;Aditya Birla Sun Life Corporate Bond Fund -DIRECT - MONTHLY IDCW;INF209K01N90;INF209KA1KU8;12.7974;;;25-Aug-2025
124833;Aditya Birla Sun Life Corporate Bond Fund -REGULAR - IDCW;INF209KA1KS2;;12.0706;;;25-Aug-2025
103183;Aditya Birla Sun Life Corporate Bond Fund -REGULAR - MONTHLY IDCW;INF209K01983;INF209K01DL8;12.597;;;25-Aug-2025

Axis Mutual Fund
141586;Axis Corporate Bond Fund - Direct Plan - Daily IDCW;INF846K01ZN6;;10.2105;;;25-Aug-2025
141590;Axis Corporate Bond Fund - Direct Plan - Monthly IDCW;INF846K01ZQ9;INF846K01ZR7;10.1903;;;25-Aug-2025
141591;Axis Corporate Bond Fund - Direct Plan - Regular IDCW;INF846K01ZS5;INF846K01ZT3;14.2477;;;25-Aug-2025
141587;Axis Corporate Bond Fund - Direct Plan - Weekly IDCW;INF846K01ZO4;INF846K01ZP1;10.3412;;;25-Aug-2025
141588;Axis Corporate Bond Fund - Direct Plan Growth;INF846K01ZM8;;18.2627;;;25-Aug-2025
141589;Axis Corporate Bond Fund - Regular Plan - Daily IDCW;INF846K01ZV9;;10.2071;;;25-Aug-2025
141594;Axis Corporate Bond Fund - Regular Plan - Monthly IDCW;INF846K01ZY3;INF846K01ZZ0;10.1841;;;25-Aug-2025
141595;Axis Corporate Bond Fund - Regular Plan - Regular IDCW;INF846K01A03;INF846K01A11;13.3203;;;25-Aug-2025
141592;Axis Corporate Bond Fund - Regular Plan - Weekly IDCW;INF846K01ZW7;INF846K01ZX5;10.2200;;;25-Aug-2025
141593;Axis Corporate Bond Fund - Regular Plan Growth;INF846K01ZU1;;17.2405;;;25-Aug-2025

Bandhan Mutual Fund
139201;BANDHAN Corporate Bond Fund - Direct Annual IDCW;INF194KA1T34;INF194KA1T42;10.5886;;;25-Aug-2025
135916;BANDHAN Corporate Bond Fund - Direct Growth;INF194KA1M23;;19.9525;;;25-Aug-2025
139200;BANDHAN Corporate Bond Fund - Direct Half Yearly IDCW;INF194KA1T00;INF194KA1T18;11.8975;;;25-Aug-2025
139198;BANDHAN Corporate Bond Fund - Direct Monthly IDCW;INF194KA1S43;INF194KA1S50;10.3182;;;25-Aug-2025
135917;BANDHAN Corporate Bond Fund - Direct Periodic IDCW;INF194KA1M31;INF194KA1M49;13.2372;;;25-Aug-2025
139199;BANDHAN Corporate Bond Fund - Direct Quarterly IDCW;INF194KA1S76;INF194KA1S84;10.6157;;;25-Aug-2025
139204;BANDHAN Corporate Bond Fund - Regular Annual IDCW;INF194KA1S19;INF194KA1S27;10.5679;;;25-Aug-2025
135914;BANDHAN Corporate Bond Fund - Regular Growth;INF194KA1L81;;19.3672;;;25-Aug-2025
139203;BANDHAN Corporate Bond Fund - Regular Half Yearly IDCW;INF194KA1R85;INF194KA1R93;11.2554;;;25-Aug-2025
139202;BANDHAN Corporate Bond Fund - Regular Monthly IDCW;INF194KA1R28;INF194KA1R36;10.5689;;;25-Aug-2025
135915;BANDHAN Corporate Bond Fund - Regular Periodic IDCW;INF194KA1L99;INF194KA1M07;13.0561;;;25-Aug-2025
139205;BANDHAN Corporate Bond Fund - Regular Quarterly IDCW;INF194KA1R51;INF194KA1R69;10.6479;;;25-Aug-2025

Baroda BNP Paribas Mutual Fund
150230;BARODA BNP PARIBAS Corporate Bond Fund - Defunct Plan - Annual-IDCW Option;INF251K01EN4;INF251K01EO2;11.5616;;;25-Aug-2025
150229;BARODA BNP PARIBAS Corporate Bond Fund - Defunct Plan - Growth Option;INF251K01EI4;;32.1187;;;25-Aug-2025
150231;BARODA BNP PARIBAS Corporate Bond Fund - Defunct Plan - Monthly-IDCW Option;INF251K01EJ2;INF251K01EK0;10.4492;;;25-Aug-2025
150228;BARODA BNP PARIBAS Corporate Bond Fund - Defunct Plan - Quarterly-IDCW Option;INF251K01EL8;INF251K01EM6;10.5016;;;25-Aug-2025
150236;BARODA BNP PARIBAS Corporate Bond Fund - Direct Plan - Annual IDCW Option;INF251K01GU4;INF251K01GV2;11.8108;;;25-Aug-2025
150237;BARODA BNP PARIBAS Corporate Bond Fund - Direct Plan - Growth Option;INF251K01GP4;;29.4654;;;25-Aug-2025
150238;BARODA BNP PARIBAS Corporate Bond Fund - Direct Plan - Monthly IDCW Option;INF251K01GQ2;INF251K01GR0;10.6221;;;25-Aug-2025
150239;BARODA BNP PARIBAS Corporate Bond Fund - Direct Plan - Quarterly IDCW Option;INF251K01GS8;INF251K01GT6;10.7193;;;25-Aug-2025
150233;BARODA BNP PARIBAS CORPORATE BOND FUND - Regular Plan - ANNUAL IDCW OPTION;INF251K01EU9;INF251K01EV7;11.4867;;;25-Aug-2025
150235;BARODA BNP PARIBAS CORPORATE BOND FUND - Regular Plan - GROWTH OPTION;INF251K01EP9;;27.7502;;;25-Aug-2025
150234;BARODA BNP PARIBAS CORPORATE BOND FUND - Regular Plan - MONTHLY IDCW OPTION;INF251K01EQ7;INF251K01ER5;10.4903;;;25-Aug-2025
150232;BARODA BNP PARIBAS CORPORATE BOND FUND - Regular Plan - QUARTERLY IDCW OPTION;INF251K01ES3;INF251K01ET1;10.5225;;;25-Aug-2025

Canara Robeco Mutual Fund
126685;CANARA ROBECO CORPORATE BOND FUND - DIRECT PLAN - GROWTH OPTION;INF760K01HB2;;23.4038;;;25-Aug-2025
126686;CANARA ROBECO CORPORATE BOND FUND - DIRECT PLAN - IDCW (Payout/Reinvestment);INF760K01HC0;INF760K01HD8;12.4629;;;25-Aug-2025
126687;CANARA ROBECO CORPORATE BOND FUND - REGULAR PLAN - GROWTH OPTION;INF760K01GY6;;21.8222;;;25-Aug-2025
126688;CANARA ROBECO CORPORATE BOND FUND - REGULAR PLAN - IDCW (Payout/Reinvestment);INF760K01GZ3;INF760K01HA4;11.6375;;;25-Aug-2025

DSP Mutual Fund
144646;DSP Corporate Bond Fund - Direct - Growth;INF740KA1KE8;;16.4301;;;25-Aug-2025
144647;DSP Corporate Bond Fund - Direct - IDCW;INF740KA1KF5;INF740KA1KG3;11.6185;;;25-Aug-2025
144651;DSP Corporate Bond Fund - Direct - IDCW - Monthly;INF740KA1KH1;INF740KA1KI9;10.5981;;;25-Aug-2025
144648;DSP Corporate Bond Fund - Direct - IDCW - Quarterly ;INF740KA1KJ7;INF740KA1KK5;11.4103;;;25-Aug-2025
144644;DSP Corporate Bond Fund - Regular - Growth;INF740KA1JX0;;16.1424;;;25-Aug-2025
144650;DSP Corporate Bond Fund - Regular - IDCW;INF740KA1JY8;INF740KA1JZ5;11.5844;;;25-Aug-2025
144645;DSP Corporate Bond Fund - Regular - IDCW - Monthly;INF740KA1KA6;INF740KA1KB4;10.5732;;;25-Aug-2025
144649;DSP Corporate Bond Fund - Regular - IDCW - Quarterly ;INF740KA1KC2;INF740KA1KD0;10.7571;;;25-Aug-2025

Franklin Templeton Mutual Fund
118569;Franklin India Corporate Debt Fund - Direct - GROWTH;INF090I01FW8;;108.9966;;;25-Aug-2025
100528;Franklin India Corporate Debt Fund - Growth;INF090I01DG6;;100.5642;;;25-Aug-2025
100527;Franklin India Corporate Debt Fund - Plan A - Annual - IDCW;INF090I01DH4;INF090I01DI2;17.1674;;;25-Aug-2025
118570;Franklin India Corporate Debt Fund - Plan A - Direct - Annual - IDCW;INF090I01FX6;INF090I01FY4;19.2932;;;25-Aug-2025
118573;Franklin India Corporate Debt Fund - Plan A - Direct - Half yearly - IDCW;INF090I01FU2;INF090I01FV0;15.2999;;;25-Aug-2025
118571;Franklin India Corporate Debt Fund - Plan A - Direct - Monthly - IDCW;INF090I01FQ0;INF090I01FR8;17.2124;;;25-Aug-2025
118572;Franklin India Corporate Debt Fund - Plan A - Direct - Quarterly - IDCW;INF090I01FS6;INF090I01FT4;13.8562;;;25-Aug-2025
100531;Franklin India Corporate Debt Fund - Plan B - Half yearly - IDCW;INF090I01DN2;INF090I01DO0;12.9768;;;25-Aug-2025
100529;Franklin India Corporate Debt Fund - Plan B - Monthly - IDCW;INF090I01DJ0;INF090I01DK8;15.3231;;;25-Aug-2025
100530;Franklin India Corporate Debt Fund - Plan B - Quarterly - IDCW;INF090I01DL6;INF090I01DM4;12.1603;;;25-Aug-2025

HDFC Mutual Fund
113070;HDFC Corporate Bond Fund - Growth Option;INF179K01DC2;;32.7643;;;25-Aug-2025
118987;HDFC Corporate Bond Fund - Growth Option - Direct Plan;INF179K01XD8;;33.4921;;;25-Aug-2025
132848;HDFC Corporate Bond Fund - IDCW Option;INF179KA1D33;INF179KA1D25;19.8345;;;25-Aug-2025
132849;HDFC Corporate Bond Fund - IDCW Option - Direct Plan;INF179KA1D17;;20.5216;;;25-Aug-2025
113071;HDFC Corporate Bond Fund - Quarterly IDCW Option;INF179K01DD0;INF179K01DE8;10.4814;;;25-Aug-2025
118986;HDFC Corporate Bond Fund - Quarterly IDCW Option - Direct Plan;INF179K01XB2;INF179K01XC0;10.3815;;;25-Aug-2025

HSBC Mutual Fund
151000;HSBC Corporate Bond Fund - Direct Annual IDCW;INF917K01VZ8;INF917K01VY1;12.1093;;;25-Aug-2025
150996;HSBC Corporate Bond Fund - Direct Growth;INF917K01HN3;;78.7219;;;25-Aug-2025
150998;HSBC Corporate Bond Fund - Direct Quarterly IDCW;INF917K01HP8;INF917K01HO1;11.5391;;;25-Aug-2025
150997;HSBC Corporate Bond Fund - Direct Semi Annual IDCW;INF917K01HR4;INF917K01HQ6;20.5641;;;25-Aug-2025
151001;HSBC Corporate Bond Fund - Regular Annual IDCW;INF917K01WB7;INF917K01WA9;11.8462;;;25-Aug-2025
150992;HSBC Corporate Bond Fund - Regular Growth;INF917K01AH0;;73.8845;;;25-Aug-2025
150993;HSBC Corporate Bond Fund - Regular Quarterly IDCW;INF917K01AF4;INF917K01AG2;11.1306;;;25-Aug-2025
150994;HSBC Corporate Bond Fund - Regular Semi Annual IDCW;INF917K01AI8;INF917K01AJ6;17.1882;;;25-Aug-2025
150995;HSBC Corporate Bond Fund -Regular Plan - Bonus;INF917K01AK4;;28.0654;;;25-Aug-2025

ICICI Prudential Mutual Fund
120692;ICICI Prudential Corporate Bond Fund - Direct Plan - Growth;INF109K016B1;;31.5482;;;25-Aug-2025
120697;ICICI Prudential Corporate Bond Fund - Direct Plan - Monthly IDCW;INF109K017B9;INF109K018B7;10.2219;;;25-Aug-2025
120694;ICICI Prudential Corporate Bond Fund - Direct Plan - Quarterly IDCW;INF109K019B5;INF109K012C8;15.4782;;;25-Aug-2025
111987;ICICI Prudential Corporate Bond Fund - Growth;INF109K01CQ1;;30.1083;;;25-Aug-2025
111991;ICICI Prudential Corporate Bond Fund - Monthly IDCW;INF109K01SK0;INF109K01CT5;10.3751;;;25-Aug-2025
111992;ICICI Prudential Corporate Bond Fund -Quarterly IDCW;INF109K01SN4;INF109K01SO2;11.1866;;;25-Aug-2025

Invesco Mutual Fund
106179;Invesco India Corporate Bond Fund - Annual IDCW (Payout / Reinvestment);INF205K01QX3;INF205K01QY1;1978.2001;;;25-Aug-2025
120500;Invesco India Corporate Bond Fund - Direct Plan - Annual IDCW (Payout / Reinvestment);INF205K01RA9;INF205K01RB7;1265.1225;;;25-Aug-2025
120499;Invesco India Corporate Bond Fund - Direct Plan - Discretionary IDCW (Payout / Reinvestment);INF205K01RD3;INF205K01RE1;3435.62;;;25-Aug-2025
120497;Invesco India Corporate Bond Fund - Direct Plan - Growth;INF205K01RF8;;3434.5393;;;25-Aug-2025
120496;Invesco India Corporate Bond Fund - Direct Plan - Monthly IDCW (Payout / Reinvestment);INF205K01RG6;INF205K01RH4;1253.2172;;;25-Aug-2025
120501;Invesco India Corporate Bond Fund - Direct Plan - Quarterly IDCW (Payout / Reinvestment);INF205K01RI2;INF205K01RJ0;1178.0054;;;25-Aug-2025
116109;Invesco India Corporate Bond Fund - Discretionary IDCW (Payout / Reinvestment);INF205K01RK8;INF205K01RL6;3364.581;;;25-Aug-2025
106177;Invesco India Corporate Bond Fund - Growth;INF205K01RM4;;3203.0657;;;25-Aug-2025
106171;Invesco India Corporate Bond Fund - Monthly IDCW (Payout / Reinvestment);INF205K01RN2;INF205K01RO0;1835.891;;;25-Aug-2025
106172;Invesco India Corporate Bond Fund - Quarterly IDCW (Payout / Reinvestment);INF205K01RP7;INF205K01RQ5;1171.757;;;25-Aug-2025

Kotak Mahindra Mutual Fund
133791;Kotak Corporate Bond Fund- Direct Plan- Growth Option;INF178L01BY0;;3975.868;;;25-Aug-2025
133792;Kotak Corporate Bond Fund- Direct Plan- Monthly Payout of Income Distribution cum capital withdrawal option;INF178L01BZ7;;1071.9954;;;25-Aug-2025
133782;Kotak Corporate Bond Fund- Regular Plan-Growth Option;INF178L01BO1;;3805.868;;;25-Aug-2025
133787;Kotak Corporate Bond Fund- Regular Plan-Monthly Dividend Option;INF178L01BQ6;INF178L01BP8;1239.8049;;;25-Aug-2025

Mirae Asset Mutual Fund
148755;Mirae Asset Corporate Bond Fund Direct Growth Plan;INF769K01HD9;;13.1194;;;25-Aug-2025
148756;Mirae Asset Corporate Bond Fund Direct IDCW;INF769K01HC1;INF769K01HE7;13.1164;;;25-Aug-2025
148757;Mirae Asset Corporate Bond Fund Regular Growth;INF769K01HA5;;12.8651;;;25-Aug-2025
148758;Mirae Asset Corporate Bond Fund Regular IDCW;INF769K01GZ4;INF769K01HB3;12.8651;;;25-Aug-2025

Nippon India Mutual Fund
109472;NIPPON INDIA CORPORATE BOND FUND - DAILY IDCW Option;;INF204K01EG7;17.0330;;;25-Aug-2025
118808;NIPPON INDIA CORPORATE BOND FUND - DIRECT Plan - DAILY IDCW Option;;INF204K01C23;17.0368;;;25-Aug-2025
125266;NIPPON INDIA CORPORATE BOND FUND - DIRECT Plan - IDCW Option;INF204KA1EO9;INF204KA1EP6;20.1371;;;25-Aug-2025
118809;NIPPON INDIA CORPORATE BOND FUND - DIRECT Plan - MONTHLY IDCW Option;INF204K01C56;INF204K01C64;11.7528;;;25-Aug-2025
118811;NIPPON INDIA CORPORATE BOND FUND - DIRECT Plan - QUARTERLY IDCW Option;INF204K01C72;INF204K01C80;12.1701;;;25-Aug-2025
118812;NIPPON INDIA CORPORATE BOND FUND - DIRECT Plan - WEEKLY IDCW Option;INF204K01C31;INF204K01C49;17.0367;;;25-Aug-2025
118807;Nippon India Corporate Bond Fund - Direct Plan Growth Plan - Bonus;INF204K01D63;;45.3712;;;25-Aug-2025
118814;Nippon India Corporate Bond Fund - Direct Plan Growth Plan - Growth Option;INF204K01C15;;63.5493;;;25-Aug-2025
100859;Nippon India Corporate Bond Fund - Growth Plan - Bonus Option;INF204KA12N8;;43.2264;;;25-Aug-2025
100856;Nippon India Corporate Bond Fund - Growth Plan - Growth Option;INF204K01EF9;;60.5247;;;25-Aug-2025
125267;NIPPON INDIA CORPORATE BOND FUND - IDCW Option;INF204KA1EM3;INF204KA1EN1;19.3905;;;25-Aug-2025
100857;NIPPON INDIA CORPORATE BOND FUND - MONTHLY IDCW Option;INF204K01EJ1;INF204K01EK9;11.6193;;;25-Aug-2025
100858;NIPPON INDIA CORPORATE BOND FUND - QUARTERLY IDCW Option;INF204K01EL7;INF204K01EM5;12.0093;;;25-Aug-2025
109473;NIPPON INDIA CORPORATE BOND FUND - WEEKLY IDCW Option;INF204K01EH5;INF204K01EI3;17.0331;;;25-Aug-2025

PGIM India Mutual Fund
138317;PGIM India Corporate Bond Fund - Annual Dividend;INF223J01CY6;INF223J01CZ3;10.5651;;;25-Aug-2025
138329;PGIM India Corporate Bond Fund - Direct Plan - Annual Dividend;INF223J01OM6;;16.2474;;;25-Aug-2025
138330;PGIM India Corporate Bond Fund - Direct Plan - Growth;INF223J01OO2;;48.4631;;;25-Aug-2025
138331;PGIM India Corporate Bond Fund - Direct Plan - Monthly Dividend;INF223J01OP9;;14.9796;;;25-Aug-2025
138332;PGIM India Corporate Bond Fund - Direct Plan - Quarterly Dividend;INF223J01OR5;INF223J01OS3;13.067;;;25-Aug-2025
138318;PGIM India Corporate Bond Fund - Growth;INF223J01DB2;;43.4583;;;25-Aug-2025
138316;PGIM India Corporate Bond Fund - Monthly Dividend;INF223J01DC0;INF223J01DD8;12.8625;;;25-Aug-2025
138315;PGIM India Corporate Bond Fund - Quarterly Dividend;INF223J01DE6;INF223J01DF3;11.5118;;;25-Aug-2025

SBI Mutual Fund
146215;SBI Corporate Bond Fund - Direct Plan - Growth;INF200KA1YR4;;16.1256;;;25-Aug-2025
146212;SBI Corporate Bond Fund - Direct Plan - Monthly Income Distribution cum Capital Withdrawal Option (IDCW);INF200KA1YS2;INF200KA1YT0;15.2209;;;25-Aug-2025
146216;SBI Corporate Bond Fund - Direct Plan - Quarterly Income Distribution cum Capital Withdrawal Option (IDCW);INF200KA1YU8;INF200KA1YV6;15.6763;;;25-Aug-2025
146207;SBI Corporate Bond Fund - Regular Plan - Growth;INF200KA1YM5;;15.6428;;;25-Aug-2025
146208;SBI Corporate Bond Fund - Regular Plan - Monthly Income Distribution cum Capital Withdrawal Option (IDCW);INF200KA1YN3;INF200KA1YO1;14.7629;;;25-Aug-2025
146210;SBI Corporate Bond Fund - Regular Plan - Quarterly Income Distribution cum Capital Withdrawal Option (IDCW);INF200KA1YP8;INF200KA1YQ6;15.1987;;;25-Aug-2025

Sundaram Mutual Fund
119621;Sundaram Corporate Bond Fund Direct Plan - Growth;INF903J01NR4;;41.8972;;;25-Aug-2025
119630;Sundaram Corporate Bond Fund Direct Plan-Income Distribution cum Capital Withdrawal(IDCW);INF903J01NU8;INF903J01NV6;20.0613;;;25-Aug-2025
100786;Sundaram Corporate Bond Fund Regular Plan - Income Distribution cum Capital Withdrawal (IDCW );INF903J01HY2;INF903J01IC6;19.4290;;;25-Aug-2025
100789;Sundaram Corporate Bond Fund Regular Plan- Growth;INF903J01HW6;;40.5012;;;25-Aug-2025

Tata Mutual Fund
149361;Tata Corporate Bond Fund-Direct Plan-Growth;INF277KA1224;;12.7151;;;25-Aug-2025
149364;Tata Corporate Bond Fund-Direct Plan-IDCW Monthly Payout;INF277KA1240;;12.7151;;;25-Aug-2025
149357;Tata Corporate Bond Fund-Direct Plan-IDCW Monthly Reinvestment;;INF277KA1273;12.7151;;;25-Aug-2025
149355;Tata Corporate Bond Fund-Direct Plan-IDCW Periodic Payout;INF277KA1232;;12.7151;;;25-Aug-2025
149356;Tata Corporate Bond Fund-Direct Plan-IDCW Periodic Reinvestment;;INF277KA1265;12.7151;;;25-Aug-2025
149362;Tata Corporate Bond Fund-Direct Plan-IDCW Quarterly Payout;INF277KA1257;;12.7151;;;25-Aug-2025
149358;Tata Corporate Bond Fund-Direct Plan-IDCW Quarterly Reinvestment;;INF277KA1281;12.7151;;;25-Aug-2025
149351;Tata Corporate Bond Fund-Regular Plan-Growth;INF277KA1299;;12.4483;;;25-Aug-2025
149353;Tata Corporate Bond Fund-Regular Plan-IDCW Monthly Payout;INF277KA1315;;12.4483;;;25-Aug-2025
149363;Tata Corporate Bond Fund-Regular Plan-IDCW Monthly Reinvestment;;INF277KA1349;12.4483;;;25-Aug-2025
149360;Tata Corporate Bond Fund-Regular Plan-IDCW Periodic Payout;INF277KA1307;;12.4483;;;25-Aug-2025
149352;Tata Corporate Bond Fund-Regular Plan-IDCW Periodic Reinvestment;;INF277KA1331;12.4483;;;25-Aug-2025
149354;Tata Corporate Bond Fund-Regular Plan-IDCW Quarterly Payout;INF277KA1323;;12.4483;;;25-Aug-2025
149359;Tata Corporate Bond Fund-Regular Plan-IDCW Quarterly Reinvestment;;INF277KA1356;12.4483;;;25-Aug-2025

Trust Mutual Fund
151320;TRUSTMF CORPORATE BOND FUND-DIRECT PLAN-GROWTH;INF0GCD01560;;1213.4566;;;25-Aug-2025
151321;TRUSTMF CORPORATE BOND FUND-DIRECT PLAN-MONTHLY IDCW;INF0GCD01586;INF0GCD01578;1161.2909;;;25-Aug-2025
151322;TRUSTMF CORPORATE BOND FUND-REGULAR PLAN-GROWTH;INF0GCD01537;;1200.9134;;;25-Aug-2025
151319;TRUSTMF CORPORATE BOND FUND-REGULAR PLAN-MONTHLY IDCW;INF0GCD01552;INF0GCD01545;1147.1103;;;25-Aug-2025

Union Mutual Fund
143241;Union Corporate Bond Fund - Direct Plan - Growth Option;INF582M01DU5;;15.7687;;;25-Aug-2025
143242;Union Corporate Bond Fund - Direct Plan - IDCW Option;INF582M01DW1;INF582M01DV3;15.7687;;;25-Aug-2025
143239;Union Corporate Bond Fund - Regular Plan - Growth Option;INF582M01DY7;;15.4107;;;25-Aug-2025
143240;Union Corporate Bond Fund - Regular Plan - IDCW Option;INF582M01EA5;INF582M01DZ4;15.4107;;;25-Aug-2025

UTI Mutual Fund
144344;UTI Corporate Bond Fund - Direct Plan - Annual IDCW;INF789F1A587;INF789F1A595;13.5522;;;25-Aug-2025
144341;UTI Corporate Bond Fund - Direct Plan - Flexi IDCW;INF789F1A603;INF789F1A611;14.9076;;;25-Aug-2025
144339;UTI Corporate Bond Fund - Direct Plan - Growth Option;INF789F1A538;;16.9139;;;25-Aug-2025
144340;UTI Corporate Bond Fund - Direct Plan - Half-Yearly IDCW;INF789F1A561;INF789F1A579;14.4525;;;25-Aug-2025
144346;UTI Corporate Bond Fund - Direct Plan - Quarterly IDCW;INF789F1A546;INF789F1A553;14.7929;;;25-Aug-2025
144337;UTI Corporate Bond Fund - Regular Plan - Annual IDCW;INF789F1A496;INF789F1A504;13.2195;;;25-Aug-2025
144338;UTI Corporate Bond Fund - Regular Plan - Flexi IDCW;INF789F1A512;INF789F1A520;14.5699;;;25-Aug-2025
144345;UTI Corporate Bond Fund - Regular Plan - Growth Option;INF789F1A447;;16.5463;;;25-Aug-2025
144343;UTI Corporate Bond Fund - Regular Plan - Half-Yearly IDCW;INF789F1A470;INF789F1A488;13.9804;;;25-Aug-2025
144342;UTI Corporate Bond Fund - Regular Plan - Quarterly IDCW;INF789F1A454;INF789F1A462;14.388;;;25-Aug-2025

Open Ended Schemes ( Debt Scheme - Credit Risk Fund )


Aditya Birla Sun Life Mutual Fund
134385;Aditya Birla Sun Life Credit Risk Fund - Direct - IDCW;INF209KA1K96;INF209KA1L04;13.8205;;;25-Aug-2025
134388;Aditya Birla Sun Life Credit Risk Fund - Direct Plan - Bonus;INF209KA1L12;;24.8377;;;25-Aug-2025
134387;Aditya Birla Sun Life Credit Risk Fund - Direct Plan - Growth;INF209KA1K88;;24.8388;;;25-Aug-2025
134386;Aditya Birla Sun Life Credit Risk Fund - Regular - IDCW;INF209KA1K54;INF209KA1K62;12.5851;;;25-Aug-2025
134383;Aditya Birla Sun Life Credit Risk Fund - Regular Plan - Growth;INF209KA1K47;;22.6379;;;25-Aug-2025

Axis Mutual Fund
130314;Axis Credit Risk Fund - Direct Plan - Growth;INF846K01PJ5;;24.2640;;;25-Aug-2025
130312;Axis Credit Risk Fund - Direct Plan - Monthly IDCW;INF846K01PM9;INF846K01PN7;10.1577;;;25-Aug-2025
130311;Axis Credit Risk Fund - Direct Plan - Weekly IDCW;INF846K01PK3;INF846K01PL1;10.2922;;;25-Aug-2025
130309;Axis Credit Risk Fund - Regular Plan - Growth;INF846K01PO5;;21.6717;;;25-Aug-2025
130313;Axis Credit Risk Fund - Regular Plan - Monthly IDCW;INF846K01PR8;INF846K01PS6;10.1300;;;25-Aug-2025
130310;Axis Credit Risk Fund - Regular Plan - Weekly IDCW;INF846K01PP2;INF846K01PQ0;10.1659;;;25-Aug-2025

Bandhan Mutual Fund
140608;BANDHAN Credit Risk Fund - Regular Plan Annual IDCW;INF194KA1W05;INF194KA1W13;10.4652;;;25-Aug-2025
140609;BANDHAN Credit Risk Fund - Regular Plan Growth;INF194KA1W39;;16.4769;;;25-Aug-2025
140611;BANDHAN Credit Risk Fund - Regular Plan Half Yearly IDCW;INF194KA1V71;INF194KA1V89;10.4024;;;25-Aug-2025
140612;BANDHAN Credit Risk Fund - Regular Plan Periodic IDCW;INF194KA1V14;INF194KA1V22;12.7950;;;25-Aug-2025
140607;BANDHAN Credit Risk Fund - Regular Plan Quarterly IDCW;INF194KA1V48;INF194KA1V55;10.5150;;;25-Aug-2025
140610;BANDHAN Credit Risk Fund-Direct Plan-Annual IDCW;INF194KA1X38;INF194KA1X46;10.5734;;;25-Aug-2025
140603;BANDHAN Credit Risk Fund-Direct Plan-Growth;INF194KA1X61;;17.9113;;;25-Aug-2025
140606;BANDHAN Credit Risk Fund-Direct Plan-Periodic IDCW;INF194KA1W47;INF194KA1W54;13.2345;;;25-Aug-2025
140604;BANDHAN Credit Risk Fund-Direct Plan-Quarterly IDCW;INF194KA1W70;INF194KA1W88;10.7157;;;25-Aug-2025

Bank of India Mutual Fund
133868;BANK OF INDIA Credit Risk  Fund - Direct Plan;INF761K01DG8;;12.5981;;;25-Aug-2025
133867;BANK OF INDIA Credit Risk Fund - Regular Plan;INF761K01DH6;;12.2895;;;25-Aug-2025

Baroda BNP Paribas Mutual Fund
152903;Baroda BNP Paribas Credit Risk fund - Regular-Quarterly- IDCW option -Seg. Portfolio 2 (erstwhile BBNPP Medium Duration Fund Regular-Quarterly IDCW option Seg. Portfolio 1);INF955L01IZ3;INF955L01JA4;0.0000;;;25-Aug-2025
152905;Baroda BNP Paribas Credit Risk fund - Regular-Weekly-IDCW option -Seg. Portfolio 2 (erstwhile BBNPP Medium Duration Fund Regular-Weekly IDCW option Seg. Portfolio 1);;INF955L01JE6;0.0000;;;25-Aug-2025
152892;Baroda BNP Paribas Credit risk fund -Defunct -Growth option -Seg-Portfolio 2 (erstwhile BBNPP Medium Duration Fund-Defunct Growth Option Seg.Portfolio1);INF955L01JM9;;0.0000;;;25-Aug-2025
152899;Baroda BNP Paribas Credit Risk fund -Defunct -Monthly IDCW option -Seg. Portfolio 2 (erstwhile BBNPP Medium Duration Fund Defunct-Monthly IDCW option Seg. Portfolio 1);INF955L01JP2;INF955L01JQ0;0.0000;;;25-Aug-2025
152894;Baroda BNP Paribas Credit Risk fund -Defunct -Weekly IDCW option -Seg. Portfolio 2 (erstwhile BBNPP Medium Duration Fund Defunct-Weekly IDCW option Seg. Portfolio 1);;INF955L01JO5;0.0000;;;25-Aug-2025
152898;Baroda BNP Paribas Credit Risk fund -Direct - Growth option -Seg. Portfolio 2 (erstwhile BBNPP Medium Duration Fund Direct-Growth option Seg. Portfolio 1);INF955L01JF3;;0.0000;;;25-Aug-2025
152897;Baroda BNP Paribas Credit Risk fund -Direct -Monthly IDCW option -Seg. Portfolio 2 (erstwhile BBNPP Medium Duration Fund Direct-Monthly IDCW option Seg. Portfolio 1);;INF955L01JJ5;0.0000;;;25-Aug-2025
152896;Baroda BNP Paribas Credit Risk fund -Direct -Quarterly IDCW option -Seg. Portfolio 2 (erstwhile BBNPP Medium Duration Fund Direct-Quarterly IDCW option Seg. Portfolio 1);INF955L01JG1;INF955L01JH9;0.0000;;;25-Aug-2025
152895;Baroda BNP Paribas Credit Risk fund -Direct -Weekly IDCW option -Seg. Portfolio 2 (erstwhile BBNPP Medium Duration Fund Direct-weekly IDCW option Seg. Portfolio 1);;INF955L01JL1;0.0000;;;25-Aug-2025
133520;Baroda BNP Paribas Credit Risk Fund -Direct- Monthly IDCW;INF955L01FZ9;;14.3801;;;25-Aug-2025
133524;Baroda BNP Paribas Credit Risk Fund -Direct- Quarterly IDCW;INF955L01GA0;;12.8338;;;25-Aug-2025
152900;Baroda BNP Paribas Credit Risk fund -Direct-Daily IDCW option -Seg. Portfolio 2 (erstwhile BBNPP Medium Duration Fund Direct-daily-IDCW option Seg. Portfolio 1);INF955L01JI7;INF955L01JK3;0.0000;;;25-Aug-2025
133488;Baroda BNP Paribas Credit Risk Fund -Direct-Growth Option;INF955L01FR6;;24.6754;;;25-Aug-2025
152901;Baroda BNP Paribas Credit Risk fund -Regular -Daily-IDCW option -Seg. Portfolio 2 (erstwhile BBNPP Medium Duration Fund Regular-Daily-IDCW option Seg. Portfolio 1);;INF955L01JD8;0.0000;;;25-Aug-2025
152902;Baroda BNP Paribas Credit Risk fund -Regular -Monthly IDCW option -Seg. Portfolio 2 (erstwhile BBNPP Medium Duration Fund Regular-Monthly IDCW option Seg. Portfolio 1);INF955L01JB2;INF955L01JC0;0.0000;;;25-Aug-2025
152904;Baroda BNP Paribas Credit Risk fund -Regular-Growth -Seg. Portfolio 2 (erstwhile BBNPP Medium Duration Fund Regular Growth Seg. Portfolio 1);INF955L01IY6;;0.0000;;;25-Aug-2025
133486;Baroda BNP Paribas Credit Risk Fund -Regular-Growth Option;INF955L01FP0;;22.3928;;;25-Aug-2025
133517;Baroda BNP Paribas Credit Risk Fund -Regular-Monthly IDCW;INF955L01FU0;;11.3212;;;25-Aug-2025
133518;Baroda BNP Paribas Credit Risk Fund -Regular-Quarterly IDCW;INF955L01FV8;;11.8197;;;25-Aug-2025
148333;Baroda BNP Paribas Credit Risk Fund- Direct- Growth Option- Segregated Portfolio- 1;INF955L01IT6;;0.0000;;;25-Aug-2025
148334;Baroda BNP Paribas Credit Risk Fund- Direct- Monthly IDCW Option- Segregated Portfolio- 1;INF955L01IW0;INF955L01IX8;0.0000;;;25-Aug-2025
148330;Baroda BNP Paribas Credit Risk Fund- Regular- Growth Option- Segregated Portfolio- 1;INF955L01IO7;;0.0000;;;25-Aug-2025
148331;Baroda BNP Paribas Credit Risk Fund- Regular- Monthly IDCW Option- Segregated Portfolio- 1;INF955L01IR0;INF955L01IS8;0.0000;;;25-Aug-2025
148332;Baroda BNP Paribas Credit Risk Fund- Regular- Quarterly IDCW Option- Segregated Portfolio- 1;INF955L01IP4;INF955L01IQ2;0.0000;;;25-Aug-2025
152893;Baroda BNP Paribas Credit Risk Fund-Defunct -Daily IDCW option - seg Portfolio 2 (erstwhile BBNPP Medium Duration fund Defunct Daily IDCW daily option Seg Portfolio 1);;INF955L01JN7;0.0000;;;25-Aug-2025
148335;Baroda BNP Paribas Credit Risk Fund-Direct- Quarterly IDCW Option- Segregated Portfolio- 1;INF955L01IU4;INF955L01IV2;0.0000;;;25-Aug-2025

DSP Mutual Fund
119084;DSP Credit Risk Fund - Direct Plan -  IDCW - Monthly;INF740K01OV8;INF740K01OW6;11.1889;;;25-Aug-2025
119082;DSP Credit Risk Fund - Direct Plan - Growth;INF740K01OS4;;54.4995;;;25-Aug-2025
119083;DSP Credit Risk Fund - Direct Plan - IDCW;INF740K01OT2;INF740K01OU0;12.0722;;;25-Aug-2025
119087;DSP Credit Risk Fund - Direct Plan - IDCW - Daily;;INF740KA1NX2;11.1103;;;25-Aug-2025
119085;DSP Credit Risk Fund - Direct Plan - IDCW - Quarterly ;INF740K01OX4;INF740K01OY2;11.506;;;25-Aug-2025
119086;DSP Credit Risk Fund - Direct Plan - IDCW - Weekly;INF740KA1NY0;INF740KA1NZ7;11.1174;;;25-Aug-2025
101839;DSP Credit Risk Fund - Regular Plan - IDCW;INF740K01581;INF740K01AB9;11.9846;;;25-Aug-2025
101840;DSP Credit Risk Fund - Regular Plan - IDCW - Daily;;INF740KA1OA8;11.1056;;;25-Aug-2025
117061;DSP Credit Risk Fund - Regular Plan - IDCW - Monthly;INF740K01JW6;INF740K01JV8;11.2496;;;25-Aug-2025
117062;DSP Credit Risk Fund - Regular Plan - IDCW - Quarterly ;INF740K01JY2;INF740K01JX4;11.373;;;25-Aug-2025
101838;DSP Credit Risk Fund - Regular Plan - IDCW - Weekly;INF740K01FR4;INF740K01FQ6;11.1145;;;25-Aug-2025
101837;DSP Credit Risk Fund - Regular Plan -Growth;INF740K01599;;49.8747;;;25-Aug-2025

Franklin Templeton Mutual Fund
148304;Franklin India Credit Risk Fund - Segregated Portfolio 3 (9.50% Yes bank Ltd CO 23Dec21) - Direct Growth Plan;INF090I01VZ8;;0.0000;;;25-Aug-2025
148303;Franklin India Credit Risk Fund - Segregated Portfolio 3 (9.50% Yes Bank Ltd CO 23Dec21) - Growth Plan;INF090I01VX3;;0.0000;;;25-Aug-2025
148305;Franklin India Credit Risk Fund- Segregated Portfolio 3 (9.50% Yes Bank Ltd CO 23Dec21) - IDCW;INF090I01VW5;;0.0000;;;25-Aug-2025
148306;Franklin India Credit Risk Fund-Segregated Portfolio 3 (9.50% Yes Bank Ltd CO 23Dec21) - Direct IDCW;INF090I01VY1;;0.0000;;;25-Aug-2025

HDFC Mutual Fund
128053;HDFC Credit Risk Debt Fund - Growth Option;INF179KA1GC0;;24.285;;;25-Aug-2025
128051;HDFC Credit Risk Debt Fund - Growth Option - Direct Plan;INF179KA1FZ3;;26.2618;;;25-Aug-2025
133148;HDFC Credit Risk Debt Fund - IDCW Option;INF179KA1I87;INF179KA1I79;22.3625;;;25-Aug-2025
133147;HDFC Credit Risk Debt Fund - IDCW Option - Direct Plan;INF179KA1I61;INF179KA1I53;23.0212;;;25-Aug-2025
128050;HDFC Credit Risk Debt Fund - Quarterly IDCW - Direct Plan;INF179KA1GA4;INF179KA1GB2;10.7548;;;25-Aug-2025
128052;HDFC Credit Risk Debt Fund - Quarterly IDCW Option;INF179KA1GD8;INF179KA1GE6;10.4179;;;25-Aug-2025

HSBC Mutual Fund
151047;HSBC Credit Risk Fund - Direct Annual IDCW;INF917K01UL0;INF917K01UK2;13.92;;;25-Aug-2025
151045;HSBC Credit Risk Fund - Direct Growth;INF917K01UH8;;35.3098;;;25-Aug-2025
151044;HSBC Credit Risk Fund - Direct IDCW;INF917K01E29;INF917K01UI6;12.4526;;;25-Aug-2025
151046;HSBC Credit Risk Fund - Regular Annual IDCW;INF917K01UN6;INF917K01UM8;12.8672;;;25-Aug-2025
151043;HSBC Credit Risk Fund - Regular Growth;INF917K01130;;32.5343;;;25-Aug-2025
151042;HSBC Credit Risk Fund - Regular IDCW;INF917K01114;INF917K01122;11.4297;;;25-Aug-2025
151041;HSBC Credit Risk Fund- Regular Plan - Bonus;;INF917K01CU9;32.0196;;;25-Aug-2025

ICICI Prudential Mutual Fund
120711;ICICI Prudential Credit Risk Fund - Direct Plan - Growth;INF109K01V00;;35.4588;;;25-Aug-2025
120709;ICICI Prudential Credit Risk Fund - Direct Plan - Quarterly IDCW;INF109K01V34;INF109K01V42;11.9246;;;25-Aug-2025
114239;ICICI Prudential Credit Risk Fund - Growth;INF109K01GU4;;32.1461;;;25-Aug-2025
114240;ICICI Prudential Credit Risk Fund - Quarterly IDCW;INF109K01GV2;INF109K01GW0;11.2298;;;25-Aug-2025

Invesco Mutual Fund
130725;Invesco India Credit Risk Fund - Direct Plan - Discretionary IDCW (Payout / Reinvestment);INF205K01J09;INF205K01J25;2180.229;;;25-Aug-2025
130722;Invesco India Credit Risk Fund - Direct Plan - Growth;INF205K01I83;;2164.0743;;;25-Aug-2025
130724;Invesco India Credit Risk Fund - Direct Plan - Monthly IDCW (Payout / Reinvestment);INF205K01I91;INF205K01J17;1176.4647;;;25-Aug-2025
130726;Invesco India Credit Risk Fund - Regular Plan - Discretionary IDCW (Payout / Reinvestment);INF205K01I59;INF205K01I75;1940.2914;;;25-Aug-2025
130721;Invesco India Credit Risk Fund - Regular Plan - Growth;INF205K01I34;;1940.8945;;;25-Aug-2025
130723;Invesco India Credit Risk Fund - Regular Plan - Monthly IDCW (Payout / Reinvestment);INF205K01I42;INF205K01I67;1425.4331;;;25-Aug-2025

Kotak Mahindra Mutual Fund
119740;Kotak Credit Risk Fund - Direct Plan - Standard Income Distribution cum capital withdrawal option;INF174K01MG5;;25.1923;;;25-Aug-2025
117716;Kotak Credit Risk Fund - Growth;INF174K01DY7;;29.7763;;;25-Aug-2025
119741;Kotak Credit Risk Fund - Growth - Direct;INF174K01LZ7;;33.5408;;;25-Aug-2025
117715;Kotak Credit Risk Fund - Regular Plan - Standard Income Distribution cum capital withdrawal option;INF174K01EG2;INF174K01EF4;12.9493;;;25-Aug-2025

Nippon India Mutual Fund
112938;Nippon India Credit Risk Fund  - Growth Plan;INF204K01FQ3;;35.4771;;;25-Aug-2025
112939;Nippon India Credit Risk Fund  - Institutional Growth Plan;INF204K01FT7;;37.0245;;;25-Aug-2025
148262;NIPPON INDIA CREDIT RISK FUND -  SEGREGATED PORTFOLIO 2 - DIRECT Plan - IDCW Option;INF204KB17P0;INF204KB18P8;0.0000;;;25-Aug-2025
148264;NIPPON INDIA CREDIT RISK FUND -  SEGREGATED PORTFOLIO 2 - DIRECT Plan - QUARTERLY IDCW Option;INF204KB15P4;INF204KB16P2;0.0000;;;25-Aug-2025
148263;NIPPON INDIA CREDIT RISK FUND -  SEGREGATED PORTFOLIO 2 - IDCW Option;INF204KB13Q7;INF204KB14Q5;0.0000;;;25-Aug-2025
148260;NIPPON INDIA CREDIT RISK FUND -  SEGREGATED PORTFOLIO 2 - QUARTERLY IDCW Option;INF204KB11Q1;INF204KB12Q9;0.0000;;;25-Aug-2025
118780;Nippon India Credit Risk Fund - Direct Plan - Growth Plan;INF204K01A74;;39.0836;;;25-Aug-2025
132873;NIPPON INDIA CREDIT RISK FUND - DIRECT Plan - IDCW Option;INF204KA1WV6;;21.1608;;;25-Aug-2025
118781;NIPPON INDIA CREDIT RISK FUND - DIRECT Plan - QUARTERLY IDCW Option;INF204K01A82;INF204K01A90;13.7663;;;25-Aug-2025
132871;NIPPON INDIA CREDIT RISK FUND - IDCW Option;INF204KA1WT0;INF204KA1WS2;19.4601;;;25-Aug-2025
112941;NIPPON INDIA CREDIT RISK FUND - QUARTERLY IDCW Option;INF204K01FR1;INF204K01FS9;13.1575;;;25-Aug-2025
148261;Nippon India Credit Risk Fund - Segregated Portfolio 2 - Direct Plan - Growth Plan;INF204KB14P7;;0.0000;;;25-Aug-2025
148258;Nippon India Credit Risk Fund - Segregated Portfolio 2 - Growth Plan;INF204KB19P6;;0.0000;;;25-Aug-2025
148259;Nippon India Credit Risk Fund - Segregated Portfolio 2 - Institutional Growth Plan;INF204KB10Q3;;0.0000;;;25-Aug-2025

SBI Mutual Fund
119792;SBI Credit Risk Fund - Direct Plan - Daily Income Distribution cum Capital Withdrawal Option (IDCW);;INF200K01SS0;15.7975;;;25-Aug-2025
119793;SBI Credit Risk Fund - Direct Plan - Income Distribution cum Capital Withdrawal Option (IDCW);INF200K01ST8;INF200K01SU6;23.1680;;;25-Aug-2025
119798;SBI CREDIT RISK FUND - DIRECT PLAN -GROWTH;INF200K01SV4;;49.7852;;;25-Aug-2025
118211;SBI Credit Risk Fund - Regular Plan - Daily Income Distribution cum Capital Withdrawal Option (IDCW);;INF200K01QK1;15.2437;;;25-Aug-2025
102505;SBI CREDIT RISK FUND - REGULAR PLAN - GROWTH;INF200K01685;;46.0568;;;25-Aug-2025
102506;SBI Credit Risk Fund - Regular Plan - Income Distribution cum Capital Withdrawal Option (IDCW);INF200K01693;INF200K01701;20.8216;;;25-Aug-2025

UTI Mutual Fund
148239;UTI - Credit Risk Fund (Segregated - 06032020) - Direct Plan - Annual Dividend Option;INF789F1ARG8;INF789F1ARH6;0;;;25-Aug-2025
148241;UTI - Credit Risk Fund (Segregated - 06032020) - Direct Plan - Flexi Dividend Option;INF789F1ARK0;INF789F1ARL8;0;;;25-Aug-2025
148242;UTI - Credit Risk Fund (Segregated - 06032020) - Direct Plan - Growth Option;INF789F1ARF0;;0;;;25-Aug-2025
148238;UTI - Credit Risk Fund (Segregated - 06032020) - Direct Plan - Half Yearly Dividend Option;INF789F1ARI4;INF789F1ARJ2;0;;;25-Aug-2025
148240;UTI - Credit Risk Fund (Segregated - 06032020) - Direct Plan - Monthly Dividend Option;INF789F1ARM6;INF789F1ARN4;0;;;25-Aug-2025
148245;UTI - Credit Risk Fund (Segregated - 06032020) - Direct Plan - Quarterly Dividend Option;INF789F1ARD5;INF789F1ARE3;0;;;25-Aug-2025
148234;UTI - Credit Risk Fund (Segregated - 06032020) - Regular Plan - Annual Dividend Option;INF789F1ARR5;INF789F1ARS3;0;;;25-Aug-2025
148236;UTI - Credit Risk Fund (Segregated - 06032020) - Regular Plan - Flexi Dividend Option;INF789F1ARV7;INF789F1ARW5;0;;;25-Aug-2025
148237;UTI - Credit Risk Fund (Segregated - 06032020) - Regular Plan - Growth Option;INF789F1ARQ7;;0;;;25-Aug-2025
148235;UTI - Credit Risk Fund (Segregated - 06032020) - Regular Plan - Half Yearly Dividend Option;INF789F1ART1;INF789F1ARU9;0;;;25-Aug-2025
148244;UTI - Credit Risk Fund (Segregated - 06032020) - Regular Plan - Monthly Dividend Option;INF789F1ARX3;INF789F1ARY1;0;;;25-Aug-2025
148243;UTI - Credit Risk Fund (Segregated - 06032020) - Regular Plan - Quarterly Dividend Option;INF789F1ARO2;INF789F1ARP9;0;;;25-Aug-2025
117981;UTI Credit Risk Fund  - Regular Plan - Growth Option;INF789F01QZ1;;17.2142;;;25-Aug-2025
135290;UTI Credit Risk Fund - Direct Plan - Annual IDCW;INF789FB1U28;INF789FB1U36;12.3493;;;25-Aug-2025
136302;UTI Credit Risk Fund - Direct Plan - Flexi IDCW;INF789FB1U44;INF789FB1U51;12.3541;;;25-Aug-2025
120764;UTI Credit Risk Fund - Direct Plan - Growth Option;INF789F01YB6;;19.4649;;;25-Aug-2025
135418;UTI Credit Risk Fund - Direct Plan - Half-Yearly IDCW;INF789FA1W02;INF789FA1W10;12.3972;;;25-Aug-2025
131419;UTI Credit Risk Fund - Direct Plan - Monthly IDCW;INF789FB1U02;INF789FB1U10;11.2893;;;25-Aug-2025
120765;UTI Credit Risk Fund - Direct Plan - Quarterly IDCW;INF789F01YC4;INF789F01YD2;13.7354;;;25-Aug-2025
133344;UTI Credit Risk Fund - Regular Plan - Annual IDCW;INF789FA1V60;INF789FA1V78;11.4867;;;25-Aug-2025
135051;UTI Credit Risk Fund - Regular Plan - Flexi IDCW;INF789FA1V86;INF789FA1V94;11.1748;;;25-Aug-2025
135419;UTI Credit Risk Fund - Regular Plan - Half-Yearly IDCW;INF789FA1V45;INF789FA1V52;11.5482;;;25-Aug-2025
131418;UTI Credit Risk Fund - Regular Plan - Monthly IDCW;INF789FB1T88;INF789FB1T96;10.3373;;;25-Aug-2025
117982;UTI Credit Risk Fund - Regular Plan - Quarterly IDCW;INF789F01RA2;INF789F01RB0;12.2275;;;25-Aug-2025

Open Ended Schemes ( Debt Scheme - Banking and PSU Fund )


Aditya Birla Sun Life Mutual Fund
119551;Aditya Birla Sun Life Banking & PSU Debt Fund  - DIRECT - IDCW;INF209KA12Z1;INF209KA13Z9;108.1037;;;25-Aug-2025
119552;Aditya Birla Sun Life Banking & PSU Debt Fund  - DIRECT - MONTHLY IDCW;INF209K01YM2;;117.5872;;;25-Aug-2025
119553;Aditya Birla Sun Life Banking & PSU Debt Fund  - Direct - Quarterly IDCW;INF209K01YO8;;105.2603;;;25-Aug-2025
108272;Aditya Birla Sun Life Banking & PSU Debt Fund  - REGULAR - IDCW;INF209K01LX6;INF209KA11Z3;151.7761;;;25-Aug-2025
110282;Aditya Birla Sun Life Banking & PSU Debt Fund  - REGULAR - MONTHLY IDCW;INF209K01LU2;;113.325;;;25-Aug-2025
108274;Aditya Birla Sun Life Banking & PSU Debt Fund  - REGULAR - Quarterly IDCW;INF209K01LN7;;103.153;;;25-Aug-2025
110490;Aditya Birla Sun Life Banking & PSU Debt Fund  - retail - monthly IDCW;INF209K01LR8;;113.2859;;;25-Aug-2025
106157;Aditya Birla Sun Life Banking & PSU Debt Fund  - retail - quarterly IDCW;INF209K01LS6;;104.281;;;25-Aug-2025
108273;Aditya Birla Sun Life Banking & PSU Debt Fund - Regular Plan-Growth;INF209K01LV0;;369.5131;;;25-Aug-2025
103176;Aditya Birla Sun Life Banking & PSU Debt Fund - Retail Plan-Growth;INF209K01LT4;;554.6895;;;25-Aug-2025
119550;Aditya Birla Sun Life Banking & PSU Debt Fund- Direct Plan-Growth;INF209K01YN0;;383.7051;;;25-Aug-2025

Axis Mutual Fund
120437;Axis Banking & PSU Debt Fund - Direct Plan - Daily IDCW;;INF846K01CU0;1037.3561;;;25-Aug-2025
120438;Axis Banking & PSU Debt Fund - Direct Plan - Growth Option;INF846K01CR6;;2742.9023;;;25-Aug-2025
120439;Axis Banking & PSU Debt Fund - Direct Plan - Monthly IDCW;INF846K01CT2;INF846K01CS4;1032.8188;;;25-Aug-2025
120436;Axis Banking & PSU Debt Fund - Direct Plan - Weekly IDCW;INF846K01CV8;INF846K01CW6;1036.5399;;;25-Aug-2025
117447;Axis Banking & PSU Debt Fund - Regular Plan - Daily IDCW;;INF846K01CC8;1037.1956;;;25-Aug-2025
117446;Axis Banking & PSU Debt Fund - Regular Plan - Growth option;INF846K01CB0;;2658.8147;;;25-Aug-2025
117449;Axis Banking & PSU Debt Fund - Regular Plan - Monthly IDCW;INF846K01CF1;INF846K01CG9;1032.8102;;;25-Aug-2025
117448;Axis Banking & PSU Debt Fund - Regular Plan - Weekly IDCW;INF846K01CD6;INF846K01CE4;1036.3702;;;25-Aug-2025

Bajaj Finserv Mutual Fund
152164;Bajaj Finserv Banking and PSU Fund-  Direct Plan-Monthly- IDCW;INF0QA701649;INF0QA701631;10.9766;;;25-Aug-2025
152163;Bajaj Finserv Banking and PSU Fund- Direct Plan- IDCW;INF0QA701615;INF0QA701623;11.6127;;;25-Aug-2025
152165;Bajaj Finserv Banking and PSU Fund- Regular Plan- Growth;INF0QA701557;;11.4993;;;25-Aug-2025
152166;Bajaj Finserv Banking and PSU Fund- Regular Plan- IDCW;INF0QA701565;INF0QA701573;11.4993;;;25-Aug-2025
152162;Bajaj Finserv Banking and PSU Fund-Direct Plan- Growth;INF0QA701607;;11.6127;;;25-Aug-2025
152167;Bajaj Finserv Banking and PSU Fund-Regular Plan-Monthly-IDCW;INF0QA701599;INF0QA701581;10.9070;;;25-Aug-2025

Bandhan Mutual Fund
121936;Bandhan Banking and PSU Fund - Direct Annual IDCW;INF194K019M8;;12.4169;;;25-Aug-2025
127471;Bandhan Banking and PSU Fund - Direct Daily IDCW;;INF194KA1JD3;10.4545;;;25-Aug-2025
121934;Bandhan Banking and PSU Fund - Direct Fortnightly IDCW;;INF194K010N5;10.4504;;;25-Aug-2025
121279;Bandhan Banking and PSU Fund - Direct Growth;INF194K015G8;;25.5253;;;25-Aug-2025
121281;Bandhan Banking and PSU Fund - Direct IDCW;INF194K016G6;INF194K017G4;13.4270;;;25-Aug-2025
121935;Bandhan Banking and PSU Fund - Direct Monthly IDCW;;INF194K011N3;10.4185;;;25-Aug-2025
121938;Bandhan Banking and PSU Fund - Direct Quarterly IDCW;INF194K018M0;;10.9455;;;25-Aug-2025
121933;Bandhan Banking and PSU Fund - Regular Annual IDCW;INF194K015M6;;11.4202;;;25-Aug-2025
127470;Bandhan Banking and PSU Fund - Regular Daily IDCW;;INF194KA1JC5;10.8538;;;25-Aug-2025
121931;Bandhan Banking and PSU Fund - Regular Fortnightly IDCW;;INF194K016M4;10.6029;;;25-Aug-2025
121280;Bandhan Banking and PSU Fund - Regular Growth;INF194K01SN6;;24.7908;;;25-Aug-2025
121282;Bandhan Banking and PSU Fund - Regular IDCW;INF194K01SO4;INF194K012D2;13.3869;;;25-Aug-2025
121932;Bandhan Banking and PSU Fund - Regular Monthly IDCW;;INF194K017M2;10.6602;;;25-Aug-2025
121937;Bandhan Banking and PSU Fund - Regular Quarterly IDCW;INF194K014M9;;10.8423;;;25-Aug-2025

Baroda BNP Paribas Mutual Fund
148629;Baroda BNP Paribas Banking and PSU Bond Fund -Direct Plan-Monthly IDCW Option;INF955L01KF1;INF955L01KG9;10.4763;;;25-Aug-2025
148628;Baroda BNP Paribas Banking and PSU Bond Fund- Direct Plan -Growth Option;INF955L01KC8;;13.0280;;;25-Aug-2025
148630;Baroda BNP Paribas Banking and PSU Bond Fund-Direct plan-Quarterly IDCW Option;INF955L01KD6;INF955L01KE4;10.5717;;;25-Aug-2025
148625;Baroda BNP Paribas Banking and PSU Bond Fund-Regular Plan -Growth Option;INF955L01JX6;;12.7368;;;25-Aug-2025
148626;Baroda BNP Paribas Banking and PSU Bond Fund-Regular Plan -Monthly IDCW Option;INF955L01KA2;INF955L01KB0;10.3036;;;25-Aug-2025
148627;Baroda BNP Paribas Banking and PSU Bond Fund-Regular Plan-Quarterly IDCW Option;INF955L01JY4;INF955L01JZ1;10.3511;;;25-Aug-2025

Canara Robeco Mutual Fund
150505;Canara Robeco Banking and PSU Debt Fund- Direct Plan- Growth Option;INF760K01KC4;;12.2580;;;25-Aug-2025
150507;Canara Robeco Banking and PSU Debt Fund- Direct Plan- IDCW Payout;INF760K01KE0;INF760K01KD2;10.7994;;;25-Aug-2025
150503;Canara Robeco Banking and PSU Debt Fund- Regular Plan- Growth Option;INF760K01KF7;;12.1477;;;25-Aug-2025
150504;Canara Robeco Banking and PSU Debt Fund- Regular Plan- IDCW (Payout/ Reinvestment);INF760K01KH3;INF760K01KG5;10.7164;;;25-Aug-2025

DSP Mutual Fund
124175;DSP Banking & PSU Debt Fund - Direct Plan - Growth;INF740K01ZW2;;25.0631;;;25-Aug-2025
124178;DSP Banking & PSU Debt Fund - Direct Plan - IDCW;INF740K01A18;INF740K01A26;10.5695;;;25-Aug-2025
124182;DSP Banking & PSU Debt Fund - Direct Plan - IDCW - Daily Reinvest;;INF740KA1OF7;10.1366;;;25-Aug-2025
124176;DSP Banking & PSU Debt Fund - Direct Plan - IDCW - Monthly;INF740K01ZX0;INF740K01ZY8;10.3539;;;25-Aug-2025
124177;DSP Banking & PSU Debt Fund - Direct Plan - IDCW - Quarterly ;INF740K01ZZ5;INF740K01A00;10.4091;;;25-Aug-2025
124183;DSP Banking & PSU Debt Fund - Direct Plan - IDCW - Weekly;INF740KA1OG5;INF740KA1OH3;10.1485;;;25-Aug-2025
124172;DSP Banking & PSU Debt Fund - Regular Plan - Growth;INF740K01ZP6;;24.195;;;25-Aug-2025
124174;DSP Banking & PSU Debt Fund - Regular Plan - IDCW;INF740K01ZU6;INF740K01ZV4;10.5562;;;25-Aug-2025
124173;DSP Banking & PSU Debt Fund - Regular Plan - IDCW - Daily Reinvest;;INF740KA1OI1;10.1351;;;25-Aug-2025
124180;DSP Banking & PSU Debt Fund - Regular Plan - IDCW - Monthly;INF740K01ZQ4;INF740K01ZR2;10.3413;;;25-Aug-2025
124181;DSP Banking & PSU Debt Fund - Regular Plan - IDCW - Quarterly ;INF740K01ZS0;INF740K01ZT8;10.3992;;;25-Aug-2025
124179;DSP Banking & PSU Debt Fund - Regular Plan - IDCW - Weekly;INF740KA1OJ9;INF740KA1OK7;10.1462;;;25-Aug-2025

Edelweiss Mutual Fund
140286;Edelweiss Banking and PSU Debt Fund - Direct Plan - Growth Option;INF843K01FC8;;25.7265;;;25-Aug-2025
140288;Edelweiss Banking and PSU Debt Fund - Direct Plan - IDCW Option;INF843K01FD6;INF843K01FE4;18.7002;;;25-Aug-2025
140291;Edelweiss Banking and PSU Debt Fund - Direct Plan Fortnightly - IDCW Option;INF843K01FG9;;14.4999;;;25-Aug-2025
140293;Edelweiss Banking and PSU Debt Fund - Direct Plan Monthly - IDCW Option;INF843K01FI5;INF843K01FH7;10.8893;;;25-Aug-2025
140290;Edelweiss Banking and PSU Debt Fund - Direct Plan weekly - IDCW Option;INF843K01FF1;;10.516;;;25-Aug-2025
140283;Edelweiss Banking and PSU Debt Fund - Regular Plan - Growth Option;INF843K01FK1;;24.8163;;;25-Aug-2025
140284;Edelweiss Banking and PSU Debt Fund - Regular Plan - IDCW Option;INF843K01FL9;INF843K01FM7;17.8462;;;25-Aug-2025
140294;Edelweiss Banking and PSU Debt Fund - Regular Plan Fortnightly - IDCW Option;INF843K01FO3;;14.0296;;;25-Aug-2025
140292;Edelweiss Banking and PSU Debt Fund - Regular Plan Monthly - IDCW Option;INF843K01FQ8;INF843K01FP0;11.133;;;25-Aug-2025
140289;Edelweiss Banking and PSU Debt Fund - Regular Plan Weekly - IDCW Option;INF843K01FN5;;10.1094;;;25-Aug-2025

Franklin Templeton Mutual Fund
129008;Franklin India Banking & PSU Debt Fund - Direct - Growth;INF090I01KR8;;23.6545;;;25-Aug-2025
129006;Franklin India Banking & PSU Debt Fund - Growth;INF090I01KO5;;22.6309;;;25-Aug-2025
129009;Franklin India Banking and PSU Debt Fund - Direct - IDCW ;INF090I01KS6;INF090I01KT4;11.5423;;;25-Aug-2025
129007;Franklin India Banking and PSU Debt Fund - IDCW ;INF090I01KP2;INF090I01KQ0;10.9169;;;25-Aug-2025

HDFC Mutual Fund
128628;HDFC Banking and PSU Debt Fund - Growth Option;INF179KA1JC4;;23.1933;;;25-Aug-2025
128629;HDFC Banking and PSU Debt Fund - Growth Option - Direct Plan;INF179KA1IZ7;;24.1637;;;25-Aug-2025
128627;HDFC Banking and PSU Debt Fund - IDCW Option;INF179KA1JD2;INF179KA1JE0;10.1923;;;25-Aug-2025
128626;HDFC Banking and PSU Debt Fund - IDCW Option - Direct Plan;INF179KA1JA8;INF179KA1JB6;10.0034;;;25-Aug-2025

HSBC Mutual Fund
151108;HSBC Banking and PSU Debt Fund - Direct Daily IDCW;;INF917K01HL7;11.1706;;;25-Aug-2025
151107;HSBC Banking and PSU Debt Fund - Direct Growth;INF917K01HH5;;25.7884;;;25-Aug-2025
151106;HSBC Banking and PSU Debt Fund - Direct Monthly IDCW;INF917K01HJ1;INF917K01HI3;11.3644;;;25-Aug-2025
151109;HSBC Banking and PSU Debt Fund - Direct Weekly IDCW;;INF917K01HK9;10.3267;;;25-Aug-2025
151102;HSBC Banking and PSU Debt Fund - Regular Daily IDCW;;INF677K01AF4;11.094;;;25-Aug-2025
151104;HSBC Banking and PSU Debt Fund - Regular Growth;INF677K01AE7;;24.4729;;;25-Aug-2025
151105;HSBC Banking and PSU Debt Fund - Regular Monthly IDCW;INF677K01AI8;INF677K01AJ6;10.6267;;;25-Aug-2025
151103;HSBC Banking and PSU Debt Fund - Regular Weekly IDCW;;INF917K01HM5;10.2978;;;25-Aug-2025

ICICI Prudential Mutual Fund
120256;ICICI Prudential Banking and PSU Debt Fund - Direct Plan -  Growth;INF109K010A6;;34.4029;;;25-Aug-2025
120258;ICICI Prudential Banking and PSU Debt Fund - Direct Plan -  Quarterly IDCW;INF109K011A4;INF109K012A2;12.9887;;;25-Aug-2025
112342;ICICI Prudential Banking and PSU Debt Fund - Growth;INF109K01RT3;;32.9868;;;25-Aug-2025
116174;ICICI Prudential Banking and PSU Debt Fund - Quarterly IDCW;INF109K01YE1;INF109K01YD3;10.9921;;;25-Aug-2025

Invesco Mutual Fund
118234;Invesco India Banking and PSU Fund - Daily IDCW (Reinvestment);;INF205K01JX8;1048.3157;;;25-Aug-2025
120444;Invesco India Banking and PSU Fund - Direct Plan -  Growth Option;INF205K01KT4;;2444.1813;;;25-Aug-2025
120443;Invesco India Banking and PSU Fund - Direct Plan - Daily IDCW (Reinvestment);;INF205K01KS6;1061.6213;;;25-Aug-2025
120445;Invesco India Banking and PSU Fund - Direct Plan - Monthly IDCW (Payout / Reinvestment);INF205K01KU2;INF205K01KV0;1009.1228;;;25-Aug-2025
118232;Invesco India Banking and PSU Fund - Growth Option;INF205K01JV2;;2281.6488;;;25-Aug-2025
118233;Invesco India Banking and PSU Fund - Monthly IDCW (Payout / Reinvestment);INF205K01JW0;INF205K01JY6;1059.7482;;;25-Aug-2025

ITI Mutual Fund
148534;ITI Banking & PSU Debt Fund - Direct Plan - Growth Option;INF00XX01861;;13.4924;;;25-Aug-2025
148536;ITI Banking & PSU Debt Fund - Direct Plan - IDCW Option;INF00XX01879;INF00XX01887;13.4938;;;25-Aug-2025
148535;ITI Banking & PSU Debt Fund - Regular Plan - Growth Option;INF00XX01838;;13.1373;;;25-Aug-2025
148533;ITI Banking & PSU Debt Fund - Regular Plan - IDCW Option;INF00XX01846;INF00XX01853;13.1384;;;25-Aug-2025

Kotak Mahindra Mutual Fund
123690;Kotak Banking and PSU Debt - Growth;INF174K01FO3;;65.8692;;;25-Aug-2025
123691;Kotak Banking and PSU Debt - Monthly Payout of Income Distribution cum capital withdrawal option;INF174K01FQ8;INF174K01FP0;12.3753;;;25-Aug-2025
123693;Kotak Banking and PSU Debt Direct - Growth;INF174K01KH7;;68.6665;;;25-Aug-2025
123692;Kotak Banking and PSU Debt Direct - Monthly Payout of Income Distribution cum capital withdrawal option;INF174K01KK1;INF174K01KL9;10.25;;;25-Aug-2025

LIC Mutual Fund
120337;LIC MF Banking & PSU Fund-Direct Plan-Daily IDCW;INF767K01GJ2;INF767K01GM6;14.2794;;;25-Aug-2025
120338;LIC MF Banking & PSU Fund-Direct Plan-Growth;INF767K01GI4;;37.8784;;;25-Aug-2025
120339;LIC MF Banking & PSU Fund-Direct Plan-Monthly IDCW;INF767K01GK0;INF767K01GN4;14.2655;;;25-Aug-2025
120336;LIC MF Banking & PSU Fund-Direct Plan-Weekly IDCW;INF767K01GL8;INF767K01GO2;10.0416;;;25-Aug-2025
105822;LIC MF Banking & PSU Fund-Regular Plan-Daily IDCW;INF767K01519;INF767K01527;11.2599;;;25-Aug-2025
105823;LIC MF Banking & PSU Fund-Regular Plan-Growth;INF767K01535;;35.0953;;;25-Aug-2025
105856;LIC MF Banking & PSU Fund-Regular Plan-Monthly IDCW;INF767K01543;INF767K01550;13.1349;;;25-Aug-2025
105857;LIC MF Banking & PSU Fund-Regular Plan-Weekly IDCW;INF767K01568;INF767K01576;10.3692;;;25-Aug-2025

Mirae Asset Mutual Fund
148419;Mirae Asset Banking and PSU Fund - Direct Plan - Growth;INF769K01FY9;;13.3502;;;25-Aug-2025
148417;Mirae Asset Banking and PSU Fund - Direct Plan - IDCW;INF769K01FX1;INF769K01FZ6;13.3453;;;25-Aug-2025
148416;Mirae Asset Banking and PSU Fund - Regular Plan - Growth;INF769K01FV5;;13.0496;;;25-Aug-2025
148418;Mirae Asset Banking and PSU Fund - Regular plan - IDCW;INF769K01FU7;INF769K01FW3;13.0507;;;25-Aug-2025

Nippon India Mutual Fund
134555;NIPPON INDIA BANKING and PSU  FUND - Direct Plan - IDCW Option;INF204KA1U79;INF204KA1U87;21.7208;;;25-Aug-2025
134553;NIPPON INDIA BANKING and PSU  FUND - WEEKLY IDCW Option;INF204KA1U12;INF204KA1U20;10.3705;;;25-Aug-2025
134547;Nippon India Banking and PSU  Fund- Direct Plan-Growth Plan- Growth Option;INF204KA1U53;;21.7208;;;25-Aug-2025
134550;NIPPON INDIA BANKING and PSU FUND - Direct Plan - MONTHLY IDCW Option;INF204KA1V37;INF204KA1V45;10.7301;;;25-Aug-2025
134556;NIPPON INDIA BANKING and PSU FUND - Direct Plan - QUARTERLY IDCW Option;INF204KA1U95;INF204KA1V03;10.8764;;;25-Aug-2025
134554;NIPPON INDIA BANKING and PSU FUND - Direct Plan - WEEKLY IDCW Option;INF204KA1V11;INF204KA1V29;10.3702;;;25-Aug-2025
134548;NIPPON INDIA BANKING and PSU FUND - IDCW Option;INF204KA1T72;INF204KA1T80;20.9182;;;25-Aug-2025
134549;NIPPON INDIA BANKING and PSU FUND - MONTHLY IDCW Option;INF204KA1U38;INF204KA1U46;10.6591;;;25-Aug-2025
134551;NIPPON INDIA BANKING and PSU FUND - QUARTERLY IDCW Option;INF204KA1T98;INF204KA1U04;10.8108;;;25-Aug-2025
134552;Nippon India Banking and PSU Fund- Direct Plan-Growth Plan- Bonus Option;INF204KA1U61;;21.7208;;;25-Aug-2025
134545;Nippon India Banking and PSU Fund- Growth Plan- Growth Option;INF204KA1T56;;20.9182;;;25-Aug-2025

SBI Mutual Fund
125502;SBI Banking & PSU Fund - Direct Plan - Daily Income Distribution cum Capital Withdrawal Option (IDCW);;INF200K01V16;1470.5192;;;25-Aug-2025
125503;SBI BANKING & PSU FUND - Direct Plan - Growth;INF200K01V08;;3338.5035;;;25-Aug-2025
125505;SBI Banking & PSU Fund - Direct Plan - Monthly Income Distribution cum Capital Withdrawal Option (IDCW);INF200K01V40;INF200K01V57;1308.0138;;;25-Aug-2025
125504;SBI Banking & PSU Fund - Direct Plan - Weekly Income Distribution cum Capital Withdrawal Option (IDCW);INF200K01V32;INF200K01V24;1467.2526;;;25-Aug-2025
125498;SBI BANKING & PSU FUND - Regular Paln - Growth;INF200K01U41;;3139.6835;;;25-Aug-2025
125499;SBI Banking & PSU Fund - Regular Plan - Daily Income Distribution cum Capital Withdrawal Option (IDCW);;INF200K01U58;1432.4104;;;25-Aug-2025
125501;SBI Banking & PSU Fund - Regular Plan - Monthly Income Distribution cum Capital Withdrawal Option (IDCW);INF200K01U82;INF200K01U90;1225.6506;;;25-Aug-2025
125500;SBI Banking & PSU Fund - Regular Plan - Weekly Income Distribution cum Capital Withdrawal Option (IDCW);INF200K01U74;INF200K01U66;1432.0679;;;25-Aug-2025

Sundaram Mutual Fund
119625;Sundaram Banking & PSU Fund (Formerly Known as Sundaram Banking and PSU Debt Fund) Direct Plan - Growth;INF903J01PA5;;44.0323;;;25-Aug-2025
119626;Sundaram Banking & PSU Fund (Formerly Known as Sundaram Banking and PSU Debt Fund) Direct Plan - Income Distribution cum Capital Withdrawal (IDCW);INF903J01PB3;INF903J01PE7;11.7605;;;25-Aug-2025
100784;Sundaram Banking & PSU Fund (Formerly Known as Sundaram Banking and PSU Debt Fund) Regular Plan - Growth;INF903J01IN3;;43.4064;;;25-Aug-2025
100793;Sundaram Banking & PSU Fund (Formerly Known as Sundaram Banking and PSU Debt Fund) Regular Plan - Income Distribution cum Capital Withdrawal (IDCW);INF903J01IO1;INF903J01IR4;11.8028;;;25-Aug-2025

Trust Mutual Fund
148656;TRUSTMF BANKING & PSU FUND - DIRECT GROWTH;INF0GCD01107;;1309.2216;;;25-Aug-2025
148655;TRUSTMF BANKING & PSU FUND - REGULAR GROWTH;INF0GCD01016;;1279.6696;;;25-Aug-2025
148672;TRUSTMF BANKING & PSU FUND DIRECT PLAN ANNUAL INCOME DISTRIBUTION CUM CAPITAL WITHDRAWAL OPTION;INF0GCD01180;INF0GCD01172;1148.3823;;;25-Aug-2025
148678;TRUSTMF BANKING & PSU FUND DIRECT PLAN DAILY INCOME DISTRIBUTION CUM CAPITAL WITHDRAWAL;;INF0GCD01115;1305.1103;;;25-Aug-2025
148681;TRUSTMF BANKING & PSU FUND DIRECT PLAN MONTHLY INCOME DISTRIBUTION CUM CAPITAL WITHDRAWAL OPTION;INF0GCD01149;INF0GCD01131;1141.7659;;;25-Aug-2025
148670;TRUSTMF BANKING & PSU FUND DIRECT PLAN QUARTERLY INCOME DISTRIBUTION CUM CAPITAL WITHDRAWAL;INF0GCD01164;INF0GCD01156;1163.9963;;;25-Aug-2025
148675;TRUSTMF BANKING & PSU FUND DIRECT PLAN WEEKLY INCOME DISTRIBUTION CUM CAPITAL WITHDRAWAL;;INF0GCD01123;1121.9735;;;25-Aug-2025
148669;TRUSTMF BANKING & PSU FUND REGULAR PLAN ANNUAL INCOME DISTRIBUTION CUM CAPITAL WITHDRAWAL;INF0GCD01099;INF0GCD01081;1120.3289;;;25-Aug-2025
148667;TRUSTMF BANKING & PSU FUND REGULAR PLAN DAILY INCOME DISTRIBUTION CUM CAPITAL WITHDRAWAL;;INF0GCD01024;1230.0865;;;25-Aug-2025
148674;TRUSTMF BANKING & PSU FUND REGULAR PLAN MONTHLY INCOME DISTRIBUTION CUM CAPITAL WITHDRAWAL;INF0GCD01057;INF0GCD01040;1121.459;;;25-Aug-2025
148668;TRUSTMF BANKING & PSU FUND REGULAR PLAN QUARTERLY INCOME DISTRIBUTION CUM CAPITAL WITHDRAWAL;INF0GCD01073;INF0GCD01065;1137.6689;;;25-Aug-2025
148679;TRUSTMF BANKING & PSU FUND REGULAR PLAN WEEKLY INCOME DISTRIBUTION CUM CAPITAL WITHDRAWAL;;INF0GCD01032;1104.5427;;;25-Aug-2025

UTI Mutual Fund
140135;UTI Banking & PSU Fund - Direct Plan - Annual IDCW;INF789FA1V03;INF789FA1V11;13.3286;;;25-Aug-2025
133972;UTI Banking & PSU Fund - Direct Plan - Flexi IDCW;INF789FA1V29;INF789FA1V37;19.4352;;;25-Aug-2025
126940;UTI Banking & PSU Fund - Direct Plan - Growth Option;INF789F015Z6;;22.5537;;;25-Aug-2025
141375;UTI Banking & PSU Fund - Direct Plan - Half-Yearly IDCW;INF789FA1U87;INF789FA1U95;14.9661;;;25-Aug-2025
134026;UTI Banking & PSU Fund - Direct Plan - Monthly IDCW;INF789FC1HE1;INF789FC1HF8;13.5116;;;25-Aug-2025
126942;UTI Banking & PSU Fund - Direct Plan - Quarterly IDCW;INF789F016Z4;INF789F017Z2;16.7864;;;25-Aug-2025
140116;UTI Banking & PSU Fund - Regular Plan - Annual IDCW;INF789FA1U46;INF789FA1U53;13.0798;;;25-Aug-2025
133971;UTI Banking & PSU Fund - Regular Plan - Flexi IDCW;INF789FA1U61;INF789FA1U79;14.8658;;;25-Aug-2025
139407;UTI Banking & PSU Fund - Regular Plan - Half-Yearly IDCW;INF789FA1U20;INF789FA1U38;14.8035;;;25-Aug-2025
136110;UTI Banking & PSU Fund - Regular Plan - Monthly IDCW;INF789FC1HC5;INF789FC1HD3;13.2826;;;25-Aug-2025
126941;UTI Banking & PSU Fund - Regular Plan - Quarterly IDCW;INF789F012Z3;INF789F013Z1;15.2125;;;25-Aug-2025
126939;UTI Banking & PSU Fund- Regular Plan - Growth Option;INF789F014Z9;;22.1676;;;25-Aug-2025

Open Ended Schemes ( Debt Scheme - Gilt Fund )


Aditya Birla Sun Life Mutual Fund
119606;Aditya Birla Sun Life Govenment Securities Fund -DIRECT - Quarterly IDCW;INF209KA1LC4;;11.7724;;;25-Aug-2025
100057;Aditya Birla Sun Life Govenment Securities Fund -Regular - Quarterly IDCW;INF209K01AF6;INF209K01DP9;11.032;;;25-Aug-2025
100058;Aditya Birla Sun Life Government Securities Fund  - Growth - Regular Plan;INF209K01AC3;INF209K01AD1;79.1553;;;25-Aug-2025
119605;Aditya Birla Sun Life Government Securities Fund - Growth - Direct Plan;INF209K01XP7;;85.1253;;;25-Aug-2025

Axis Mutual Fund
120447;Axis Gilt Fund - Direct Plan - Growth Option;INF846K01DD4;;26.9133;;;25-Aug-2025
120448;Axis Gilt Fund - Direct Plan - Half Yearly IDCW;INF846K01DF9;INF846K01DE2;12.1028;;;25-Aug-2025
120449;Axis Gilt Fund - Direct Plan - Regular IDCW;INF846K01DG7;INF846K01DH5;9.8375;;;25-Aug-2025
116471;Axis Gilt Fund - Regular Plan - Growth Option;INF846K01AX8;;25.2476;;;25-Aug-2025
116472;Axis Gilt Fund - Regular Plan - Half Yearly IDCW;INF846K01AZ3;INF846K01BB2;11.6244;;;25-Aug-2025
116470;Axis Gilt Fund - Regular Plan - Regular IDCW;INF846K01CK1;INF846K01CL9;9.8334;;;25-Aug-2025

Bajaj Finserv Mutual Fund
153206;Bajaj Finserv Gilt Fund - Direct - Growth;INF0QA701AP9;;1019.4439;;;25-Aug-2025
153207;Bajaj Finserv Gilt Fund - Direct - IDCW;INF0QA701AQ7;INF0QA701AR5;1019.4439;;;25-Aug-2025
153211;Bajaj Finserv Gilt Fund - Regular - Growth;INF0QA701AM6;;1015.0136;;;25-Aug-2025
153209;Bajaj Finserv Gilt Fund - Regular - IDCW;INF0QA701AN4;INF0QA701AO2;1015.0136;;;25-Aug-2025

Bandhan Mutual Fund
108558;BANDHAN Government Securities Fund - IP - Regular - Plan B - Half Yearly IDCW;INF194K01EB1;INF194K01EA3;11.0228;;;25-Aug-2025
108559;BANDHAN Government Securities Fund - IP - Regular Plan - Annual IDCW;INF194K01EE5;INF194K01ED7;10.9298;;;25-Aug-2025
108557;BANDHAN Government Securities Fund - IP - Regular Plan - Quarterly IDCW;INF194K01EH8;INF194K01EG0;11.5406;;;25-Aug-2025
131395;BANDHAN Government Securities Fund - IP - Regular -Plan B - Periodic IDCW;INF194KA1RW6;INF194KA1RX4;16.2109;;;25-Aug-2025
111525;BANDHAN Government Securities Fund - IP - Regular Plan - Growth;INF194K01DZ2;;34.5102;;;25-Aug-2025
111527;BANDHAN Government Securities Fund - IP - Regular Plan - IDCW;INF194K01EK2;INF194K01EJ4;13.0053;;;25-Aug-2025
118467;BANDHAN Government Securities Fund-  Investment Plan-Direct Plan-Annual IDCW;INF194K01Q78;INF194K01Q60;11.9976;;;25-Aug-2025
118464;BANDHAN Government Securities Fund-  Investment Plan-Direct Plan-Growth;INF194K01Q29;;37.3414;;;25-Aug-2025
118465;BANDHAN Government Securities Fund-  Investment Plan-Direct Plan-Half Yearly IDCW;INF194K01Q45;INF194K01Q37;11.9758;;;25-Aug-2025
118463;BANDHAN Government Securities Fund-  Investment Plan-Direct Plan-IDCW;INF194K01R36;INF194K01R28;14.3979;;;25-Aug-2025
131394;BANDHAN Government Securities Fund-  Investment Plan-Direct Plan-Periodic IDCW;INF194KA1RZ9;INF194KA1SA0;17.6749;;;25-Aug-2025
118466;BANDHAN Government Securities Fund-  Investment Plan-Direct Plan-Quarterly IDCW;INF194K01R02;INF194K01Q94;11.2511;;;25-Aug-2025

Baroda BNP Paribas Mutual Fund
119341;Baroda BNP Paribas GILT FUND - Direct Plan - Growth Option;INF955L01AD7;;46.4196;;;25-Aug-2025
119340;Baroda BNP Paribas GILT FUND - Direct Plan - IDCW Option;INF955L01AB1;INF955L01AC9;34.0767;;;25-Aug-2025
101187;Baroda BNP Paribas GILT FUND - Regular Plan - Growth Option;INF955L01450;;42.2862;;;25-Aug-2025
101188;Baroda BNP Paribas GILT FUND - Regular Plan - IDCW Option;INF955L01435;INF955L01443;25.0989;;;25-Aug-2025

Canara Robeco Mutual Fund
118299;CANARA ROBECO GILT FUND - DIRECT PLAN - GROWTH OPTION;INF760K01FC4;;80.0149;;;25-Aug-2025
118298;CANARA ROBECO GILT FUND - DIRECT PLAN - IDCW (Payout/Reinvestment);INF760K01FA8;INF760K01FB6;16.3617;;;25-Aug-2025
100597;CANARA ROBECO GILT FUND - REGULAR PLAN - GROWTH OPTION;INF760K01AE1;;74.2201;;;25-Aug-2025
100596;CANARA ROBECO GILT FUND - REGULAR PLAN - IDCW (Payout/Reinvestment);INF760K01AB7;INF760K01AC5;14.9973;;;25-Aug-2025

DSP Mutual Fund
119099;DSP Gilt Fund - Direct Plan - Growth;INF740K01NF3;;100.803;;;25-Aug-2025
119101;DSP Gilt Fund - Direct Plan - IDCW;INF740K01NG1;INF740K01NI7;12.4022;;;25-Aug-2025
119100;DSP Gilt Fund - Direct Plan - IDCW - Monthly;INF740K01NE6;INF740K01NH9;10.546;;;25-Aug-2025
100084;DSP Gilt Fund - Regular Plan - Growth;INF740K01615;;94.5232;;;25-Aug-2025
100085;DSP Gilt Fund - Regular Plan - IDCW;INF740K01607;INF740K01AD5;12.264;;;25-Aug-2025
100086;DSP Gilt Fund - Regular Plan - IDCW - Monthly;INF740K01623;INF740K01AE3;10.4753;;;25-Aug-2025

Edelweiss Mutual Fund
140309;Edelweiss Government Securities Fund - Direct Plan - Annual Dividend Option;INF843K01HB6;INF843K01HA8;25.776;;;25-Aug-2025
140298;Edelweiss Government Securities Fund - Direct Plan - Growth Option;INF843K01GS2;;25.7694;;;25-Aug-2025
140302;Edelweiss Government Securities Fund - Direct Plan - IDCW Option;INF843K01GU8;INF843K01GV6;25.667;;;25-Aug-2025
140306;Edelweiss Government Securities Fund - Direct Plan Fortnightly - IDCW Option;INF843K01GX2;;23.4606;;;25-Aug-2025
140308;Edelweiss Government Securities Fund - Direct Plan Monthly - IDCW Option;INF843K01GZ7;INF843K01GY0;16.1466;;;25-Aug-2025
140304;Edelweiss Government Securities Fund - Direct Plan weekly - IDCW Option;INF843K01GW4;;14.515;;;25-Aug-2025
140310;Edelweiss Government Securities Fund - Regular Plan - Annual - IDCW Option;INF843K01HL5;INF843K01HK7;24.2085;;;25-Aug-2025
140297;Edelweiss Government Securities Fund - Regular Plan - Growth Option;INF843K01HC4;;24.1975;;;25-Aug-2025
140301;Edelweiss Government Securities Fund - Regular Plan - IDCW Option;INF843K01HE0;INF843K01HF7;24.2138;;;25-Aug-2025
140307;Edelweiss Government Securities Fund - Regular Plan Monthly - IDCW Option;INF843K01HJ9;INF843K01HI1;10.1682;;;25-Aug-2025
140303;Edelweiss Government Securities Fund - Regular Plan Weekly - IDCW Option;INF843K01HG5;;10.002;;;25-Aug-2025

Franklin Templeton Mutual Fund
118498;Franklin India Government Securities Fund - Direct - Growth;INF090I01HS2;;63.1777;;;25-Aug-2025
118497;Franklin India Government Securities Fund - Direct - IDCW ;INF090I01HQ6;INF090I01HR4;11.7993;;;25-Aug-2025
100493;Franklin India Government Securities Fund - Growth;INF090I01CU9;;57.6141;;;25-Aug-2025
100494;Franklin India Government Securities Fund - IDCW ;INF090I01CS3;INF090I01CT1;10.5493;;;25-Aug-2025

Groww Mutual Fund
153477;Groww Gilt Fund - Direct - Growth;INF666M01KK2;;9.7291;;;25-Aug-2025
153502;Groww Gilt Fund - Direct - IDCW;INF666M01KL0;INF666M01KM8;9.7285;;;25-Aug-2025
153503;Groww Gilt Fund - Regular - Growth;INF666M01KN6;;9.7001;;;25-Aug-2025
153504;Groww Gilt Fund - Regular - IDCW;INF666M01KO4;INF666M01KP1;9.7004;;;25-Aug-2025

HDFC Mutual Fund
119116;HDFC Gilt Fund - Growth Option - Direct Plan;INF179K01VS0;;57.5972;;;25-Aug-2025
101083;HDFC Gilt Fund - Growth Plan;INF179K01756;;54.6808;;;25-Aug-2025
119115;HDFC Gilt Fund - IDCW Option - Direct Plan;INF179K01VR2;INF179K01VT8;12.8163;;;25-Aug-2025
101084;HDFC Gilt Fund - IDCW Plan;INF179K01772;INF179K01764;12.0117;;;25-Aug-2025

HSBC Mutual Fund
151014;HSBC Gilt Fund - Direct Growth;INF917K01FI7;;74.5251;;;25-Aug-2025
151015;HSBC Gilt Fund - Direct Quarterly IDCW;INF917K01FK3;INF917K01FJ5;12.4082;;;25-Aug-2025
151013;HSBC Gilt Fund - Regular Growth;INF917K01BP1;;64.8824;;;25-Aug-2025
151012;HSBC Gilt Fund - Regular Quarterly IDCW;INF917K01BN6;INF917K01BO4;10.7089;;;25-Aug-2025

ICICI Prudential Mutual Fund
120590;ICICI Prudential Gilt Fund - Direct Plan - Growth;INF109K018C5;;110.4825;;;25-Aug-2025
120589;ICICI Prudential Gilt Fund - Direct Plan - IDCW;INF109K016C9;INF109K017C7;18.6512;;;25-Aug-2025
100369;ICICI Prudential Gilt Fund - Growth;INF109K01JR4;;102.4709;;;25-Aug-2025
100368;ICICI Prudential Gilt Fund - IDCW;INF109K01JQ6;INF109K01JP8;17.6678;;;25-Aug-2025

Invesco Mutual Fund
107476;Invesco India Gilt Fund - Annual IDCW (Payout / Reinvestment);INF205K01SJ8;INF205K01SK6;1185.7311;;;25-Aug-2025
120520;Invesco India Gilt Fund - Direct  Plan - Growth;INF205K01SN0;;3090.1212;;;25-Aug-2025
120519;Invesco India Gilt Fund - Direct Plan - Annual IDCW (Payout / Reinvestment);INF205K01SL4;INF205K01SM2;1200.7217;;;25-Aug-2025
120521;Invesco India Gilt Fund - Direct Plan - Monthly IDCW (Reinvestment);;INF205K01SO8;2411.3564;;;25-Aug-2025
120522;Invesco India Gilt Fund - Direct Plan - Quarterly IDCW (Payout / Reinvestment);INF205K01SP5;INF205K01SQ3;1070.5881;;;25-Aug-2025
107477;Invesco India Gilt Fund - Growth;INF205K01SR1;;2790.9495;;;25-Aug-2025
107471;Invesco India Gilt Fund - Monthly IDCW (Reinvestment);;INF205K01SS9;1572.0671;;;25-Aug-2025
107472;Invesco India Gilt Fund - Quarterly IDCW (Payout / Reinvestment);INF205K01ST7;INF205K01SU5;1272.4718;;;25-Aug-2025

Kotak Mahindra Mutual Fund
100281;Kotak Gilt-Investment  Provident Fund and Trust-Growth;INF174K01FL9;;95.7617;;;25-Aug-2025
119757;Kotak Gilt-Investment  Provident Fund and Trust-Growth - Direct;INF174K01KM7;;108.9688;;;25-Aug-2025
100280;Kotak Gilt-Investment  Provident Fund and Trust-Payout of Income Distribution cum capital withdrawal option;INF174K01FM7;;11.6771;;;25-Aug-2025
100265;Kotak Gilt-Investment Regular-Growth;INF174K01FI5;;93.6022;;;25-Aug-2025
119759;Kotak Gilt-Investment Regular-Growth - Direct;INF174K01KE4;;106.3905;;;25-Aug-2025
100264;Kotak Gilt-Investment Regular-Payout of Income Distribution cum capital withdrawal option;INF174K01FK1;INF174K01FJ3;18.2901;;;25-Aug-2025
119758;Kotak Gilt-Investment Regular-Payout of Income Distribution cum capital withdrawal option - Direct;INF174K01KF1;;23.7256;;;25-Aug-2025

LIC Mutual Fund
120282;LIC MF Gilt Fund-Direct Plan-Growth;INF767K01EZ3;;64.275;;;25-Aug-2025
120283;LIC MF Gilt Fund-Direct Plan-IDCW;INF767K01EY6;INF767K01FA3;18.5192;;;25-Aug-2025
100319;LIC MF Gilt Fund-PF Plan-Growth;INF767K01733;;33.655;;;25-Aug-2025
100318;LIC MF Gilt Fund-PF Plan-IDCW;INF767K01717;INF767K01725;21.7782;;;25-Aug-2025
100317;LIC MF Gilt Fund-Regular Plan-Growth;INF767K01709;;58.2706;;;25-Aug-2025
100316;LIC MF Gilt Fund-Regular Plan-IDCW;INF767K01683;INF767K01691;16.7965;;;25-Aug-2025

Nippon India Mutual Fund
118670;NIPPON INDIA GILT  FUND - Direct Plan - MONTHLY IDCW Option;INF204K01XQ6;INF204K01XR4;11.3026;;;25-Aug-2025
118669;Nippon India Gilt  Fund - Direct Plan - P F Option - Automatic Capital Appreciation Payout Option;INF204K01E70;;42.0411;;;25-Aug-2025
118673;Nippon India Gilt  Fund - Direct Plan - P F Option - Defined Maturity Date Option;INF204K01E88;;42.2643;;;25-Aug-2025
118672;Nippon India Gilt  Fund - Direct Plan Growth Plan - Growth Option;INF204K01XP8;;42.1504;;;25-Aug-2025
109717;Nippon India Gilt  Fund - Institutional Plan-Growth Plan -Growth Option;INF204K01BX8;;37.9371;;;25-Aug-2025
109723;NIPPON INDIA GILT  FUND - MONTHLY IDCW Option;INF204K01BV2;INF204K01BW0;10.3562;;;25-Aug-2025
109720;Nippon India Gilt  Fund -Growth Plan - Growth Option;INF204K01BU4;;37.3414;;;25-Aug-2025
109716;Nippon India Gilt  Fund -P F Option-Automatic Annual Reinvest Option;INF204K01CA4;;31.3129;;;25-Aug-2025
109721;Nippon India Gilt  Fund -P F Option-Defined Maturity Date Option;INF204K01CB2;;37.3414;;;25-Aug-2025
133265;Nippon India Gilt  Fund- Direct Plan- Growth Plan- Bonus Option;INF204KA1YV2;;23.5580;;;25-Aug-2025
109724;Nippon India Gilt  Fund-P F Option-Automatic Capital Appreciation Payout Option;INF204K01CC0;;37.3414;;;25-Aug-2025
118674;Nippon India Gilt Fund - Direct Plan - P F Option - Automatic Annual Reinvest Option;;INF204K01E62;22.8146;;;25-Aug-2025

PGIM India Mutual Fund
138472;PGIM India Gilt Fund - Direct Plan - Growth;INF223J01ND7;;32.2628;;;25-Aug-2025
138474;PGIM India Gilt Fund - Direct Plan - Quarterly Dividend;INF223J01NB1;;14.3879;;;25-Aug-2025
138470;PGIM India Gilt Fund - Growth;INF223J01AQ6;;29.7771;;;25-Aug-2025
138467;PGIM India Gilt Fund - Quarterly Dividend;INF223J01AO1;INF223J01AP8;13.5659;;;25-Aug-2025

quant Mutual Fund
151228;quant Gilt Fund - Growth Option - Direct Plan;INF966L01BF7;;11.9972;;;25-Aug-2025
151230;quant Gilt Fund - Growth Option - Regular Plan;INF966L01BI1;;11.7094;;;25-Aug-2025
151229;quant Gilt Fund - IDCW Option - Direct Plan;INF966L01BG5;INF966L01BH3;11.9942;;;25-Aug-2025
151231;quant Gilt Fund - IDCW Option - Regular Plan;INF966L01BJ9;INF966L01BK7;11.7177;;;25-Aug-2025

SBI Mutual Fund
101934;SBI MAGNUM GILT FUND -  GROWTH - PF (Fixed Period - 3 Yrs) Option;INF200K01AH1;;39.0677;;;25-Aug-2025
101932;SBI MAGNUM GILT FUND -  GROWTH - PF (Regular) Option;INF200K01AK5;;41.8137;;;25-Aug-2025
119707;SBI MAGNUM GILT FUND - DIRECT PLAN - GROWTH;INF200K01SH3;;69.0296;;;25-Aug-2025
119706;SBI Magnum Gilt Fund - Direct Plan - Income Distribution cum Capital Withdrawal Option (IDCW);INF200K01SF7;INF200K01SG5;22.0312;;;25-Aug-2025
101950;SBI Magnum Gilt Fund - Income Distribution cum Capital Withdrawal Option (IDCW) - PF (Fixed Period - 1 Yr);INF200K01AC2;INF200K01AD0;20.1230;;;25-Aug-2025
101951;SBI Magnum Gilt Fund - Income Distribution cum Capital Withdrawal Option (IDCW) - PF (Fixed Period - 2 Yrs);INF200K01AF5;INF200K01AG3;20.3634;;;25-Aug-2025
101952;SBI Magnum Gilt Fund - Income Distribution cum Capital Withdrawal Option (IDCW) - PF (Fixed Period - 3 Yrs);INF200K01AI9;INF200K01AJ7;19.7439;;;25-Aug-2025
101001;SBI MAGNUM GILT FUND - REGULAR PLAN - GROWTH;INF200K01982;;65.1329;;;25-Aug-2025
100999;SBI Magnum Gilt Fund - Regular Plan - Income Distribution cum Capital Withdrawal Option (IDCW);INF200K01990;INF200K01AA6;20.0282;;;25-Aug-2025

Tata Mutual Fund
119954;Tata Gilt Securities Fund - Direct Plan - Payout of IDCW Option;INF277K01OV1;INF277K01OW9;24.2816;;;25-Aug-2025
101049;Tata Gilt Securities Fund - Regular Plan - Payout of IDCW Option;INF277K01DN1;INF277K01535;21.3207;;;25-Aug-2025
101042;Tata Gilt Securities Fund -Regular Plan- Growth Option;INF277K01519;;76.9109;;;25-Aug-2025
119953;Tata Gilt Securities Fund- Direct Plan - Growth Option;INF277K01OX7;;86.2411;;;25-Aug-2025

Union Mutual Fund
150408;Union Gilt Fund - Direct Plan - Annual IDCW Option;INF582M01IA6;INF582M01IB4;12.0852;;;25-Aug-2025
150407;Union Gilt Fund - Direct Plan - Growth Option;INF582M01HW2;;12.0852;;;25-Aug-2025
150456;Union Gilt Fund - Direct Plan - Half-yearly IDCW Option;INF582M01HX0;INF582M01HY8;12.0852;;;25-Aug-2025
150406;Union Gilt Fund - Regular Plan - Annual IDCW Option;INF582M01IH1;INF582M01II9;11.9032;;;25-Aug-2025
150405;Union Gilt Fund - Regular Plan - Growth Option;INF582M01ID0;;11.9032;;;25-Aug-2025
150457;Union Gilt Fund - Regular Plan - Half-yearly IDCW Option;INF582M01IE8;INF582M01IF5;11.9032;;;25-Aug-2025

UTI Mutual Fund
120792;UTI - GILT FUND - Direct Plan - Growth Option;INF789F01TL5;;64.1398;;;25-Aug-2025
102512;UTI - GILT FUND - Discontinued PF Plan - Growth Option;INF789F01PT6;;46.0453;;;25-Aug-2025
102514;UTI - GILT FUND - Discontinued PF Plan Prescribed Date Auto Redemption Option;INF789F01PU4;;46.0709;;;25-Aug-2025
102510;UTI - GILT FUND - Regular Plan - Growth Option;INF789F01661;;61.9277;;;25-Aug-2025
102511;UTI - GILT FUND -Discontinued PF Plan -Dividend Option;INF789F01PR0;INF789F01PS8;25.3434;;;25-Aug-2025
120791;UTI Gilt Fund - Direct Plan - IDCW;INF789F01TJ9;INF789F01TK7;29.9235;;;25-Aug-2025
102509;UTI Gilt Fund - Regular Plan - IDCW;INF789F01646;INF789F01653;37.3664;;;25-Aug-2025

Open Ended Schemes ( Debt Scheme - Gilt Fund with 10 year constant duration )


Bandhan Mutual Fund
108646;BANDHAN Government Securities Fund - Constant Maturity Plan - Regular Plan - Quarterly IDCW;INF194K01FF9;INF194K01FE2;11.4117;;;25-Aug-2025
108753;BANDHAN Government Securities Fund - Constant Maturity Plan - Regular Plan - Growth;INF194K01FA0;;45.6047;;;25-Aug-2025
111343;BANDHAN Government Securities Fund - Constant Maturity Plan - Regular Plan - Weekly IDCW;INF194K01FI3;INF194K01FH5;10.1794;;;25-Aug-2025
108644;BANDHAN Government Securities Fund - Constant Maturity Plan - Regular Plan - Monthly IDCW;INF194K01FC6;INF194K01FB8;10.2377;;;25-Aug-2025
131391;BANDHAN Government Securities Fund - Constant Maturity Plan - Regular Plan - Periodic IDCW;INF194KA1SI3;INF194KA1SJ1;16.3254;;;25-Aug-2025
118387;BANDHAN Government Securities Fund - Constant Maturity Plan -Direct Plan-Growth;INF194K01P38;;46.3821;;;25-Aug-2025
118390;BANDHAN Government Securities Fund - Constant Maturity Plan -Direct Plan-Monthly IDCW;INF194K01P53;INF194K01P46;10.2816;;;25-Aug-2025
131390;BANDHAN Government Securities Fund - Constant Maturity Plan -Direct Plan-Periodic IDCW;INF194KA1SL7;INF194KA1SM5;13.8163;;;25-Aug-2025
118388;BANDHAN Government Securities Fund - Constant Maturity Plan -Direct Plan-Quarterly IDCW;INF194K01P87;INF194K01P79;11.7067;;;25-Aug-2025
118389;BANDHAN Government Securities Fund - Constant Maturity Plan -Direct Plan-Weekly IDCW;;INF194K01Q03;17.7214;;;25-Aug-2025

DSP Mutual Fund
131301;DSP 10Y G-Sec Fund - Direct Plan - Growth;INF740K019I5;;22.2542;;;25-Aug-2025
131304;DSP 10Y G-Sec Fund - Direct Plan - IDCW;INF740K010J2;INF740K011J0;10.7675;;;25-Aug-2025
131303;DSP 10Y G-Sec Fund - Direct Plan - IDCW - Monthly;INF740K012J8;INF740K013J6;10.4432;;;25-Aug-2025
131302;DSP 10Y G-Sec Fund - Direct Plan - IDCW - Quarterly;INF740K014J4;INF740K015J1;10.8007;;;25-Aug-2025
131297;DSP 10Y G-Sec Fund - Regular Plan - Growth;INF740K012I0;;21.7157;;;25-Aug-2025
131298;DSP 10Y G-Sec Fund - Regular Plan - IDCW;INF740K013I8;INF740K014I6;10.5595;;;25-Aug-2025
131299;DSP 10Y G-Sec Fund - Regular Plan - IDCW - Monthly;INF740K015I3;INF740K016I1;10.5993;;;25-Aug-2025
131300;DSP 10Y G-Sec Fund - Regular Plan - IDCW - Quarterly ;INF740K017I9;INF740K018I7;10.8535;;;25-Aug-2025

ICICI Prudential Mutual Fund
131061;ICICI Prudential Constant Maturity Gilt Fund - Direct Plan - Growth;INF109KA1O37;;25.1756;;;25-Aug-2025
131054;ICICI Prudential Constant Maturity Gilt Fund - Direct Plan - Quarterly IDCW;INF109KA1O52;INF109KA1O94;11.4777;;;25-Aug-2025
131051;ICICI Prudential Constant Maturity Gilt Fund - Growth;INF109KA1N46;;24.6209;;;25-Aug-2025
131057;ICICI Prudential Constant Maturity Gilt Fund - quarterly IDCW;INF109KA1N61;INF109KA1O03;11.2192;;;25-Aug-2025

SBI Mutual Fund
120137;SBI MAGNUM CONSTANT MATURITY FUND - DIRECT PLAN - GROWTH;INF200K01SK7;;65.9629;;;25-Aug-2025
120136;SBI Magnum Constant Maturity Fund - Direct Plan - Income Distribution cum Capital Withdrawal Option (IDCW);INF200K01SI1;INF200K01SJ9;21.4566;;;25-Aug-2025
101002;SBI MAGNUM CONSTANT MATURITY FUND - REGULAR PLAN - GROWTH;INF200K01AN9;;63.4104;;;25-Aug-2025
101003;SBI Magnum Constant Maturity Fund - Regular Plan - Income Distribution cum Capital Withdrawal Option (IDCW);INF200K01AO7;INF200K01AP4;20.6232;;;25-Aug-2025

UTI Mutual Fund
150423;UTI Gilt Fund with 10 year Constant Duration - Direct Plan - Annual IDCW Option;INF789F1AVW7;INF789F1AVX5;11.3904;;;25-Aug-2025
150424;UTI Gilt Fund with 10 year Constant Duration - Direct Plan - Flexi IDCW Option;INF789F1AVY3;INF789F1AVZ0;12.7323;;;25-Aug-2025
150410;UTI Gilt Fund with 10 year Constant Duration - Direct Plan - Growth Option;INF789F1AVR7;;12.7322;;;25-Aug-2025
150415;UTI Gilt Fund with 10 year Constant Duration - Direct Plan - Half Yearly IDCW Option;INF789F1AVU1;INF789F1AVV9;12.5507;;;25-Aug-2025
150412;UTI Gilt Fund with 10 year Constant Duration - Direct Plan - Quarterly IDCW Option;INF789F1AVS5;INF789F1AVT3;12.7324;;;25-Aug-2025
150419;UTI Gilt Fund with 10 year Constant Duration - Regular Plan - Annual IDCW Option;INF789F1AVN6;INF789F1AVO4;11.2099;;;25-Aug-2025
150420;UTI Gilt Fund with 10 year Constant Duration - Regular Plan - Flexi IDCW Option;INF789F1AVP1;INF789F1AVQ9;12.5442;;;25-Aug-2025
150409;UTI Gilt Fund with 10 year Constant Duration - Regular Plan - Growth Option;INF789F1AVI6;;12.5446;;;25-Aug-2025
150416;UTI Gilt Fund with 10 year Constant Duration - Regular Plan - Half Yearly IDCW Option;INF789F1AVL0;INF789F1AVM8;12.5444;;;25-Aug-2025
150411;UTI Gilt Fund with 10 year Constant Duration - Regular Plan - Quarterly IDCW Option;INF789F1AVJ4;INF789F1AVK2;12.5447;;;25-Aug-2025

Open Ended Schemes ( Debt Scheme - Floater Fund )


Aditya Birla Sun Life Mutual Fund
122645;Aditya Birla Sun Life Floating Rate Fund-Direct - daily IDCW;INF209K01UW9;;100.9291;;;25-Aug-2025
122648;Aditya Birla Sun Life Floating Rate Fund-Direct - weekly IDCW;INF209K01UY5;;101.3045;;;25-Aug-2025
122646;Aditya Birla Sun Life Floating Rate Fund-Direct Plan-Growth;INF209K01UX7;;361.6435;;;25-Aug-2025
122643;Aditya Birla Sun Life Floating Rate Fund-Regular - DAILY IDCW;;INF209KA1LN1;101.1209;;;25-Aug-2025
122647;Aditya Birla Sun Life Floating Rate Fund-REGULAR - WEEKLY IDCW;;INF209K01MH7;101.2777;;;25-Aug-2025
122644;Aditya Birla Sun Life Floating Rate Fund-Regular Plan-Growth;INF209K01MG9;;351.7776;;;25-Aug-2025
122649;Aditya Birla Sun Life Floating Rate Fund-RETAIL - WEEKLY IDCW;;INF209K01MI5;101.3466;;;25-Aug-2025
122650;Aditya Birla Sun Life Floating Rate Fund-Retail Plan-Growth;INF209K01MF1;;508.7992;;;25-Aug-2025

Axis Mutual Fund
149055;Axis Floater Fund - Direct Plan - Annual IDCW;INF846K016A1;INF846K015A3;1290.3296;;;25-Aug-2025
149050;Axis Floater Fund - Direct Plan - Daily IDCW;;INF846K011B0;994.9241;;;25-Aug-2025
149049;Axis Floater Fund - Direct Plan - Growth;INF846K014A6;;1320.1115;;;25-Aug-2025
149051;Axis Floater Fund - Direct Plan - Monthly IDCW;INF846K018A7;INF846K017A9;1002.3849;;;25-Aug-2025
149052;Axis Floater Fund - Direct Plan - Quarterly IDCW;INF846K019A5;INF846K010B2;1256.7357;;;25-Aug-2025
149047;Axis Floater Fund - Regular Plan - Annual IDCW;INF846K014B4;INF846K013B6;1272.5773;;;25-Aug-2025
149054;Axis Floater Fund - Regular Plan - Daily IDCW;;INF846K019B3;1007.4150;;;25-Aug-2025
149048;Axis Floater Fund - Regular Plan - Growth;INF846K012B8;;1300.3155;;;25-Aug-2025
149053;Axis Floater Fund - Regular Plan - Monthly IDCW;INF846K016B9;INF846K015B1;1003.5200;;;25-Aug-2025
149046;Axis Floater Fund - Regular Plan - Quarterly IDCW;INF846K018B5;INF846K017B7;1239.2412;;;25-Aug-2025

Bandhan Mutual Fund
148714;BANDHAN FLOATER FUND  - DIRECT PLAN DAILY IDCW;;INF194KB1BB3;10.1081;;;25-Aug-2025
148711;BANDHAN FLOATER FUND  - DIRECT PLAN GROWTH;INF194KB1BA5;;13.2791;;;25-Aug-2025
148713;BANDHAN FLOATER FUND  - DIRECT PLAN MONTHLY IDCW;INF194KB1BD9;INF194KB1BE7;10.1216;;;25-Aug-2025
148715;BANDHAN FLOATER FUND  - DIRECT PLAN PERIODIC IDCW;INF194KB1BH0;INF194KB1BI8;12.9919;;;25-Aug-2025
148712;BANDHAN FLOATER FUND  - DIRECT PLAN QUARTERLY IDCW;INF194KB1BF4;INF194KB1BG2;10.3683;;;25-Aug-2025
148716;BANDHAN FLOATER FUND  - DIRECT PLAN WEEKLY IDCW;;INF194KB1BC1;10.1167;;;25-Aug-2025
148718;BANDHAN FLOATER FUND  - REGULAR PLAN ANNUAL IDCW;INF194KB1AY7;INF194KB1AZ4;10.4739;;;25-Aug-2025
148710;BANDHAN FLOATER FUND  - REGULAR PLAN DAILY IDCW;;INF194KB1AQ3;10.1048;;;25-Aug-2025
148705;BANDHAN FLOATER FUND  - REGULAR PLAN GROWTH;INF194KB1AP5;;12.9881;;;25-Aug-2025
148707;BANDHAN FLOATER FUND  - REGULAR PLAN MONTHLY IDCW;INF194KB1AS9;INF194KB1AT7;10.1169;;;25-Aug-2025
148709;BANDHAN FLOATER FUND  - REGULAR PLAN PERIODIC IDCW;INF194KB1AW1;INF194KB1AX9;12.9895;;;25-Aug-2025
148706;BANDHAN FLOATER FUND  - REGULAR PLAN QUARTERLY IDCW;INF194KB1AU5;INF194KB1AV3;10.3305;;;25-Aug-2025
148708;BANDHAN FLOATER FUND  - REGULAR PLAN WEEKLY IDCW;;INF194KB1AR1;10.1126;;;25-Aug-2025
148717;BANDHAN FLOATER FUND- DIRECT PLAN ANNUAL IDCW;INF194KB1BJ6;INF194KB1BK4;10.5069;;;25-Aug-2025

DSP Mutual Fund
148771;DSP Floater Fund - Direct Plan - Growth;INF740KA1PV1;;13.4901;;;25-Aug-2025
148769;DSP Floater Fund - Direct Plan - IDCW;INF740KA1PW9;INF740KA1PX7;13.4901;;;25-Aug-2025
148768;DSP Floater Fund - Regular Plan - Growth;INF740KA1PS7;;13.3262;;;25-Aug-2025
148770;DSP Floater Fund - Regular Plan - IDCW;INF740KA1PT5;INF740KA1PU3;13.3262;;;25-Aug-2025

Franklin Templeton Mutual Fund
118508;Franklin India Floating Rate Fund - Direct - Growth;INF090I01LK1;;44.9523;;;25-Aug-2025
118507;Franklin India Floating Rate Fund - Direct - IDCW ;INF090I01LL9;;10.1621;;;25-Aug-2025
101048;Franklin India Floating Rate Fund - Growth Plan;INF090I01LM7;;41.1344;;;25-Aug-2025
101044;Franklin India Floating Rate Fund - IDCW ;INF090I01LN5;;10.2625;;;25-Aug-2025

HDFC Mutual Fund
106838;HDFC Floating Rate Debt Fund - Daily IDCW Option;;INF179K01699;10.0809;;;25-Aug-2025
118959;HDFC Floating Rate Debt Fund - Direct Plan - Daily IDCW;;;10.0809;;;25-Aug-2025
118961;HDFC Floating Rate Debt Fund - Direct Plan - Growth Option;INF179K01VQ4;;51.5487;;;25-Aug-2025
118960;HDFC Floating Rate Debt Fund - Direct Plan - Monthly IDCW;INF179K01VO9;INF179K01VP6;10.1704;;;25-Aug-2025
118962;HDFC Floating Rate Debt Fund - Direct Plan - Weekly IDCW;;;10.0452;;;25-Aug-2025
106841;HDFC Floating Rate Debt Fund - Growth Option;INF179K01707;;50.5168;;;25-Aug-2025
106839;HDFC Floating Rate Debt Fund - Monthly IDCW Option;INF179K01715;INF179K01723;10.1761;;;25-Aug-2025
106840;HDFC Floating Rate Debt Fund - Weekly IDCW Option;INF179K01731;INF179K01749;10.0447;;;25-Aug-2025

ICICI Prudential Mutual Fund
101804;ICICI Prudential Floating Interest Fund - Daily IDCW;INF109K01AW3;;101.9271;;;25-Aug-2025
120423;ICICI Prudential Floating Interest Fund - Direct Plan - Daily IDCW;;INF109K01P24;101.9325;;;25-Aug-2025
120425;ICICI Prudential Floating Interest Fund - Direct Plan - Growth;INF109K01P57;;469.0109;;;25-Aug-2025
120426;ICICI Prudential Floating Interest Fund - Direct Plan - IDCW Others;INF109K01P65;INF109K01P32;200.5181;;;25-Aug-2025
120424;ICICI Prudential Floating Interest Fund - Direct Plan - Weekly IDCW;INF109K01P73;INF109K01P81;102.3294;;;25-Aug-2025
101802;ICICI Prudential Floating Interest Fund - Growth;INF109K01AX1;;429.0408;;;25-Aug-2025
115510;ICICI Prudential Floating Interest Fund - IDCW Others;INF109K01WQ9;INF109K01WP1;189.3900;;;25-Aug-2025
111545;ICICI Prudential Floating Interest Fund - Weekly IDCW;INF109K01EN4;INF109K01AY9;102.3166;;;25-Aug-2025

Kotak Mahindra Mutual Fund
147269;KOTAK FLOATING RATE FUND-DIRECT PLAN-GROWTH OPTION;INF174KA1EC0;;1567.7137;;;25-Aug-2025
147267;KOTAK FLOATING RATE FUND-DIRECT PLAN-Standard Reinvestment of Income Distribution cum capital withdrawal option;;INF174KA1EF3;1365.7175;;;25-Aug-2025
147266;KOTAK FLOATING RATE FUND-REGULAR PLAN-GROWTH OPTION;INF174KA1DY6;;1530.6119;;;25-Aug-2025
147265;KOTAK FLOATING RATE FUND-REGULAR PLAN-STANDARD Reinvestment of Income Distribution cum capital withdrawal option;;INF174KA1EB2;1364.1027;;;25-Aug-2025

Nippon India Mutual Fund
118660;NIPPON INDIA FLOATER  FUND - DIRECT Plan - WEEKLY IDCW Option;INF204K01D14;INF204K01E13;10.4065;;;25-Aug-2025
118656;Nippon India Floater Fund  - Direct Plan Growth Plan - Growth Option;INF204K01E05;;48.0891;;;25-Aug-2025
102676;NIPPON INDIA FLOATER FUND - DAILY IDCW REINVESTMENT Option;;INF204K01CI7;10.3880;;;25-Aug-2025
118654;NIPPON INDIA FLOATER FUND - DIRECT Plan - DAILY IDCW Option;;INF204K01D71;10.4099;;;25-Aug-2025
124590;NIPPON INDIA FLOATER FUND - DIRECT Plan - IDCW Option;INF204KA1DU8;INF204KA1DV6;21.4551;;;25-Aug-2025
118655;NIPPON INDIA FLOATER FUND - DIRECT Plan - MONTHLY IDCW Option;INF204K01D89;INF204K01D97;11.3180;;;25-Aug-2025
118661;NIPPON INDIA FLOATER FUND - DIRECT Plan - QUARTERLY IDCW Option;INF204K01C98;INF204K01D06;10.9464;;;25-Aug-2025
102673;Nippon India Floater Fund - Growth Plan-Growth Option;INF204K01CG1;;45.6843;;;25-Aug-2025
124589;NIPPON INDIA FLOATER FUND - IDCW Option;INF204KA1DS2;INF204KA1DT0;20.6275;;;25-Aug-2025
102675;NIPPON INDIA FLOATER FUND - MONTHLY IDCW Option;INF204K01CH9;INF204K01CK3;11.1187;;;25-Aug-2025
112942;NIPPON INDIA FLOATER FUND - QUARTERLY IDCW Option;INF204K01HK2;INF204K01HL0;11.0467;;;25-Aug-2025
102677;NIPPON INDIA FLOATER FUND - WEEKLY IDCW Option;INF204K01OQ5;INF204K01CJ5;10.4026;;;25-Aug-2025

SBI Mutual Fund
148550;SBI Floating Rate Debt Fund - Direct Plan - Growth;INF200KA1R64;;13.5632;;;25-Aug-2025
148551;SBI Floating Rate DEBT Fund - Direct Plan - Monthly Income Distribution cum Capital Withdrawal Option (IDCW);INF200KA1R72;INF200KA1R80;13.5624;;;25-Aug-2025
148549;SBI Floating Rate DEBT Fund - Direct Plan - Quarterly Income Distribution cum Capital Withdrawal Option (IDCW);INF200KA1R98;INF200KA1S06;13.5634;;;25-Aug-2025
148543;SBI Floating Rate Debt Fund - Regular Plan - Growth;INF200KA1R15;;13.4367;;;25-Aug-2025
148544;SBI Floating Rate DEBT Fund - Regular Plan - Monthly Income Distribution cum Capital Withdrawal Option (IDCW);INF200KA1R23;INF200KA1R31;13.4402;;;25-Aug-2025
148546;SBI Floating Rate DEBT Fund - Regular Plan - Quarterly Income Distribution cum Capital Withdrawal Option (IDCW);INF200KA1R49;INF200KA1R56;13.4377;;;25-Aug-2025

Tata Mutual Fund
149007;Tata Floating Rate Fund -Direct Plan-Growth;INF277KA1026;;13.0707;;;25-Aug-2025
149037;Tata Floating Rate Fund-Direct Plan-IDCW Monthly Dividend Reinvestment;;INF277KA1075;13.0707;;;25-Aug-2025
149000;Tata Floating Rate Fund-Direct Plan-IDCW Monthly Payout;INF277KA1042;;13.0707;;;25-Aug-2025
149033;Tata Floating Rate Fund-Direct Plan-IDCW Periodic Dividend Reinvestment;;INF277KA1067;13.0707;;;25-Aug-2025
149002;Tata Floating Rate Fund-Direct Plan-IDCW Periodic Payout;INF277KA1034;;13.0707;;;25-Aug-2025
149034;Tata Floating Rate Fund-Direct Plan-IDCW Quarterly Dividend Reinvestment;;INF277KA1083;13.0707;;;25-Aug-2025
149001;Tata Floating Rate Fund-Direct Plan-IDCW Quarterly Payout;INF277KA1059;;13.0707;;;25-Aug-2025
149003;Tata Floating Rate Fund-Regular Plan-Growth;INF277KA1091;;12.8374;;;25-Aug-2025
149035;Tata Floating Rate Fund-Regular Plan-IDCW Monthly Dividend Reinvestment;;INF277KA1141;12.8374;;;25-Aug-2025
149004;Tata Floating Rate Fund-Regular Plan-IDCW Monthly Payout;INF277KA1117;;12.8374;;;25-Aug-2025
149036;Tata Floating Rate Fund-Regular Plan-IDCW Periodic Dividend Reinvestment;;INF277KA1133;12.8374;;;25-Aug-2025
149006;Tata Floating Rate Fund-Regular Plan-IDCW Periodic Payout;INF277KA1109;;12.8374;;;25-Aug-2025
149038;Tata Floating Rate Fund-Regular Plan-IDCW Quarterly Dividend Reinvestment;;INF277KA1158;12.8374;;;25-Aug-2025
149005;Tata Floating Rate Fund-Regular Plan-IDCW Quarterly Payout;INF277KA1125;;12.8374;;;25-Aug-2025

UTI Mutual Fund
145295;UTI - Floater Fund - Direct Plan - Growth Option;INF789F1ACX5;;1578.9273;;;25-Aug-2025
145287;UTI - Floater Fund - Regular Plan  - Growth Option;INF789F1ACO4;;1508.2405;;;25-Aug-2025
145293;UTI Floater Fund - Direct Plan - Annual IDCW;INF789F1ADA1;INF789F1ADB9;1445.3805;;;25-Aug-2025
145291;UTI Floater Fund - Direct Plan - Flexi IDCW;INF789F1ADE3;INF789F1ADF0;1487.4693;;;25-Aug-2025
145296;UTI Floater Fund - Direct Plan - Half-Yearly IDCW;INF789F1ADC7;INF789F1ADD5;1439.1958;;;25-Aug-2025
145290;UTI Floater Fund - Direct Plan - Quarterly IDCW;INF789F1ACY3;INF789F1ACZ0;1369.032;;;25-Aug-2025
145289;UTI Floater Fund - Regular Plan - Annual IDCW;INF789F1ACR7;INF789F1ACS5;1432.3626;;;25-Aug-2025
145292;UTI Floater Fund - Regular Plan - Flexi IDCW;INF789F1ACV9;INF789F1ACW7;1378.7987;;;25-Aug-2025
145288;UTI Floater Fund - Regular Plan - Half-Yearly IDCW;INF789F1ACT3;INF789F1ACU1;1332.0072;;;25-Aug-2025
145294;UTI Floater Fund - Regular Plan - Quarterly IDCW;INF789F1ACP1;INF789F1ACQ9;1246.2088;;;25-Aug-2025

Open Ended Schemes ( Hybrid Scheme - Conservative Hybrid Fund )


Aditya Birla Sun Life Mutual Fund
120550;Aditya Birla Sun Life Regular Savings Fund - DIRECT - MONTHLY IDCW;INF209K01R47;;27.1788;;;25-Aug-2025
120705;Aditya Birla Sun Life Regular Savings Fund - Growth / Payment - Direct Plan;INF209K01XH4;INF209K01XJ0;75.1971;;;25-Aug-2025
101818;Aditya Birla Sun Life Regular Savings Fund - Growth / Payment - Regular Plan;INF209K01751;INF209K01777;67.2298;;;25-Aug-2025
101816;Aditya Birla Sun Life Regular Savings Fund - REGULAR - MONTHLY IDCW;INF209K01769;INF209K01DF0;16.6275;;;25-Aug-2025

Axis Mutual Fund
120477;Axis Conservative Hybrid Fund - Direct Plan - Annual IDCW;INF846K01DY0;INF846K01DZ7;16.4536;;;25-Aug-2025
120480;Axis Conservative Hybrid Fund - Direct Plan - Growth Option;INF846K01EA8;;35.0252;;;25-Aug-2025
120478;Axis Conservative Hybrid Fund - Direct Plan - Half Yearly;INF846K01EB6;INF846K01EC4;13.7364;;;25-Aug-2025
120479;Axis Conservative Hybrid Fund - Direct Plan - Quarterly;INF846K01ED2;INF846K01EE0;13.2130;;;25-Aug-2025
112927;Axis Conservative Hybrid Fund - Regular Plan - Annual IDCW;INF846K01743;INF846K01750;13.9460;;;25-Aug-2025
112924;Axis Conservative Hybrid Fund - Regular Plan - Growth Option;INF846K01693;;29.9032;;;25-Aug-2025
112926;Axis Conservative Hybrid Fund - Regular Plan - Half Yearly IDCW;INF846K01727;INF846K01735;13.0044;;;25-Aug-2025
112925;Axis Conservative Hybrid Fund - Regular Plan - Quarterly IDCW;INF846K01701;INF846K01719;10.8881;;;25-Aug-2025

Bandhan Mutual Fund
112353;BANDHAN Conservative Hybrid Fund - Regular Plan - Growth;INF194K01RW9;;31.8872;;;25-Aug-2025
112352;BANDHAN Conservative Hybrid Fund - Regular Plan - IDCW;INF194K01RY5;INF194K01RX7;11.4763;;;25-Aug-2025
113361;BANDHAN Conservative Hybrid Fund - Regular Plan - Quarterly IDCW;INF194K01SB1;INF194K01SA3;13.9304;;;25-Aug-2025
118491;BANDHAN Conservative Hybrid Fund-Direct Plan-Growth;INF194K015B9;;35.7299;;;25-Aug-2025
118490;BANDHAN Conservative Hybrid Fund-Direct Plan-IDCW;INF194K017B5;INF194K016B7;13.4398;;;25-Aug-2025
118492;BANDHAN Conservative Hybrid Fund-Direct Plan-Quarterly IDCW;INF194K010C8;INF194K019B1;16.5927;;;25-Aug-2025

Baroda BNP Paribas Mutual Fund
150206;BARODA BNP PARIBAS Conservative Hybrid Fund - Direct Plan - Growth Option;INF251K01HR8;;54.5380;;;25-Aug-2025
150207;BARODA BNP PARIBAS Conservative Hybrid Fund - Direct Plan - Monthly IDCW Option;INF251K01HS6;INF251K01HT4;13.3595;;;25-Aug-2025
150208;BARODA BNP PARIBAS Conservative Hybrid Fund - Direct Plan - Quarterly IDCW Option;INF251K01HU2;INF251K01HV0;13.0165;;;25-Aug-2025
150203;BARODA BNP PARIBAS Conservative Hybrid Fund-Regular Plan-Growth Option;INF251K01845;;44.6720;;;25-Aug-2025
150204;BARODA BNP PARIBAS Conservative hybrid Fund-Regular Plan-Monthly IDCW Option;INF251K01852;INF251K01860;11.0012;;;25-Aug-2025
150205;BARODA BNP PARIBAS Conservative Hybrid Fund-Regular Plan-Quarterly IDCW Option;INF251K01878;INF251K01886;11.2060;;;25-Aug-2025

Canara Robeco Mutual Fund
118309;CANARA ROBECO CONSERVATIVE HYBRID FUND - DIRECT PLAN - GROWTH OPTION;INF760K01GB4;;111.8787;;;25-Aug-2025
118311;CANARA ROBECO CONSERVATIVE HYBRID FUND - DIRECT PLAN - MONTHLY IDCW (Payout/Reinvestment);INF760K01FZ5;INF760K01GA6;16.7165;;;25-Aug-2025
118310;CANARA ROBECO CONSERVATIVE HYBRID FUND - DIRECT PLAN - QUARTERLY IDCW (Payout/Reinvestment);INF760K01GC2;INF760K01GD0;16.8102;;;25-Aug-2025
100601;CANARA ROBECO CONSERVATIVE HYBRID FUND - REGULAR PLAN - GROWTH OPTION;INF760K01282;;97.3707;;;25-Aug-2025
100600;CANARA ROBECO CONSERVATIVE HYBRID FUND - REGULAR PLAN - MONTHLY IDCW (Payout/Reinvestment);INF760K01308;INF760K01316;13.2461;;;25-Aug-2025
112378;CANARA ROBECO CONSERVATIVE HYBRID FUND - REGULAR PLAN - QUARTERLY IDCW (Payout/Reinvestment);INF760K01AP7;INF760K01AQ5;14.1478;;;25-Aug-2025

DSP Mutual Fund
118994;DSP Regular Savings Fund - Direct Plan - Growth;INF740K01NO5;;66.1474;;;25-Aug-2025
118992;DSP Regular Savings Fund - Direct Plan - IDCW - Monthly;INF740K01NP2;INF740K01NR8;14.4041;;;25-Aug-2025
118993;DSP Regular Savings Fund - Direct Plan - IDCW - Quarterly ;INF740K01NQ0;INF740K01NS6;14.2748;;;25-Aug-2025
102450;DSP Regular Savings Fund - Regular Plan - IDCW - Monthly;INF740K01458;INF740K01466;11.4312;;;25-Aug-2025
102451;DSP Regular Savings Fund - Regular Plan - IDCW - Quarterly ;INF740K01474;INF740K01482;11.7814;;;25-Aug-2025
102448;DSP Regular Savings Fund- Regular Plan - Growth;INF740K01441;;58.7093;;;25-Aug-2025

Franklin Templeton Mutual Fund
118574;Franklin India Conservative Hybrid Fund - Direct - GROWTH;INF090I01GF1;;99.9655;;;25-Aug-2025
100948;Franklin India Conservative Hybrid Fund - Growth;INF090I01EA7;;90.8950;;;25-Aug-2025
118575;Franklin India Conservative Hybrid Fund - Plan A - Direct - Monthly - IDCW;INF090I01GG9;INF090I01GH7;15.0206;;;25-Aug-2025
118576;Franklin India Conservative Hybrid Fund - Plan A - Direct - Quarterly - IDCW;INF090I01GI5;INF090I01GJ3;14.2497;;;25-Aug-2025
100949;Franklin India Conservative Hybrid Fund - Plan A - Monthly - IDCW;INF090I01EB5;INF090I01EC3;13.1730;;;25-Aug-2025
100950;Franklin India Conservative Hybrid Fund - Plan A - Quarterly - IDCW;INF090I01ED1;INF090I01EE9;12.3520;;;25-Aug-2025

HDFC Mutual Fund
119118;HDFC Hybrid Debt Fund - Growth Option - Direct Plan;INF179K01XE6;;86.8647;;;25-Aug-2025
102147;HDFC Hybrid Debt Fund - Growth Plan;INF179K01AE4;;81.5946;;;25-Aug-2025
102148;HDFC Hybrid Debt Fund - IDCW Monthly;INF179K01AA2;INF179K01AB0;14.1965;;;25-Aug-2025
119119;HDFC Hybrid Debt Fund - IDCW Monthly - Direct Plan;INF179K01XF3;INF179K01XG1;15.8109;;;25-Aug-2025
102149;HDFC Hybrid Debt Fund - IDCW Quarterly;INF179K01AC8;INF179K01AD6;14.9763;;;25-Aug-2025
119120;HDFC Hybrid Debt Fund - IDCW Quarterly - Direct Plan;INF179K01XH9;INF179K01XI7;16.6791;;;25-Aug-2025

HSBC Mutual Fund
120073;HSBC Conservative Hybrid Fund - Direct Growth;INF336L01DW4;;68.9286;;;25-Aug-2025
120074;HSBC Conservative Hybrid Fund - Direct Monthly IDCW;INF336L01DX2;INF336L01DY0;17.8721;;;25-Aug-2025
120075;HSBC Conservative Hybrid Fund - Direct Quarterly IDCW;INF336L01DZ7;INF336L01EA8;15.5289;;;25-Aug-2025
102262;HSBC Conservative Hybrid Fund - Regular Growth;INF336L01099;;61.545;;;25-Aug-2025
102260;HSBC Conservative Hybrid Fund - Regular Monthly IDCW;INF336L01107;INF336L01115;13.4032;;;25-Aug-2025
102261;HSBC Conservative Hybrid Fund - Regular Quarterly IDCW;INF336L01123;INF336L01131;17.6964;;;25-Aug-2025

ICICI Prudential Mutual Fund
120616;ICICI Prudential Regular Savings Fund - Direct Plan - Growth;INF109K01S39;;84.1151;;;25-Aug-2025
120613;ICICI Prudential Regular Savings Fund - Direct Plan - Half Yearly IDCW;INF109K01S47;INF109K01S54;17.3417;;;25-Aug-2025
120615;ICICI Prudential Regular Savings Fund - Direct Plan - Monthly IDCW;INF109K01S62;INF109K01S70;16.3536;;;25-Aug-2025
120614;ICICI Prudential Regular Savings Fund - Direct Plan - Quarterly IDCW;INF109K01S88;INF109K01S96;14.9661;;;25-Aug-2025
102330;ICICI Prudential Regular Savings Fund - Plan - Growth;INF109K01902;;76.3858;;;25-Aug-2025
113098;ICICI Prudential Regular Savings Fund - Plan - Half Yearly IDCW;INF109K01IW6;INF109K01WX5;13.4519;;;25-Aug-2025
102331;ICICI Prudential Regular Savings Fund - Plan - Monthly IDCW;INF109K01ER5;INF109K01894;13.8147;;;25-Aug-2025
113097;ICICI Prudential Regular Savings Fund - Plan - Quarterly IDCW;INF109K01IX4;INF109K01WY3;12.1297;;;25-Aug-2025

Kotak Mahindra Mutual Fund
114859;Kotak Debt Hybrid - Growth;INF174K01393;;57.953;;;25-Aug-2025
120154;Kotak Debt Hybrid - Growth - Direct;INF174K01JZ1;;67.0022;;;25-Aug-2025
114858;Kotak Debt Hybrid - Monthly Payout of Income Distribution cum capital withdrawal option;INF174K01419;INF174K01401;12.7113;;;25-Aug-2025
120155;Kotak Debt Hybrid - Monthly Payout of Income Distribution cum capital withdrawal option - Direct;INF174K01KA2;INF174K01KB0;13.8956;;;25-Aug-2025

LIC Mutual Fund
120276;LIC MF Conservative Hybrid Fund-Direct Plan-Growth;INF767K01EO7;;90.3577;;;25-Aug-2025
120277;LIC MF Conservative Hybrid Fund-Direct Plan-Monthly IDCW;INF767K01EP4;INF767K01ES8;13.3944;;;25-Aug-2025
120274;LIC MF Conservative Hybrid Fund-Direct Plan-Quarterly IDCW;INF767K01EQ2;INF767K01ET6;18.0657;;;25-Aug-2025
120275;LIC MF Conservative Hybrid Fund-Direct Plan-Yearly IDCW;INF767K01ER0;INF767K01EU4;14.5448;;;25-Aug-2025
101869;LIC MF Conservative Hybrid Fund-Regular Plan-Growth;INF767K01808;;81.3791;;;25-Aug-2025
101866;LIC MF Conservative Hybrid Fund-Regular Plan-Monthly IDCW;INF767K01816;INF767K01824;13.0017;;;25-Aug-2025
101867;LIC MF Conservative Hybrid Fund-Regular Plan-Quarterly IDCW;INF767K01832;INF767K01840;14.2947;;;25-Aug-2025
101868;LIC MF Conservative Hybrid Fund-Regular Plan-Yearly IDCW;INF767K01857;INF767K01865;12.2171;;;25-Aug-2025

Nippon India Mutual Fund
148291;NIPPON INDIA CONSERVATIVE HYBRID  FUND -  SEGREGATED PORTFOLIO 2 - DIRECT Plan - MONTHLY IDCW Option;INF204KB15O7;INF204KB16O5;0.0000;;;25-Aug-2025
148294;NIPPON INDIA CONSERVATIVE HYBRID  FUND -  SEGREGATED PORTFOLIO 2 - MONTHLY IDCW Option;INF204KB10P5;INF204KB11P3;0.0000;;;25-Aug-2025
148295;NIPPON INDIA CONSERVATIVE HYBRID  FUND -  SEGREGATED PORTFOLIO 2 - QUARTERLY IDCW Option;INF204KB12P1;INF204KB13P9;0.0000;;;25-Aug-2025
118727;NIPPON INDIA CONSERVATIVE HYBRID  FUND - DIRECT Plan - MONTHLY IDCW Option;INF204K01YW2;INF204K01YX0;11.6668;;;25-Aug-2025
118729;NIPPON INDIA CONSERVATIVE HYBRID  FUND - DIRECT Plan - QUARTERLY IDCW Option;INF204K01YY8;INF204K01YZ5;12.9587;;;25-Aug-2025
118726;Nippon India Conservative Hybrid  Fund - Direct Plan Growth Plan - Growth Option;INF204K01YV4;;64.4027;;;25-Aug-2025
102173;NIPPON INDIA CONSERVATIVE HYBRID  FUND - MONTHLY IDCW Option;INF204K01FE9;INF204K01FF6;11.1623;;;25-Aug-2025
102174;NIPPON INDIA CONSERVATIVE HYBRID  FUND - QUARTERLY IDCW Option;INF204K01FG4;INF204K01FH2;12.3074;;;25-Aug-2025
148296;Nippon India Conservative Hybrid  Fund - Segregated Portfolio 2 - Direct Plan - Growth Plan - Growth Option;INF204KB14O0;;0.0000;;;25-Aug-2025
148293;Nippon India Conservative Hybrid  Fund - Segregated Portfolio 2 - Growth Plan;INF204KB19O9;;0.0000;;;25-Aug-2025
102172;Nippon India Conservative Hybrid  Fund-Growth Plan;INF204K01FD1;;58.2974;;;25-Aug-2025
148292;NIPPON INDIA CONSERVATIVE HYBRID FUND -  SEGREGATED PORTFOLIO 2 - DIRECT Plan - QUARTERLY IDCW Option;INF204KB17O3;INF204KB18O1;0.0000;;;25-Aug-2025

PPFAS Mutual Fund
148958;Parag Parikh Conservative Hybrid Fund - Direct Plan - Growth;INF879O01175;;15.2409;;;25-Aug-2025
148961;Parag Parikh Conservative Hybrid Fund - Direct Plan - Monthly IDCW;INF879O01167;INF879O01159;10.9850;;;25-Aug-2025
148959;Parag Parikh Conservative Hybrid Fund - Regular Plan - Growth;INF879O01209;;15.0486;;;25-Aug-2025
148960;Parag Parikh Conservative Hybrid Fund - Regular Plan - Monthly IDCW;INF879O01191;INF879O01183;10.7877;;;25-Aug-2025

SBI Mutual Fund
119836;SBI Conservative Hybrid Fund  - Direct Plan - Quarterly Income Distribution cum Capital Withdrawal Option (IDCW);INF200K01TV2;INF200K01TW0;24.3251;;;25-Aug-2025
119837;SBI Conservative Hybrid Fund - Direct Plan - Annual Income Distribution cum Capital Withdrawal Option (IDCW);INF200K01TQ2;INF200K01TR0;31.7488;;;25-Aug-2025
119839;SBI Conservative Hybrid Fund - Direct Plan - Growth;INF200K01TS8;;79.6142;;;25-Aug-2025
119838;SBI Conservative Hybrid Fund - Direct Plan - Monthly Income Distribution cum Capital Withdrawal Option (IDCW);INF200K01TT6;INF200K01TU4;28.7630;;;25-Aug-2025
100929;SBI Conservative Hybrid Fund - Regular Plan - Annual Income Distribution cum Capital Withdrawal Option (IDCW);INF200K01909;INF200K01917;25.6923;;;25-Aug-2025
100968;SBI Conservative Hybrid Fund - Regular Plan - Growth;INF200K01859;;72.8371;;;25-Aug-2025
100927;SBI Conservative Hybrid Fund - Regular Plan - Monthly Income Distribution cum Capital Withdrawal Option (IDCW);INF200K01867;INF200K01875;22.0739;;;25-Aug-2025
100928;SBI Conservative Hybrid Fund - Regular Plan - Quarterly Income Distribution cum Capital Withdrawal Option (IDCW);INF200K01883;INF200K01891;21.0071;;;25-Aug-2025

Sundaram Mutual Fund
119635;Sundaram Conservative Hybrid Fund (Formerly Known as Sundaram Debt Oriented Hybrid Fund) Direct Plan - Growth;INF903J01OP6;;32.4009;;;25-Aug-2025
119637;Sundaram Conservative Hybrid Fund (Formerly Known as Sundaram Debt Oriented Hybrid Fund) Direct Plan -Income Distribution cum Capital Withdrawal (IDCW);INF903J01OR2;INF903J01OU6;20.9698;;;25-Aug-2025
112868;Sundaram Conservative Hybrid Fund (Formerly Known as Sundaram Debt Oriented Hybrid Fund) Regular Plan - Growth;INF903J01HB0;;29.3529;;;25-Aug-2025
112870;Sundaram Conservative Hybrid Fund (Formerly Known as Sundaram Debt Oriented Hybrid Fund) Regular Plan -Income Distribution cum Capital Withdrawal (IDCW);INF903J01HD6;INF903J01HG9;18.8858;;;25-Aug-2025

UTI Mutual Fund
102533;UTI Conservative Hybrd Fund - Regular Plan - Monthly Payment Option;INF789F01927;;69.2632;;;25-Aug-2025
120789;UTI Conservative Hybrid Fund - Direct Plan - Flexi IDCW;INF789F01UH1;INF789F01UI9;50.0863;;;25-Aug-2025
120779;UTI Conservative Hybrid Fund - Direct Plan - Growth Option;INF789F01UJ7;;74.9877;;;25-Aug-2025
120778;UTI Conservative Hybrid Fund - Direct Plan - Monthly IDCW;INF789F01UK5;INF789F01UL3;19.6505;;;25-Aug-2025
120790;UTI Conservative Hybrid Fund - Direct Plan - Monthly Payment Option;INF789F01UM1;;73.7656;;;25-Aug-2025
102534;UTI Conservative Hybrid Fund - Regular Plan - Flexi IDCW;INF789F01877;INF789F01885;45.1639;;;25-Aug-2025
102535;UTI Conservative Hybrid Fund - Regular Plan - Growth Option;INF789F01893;;69.2277;;;25-Aug-2025
102536;UTI Conservative Hybrid Fund - Regular Plan - Monthly IDCW;INF789F01901;INF789F01919;17.4411;;;25-Aug-2025

Open Ended Schemes ( Hybrid Scheme - Balanced Hybrid Fund )


360 ONE Mutual Fund
152073;360 ONE Balanced Hybrid Fund - Direct Plan - IDCW;INF579M01AZ6;INF579M01BA7;13.0342;;;25-Aug-2025
152075;360 ONE Balanced Hybrid Fund - Regular Plan - Growth;INF579M01AV5;;12.6673;;;25-Aug-2025
152076;360 ONE Balanced Hybrid Fund- Direct Plan - Growth;INF579M01AY9;;13.0342;;;25-Aug-2025
152074;360 ONE Balanced Hyrbrid fund - Regular Plan - IDCW;INF579M01AW3;INF579M01AX1;12.6673;;;25-Aug-2025

Nippon India Mutual Fund
118738;NIPPON INDIA BALANCED ADVANTAGE FUND - DIRECT Plan - IDCW Option;INF204K01G78;INF204K01G86;46.3153;;;25-Aug-2025
118736;Nippon India Balanced Advantage Fund - Direct Plan Growth Plan - Growth Option;INF204K01G94;;200.6832;;;25-Aug-2025
102848;NIPPON INDIA BALANCED ADVANTAGE FUND - IDCW Option;INF204K01570;INF204K01588;32.9619;;;25-Aug-2025
102847;Nippon India Balanced Advantage Fund-Growth Plan-Bonus Option;INF204K01596;;176.9546;;;25-Aug-2025
102846;Nippon India Balanced Advantage Fund-Growth Plan-Growth Option;INF204K01604;;176.9546;;;25-Aug-2025

WhiteOak Capital Mutual Fund
152132;WhiteOak Capital Balanced Hybrid Fund Direct Plan Growth;INF03VN01829;;13.245;;;25-Aug-2025
152133;WhiteOak Capital Balanced Hybrid Fund Regular Plan Growth;INF03VN01811;;12.889;;;25-Aug-2025

Open Ended Schemes ( Hybrid Scheme - Aggressive Hybrid Fund )


Aditya Birla Sun Life Mutual Fund
120517;Aditya Birla Sun Life Equity Hybrid'95 Fund - Direct Plan-Growth;INF209K01ZC0;;1713.44;;;25-Aug-2025
103155;Aditya Birla Sun Life Equity Hybrid'95 Fund - Regular Plan-Growth;INF209K01BT5;;1528.71;;;25-Aug-2025
120518;Aditya Birla Sun Life Equity Hybrid'95 Fund -DIRECT - IDCW;INF209KA1LH3;INF209K01ZB2;307.54;;;25-Aug-2025
103154;Aditya Birla Sun Life Equity Hybrid'95 Fund -Regular - IDCW;INF209K01BS7;INF209K01EE1;179.85;;;25-Aug-2025

Axis Mutual Fund
144394;Axis Aggressive Hybrid Fund - Direct Plan - Growth Option;INF846K01E25;;22.46;;;25-Aug-2025
144397;Axis Aggressive Hybrid Fund - Direct Plan - Monthly IDCW;INF846K01E33;INF846K01E41;16.52;;;25-Aug-2025
144398;Axis Aggressive Hybrid Fund - Direct Plan - Quarterly IDCW;INF846K01E58;INF846K01E66;15.64;;;25-Aug-2025
144395;Axis Aggressive Hybrid Fund - Direct Plan - Regular IDCW;INF846K01E09;INF846K01E17;16.12;;;25-Aug-2025
144393;Axis Aggressive Hybrid Fund - Regular Plan - Growth Option;INF846K01E90;;20.46;;;25-Aug-2025
144399;Axis Aggressive Hybrid Fund - Regular Plan - Monthly IDCW;INF846K01F08;INF846K01F16;13.33;;;25-Aug-2025
144400;Axis Aggressive Hybrid Fund - Regular Plan - Quarterly IDCW;INF846K01F24;INF846K01F32;13.83;;;25-Aug-2025
144396;Axis Aggressive Hybrid Fund - Regular Plan - Regular IDCW;INF846K01E74;INF846K01E82;14.65;;;25-Aug-2025

Bandhan Mutual Fund
140382;Bandhan Aggressive Hybrid Fund-Direct Plan Growth;INF194KA1U56;;29.639;;;25-Aug-2025
140383;Bandhan Aggressive Hybrid Fund-Direct Plan IDCW;INF194KA1U64;INF194KA1U72;22.181;;;25-Aug-2025
140381;Bandhan Aggressive Hybrid Fund-Regular Plan Growth;INF194KA1U15;;26.198;;;25-Aug-2025
140384;Bandhan Aggressive Hybrid Fund-Regular Plan IDCW;INF194KA1U23;INF194KA1U31;19.625;;;25-Aug-2025

Bank of India Mutual Fund
139527;BANK OF INDIA MID & SMALL CAP EQUITY & DEBT FUND - DIRECT PLAN GROWTH;INF761K01DM6;;41.56;;;25-Aug-2025
139530;BANK OF INDIA MID & SMALL CAP EQUITY & DEBT FUND - DIRECT PLAN IDCW;INF761K01DN4;INF761K01DO2;33.91;;;25-Aug-2025
139529;BANK OF INDIA MID & SMALL CAP EQUITY & DEBT FUND - REGULAR  PLAN  GROWTH;INF761K01DP9;;38.08;;;25-Aug-2025
139528;BANK OF INDIA MID & SMALL CAP EQUITY & DEBT FUND - REGULAR  PLAN IDCW;INF761K01DQ7;INF761K01DR5;32.27;;;25-Aug-2025

Baroda BNP Paribas Mutual Fund
150259;Baroda BNP Paribas Aggressive Hybrid Fund -DIRECT PLAN- IDCW OPTION;INF251K01PB5;INF251K01PA7;19.0996;;;25-Aug-2025
150260;Baroda BNP Paribas Aggressive Hybrid Fund- DIRECT PLAN - GROWTH OPTION;INF251K01OZ7;;31.7792;;;25-Aug-2025
150261;Baroda BNP Paribas Aggressive Hybrid Fund- REGULAR PLAN- IDCW OPTION;INF251K01OY0;INF251K01OX2;16.7142;;;25-Aug-2025
150258;Baroda BNP Paribas Aggressive Hybrid Fund- REGULAT PLAN -GROWTH OPTION;INF251K01OW4;;27.7541;;;25-Aug-2025

Canara Robeco Mutual Fund
118272;CANARA ROBECO EQUITY HYBRID FUND - DIRECT PLAN - GROWTH OPTION;INF760K01EZ8;;408.5600;;;25-Aug-2025
118271;CANARA ROBECO EQUITY HYBRID FUND - DIRECT PLAN - MONTHLY IDCW (Payout/Reinvestment);INF760K01EX3;INF760K01EY1;134.0200;;;25-Aug-2025
106166;CANARA ROBECO EQUITY HYBRID FUND - REGULAR PLAN - GROWTH OPTION;INF760K01050;;360.7200;;;25-Aug-2025
106167;CANARA ROBECO EQUITY HYBRID FUND - REGULAR PLAN - MONTHLY IDCW (Payout/Reinvestment);INF760K01068;INF760K01076;98.3600;;;25-Aug-2025

DSP Mutual Fund
119019;DSP Aggressive Hybrid Fund - Direct Plan - Growth;INF740K01NY4;;401.263;;;25-Aug-2025
119020;DSP Aggressive Hybrid Fund - Direct Plan - IDCW;INF740K01NZ1;INF740K01OA2;73.645;;;25-Aug-2025
100081;DSP Aggressive Hybrid Fund- Regular Plan - Growth;INF740K01318;;356.482;;;25-Aug-2025
100082;DSP Aggressive Hybrid Fund- Regular Plan - IDCW;INF740K01326;INF740K01334;29.717;;;25-Aug-2025

Edelweiss Mutual Fund
118625;Edelweiss Aggressive Hybrid Fund  - Direct Plan - IDCW Option;INF754K01CB6;INF754K01CC4;33.94;;;25-Aug-2025
112013;Edelweiss Aggressive Hybrid Fund  - Plan B - IDCW Option;INF754K01137;INF754K01145;64.23;;;25-Aug-2025
112108;Edelweiss Aggressive Hybrid Fund - Regular Plan - Growth Option;INF754K01202;;63.7;;;25-Aug-2025
112109;Edelweiss Aggressive Hybrid Fund - Regular Plan - IDCW Option;INF754K01178;INF754K01186;27.56;;;25-Aug-2025
112012;Edelweiss Aggressive Hybrid Fund- Plan B-Growth Option;INF754K01160;;63.03;;;25-Aug-2025
118624;Edelweiss Aggressive Hybrid Fund-Direct Plan-Growth Option;INF754K01CE0;;73.48;;;25-Aug-2025

Franklin Templeton Mutual Fund
118546;Franklin India Aggressive Hybrid Fund - Direct - Growth;INF090I01FZ1;;310.5284;;;25-Aug-2025
118547;Franklin India Aggressive Hybrid Fund - Direct - IDCW;INF090I01GA2;INF090I01GB0;34.6087;;;25-Aug-2025
100550;Franklin India Aggressive Hybrid Fund - Growth Plan;INF090I01817;;271.3583;;;25-Aug-2025
100549;Franklin India Aggressive Hybrid Fund - IDCW;INF090I01825;INF090I01833;29.1355;;;25-Aug-2025

Groww Mutual Fund
145599;Groww Aggressive Hybrid Fund (formerly known as Indiabulls Equity Hybrid Fund) - Direct Plan - Growth option;INF666M01FA3;;23.2358;;;25-Aug-2025
145605;Groww Aggressive Hybrid Fund (formerly known as Indiabulls Equity Hybrid Fund) - Regular Plan - Growth option;INF666M01FJ4;;20.7705;;;25-Aug-2025
145600;Groww Aggressive Hybrid Fund (formerly known as Indiabulls Equity Hybrid Fund)- Direct Plan- - Income Distribution cum capital withdrawal Option (Payout & Reinvestment);INF666M01FB1;INF666M01FC9;23.0484;;;25-Aug-2025
145602;Groww Aggressive Hybrid Fund (formerly known as Indiabulls Equity Hybrid Fund)- Direct Plan- Half Yearly - Income Distribution cum capital withdrawal Option (Payout & Reinvestment);INF666M01FH8;INF666M01FI6;22.3524;;;25-Aug-2025
145606;Groww Aggressive Hybrid Fund (formerly known as Indiabulls Equity Hybrid Fund)- Direct Plan- Monthly - Income Distribution cum capital withdrawal Option (Payout & Reinvestment);INF666M01FD7;INF666M01FE5;23.0119;;;25-Aug-2025
145601;Groww Aggressive Hybrid Fund (formerly known as Indiabulls Equity Hybrid Fund)- Direct Plan- Quarterly - Income Distribution cum capital withdrawal Option (Payout & Reinvestment);INF666M01FF2;INF666M01FG0;22.775;;;25-Aug-2025
145603;Groww Aggressive Hybrid Fund (formerly known as Indiabulls Equity Hybrid Fund)- Regular Plan- - Income Distribution cum capital withdrawal Option (Payout & Reinvestment);INF666M01FK2;INF666M01FL0;20.7675;;;25-Aug-2025
145608;Groww Aggressive Hybrid Fund (formerly known as Indiabulls Equity Hybrid Fund)- Regular Plan- Half Yearly - Income Distribution cum capital withdrawal Option (Payout & Reinvestment);INF666M01FQ9;INF666M01FR7;20.7217;;;25-Aug-2025
145604;Groww Aggressive Hybrid Fund (formerly known as Indiabulls Equity Hybrid Fund)- Regular Plan- Monthly - Income Distribution cum capital withdrawal Option (Payout & Reinvestment.;INF666M01FM8;INF666M01FN6;20.7687;;;25-Aug-2025
145607;Groww Aggressive Hybrid Fund (formerly known as Indiabulls Equity Hybrid Fund)- Regular Plan- Quarterly - Income Distribution cum capital withdrawal Option (Payout & Reinvestment);INF666M01FO4;INF666M01FP1;22.0155;;;25-Aug-2025

HDFC Mutual Fund
119062;HDFC Hybrid Equity Fund - Growth Option - Direct Plan;INF179K01XZ1;;127.987;;;25-Aug-2025
102948;HDFC Hybrid Equity Fund - Growth Plan;INF179K01AS4;;117.986;;;25-Aug-2025
119061;HDFC Hybrid Equity Fund - IDCW Option - Direct Plan;INF179K01XX6;INF179K01XY4;19.212;;;25-Aug-2025
102947;HDFC Hybrid Equity Fund - IDCW Plan;INF179K01AQ8;INF179K01AR6;16.734;;;25-Aug-2025

HSBC Mutual Fund
151125;HSBC Aggressive Hybrid Fund - Direct Annual IDCW;INF917K01TY5;INF917K01TX7;20.1294;;;25-Aug-2025
151122;HSBC Aggressive Hybrid Fund - Direct Growth;INF917K01LE4;;63.928;;;25-Aug-2025
151123;HSBC Aggressive Hybrid Fund - Direct IDCW;INF917K01E45;INF917K01LD6;34.2116;;;25-Aug-2025
151124;HSBC Aggressive Hybrid Fund - Regular Annual IDCW;INF917K01TW9;INF917K01TV1;17.9097;;;25-Aug-2025
151120;HSBC Aggressive Hybrid Fund - Regular Growth;INF917K01LB0;;56.2068;;;25-Aug-2025
151121;HSBC Aggressive Hybrid Fund - Regular IDCW;INF917K01KZ1;INF917K01LA2;28.8064;;;25-Aug-2025

ICICI Prudential Mutual Fund
136113;ICICI Prudential Equity & Debt Fund - Annual IDCW;INF109KB1QK6;INF109KB1QJ8;27.63;;;25-Aug-2025
136114;ICICI Prudential Equity & Debt Fund - Direct Plan - Annual IDCW;INF109KB1QM2;INF109KB1QL4;30.54;;;25-Aug-2025
120251;ICICI Prudential Equity & Debt Fund - Direct Plan - Growth;INF109K01Y07;;441.38;;;25-Aug-2025
131453;ICICI Prudential Equity & Debt Fund - Direct Plan - Half Yearly IDCW;INF109KA1Y19;INF109KA1Y01;31.13;;;25-Aug-2025
120252;ICICI Prudential Equity & Debt Fund - Direct Plan - Monthly IDCW;INF109K01X81;INF109K01X99;70.72;;;25-Aug-2025
100356;ICICI Prudential Equity & Debt Fund - Growth;INF109K01480;;397.58;;;25-Aug-2025
131452;ICICI Prudential Equity & Debt Fund - Half Yearly IDCW;INF109KA1X93;INF109KA1X85;27.70;;;25-Aug-2025
100355;ICICI Prudential Equity & Debt Fund - Monthly IDCW;INF109K01DX5;INF109K01498;44.16;;;25-Aug-2025

Invesco Mutual Fund
143537;Invesco India Aggressive Hybrid Fund - Direct Plan - Growth;INF205K014Q7;;25.4127;;;25-Aug-2025
143532;Invesco India Aggressive Hybrid Fund - Direct Plan - IDCW (Payout / Reinvestment);INF205K013Q9;INF205K015Q4;25.3055;;;25-Aug-2025
143536;Invesco India Aggressive Hybrid Fund - Regular Plan - Growth;INF205K011Q3;;22.7015;;;25-Aug-2025
143534;Invesco India Aggressive Hybrid Fund - Regular Plan - IDCW (Payout / Reinvestment);INF205K010Q5;INF205K012Q1;22.7027;;;25-Aug-2025

JM Financial Mutual Fund
130904;JM Aggressive Hybrid Fund (Direct) - Annual Bonus Option;INF192K01HB8;;137.9372;;;25-Aug-2025
131477;JM Aggressive Hybrid Fund (Direct) - Annual IDCW;INF192K01HJ1;INF192K01HK9;46.4667;;;25-Aug-2025
120484;JM Aggressive Hybrid Fund (Direct) - Growth Option;INF192K01BQ9;;137.7138;;;25-Aug-2025
133402;JM Aggressive Hybrid Fund (Direct) - Half Yearly IDCW;INF192K01HH5;INF192K01HI3;99.0942;;;25-Aug-2025
120483;JM Aggressive Hybrid Fund (Direct) - IDCW;INF192K01BO4;INF192K01BP1;75.9246;;;25-Aug-2025
133412;JM Aggressive Hybrid Fund (Direct) - Monthly IDCW;INF192K01HN3;INF192K01HO1;99.0652;;;25-Aug-2025
133406;JM Aggressive Hybrid Fund (Direct) - Quarterly IDCW;INF192K01HR4;INF192K01HS2;34.8435;;;25-Aug-2025
131476;JM Aggressive Hybrid Fund (Regular) - Annual IDCW;INF192K01HF9;INF192K01HG7;33.4162;;;25-Aug-2025
133408;JM Aggressive Hybrid Fund (Regular) - Half Yearly IDCW;INF192K01HD4;INF192K01HE2;87.827;;;25-Aug-2025
100220;JM Aggressive Hybrid Fund (Regular) - IDCW;INF192K01528;INF192K01536;33.6552;;;25-Aug-2025
133404;JM Aggressive Hybrid Fund (Regular) - Monthly IDCW;INF192K01HL7;INF192K01HM5;87.1286;;;25-Aug-2025
133405;JM Aggressive Hybrid Fund (Regular) - Quarterly IDCW;INF192K01HP8;INF192K01HQ6;31.0981;;;25-Aug-2025
100221;JM Aggressive Hybrid Fund (Regular) -Growth Option;INF192K01544;;120.3303;;;25-Aug-2025

Kotak Mahindra Mutual Fund
119767;Kotak Aggressive Hybrid Fund - Direct Plan - IDCW - Payout & Reinvestment of Income Distribution cum  capital withdrawal option;INF174K01LL7;INF174K01LM5;45.116;;;25-Aug-2025
133035;Kotak Aggressive Hybrid Fund - Direct Plan -Growth;INF174K01F00;;73.597;;;25-Aug-2025
100286;Kotak Aggressive Hybrid Fund - Regular Plan - IDCW - Payout & Reinvestment of Income Distribution cum capital withdrawal option;INF174K01450;INF174K01443;36.78;;;25-Aug-2025
133036;Kotak Aggressive Hybrid Fund - Regular Plan -Growth;INF174K01E92;;62.583;;;25-Aug-2025

LIC Mutual Fund
120261;LIC MF Aggressive Hybrid Fund-Direct Plan-Growth;INF767K01ED0;;222.8081;;;25-Aug-2025
120260;LIC MF Aggressive Hybrid Fund-Direct Plan-IDCW;INF767K01EC2;INF767K01EE8;21.7025;;;25-Aug-2025
100323;LIC MF Aggressive Hybrid Fund-Regular Plan-Growth;INF767K01030;;196.0404;;;25-Aug-2025
100321;LIC MF Aggressive Hybrid Fund-Regular Plan-IDCW;INF767K01022;INF767K01014;16.0819;;;25-Aug-2025

Mahindra Manulife Mutual Fund
147448;Mahindra Manulife Aggressive Hybrid Fund - Direct Plan - IDCW;INF174V01804;INF174V01796;22.6513;;;25-Aug-2025
147446;Mahindra Manulife Aggressive Hybrid Fund - Direct Plan -Growth;INF174V01788;;30.4918;;;25-Aug-2025
147447;Mahindra Manulife Aggressive Hybrid Fund - Regular Plan - Growth;INF174V01754;;27.3205;;;25-Aug-2025
147449;Mahindra Manulife Aggressive Hybrid Fund - Regular Plan - IDCW;INF174V01770;INF174V01762;19.8310;;;25-Aug-2025

Mirae Asset Mutual Fund
134813;Mirae Asset Aggressive Hybrid Fund - Direct Plan - Growth;INF769K01DH9;;37.597;;;25-Aug-2025
134814;Mirae Asset Aggressive Hybrid Fund - Direct Plan - IDCW;INF769K01DI7;INF769K01DJ5;21.289;;;25-Aug-2025
134815;Mirae Asset Aggressive Hybrid Fund - Regular Plan - Growth;INF769K01DE6;;32.184;;;25-Aug-2025
134816;Mirae Asset Aggressive Hybrid Fund - Regular Plan - IDCW;INF769K01DF3;INF769K01DG1;17.483;;;25-Aug-2025

Navi Mutual Fund
143163;Navi Aggressive Hybrid Fund - Direct Plan - Growth;INF959L01CX3;;23.5647;;;25-Aug-2025
143195;Navi Aggressive Hybrid Fund - Direct Plan Annual IDCW;INF959L01DG6;INF959L01DH4;23.4662;;;25-Aug-2025
143186;Navi Aggressive Hybrid Fund - Direct Plan Half Yearly IDCW;INF959L01DE1;INF959L01DF8;23.4629;;;25-Aug-2025
143192;Navi Aggressive Hybrid Fund - Direct Plan Monthly IDCW;INF959L01DA9;INF959L01DB7;23.4613;;;25-Aug-2025
143167;Navi Aggressive Hybrid Fund - Direct Plan Normal IDCW;INF959L01CY1;INF959L01CZ8;23.4623;;;25-Aug-2025
143185;Navi Aggressive Hybrid Fund - Direct Plan Quarterly IDCW;INF959L01DC5;INF959L01DD3;23.4617;;;25-Aug-2025
143162;Navi Aggressive Hybrid Fund - Regular Plan - Growth;INF959L01DI2;;20.6525;;;25-Aug-2025
143198;Navi Aggressive Hybrid Fund - Regular Plan Annual IDCW;INF959L01DR3;INF959L01DS1;20.65;;;25-Aug-2025
143189;Navi Aggressive Hybrid Fund - Regular Plan Half Yearly IDCW;INF959L01DP7;INF959L01DQ5;20.6654;;;25-Aug-2025
143197;Navi Aggressive Hybrid Fund - Regular Plan Monthly IDCW;INF959L01DL6;INF959L01DM4;20.6519;;;25-Aug-2025
143166;Navi Aggressive Hybrid Fund - Regular Plan Normal IDCW;INF959L01DJ0;INF959L01DK8;20.6537;;;25-Aug-2025
143199;Navi Aggressive Hybrid Fund - Regular Plan Quarterly IDCW;INF959L01DN2;INF959L01DO0;20.6526;;;25-Aug-2025

Nippon India Mutual Fund
148265;Nippon India Aggressive  Hybrid Fund - Segregated Portfolio 2 - Direct Plan - Growth Plan;INF204KB13T1;;0.0000;;;25-Aug-2025
118794;Nippon India Aggressive Hybrid Fund  - Direct Plan Growth Plan;INF204K01B08;;118.4237;;;25-Aug-2025
148266;NIPPON INDIA AGGRESSIVE HYBRID FUND -  SEGREGATED PORTFOLIO 2 - DIRECT Plan - IDCW Option;INF204KB16T4;INF204KB17T2;0.0000;;;25-Aug-2025
148267;NIPPON INDIA AGGRESSIVE HYBRID FUND -  SEGREGATED PORTFOLIO 2 - DIRECT Plan - MONTHLY IDCW Option;INF204KB18T0;INF204KB19T8;0.0000;;;25-Aug-2025
148270;NIPPON INDIA AGGRESSIVE HYBRID FUND -  SEGREGATED PORTFOLIO 2 - DIRECT Plan - QUARTERLY IDCW Option;INF204KB14T9;INF204KB15T6;0.0000;;;25-Aug-2025
148272;NIPPON INDIA AGGRESSIVE HYBRID FUND -  SEGREGATED PORTFOLIO 2 - IDCW Option;INF204KB13U9;INF204KB14U7;0.0000;;;25-Aug-2025
148268;NIPPON INDIA AGGRESSIVE HYBRID FUND -  SEGREGATED PORTFOLIO 2 - MONTHLY IDCW Option;INF204KB15U4;INF204KB16U2;0.0000;;;25-Aug-2025
148269;NIPPON INDIA AGGRESSIVE HYBRID FUND -  SEGREGATED PORTFOLIO 2 - QUARTERLY IDCW Option;INF204KB11U3;INF204KB12U1;0.0000;;;25-Aug-2025
118793;NIPPON INDIA AGGRESSIVE HYBRID FUND - DIRECT Plan - IDCW Option;INF204K01B16;INF204K01B24;39.6102;;;25-Aug-2025
139679;NIPPON INDIA AGGRESSIVE HYBRID FUND - DIRECT Plan - MONTHLY IDCW Option;INF204KB1BD7;INF204KB1BE5;19.5803;;;25-Aug-2025
122766;NIPPON INDIA AGGRESSIVE HYBRID FUND - DIRECT Plan - QUARTERLY IDCW Option;INF204K011R2;INF204K012R0;26.3451;;;25-Aug-2025
112936;Nippon India Aggressive Hybrid Fund - Growth Plan;INF204K01FW1;;104.9823;;;25-Aug-2025
112937;NIPPON INDIA AGGRESSIVE HYBRID FUND - IDCW Option;INF204K01FX9;INF204K01FY7;28.0673;;;25-Aug-2025
139680;NIPPON INDIA AGGRESSIVE HYBRID FUND - MONTHLY IDCW Option;INF204KB1BF2;INF204KB1BG0;17.6936;;;25-Aug-2025
122765;NIPPON INDIA AGGRESSIVE HYBRID FUND - QUARTERLY IDCW Option;INF204K013R8;INF204K014R6;23.8029;;;25-Aug-2025
148271;Nippon India Aggressive Hybrid Fund - Segregated Portfolio 2 - Growth Plan;INF204KB10U5;;0.0000;;;25-Aug-2025

quant Mutual Fund
101070;quant Aggressive Hybrid Fund - Growth Option - Regular Plan;INF966L01267;;418.7372;;;25-Aug-2025
120819;quant Aggressive Hybrid Fund-Growth Option-Direct Plan;INF966L01556;;456.7357;;;25-Aug-2025
101069;quant Aggressive Hybrid Fund-IDCW Option - Regular Plan;INF966L01242;INF966L01259;57.7555;;;25-Aug-2025
120818;quant Aggressive Hybrid Fund-IDCW Option-Direct Plan;INF966L01531;INF966L01549;63.2611;;;25-Aug-2025

SBI Mutual Fund
119609;SBI EQUITY HYBRID FUND - DIRECT PLAN - Growth;INF200K01RY0;;333.0351;;;25-Aug-2025
119604;SBI Equity Hybrid Fund - Direct Plan - Income Distribution cum Capital Withdrawal Option (IDCW);INF200K01RW4;INF200K01RX2;97.4528;;;25-Aug-2025
101551;SBI Equity Hybrid Fund - Regular Plan - Income Distribution cum Capital Withdrawal Option (IDCW);INF200K01115;INF200K01123;63.8458;;;25-Aug-2025
102885;SBI EQUITY HYBRID FUND - REGULAR PLAN -Growth;INF200K01107;;301.2933;;;25-Aug-2025

Shriram Mutual Fund
125711;Shriram Aggressive Hybrid Fund- Direct Growth;INF680P01042;;35.9007;;;25-Aug-2025
125712;Shriram Aggressive Hybrid Fund- Direct- IDCW;INF680P01059;INF680P01067;28.3342;;;25-Aug-2025
125713;Shriram Aggressive Hybrid Fund- Regular Growth;INF680P01018;;31.3239;;;25-Aug-2025
125714;Shriram Aggressive Hybrid Fund- Regular-IDCW;INF680P01026;INF680P01034;25.045;;;25-Aug-2025

Sundaram Mutual Fund
149601;Sundaram Aggressive Hybrid Fund (Formerly Known as Principal Hybrid Equity Fund)- Direct Plan - Growth Option;INF173K01FE6;;184.9222;;;25-Aug-2025
149600;Sundaram Aggressive Hybrid Fund (Formerly Known as Principal Hybrid Equity Fund)- Monthly Income Distribution CUM Capital Withdrawal;INF173K01CI4;INF173K01CJ2;27.6088;;;25-Aug-2025
149599;Sundaram Aggressive Hybrid Fund (Formerly Known as Principal Hybrid Equity Fund)-Growth;INF173K01CL8;;161.1506;;;25-Aug-2025
149602;Sundaram Aggressive Hybrid Fund(Formerly Known as Principal Hybrid Equity Fund)-Direct Plan - Monthly Income Distribution CUM Capital Withdrawal Option;INF173K01FB2;INF173K01FC0;42.5673;;;25-Aug-2025

Tata Mutual Fund
119053;Tata Aggressive Hybrid Fund -Direct Plan- Growth Option;INF277K01MN2;;487.5795;;;25-Aug-2025
119057;Tata Aggressive Hybrid Fund- Direct Plan - Monthly Payout of IDCW Option;INF277K01MO0;INF277K01MP7;102.7192;;;25-Aug-2025
119058;Tata Aggressive Hybrid Fund- Direct Plan - Periodic Payout of IDCW Option;INF277K01ML6;INF277K01MM4;106.9152;;;25-Aug-2025
100414;Tata Aggressive Hybrid Fund- Regular Plan - Growth Option;INF277K01303;;433.8735;;;25-Aug-2025
113134;Tata Aggressive Hybrid Fund- Regular Plan - Monthly Payout of IDCW Option;INF277K01CS2;INF277K01CW4;86.7194;;;25-Aug-2025
101222;Tata Aggressive Hybrid Fund- Regular Plan - Periodic Payout of IDCW Option;INF277K01DB6;INF277K01295;88.4250;;;25-Aug-2025

Union Mutual Fund
148592;Union Aggressive Hybrid Fund - Direct Plan - Growth Option;INF582M01GY0;;19.07;;;25-Aug-2025
148593;Union Aggressive Hybrid Fund - Direct Plan - IDCW Option;INF582M01HA8;INF582M01GZ7;19.07;;;25-Aug-2025
148591;Union Aggressive Hybrid Fund - Regular Plan - Growth Option;INF582M01HC4;;18.07;;;25-Aug-2025
148590;Union Aggressive Hybrid Fund - Regular Plan - IDCW Option;INF582M01HE0;INF582M01HD2;18.07;;;25-Aug-2025

UTI Mutual Fund
120673;UTI Aggressive Hybrid Fund - Direct Plan - IDCW;INF789F01SI3;INF789F01SJ1;47.1678;;;25-Aug-2025
100684;UTI Aggressive Hybrid Fund - Regular Plan - Growth;INF789F01323;;402.5316;;;25-Aug-2025
100685;UTI Aggressive Hybrid Fund - Regular Plan - IDCW;INF789F01307;INF789F01315;42.0763;;;25-Aug-2025
120674;UTI Aggressive Hybrid Fund -Direct Plan - Growth;INF789F01SK9;;433.2283;;;25-Aug-2025

Open Ended Schemes ( Hybrid Scheme - Dynamic Asset Allocation or Balanced Advantage )


Aditya Birla Sun Life Mutual Fund
131670;Aditya Birla Sun Life Balanced Advantage Fund - Direct Plan - Growth Option;INF084M01DJ5;;121.19;;;25-Aug-2025
131666;Aditya Birla Sun Life Balanced Advantage Fund - Regular Plan - Growth Option;INF084M01AB8;;106.65;;;25-Aug-2025
131671;Aditya Birla Sun Life Balanced Advantage Fund -DIRECT - IDCW;INF084M01DK3;INF084M01DL1;30.26;;;25-Aug-2025
131665;Aditya Birla Sun Life Balanced Advantage Fund -REGULAR - IDCW;INF084M01AC6;INF084M01AD4;26.59;;;25-Aug-2025

Axis Mutual Fund
141642;Axis Balanced Advantage Fund - Direct Plan - Growth;INF846K01A29;;23.37;;;25-Aug-2025
141643;Axis Balanced Advantage Fund - Direct Plan - IDCW;INF846K01A37;INF846K01A45;14.66;;;25-Aug-2025
141644;Axis Balanced Advantage Fund - Regular Plan - Growth;INF846K01A52;;20.95;;;25-Aug-2025
141645;Axis Balanced Advantage Fund - Regular Plan - IDCW;INF846K01A60;INF846K01A78;13.57;;;25-Aug-2025

Bajaj Finserv Mutual Fund
152194;Bajaj Finserv Balanced Advantage Fund-Direct Plan-Growth;INF0QA701656;;11.557;;;25-Aug-2025
152195;Bajaj Finserv Balanced Advantage Fund-Direct Plan-IDCW;INF0QA701664;INF0QA701672;11.557;;;25-Aug-2025
152196;Bajaj Finserv Balanced Advantage Fund-Regular Plan-Growth;INF0QA701680;;11.257;;;25-Aug-2025
152197;Bajaj Finserv Balanced Advantage Fund-Regular Plan-IDCW;INF0QA701698;INF0QA701706;11.257;;;25-Aug-2025

Bandhan Mutual Fund
131355;BANDHAN Balanced Advantage Fund Direct Plan Growth;INF194KA1UH1;;28.094;;;25-Aug-2025
131356;BANDHAN Balanced Advantage Fund Direct Plan IDCW;INF194KA1UI9;INF194KA1UJ7;17.096;;;25-Aug-2025
131357;BANDHAN Balanced Advantage Fund Regular Plan Growth;INF194KA1UE8;;24.265;;;25-Aug-2025
131354;BANDHAN Balanced Advantage Fund Regular Plan IDCW;INF194KA1UF5;INF194KA1UG3;14.860;;;25-Aug-2025

Bank of India Mutual Fund
127852;BANK OF INDIA BALANCED ADVANTAGE FUND  DIRECT PLAN IDCW;INF761K01BM0;INF761K01BN8;16.1488;;;25-Aug-2025
127851;BANK OF INDIA BALANCED ADVANTAGE FUND  REGULAR PLAN IDCW;INF761K01BP3;INF761K01BQ1;17.2663;;;25-Aug-2025
127850;BANK OF INDIA BALANCED ADVANTAGE FUND DIRECT PLAN  GROWTH;INF761K01BO6;;26.7529;;;25-Aug-2025
127849;BANK OF INDIA BALANCED ADVANTAGE FUND REGULAR PLAN  GROWTH;INF761K01BR9;;24.7480;;;25-Aug-2025

Baroda BNP Paribas Mutual Fund
145396;Baroda BNP Paribas Balanced Advantage Fund-Direct Plan-Growth Option;INF955L01HF7;;26.6417;;;25-Aug-2025
145397;Baroda BNP Paribas Balanced Advantage Fund-Direct Plan-IDCW Option;INF955L01HG5;INF955L01HH3;17.7391;;;25-Aug-2025
145387;Baroda BNP Paribas Balanced Advantage Fund-Regular Plan -Growth Option;INF955L01HC4;;24.3543;;;25-Aug-2025
145389;Baroda BNP Paribas Balanced Advantage Fund-Regular Plan-IDCW Option;INF955L01HD2;INF955L01HE0;16.1728;;;25-Aug-2025

Canara Robeco Mutual Fund
152688;Canara Robeco Balanced Advantage Fund - Direct Plan - Growth Option;INF760K01LD0;;10.4200;;;25-Aug-2025
152689;Canara Robeco Balanced Advantage Fund - Direct Plan - IDCW Option;INF760K01LE8;INF760K01LF5;10.4200;;;25-Aug-2025
152690;Canara Robeco Balanced Advantage Fund - Regular Plan - Growth Option;INF760K01LA6;;10.2600;;;25-Aug-2025
152691;Canara Robeco Balanced Advantage Fund - Regular Plan - IDCW Option;INF760K01LB4;INF760K01LC2;10.2600;;;25-Aug-2025

DSP Mutual Fund
126393;DSP Dynamic Asset Allocation Fund - Direct Plan - Growth;INF740K01K81;;31.665;;;25-Aug-2025
126391;DSP Dynamic Asset Allocation Fund - Direct Plan - IDCW - Monthly;INF740K01K99;INF740K01L07;16.813;;;25-Aug-2025
126394;DSP Dynamic Asset Allocation Fund - Regular Plan - Growth;INF740K01K57;;27.6;;;25-Aug-2025
126392;DSP Dynamic Asset Allocation Fund - Regular Plan - IDCW - Monthly;INF740K01K65;INF740K01K73;14.261;;;25-Aug-2025

Edelweiss Mutual Fund
141767;Edelweiss Balanced Advantage Fund - Direct Plan - Monthly - IDCW Option;INF754K01IH0;INF754K01II8;26.7;;;25-Aug-2025
118614;Edelweiss Balanced Advantage Fund - Direct Plan - Quarterly - IDCW Option;INF754K01BP8;INF754K01BQ6;28.37;;;25-Aug-2025
112117;Edelweiss Balanced Advantage Fund - Regular Plan - Growth Option;INF754K01285;;50.67;;;25-Aug-2025
141766;Edelweiss Balanced Advantage Fund - Regular Plan - Monthly - IDCW Option;INF754K01IK4;INF754K01IL2;21.62;;;25-Aug-2025
112118;Edelweiss Balanced Advantage Fund - Regular Plan - Quarterly - IDCW Option;INF754K01251;INF754K01269;20.99;;;25-Aug-2025
118615;Edelweiss Balanced Advantage Fund -Direct Plan-Growth Option;INF754K01BS2;;57.68;;;25-Aug-2025

Franklin Templeton Mutual Fund
150480;Franklin India Balanced Advantage Fund- Growth;INF090I01WN2;;14.4084;;;25-Aug-2025
150481;Franklin India Balanced Advantage Fund- Growth- Direct;INF090I01WQ5;;15.1387;;;25-Aug-2025
150478;Franklin India Balanced Advantage Fund- IDCW;INF090I01WO0;INF090I01WP7;13.9487;;;25-Aug-2025
150479;Franklin India Balanced Advantage Fund- IDCW- Direct;INF090I01WR3;INF090I01WS1;14.3608;;;25-Aug-2025

HDFC Mutual Fund
100119;HDFC Balanced Advantage Fund - Growth Plan;INF179K01830;;516.428;;;25-Aug-2025
118968;HDFC Balanced Advantage Fund - Growth Plan - Direct Plan;INF179K01WA6;;558.485;;;25-Aug-2025
100120;HDFC Balanced Advantage Fund - IDCW Plan;INF179K01814;INF179K01822;38.79;;;25-Aug-2025
118969;HDFC Balanced Advantage Fund - IDCW Plan - Direct Plan;INF179K01VY8;INF179K01VZ5;45.349;;;25-Aug-2025

Helios Mutual Fund
152509;Helios Balanced Advantage Fund- Direct Plan- Growth Option;INF0R8701145;;11.49;;;25-Aug-2025
152511;Helios Balanced Advantage Fund- Direct Plan-IDCW Option;INF0R8701152;INF0R8701160;11.49;;;25-Aug-2025
152512;Helios Balanced Advantage Fund- Regular Plan- Growth Option;INF0R8701111;;11.23;;;25-Aug-2025
152510;Helios Balanced Advantage Fund- Regular Plan-IDCW Option;INF0R8701129;INF0R8701137;11.23;;;25-Aug-2025

HSBC Mutual Fund
151129;HSBC Balanced Advantage Fund - Direct Growth;INF917K01IN1;;50.5487;;;25-Aug-2025
151128;HSBC Balanced Advantage Fund - Direct IDCW;INF917K01IM3;INF917K01IL5;23.254;;;25-Aug-2025
151127;HSBC Balanced Advantage Fund - Regular Growth;INF917K01KY4;;43.5695;;;25-Aug-2025
151126;HSBC Balanced Advantage Fund - Regular IDCW;INF917K01KW8;INF917K01KX6;19.5763;;;25-Aug-2025

ICICI Prudential Mutual Fund
120377;ICICI Prudential Balanced Advantage Fund - Direct Plan -  Growth;INF109K012B0;;83.48;;;25-Aug-2025
120376;ICICI Prudential Balanced Advantage Fund - Direct Plan -  IDCW;INF109K010B4;INF109K011B2;29.92;;;25-Aug-2025
122236;ICICI Prudential Balanced Advantage Fund - Direct Plan - Monthly IDCW;INF109K016W7;INF109K015W9;26.75;;;25-Aug-2025
104685;ICICI Prudential Balanced Advantage Fund - Growth;INF109K01BH2;;74.79;;;25-Aug-2025
104686;ICICI Prudential Balanced Advantage Fund - IDCW;INF109K01EG8;INF109K01BG4;19.04;;;25-Aug-2025
122168;ICICI Prudential Balanced Advantage Fund - Monthly IDCW;INF109K018W3;INF109K017W5;22.40;;;25-Aug-2025

Invesco Mutual Fund
120333;Invesco India Balanced Advantage Fund - Direct Plan - Growth;INF205K01LN5;;64.28;;;25-Aug-2025
120332;Invesco India Balanced Advantage Fund - Direct Plan - IDCW (Payout / Reinvestment);INF205K01LL9;INF205K01LM7;24.42;;;25-Aug-2025
106317;Invesco India Balanced Advantage Fund - Growth;INF205K01213;;54.15;;;25-Aug-2025
106316;Invesco India Balanced Advantage Fund - IDCW (Payout / Reinvestment);INF205K01239;INF205K01221;20.02;;;25-Aug-2025

ITI Mutual Fund
147789;ITI Balanced Advantage Fund - Direct Plan - Growth Option;INF00XX01689;;16.1795;;;25-Aug-2025
147788;ITI Balanced Advantage Fund - Direct Plan - IDCW Option;INF00XX01697;INF00XX01705;14.2533;;;25-Aug-2025
147787;ITI Balanced Advantage Fund - Regular Plan - Growth Option;INF00XX01655;;14.4748;;;25-Aug-2025
147786;ITI Balanced Advantage Fund - Regular Plan - IDCW Option;INF00XX01663;INF00XX01671;12.5797;;;25-Aug-2025

Kotak Mahindra Mutual Fund
144335;Kotak Balanced Advantage Fund  - Direct Plan -Growth Option;INF174KA1210;;22.272;;;25-Aug-2025
144336;Kotak Balanced Advantage Fund - Regular Plan - Payout of Income Distribution cum capital withdrawal option Option;INF174KA1160;INF174KA1178;20.506;;;25-Aug-2025
144334;Kotak Balanced Advantage Fund -Direct Plan  -Payout of Income Distribution cum capital withdrawal option;INF174KA1194;INF174KA1202;22.273;;;25-Aug-2025
144333;Kotak Balanced Advantage Fund -Regular Plan - Growth Option;INF174KA1186;;20.506;;;25-Aug-2025

LIC Mutual Fund
149261;LIC MF Balanced Advantage Fund-Direct Plan-Growth;INF767K01QY0;;14.5062;;;25-Aug-2025
149260;LIC MF Balanced Advantage Fund-Direct Plan-IDCW;INF767K01QZ7;INF767K01RA8;12.9789;;;25-Aug-2025
149259;LIC MF Balanced Advantage Fund-Regular Plan-Growth;INF767K01QV6;;13.6115;;;25-Aug-2025
149258;LIC MF Balanced Advantage Fund-Regular Plan-IDCW;INF767K01QW4;INF767K01QX2;12.3372;;;25-Aug-2025

Mahindra Manulife Mutual Fund
149406;Mahindra Manulife Balanced Advantage Fund - Direct Plan - Growth;INF174V01BE0;;15.3582;;;25-Aug-2025
149407;Mahindra Manulife Balanced Advantage Fund - Direct Plan - IDCW;INF174V01BF7;INF174V01BG5;13.0952;;;25-Aug-2025
149404;Mahindra Manulife Balanced Advantage Fund - Regular Plan - Growth;INF174V01BB6;;14.3915;;;25-Aug-2025
149405;Mahindra Manulife Balanced Advantage Fund - Regular Plan - IDCW;INF174V01BC4;INF174V01BD2;12.1645;;;25-Aug-2025

Mirae Asset Mutual Fund
150470;Mirae Asset Balanced Advantage Fund Direct Plan- Growth;INF769K01IN6;;14.711;;;25-Aug-2025
150471;Mirae Asset Balanced Advantage Fund Direct Plan- IDCW;INF769K01IM8;INF769K01IO4;14.702;;;25-Aug-2025
150474;Mirae Asset Balanced Advantage Fund Regular Plan IDCW;INF769K01IJ4;INF769K01IL0;14.091;;;25-Aug-2025
150473;Mirae Asset Balanced Advantage Fund Regular Plan- Growth;INF769K01IK2;;14.094;;;25-Aug-2025

Motilal Oswal Mutual Fund
139872;Motilal Oswal Balanced Advantage Fund  (MOFDYNAMIC) - Direct Plan - Growth Option;INF247L01635;;22.6022;;;25-Aug-2025
139863;Motilal Oswal Balanced Advantage Fund (MOFDYNAMIC) - Regular Plan - Annual Dividend Payout Option;INF247L01601;INF247L01627;14.5558;;;25-Aug-2025
139870;Motilal Oswal Balanced Advantage Fund (MOFDYNAMIC) - Regular Plan - Growth Option;INF247L01585;;20.3003;;;25-Aug-2025
139866;Motilal Oswal Balanced Advantage Fund Direct - Annual IDCW Payout/Reinvestment;INF247L01650;INF247L01676;15.3816;;;25-Aug-2025
139865;Motilal Oswal Balanced Advantage Fund Direct - Quarterly IDCW Payout/Reinvestment;INF247L01643;INF247L01668;13.5760;;;25-Aug-2025
139871;Motilal Oswal Balanced Advantage Fund Regular - Quarterly IDCW Payout/Reinvestment;INF247L01593;INF247L01619;12.6860;;;25-Aug-2025

NJ Mutual Fund
149264;NJ Balanced Advantage Fund - Direct Plan - Growth Option;INF0J8L01040;;14.48;;;25-Aug-2025
149265;NJ Balanced Advantage Fund - Direct Plan - IDCW Payout Option;INF0J8L01032;;14.48;;;25-Aug-2025
149266;NJ Balanced Advantage Fund - Regular Plan - Growth Option;INF0J8L01024;;13.78;;;25-Aug-2025
149263;NJ Balanced Advantage Fund - Regular Plan - IDCW Payout Option;INF0J8L01016;;13.78;;;25-Aug-2025

PGIM India Mutual Fund
148658;PGIM India Balanced Advantage Fund -  Direct Plan - Growth Option;INF663L01V49;;16.68;;;25-Aug-2025
148659;PGIM India Balanced Advantage Fund - Direct Plan - Dividend Option;INF663L01V56;INF663L01V64;12.03;;;25-Aug-2025
148660;PGIM India Balanced Advantage Fund - Regular Plan - Dividend Option;INF663L01V80;INF663L01V98;11.67;;;25-Aug-2025
148657;PGIM India Balanced Advantage Fund - Regular Plan - Growth Option;INF663L01V72;;15.4;;;25-Aug-2025

PPFAS Mutual Fund
152469;Parag Parikh Dynamic Asset Allocation Fund - Direct Plan - Monthly IDCW Reinvestment;;INF879O01282;10.4117;;;25-Aug-2025
152468;Parag Parikh Dynamic Asset Allocation Fund - Direct Plan Growth;INF879O01266;;11.3732;;;25-Aug-2025
152467;Parag Parikh Dynamic Asset Allocation Fund - Regular Plan - Monthly IDCW Reinvestment;;INF879O01258;10.2224;;;25-Aug-2025
152464;Parag Parikh Dynamic Asset Allocation Fund - Regular Plan Growth;INF879O01233;;11.3216;;;25-Aug-2025

quant Mutual Fund
151713;quant Dynamic Asset Allocation Fund - Growth Option - Direct Plan;INF966L01BL5;;17.017;;;25-Aug-2025
151714;quant Dynamic Asset Allocation Fund - Growth Option - Regular Plan;INF966L01BO9;;16.4097;;;25-Aug-2025
151712;quant Dynamic Asset Allocation Fund - IDCW Option - Direct Plan;INF966L01BM3;INF966L01BN1;17.0119;;;25-Aug-2025
151715;quant Dynamic Asset Allocation Fund - IDCW Option - Regular Plan;INF966L01BP6;INF966L01BQ4;16.4112;;;25-Aug-2025

Samco Mutual Fund
152188;Samco Dynamic Asset Allocation Fund - Direct Plan - Growth Option;INF0K1H01131;;10.71;;;25-Aug-2025
152186;Samco Dynamic Asset Allocation Fund - Direct Plan - IDCW Option;INF0K1H01149;INF0K1H01156;10.70;;;25-Aug-2025
152187;Samco Dynamic Asset Allocation Fund - Regular Plan - Growth Option;INF0K1H01099;;10.42;;;25-Aug-2025
152185;Samco Dynamic Asset Allocation Fund - Regular Plan - IDCW Option;INF0K1H01107;INF0K1H01115;10.42;;;25-Aug-2025

SBI Mutual Fund
149134;SBI Balanced Advantage Fund - Direct Plan - Growth;INF200KA1Y73;;15.9279;;;25-Aug-2025
149135;SBI Balanced Advantage Fund - Direct Plan - Income Distribution cum Capital Withdrawal Option (IDCW);INF200KA1Y81;INF200KA1Y99;15.9283;;;25-Aug-2025
149132;SBI Balanced Advantage Fund - Regular Plan - Growth;INF200KA1Y40;;15.3174;;;25-Aug-2025
149133;SBI Balanced Advantage Fund - Regular Plan - Income Distribution cum Capital Withdrawal Option (IDCW);INF200KA1Y57;INF200KA1Y65;15.3176;;;25-Aug-2025

Shriram Mutual Fund
147406;Shriram Balanced Advantage Fund - Direct Growth;INF680P01208;;18.7268;;;25-Aug-2025
147403;Shriram Balanced Advantage Fund - Direct- IDCW;INF680P01216;INF680P01224;18.5945;;;25-Aug-2025
147405;Shriram Balanced Advantage Fund - Regular Growth;INF680P01174;;16.6926;;;25-Aug-2025
147404;Shriram Balanced Advantage Fund - Regular-IDCW;INF680P01182;INF680P01190;16.7145;;;25-Aug-2025

Sundaram Mutual Fund
149717;Sundaram Balanced Advantage Fund ( Formerly Known as Principal Balanced Advantage Fund) - Direct Plan - Growth Option;INF173K01FI7;;41.3030;;;25-Aug-2025
149718;Sundaram Balanced Advantage Fund (Formerly Known as Principal Balanced Advantage Fund) - Direct Plan - Monthly Income Distribution CUM Capital Withdrawal Option;INF173K01FF3;INF173K01FG1;18.9625;;;25-Aug-2025
149715;Sundaram Balanced Advantage Fund (Formerly Known as Principal Balanced Advantage Fund) - Growth Option;INF173K01585;;35.1554;;;25-Aug-2025
149716;Sundaram Balanced Advantage Fund (Formerly Known as Principal Balanced Advantage Fund) - Monthly Income Distribution CUM Capital Withdrawal Option;INF173K01551;INF173K01569;15.4874;;;25-Aug-2025

Tata Mutual Fund
146006;TATA Balanced Advantage Fund Direct Plan - Payout of Income Distribution cum capital withdrawal option ;INF277K014S6;;22.7087;;;25-Aug-2025
146008;TATA Balanced Advantage Fund Direct Plan - Reinvestment of Income Distribution cum capital withdrawal option ;;INF277K015S3;22.7087;;;25-Aug-2025
146005;TATA Balanced Advantage Fund Regular Plan - Payout of Income Distribution cum capital withdrawal option ;INF277K011S2;;20.4766;;;25-Aug-2025
146009;TATA Balanced Advantage Fund Regular Plan - Reinvestment of Income Distribution cum capital withdrawal option;;INF277K012S0;20.4766;;;25-Aug-2025
146010;Tata Balanced Advantage Fund-Direct Plan-Growth;INF277K013S8;;22.7087;;;25-Aug-2025
146007;Tata Balanced Advantage Fund-Regular Plan-Growth;INF277K010S4;;20.4766;;;25-Aug-2025

Unifi Mutual Fund
153376;Unifi Dynamic Asset Allocation Fund - Direct Growth;INF1MIY01015;;10.376;;;25-Aug-2025
153377;Unifi Dynamic Asset Allocation Fund - Regular Growth;INF1MIY01023;;10.3481;;;25-Aug-2025

Union Mutual Fund
142038;Union Balanced Advantage Fund - Direct Plan - Growth Option;INF582M01DE9;;21.89;;;25-Aug-2025
142037;Union Balanced Advantage Fund - Direct Plan - IDCW Option;INF582M01DG4;INF582M01DF6;21.89;;;25-Aug-2025
142035;Union Balanced Advantage Fund - Regular Plan - Growth Option;INF582M01DI0;;20.29;;;25-Aug-2025
142036;Union Balanced Advantage Fund - Regular Plan - IDCW Option;INF582M01DK6;INF582M01DJ8;20.29;;;25-Aug-2025

UTI Mutual Fund
100646;UTI - Unit Linked Insurance Plan;;;42.0997;;;25-Aug-2025
120784;UTI - Unit Linked Insurance Plan- Direct;;;45.5719;;;25-Aug-2025
151885;UTI Balanced Advantage Fund - Direct Plan - Growth Option;INF789F1AYV3;;13.0197;;;25-Aug-2025
151883;UTI Balanced Advantage Fund - Direct Plan - Payout of IDCW Option;INF789F1AYW1;;13.0196;;;25-Aug-2025
151882;UTI Balanced Advantage Fund - Regular Plan - Growth Option;INF789F1AYT7;;12.6545;;;25-Aug-2025
151884;UTI Balanced Advantage Fund - Regular Plan - Payout of IDCW Option;INF789F1AYU5;;12.6546;;;25-Aug-2025

WhiteOak Capital Mutual Fund
151267;WhiteOak Capital Balanced Advantage Fund Direct Plan Growth;INF03VN01738;;14.967;;;25-Aug-2025
151268;WhiteOak Capital Balanced Advantage Fund Regular Plan Growth;INF03VN01720;;14.366;;;25-Aug-2025

Open Ended Schemes ( Hybrid Scheme - Multi Asset Allocation )


360 ONE Mutual Fund
153774;360 ONE Multi Asset Allocation Fund - Direct Plan - Growth;INF579M01BM2;;10.0413;;;25-Aug-2025
153773;360 ONE Multi Asset Allocation Fund - Direct Plan - IDCW;INF579M01BN0;INF579M01BO8;10.0413;;;25-Aug-2025
153772;360 ONE Multi Asset Allocation Fund - Regular Plan - Growth;INF579M01BJ8;;10.0387;;;25-Aug-2025
153775;360 ONE Multi Asset Allocation Fund - Regular Plan - IDCW;INF579M01BK6;INF579M01BL4;10.0387;;;25-Aug-2025

Axis Mutual Fund
120524;Axis Multi Asset Allocation Fund - Direct Plan - Growth Option;INF846K01EV4;;47.1052;;;25-Aug-2025
120523;Axis Multi Asset Allocation Fund - Direct Plan - Monthly IDCW;INF846K01ET8;INF846K01EU6;26.2131;;;25-Aug-2025
113064;Axis Multi Asset Allocation Fund - Regular Plan - Growth Option;INF846K01768;;40.5659;;;25-Aug-2025
113065;Axis Multi Asset Allocation Fund - Regular Plan - Monthly IDCW;INF846K01776;INF846K01784;19.3290;;;25-Aug-2025

Bajaj Finserv Mutual Fund
152639;Bajaj Finserv Multi Asset Allocation Fund - Direct Growth;INF0QA701821;;11.1469;;;25-Aug-2025
152641;Bajaj Finserv Multi Asset Allocation Fund - Direct IDCW;INF0QA701839;INF0QA701847;11.1469;;;25-Aug-2025
152642;Bajaj Finserv Multi Asset Allocation Fund - Regular Growth;INF0QA701797;;10.9380;;;25-Aug-2025
152640;Bajaj Finserv Multi Asset Allocation Fund - Regular IDCW;INF0QA701805;INF0QA701813;10.9380;;;25-Aug-2025

Bandhan Mutual Fund
152324;Bandhan Multi Asset Allocation Fund - Direct Plan - Growth;INF194KB1HM7;;12.7815;;;25-Aug-2025
152323;Bandhan Multi Asset Allocation Fund - Direct Plan - IDCW;INF194KB1HN5;INF194KB1HO3;12.7815;;;25-Aug-2025
152326;Bandhan Multi Asset Allocation Fund - Regular Plan - Growth;INF194KB1HJ3;;12.4710;;;25-Aug-2025
152325;Bandhan Multi Asset Allocation Fund - Regular Plan - IDCW;INF194KB1HK1;INF194KB1HL9;12.4710;;;25-Aug-2025

Bank of India Mutual Fund
152396;Bank of India Multi Asset Allocation Fund-Direct Plan-Growth;INF761K01FZ3;;11.5488;;;25-Aug-2025
152399;Bank of India Multi Asset Allocation Fund-Direct Plan-IDCW;INF761K01GA4;INF761K01GB2;11.5485;;;25-Aug-2025
152398;Bank of India Multi Asset Allocation Fund-Regular Plan-Growth;INF761K01FW0;;11.3775;;;25-Aug-2025
152395;Bank of India Multi Asset Allocation Fund-Regular Plan-IDCW;INF761K01FX8;INF761K01FY6;11.3785;;;25-Aug-2025

Baroda BNP Paribas Mutual Fund
150865;Baroda BNP Paribas Multi Asset Fund - Direct Plan - Growth Option;INF251K01RF2;;15.4863;;;25-Aug-2025
150866;Baroda BNP Paribas Multi Asset Fund - Direct Plan - IDCW Option;INF251K01RG0;INF251K01RH8;15.0461;;;25-Aug-2025
150863;Baroda BNP Paribas Multi Asset Fund - Regular Plan - Growth Option;INF251K01RC9;;14.9034;;;25-Aug-2025
150864;Baroda BNP Paribas Multi Asset Fund - Regular Plan - IDCW Option;INF251K01RD7;INF251K01RE5;14.2304;;;25-Aug-2025

Canara Robeco Mutual Fund
153465;Canara Robeco Multi Asset Allocation Fund - Direct Plan - Growth;INF760K01LH1;;10.2700;;;25-Aug-2025
153468;Canara Robeco Multi Asset Allocation Fund - Direct Plan - IDCW;INF760K01LJ7;INF760K01LL3;10.2700;;;25-Aug-2025
153466;Canara Robeco Multi Asset Allocation Fund - Regular Plan - Growth;INF760K01LG3;;10.2300;;;25-Aug-2025
153467;Canara Robeco Multi Asset Allocation Fund - Regular Plan - IDCW;INF760K01LI9;INF760K01LK5;10.2300;;;25-Aug-2025

Edelweiss Mutual Fund
151792;Edelweiss Multi Asset Allocation Fund - Direct Plan - Growth;INF754K01RS8;;11.8267;;;25-Aug-2025
151793;Edelweiss Multi Asset Allocation Fund - Direct Plan - IDCW Option;INF754K01RT6;INF754K01RU4;11.8267;;;25-Aug-2025
151795;Edelweiss Multi Asset Allocation Fund - Regular Plan - Growth;INF754K01RO7;;11.7454;;;25-Aug-2025
151794;Edelweiss Multi Asset Allocation Fund - Regular Plan - IDCW Option;INF754K01RP4;INF754K01RQ2;11.7454;;;25-Aug-2025

Franklin Templeton Mutual Fund
153732;Franklin India Multi Asset Allocation Fund- Direct- IDCW;INF090I01YJ6;INF090I01YI8;10.0863;;;25-Aug-2025
153731;Franklin India Multi Asset Allocation Fund- Direct-Growth;INF090I01YH0;;10.0863;;;25-Aug-2025
153733;Franklin India Multi Asset Allocation Fund- Growth;INF090I01YM0;;10.0745;;;25-Aug-2025
153730;Franklin India Multi Asset Allocation Fund- IDCW;INF090I01YL2;INF090I01YK4;10.0745;;;25-Aug-2025

HDFC Mutual Fund
103131;HDFC Multi-Asset Fund - Growth Option;INF179K01AP0;;71.983;;;25-Aug-2025
119131;HDFC Multi-Asset Fund - Growth Option - Direct Plan;INF179K01XW8;;80.41;;;25-Aug-2025
103130;HDFC Multi-Asset Fund - IDCW Option;INF179K01AN5;INF179K01AO3;17.32;;;25-Aug-2025
119130;HDFC Multi-Asset Fund - IDCW Option - Direct Plan;INF179K01XU2;INF179K01XV0;21.426;;;25-Aug-2025

HSBC Mutual Fund
152380;HSBC Multi Asset Allocation Fund - Direct - Growth;INF336L01RI3;;12.4482;;;25-Aug-2025
152381;HSBC Multi Asset Allocation Fund - Direct - IDCW;INF336L01RJ1;INF336L01RK9;12.4481;;;25-Aug-2025
152378;HSBC Multi Asset Allocation Fund - Regular - Growth;INF336L01RF9;;12.1964;;;25-Aug-2025
152379;HSBC Multi Asset Allocation Fund - Regular - IDCW;INF336L01RG7;INF336L01RH5;12.1964;;;25-Aug-2025

Invesco Mutual Fund
153047;Invesco India Multi Asset Allocation Fund - Direct Plan - Growth;INF205KA1AC1;;11.02;;;25-Aug-2025
153049;Invesco India Multi Asset Allocation Fund - Direct Plan - IDCW;INF205KA1AD9;INF205KA1AE7;11.02;;;25-Aug-2025
153046;Invesco India Multi Asset Allocation Fund - Growth;INF205KA1999;;10.92;;;25-Aug-2025
153048;Invesco India Multi Asset Allocation Fund - IDCW;INF205KA1AA5;INF205KA1AB3;10.92;;;25-Aug-2025

Kotak Mahindra Mutual Fund
152064;Kotak Multi Asset Allocation Fund - Direct Plan - Growth Option;INF174KA1PD4;;13.879;;;25-Aug-2025
152063;Kotak Multi Asset Allocation Fund - Direct Plan - IDCW Option;INF174KA1PE2;INF174KA1PF9;13.878;;;25-Aug-2025
152065;Kotak Multi Asset Allocation Fund - Regular Plan - Growth Option;INF174KA1PA0;;13.506;;;25-Aug-2025
152066;Kotak Multi Asset Allocation Fund - Regular Plan - IDCW Option;INF174KA1PB8;INF174KA1PC6;13.506;;;25-Aug-2025

LIC Mutual Fund
153246;LIC MF Multi Asset Allocation Fund-Direct Plan-Growth;INF767K01RZ5;;11.3246;;;25-Aug-2025
153247;LIC MF Multi Asset Allocation Fund-Direct Plan-IDCW;INF767K01RY8;INF767K01RX0;11.3246;;;25-Aug-2025
153248;LIC MF Multi Asset Allocation Fund-Regular Plan-Growth;INF767K01RW2;;11.2224;;;25-Aug-2025
153249;LIC MF Multi Asset Allocation Fund-Regular Plan-IDCW;INF767K01RV4;INF767K01RU6;11.2224;;;25-Aug-2025

Mahindra Manulife Mutual Fund
152445;Mahindra Manulife Multi Asset Allocation Fund - Direct Plan - IDCW;INF174V01BX0;INF174V01BY8;12.1048;;;25-Aug-2025
152444;Mahindra Manulife Multi Asset allocation Fund - Regular Plan - IDCW;INF174V01BU6;INF174V01BV4;11.8153;;;25-Aug-2025
152443;Mahindra Manulife Multi Asset Allocation Fund- Direct Plan - Growth;INF174V01BW2;;12.3856;;;25-Aug-2025
152441;Mahindra Manulife Multi Asset Allocation Fund- Regular Plan - Growth;INF174V01BT8;;12.0939;;;25-Aug-2025

Mirae Asset Mutual Fund
152344;Mirae Asset Multi Asset Allocation Fund - Direct Plan - Growth;INF769K01KZ6;;12.463;;;25-Aug-2025
152345;Mirae Asset Multi Asset Allocation Fund - Direct Plan - IDCW;INF769K01LA7;INF769K01LB5;12.463;;;25-Aug-2025
152347;Mirae Asset Multi Asset Allocation Fund - Regular Plan - Growth;INF769K01KW3;;12.153;;;25-Aug-2025
152346;Mirae Asset Multi Asset Allocation Fund - Regular Plan - IDCW;INF769K01KX1;INF769K01KY9;12.151;;;25-Aug-2025

quant Mutual Fund
120820;quant Multi Asset Allocation Fund - IDCW Option - Direct Plan;INF966L01564;INF966L01572;140.2747;;;25-Aug-2025
101071;quant Multi Asset Allocation Fund - IDCW Option - Regular Plan;INF966L01184;INF966L01192;129.8785;;;25-Aug-2025
101072;quant Multi Asset Allocation Fund-GROWTH OPTION - Regular Plan;INF966L01200;;141.6805;;;25-Aug-2025
120821;quant Multi Asset Allocation Fund-GROWTH OPTION-Direct Plan;INF966L01580;;152.207;;;25-Aug-2025

Quantum Mutual Fund
152474;Quantum Multi Asset Allocation Fund - Direct Plan Growth Option;INF082J01457;;11.76;;;25-Aug-2025
152475;Quantum Multi Asset Allocation Fund - Regular Plan Growth Option;INF082J01465;;11.48;;;25-Aug-2025

SBI Mutual Fund
119840;SBI Multi Asset Allocation Fund - Direct Plan - Annual Income Distribution cum Capital Withdrawal Option (IDCW);INF200K01TX8;INF200K01TY6;37.6208;;;25-Aug-2025
119843;SBI MULTI ASSET ALLOCATION FUND - DIRECT PLAN - GROWTH;INF200K01TZ3;;66.0284;;;25-Aug-2025
119841;SBI Multi Asset Allocation Fund - Direct Plan - Monthly Income Distribution cum Capital Withdrawal Option (IDCW);INF200K01UA4;INF200K01UB2;29.6492;;;25-Aug-2025
119842;SBI Multi Asset Allocation Fund - Direct Plan - Quarterly Income Distribution cum Capital Withdrawal Option (IDCW);INF200K01UC0;INF200K01UD8;31.3632;;;25-Aug-2025
103409;SBI Multi Asset Allocation Fund - Regular Plan - Annual Income Distribution cum Capital Withdrawal Option (IDCW);INF200K01784;INF200K01792;33.6410;;;25-Aug-2025
103408;SBI MULTI ASSET ALLOCATION FUND - REGULAR PLAN - GROWTH;INF200K01800;;59.4910;;;25-Aug-2025
103400;SBI Multi Asset Allocation Fund - Regular Plan - Monthly Income Distribution cum Capital Withdrawal Option (IDCW);INF200K01818;INF200K01826;26.6020;;;25-Aug-2025
103401;SBI Multi Asset Allocation Fund - Regular Plan - Quarterly Income Distribution cum Capital Withdrawal Option (IDCW);INF200K01834;INF200K01842;26.5760;;;25-Aug-2025

Shriram Mutual Fund
152051;Shriram Multi Asset Allocation Fund - Direct Growth;INF680P01406;;12.5192;;;25-Aug-2025
152052;Shriram Multi Asset Allocation Fund - Regular Growth;INF680P01414;;12.066;;;25-Aug-2025

Sundaram Mutual Fund
152314;Sundaram Multi Asset Allocation Fund Direct Plan Growth;INF903JA1LK9;;12.6018;;;25-Aug-2025
152316;Sundaram Multi Asset Allocation Fund Direct Plan IDCW Payout;INF903JA1LL7;;12.6018;;;25-Aug-2025
152312;Sundaram Multi Asset Allocation Fund Direct Plan IDCW Reinvestment;;INF903JA1LM5;12.6018;;;25-Aug-2025
152311;Sundaram Multi Asset Allocation Fund Regular Plan Growth;INF903JA1LH5;;12.2924;;;25-Aug-2025
152315;Sundaram Multi Asset Allocation Fund Regular Plan IDCW Payout;INF903JA1LI3;;12.2924;;;25-Aug-2025
152313;Sundaram Multi Asset Allocation Fund Regular Plan IDCW Reinvestment;;INF903JA1LJ1;12.2924;;;25-Aug-2025

Union Mutual Fund
152787;Union Multi Asset Allocation Fund- Direct Plan - Growth Option;INF582M01JY4;;10.85;;;25-Aug-2025
152784;Union Multi Asset Allocation Fund- Direct Plan - IDCW Option;INF582M01JZ1;INF582M01KA2;10.85;;;25-Aug-2025
152786;Union Multi Asset Allocation Fund- Regular Plan - Growth Option;INF582M01JU2;;10.73;;;25-Aug-2025
152785;Union Multi Asset Allocation Fund- Regular Plan - IDCW Option;INF582M01JV0;INF582M01JW8;10.73;;;25-Aug-2025

UTI Mutual Fund
120760;UTI Multi Asset Allocation Fund - Direct Plan - Growth Option;INF789F01VE6;;82.6867;;;25-Aug-2025
120761;UTI Multi Asset Allocation Fund - Direct Plan - IDCW;INF789F01VC0;INF789F01VD8;33.4212;;;25-Aug-2025
111599;UTI Multi Asset Allocation Fund - Regular Plan - Growth Option;INF789F01AP6;;74.4971;;;25-Aug-2025
111602;UTI Multi Asset Allocation Fund - Regular Plan - IDCW;INF789F01AN1;INF789F01AO9;28.8366;;;25-Aug-2025

Open Ended Schemes ( Hybrid Scheme - Arbitrage Fund )


Aditya Birla Sun Life Mutual Fund
119526;Aditya Birla Sun Life Arbitrage Fund - Growth - Direct Plan;INF209K01VP1;;28.9097;;;25-Aug-2025
112088;Aditya BIRLA SUN LIFE ARBITRAGE FUND - REGULAR PLAN - GROWTH;INF209K01264;;26.7922;;;25-Aug-2025
119525;Aditya Birla Sun Life Arbitrage Fund-DIRECT - IDCW;INF209K01P80;INF209K01VQ9;11.5224;;;25-Aug-2025
112087;Aditya Birla Sun Life Arbitrage Fund-Regular - IDCW;INF209K01256;INF209K01CI6;11.1553;;;25-Aug-2025

Axis Mutual Fund
130773;Axis Arbitrage Fund - Direct Plan - Growth;INF846K01PZ1;;20.4944;;;25-Aug-2025
130774;Axis Arbitrage Fund - Direct Plan - Monthly IDCW;INF846K01QA2;INF846K01QB0;12.2282;;;25-Aug-2025
130771;Axis Arbitrage Fund - Regular Plan - Growth;INF846K01QC8;;18.8491;;;25-Aug-2025
130776;Axis Arbitrage Fund - Regular Plan - Monthly IDCW;INF846K01QD6;INF846K01QE4;11.1678;;;25-Aug-2025

Bajaj Finserv Mutual Fund
152080;Bajaj Finserv Arbitrage Fund- Direct Plan-IDCW;INF0QA701532;INF0QA701540;11.473;;;25-Aug-2025
152078;Bajaj Finserv Arbitrage Fund- Regular Plan-Growth;INF0QA701490;;11.318;;;25-Aug-2025
152077;Bajaj Finserv Arbitrage Fund-Direct Plan-Growth;INF0QA701524;;11.473;;;25-Aug-2025
152079;Bajaj Finserv Arbitrage Fund-Regular Plan-IDCW;INF0QA701508;INF0QA701516;11.318;;;25-Aug-2025

Bandhan Mutual Fund
133680;BANDHAN Arbitrage Fund - Regular Plan - Annual IDCW;INF194KA1YD2;INF194KA1YE0;10.9910;;;25-Aug-2025
108845;BANDHAN Arbitrage Fund - Regular Plan - Growth;INF194K01649;;32.7103;;;25-Aug-2025
108847;BANDHAN Arbitrage Fund - Regular Plan - Monthly IDCW;INF194K01656;INF194K01664;10.3344;;;25-Aug-2025
118474;BANDHAN Arbitrage Fund-Direct Plan- Growth;INF194K01Y60;;35.4395;;;25-Aug-2025
133679;BANDHAN Arbitrage Fund-Direct Plan-Annual IDCW;INF194KA1YG5;INF194KA1YH3;12.6661;;;25-Aug-2025
118475;BANDHAN Arbitrage Fund-Direct Plan-Monthly IDCW;INF194K01Y78;INF194K01Y86;10.3644;;;25-Aug-2025

Bank of India Mutual Fund
143613;BANK OF INDIA Arbitrage Fund Direct Plan Annual IDCW;INF761K01EI2;INF761K01EJ0;13.1235;;;25-Aug-2025
143614;BANK OF INDIA Arbitrage Fund Direct Plan Growth;INF761K01ED3;;14.5140;;;25-Aug-2025
143615;BANK OF INDIA Arbitrage Fund Direct Plan Monthly IDCW;INF761K01EE1;INF761K01EF8;13.0831;;;25-Aug-2025
143616;BANK OF INDIA Arbitrage Fund Direct Plan Quarterly IDCW;INF761K01EG6;INF761K01EH4;13.7928;;;25-Aug-2025
143620;BANK OF INDIA Arbitrage Fund Regular Growth;INF761K01DW5;;13.9005;;;25-Aug-2025
143617;BANK OF INDIA Arbitrage Fund Regular Plan IDCW Annual IDCW;INF761K01EB7;INF761K01EC5;12.8442;;;25-Aug-2025
143618;BANK OF INDIA Arbitrage Fund Regular Plan IDCW Monthly IDCW;INF761K01DX3;INF761K01DY1;12.5973;;;25-Aug-2025
143619;BANK OF INDIA Arbitrage Fund Regular Plan IDCW Quarterly IDCW;INF761K01DZ8;INF761K01EA9;13.2988;;;25-Aug-2025

Baroda BNP Paribas Mutual Fund
150252;BARODA BNP PARIBAS ARBITRAGE FUND -DIRECT PLAN - ADHOC IDCW OPTION;INF251K01OV6;INF251K01OU8;11.6732;;;25-Aug-2025
150255;BARODA BNP PARIBAS ARBITRAGE FUND DIRECT PLAN MONTHLY IDCW Option;INF251K01PF6;INF251K01PE9;10.8618;;;25-Aug-2025
150256;BARODA BNP PARIBAS ARBITRAGE FUND DIRECT PLAN QUARTERLY IDCW Option;INF251K01PJ8;INF251K01PI0;10.9822;;;25-Aug-2025
150254;BARODA BNP PARIBAS ARBITRAGE FUND REGULAR PLAN MONTHLY IDCW Option;INF251K01PD1;INF251K01PC3;10.4374;;;25-Aug-2025
150257;BARODA BNP PARIBAS ARBITRAGE FUND REGULAR PLAN QUARTERLY IDCW Option;INF251K01PH2;INF251K01PG4;10.6151;;;25-Aug-2025
150250;BARODA BNP PARIBAS ARBITRAGE FUND- REGULAR PLAN- GROWTH OPTION;INF251K01ON3;;16.1909;;;25-Aug-2025
150251;BARODA BNP PARIBAS ARBITRAGE FUND-DIRECT PLAN-GROWTH OPTION;INF251K01OT0;;17.1231;;;25-Aug-2025
150253;BARODA BNP PARIBAS ARBITRAGE FUND-REGULAR PLAN- ADHOC IDCW OPTION;INF251K01OP8;INF251K01OO1;11.2729;;;25-Aug-2025

DSP Mutual Fund
142283;DSP Arbitrage Fund - Direct - Growth;INF740KA1DN4;;15.788;;;25-Aug-2025
142279;DSP Arbitrage Fund - Direct - IDCW;INF740KA1DO2;INF740KA1DP9;12.498;;;25-Aug-2025
142281;DSP Arbitrage Fund - Direct - IDCW - Monthly;INF740KA1DQ7;INF740KA1DR5;13.068;;;25-Aug-2025
142282;DSP Arbitrage Fund - Regular - Growth;INF740KA1DI4;;15.066;;;25-Aug-2025
142280;DSP Arbitrage Fund - Regular - IDCW;INF740KA1DJ2;INF740KA1DK0;11.974;;;25-Aug-2025
142278;DSP Arbitrage Fund - Regular - IDCW - Monthly;INF740KA1DL8;INF740KA1DM6;11.823;;;25-Aug-2025

Edelweiss Mutual Fund
130209;Edelweiss Arbitrage Fund - Direct Plan - IDCW Option;INF754K01EB2;INF754K01EC0;15.0103;;;25-Aug-2025
141606;Edelweiss Arbitrage Fund - Monthly  Direct Plan - IDCW Option;INF754K01HW1;INF754K01HX9;17.2488;;;25-Aug-2025
141605;Edelweiss Arbitrage Fund - Monthly  Regular Plan - IDCW Option;INF754K01HT7;INF754K01HU5;15.9685;;;25-Aug-2025
130207;Edelweiss Arbitrage Fund - Regular Plan - IDCW Option;INF754K01EG1;INF754K01EH9;14.3429;;;25-Aug-2025
130206;Edelweiss Arbitrage Fund- Direct Plan- Growth Option;INF754K01EA4;;20.9961;;;25-Aug-2025
130208;Edelweiss Arbitrage Fund- Regular Plan -Bonus Option;INF754K01EJ5;;19.609;;;25-Aug-2025
130205;Edelweiss Arbitrage Fund- Regular Plan- Growth Option;INF754K01EF3;;19.545;;;25-Aug-2025

Franklin Templeton Mutual Fund
153043;Franklin India Arbitrage Fund - Direct - Growth;INF090I01XS9;;10.5477;;;25-Aug-2025
153041;Franklin India Arbitrage Fund - Direct - IDCW;INF090I01XU5;INF090I01XT7;10.5477;;;25-Aug-2025
153042;Franklin India Arbitrage Fund - Growth;INF090I01XP5;;10.4897;;;25-Aug-2025
153044;Franklin India Arbitrage Fund - IDCW;INF090I01XR1;INF090I01XQ3;10.4897;;;25-Aug-2025

HDFC Mutual Fund
118931;HDFC ARBITRAGE FUND - Growth Option - Direct Plan;INF179K01UU8;;32.268;;;25-Aug-2025
118930;HDFC ARBITRAGE FUND - Quarterly IDCW Option - Direct Plan;INF179K01UV6;INF179K01UW4;24.453;;;25-Aug-2025
106796;HDFC ARBITRAGE FUND - Retail Growth Option;INF179K01319;;29.938;;;25-Aug-2025
106799;HDFC ARBITRAGE FUND - Retail IDCW Option;;;22.312;;;25-Aug-2025
106797;HDFC ARBITRAGE FUND - Retail Quarterly IDCW Option;INF179K01327;;21.342;;;25-Aug-2025
106793;HDFC ARBITRAGE FUND - Wholesale Growth Option;INF179K01343;;30.896;;;25-Aug-2025
129052;HDFC ARBITRAGE FUND - Wholesale Growth Option - Direct Plan;INF179KA1KT6;;20.357;;;25-Aug-2025
106795;HDFC ARBITRAGE FUND - Wholesale IDCW Option;INF179KA1KM1;INF179KA1KL3;10.902;;;25-Aug-2025
129053;HDFC ARBITRAGE FUND - Wholesale IDCW Option - Direct Plan;INF179KA1KQ2;INF179KA1KP4;11.584;;;25-Aug-2025
129054;HDFC ARBITRAGE FUND - Wholesale Monthly IDCW - Direct Plan;INF179KA1KS8;INF179KA1KR0;11.201;;;25-Aug-2025
129051;HDFC ARBITRAGE FUND - Wholesale Monthly IDCW Option  ;INF179KA1KO7;INF179KA1KN9;11.351;;;25-Aug-2025

HSBC Mutual Fund
151138;HSBC Arbitrage Fund - Direct Growth;INF917K01QR5;;20.5052;;;25-Aug-2025
151135;HSBC Arbitrage Fund - Direct Monthly IDCW;INF917K01QT1;INF917K01QS3;10.3706;;;25-Aug-2025
151136;HSBC Arbitrage Fund - Direct Quarterly IDCW;INF917K01QV7;INF917K01QU9;11.1624;;;25-Aug-2025
151134;HSBC Arbitrage Fund - Regular Growth;INF917K01QL8;;19.134;;;25-Aug-2025
151140;HSBC Arbitrage Fund - Regular Monthly IDCW;INF917K01QN4;INF917K01QM6;10.4145;;;25-Aug-2025
151137;HSBC Arbitrage Fund - Regular Quarterly IDCW;INF917K01QP9;INF917K01QO2;10.968;;;25-Aug-2025

ICICI Prudential Mutual Fund
120364;ICICI Prudential Equity Arbitrage Fund - Direct Plan - Growth;INF109K016O4;;37.1380;;;25-Aug-2025
120365;ICICI Prudential Equity Arbitrage Fund - Direct Plan - IDCW;INF109K017O2;INF109K015O6;17.3667;;;25-Aug-2025
104683;ICICI Prudential Equity Arbitrage Fund - Growth;INF109K01BF6;;34.6066;;;25-Aug-2025
104681;ICICI Prudential Equity Arbitrage Fund - IDCW;INF109K01EF0;INF109K01BE9;15.1591;;;25-Aug-2025

Invesco Mutual Fund
130787;Invesco India Arbitrage Fund - Direct Plan - Annual Bonus;INF205K01P68;;34.8305;;;25-Aug-2025
120401;Invesco India Arbitrage Fund - Direct Plan - Growth Option;INF205K01KR8;;34.8412;;;25-Aug-2025
120400;Invesco India Arbitrage Fund - Direct Plan - IDCW (Payout / Reinvestment);INF205K01KP2;INF205K01KQ0;18.9193;;;25-Aug-2025
105603;Invesco India Arbitrage Fund - Growth Option;INF205K01122;;32.1866;;;25-Aug-2025
105604;Invesco India Arbitrage Fund - IDCW (Payout / Reinvestment);INF205K01148;INF205K01130;17.1774;;;25-Aug-2025

ITI Mutual Fund
147617;ITI Arbitrage Fund - Direct Plan - Growth Option;INF00XX01440;;13.6691;;;25-Aug-2025
147615;ITI Arbitrage Fund - Direct Plan - IDCW Option;INF00XX01457;INF00XX01465;13.6691;;;25-Aug-2025
147618;ITI Arbitrage Fund - Regular Plan - Growth Option;INF00XX01416;;13.0742;;;25-Aug-2025
147616;ITI Arbitrage Fund - Regular Plan - IDCW Option;INF00XX01424;INF00XX01432;13.0742;;;25-Aug-2025

JM Financial Mutual Fund
133395;JM Arbitrage Fund (Direct) - Annual Bonus Option - Principal Units;INF192K01GX4;;18.0163;;;25-Aug-2025
135173;JM Arbitrage Fund (Direct) - Annual IDCW;INF192K01KY4;INF192K01KZ1;15.9619;;;25-Aug-2025
130604;JM Arbitrage Fund (Direct) - Bonus Option - Principal Units;INF192K01GL9;;18.7713;;;25-Aug-2025
120482;JM Arbitrage Fund (Direct) - Growth Option;INF192K01BN6;;35.076;;;25-Aug-2025
135171;JM Arbitrage Fund (Direct) - Half Yearly IDCW;INF192K01KU2;INF192K01KV0;16.2226;;;25-Aug-2025
135172;JM Arbitrage Fund (Direct) - Monthly IDCW;INF192K01KM9;INF192K01KN7;14.1638;;;25-Aug-2025
135174;JM Arbitrage Fund (Direct) - Quarterly IDCW;INF192K01KQ0;INF192K01KR8;16.6675;;;25-Aug-2025
120481;JM Arbitrage Fund (Direct)- IDCW;INF192K01BL0;INF192K01BM8;16.5291;;;25-Aug-2025
135167;JM Arbitrage Fund (Regular) - Annual IDCW;INF192K01KW8;INF192K01KX6;14.5156;;;25-Aug-2025
130603;JM Arbitrage Fund (Regular) - Bonus Option - Principal Units;INF192K01GJ3;;17.8619;;;25-Aug-2025
103780;JM Arbitrage Fund (Regular) - Growth Option;INF192K01510;;32.8557;;;25-Aug-2025
135170;JM Arbitrage Fund (Regular) - Half Yearly IDCW;INF192K01KS6;INF192K01KT4;14.6208;;;25-Aug-2025
103781;JM Arbitrage Fund (Regular) - IDCW ;INF192K01494;INF192K01502;15.2495;;;25-Aug-2025
135168;JM Arbitrage Fund (Regular) - Monthly IDCW;INF192K01KK3;INF192K01KL1;12.9176;;;25-Aug-2025
135169;JM Arbitrage Fund (Regular) - Quarterly IDCW;INF192K01KO5;INF192K01KP2;14.8376;;;25-Aug-2025

Kotak Mahindra Mutual Fund
119770;Kotak  Arbitrage Fund - Direct Plan - IDCW -Payout &  Reinvestment of Income Distribution cum capital withdrawal option;INF174K01LE2;INF174K01LD4;11.2429;;;25-Aug-2025
119771;Kotak Arbitrage Fund - Direct Plan - Growth;INF174K01LC6;;40.4238;;;25-Aug-2025
105968;Kotak Arbitrage Fund - Regular Plan - Growth;INF174K01302;;37.7948;;;25-Aug-2025
105967;Kotak Arbitrage Fund - Regular Plan - IDCW - Payout & Re-investment of Income Distribution cum capital withdrawal option;INF174K01328;INF174K01310;10.7546;;;25-Aug-2025

LIC Mutual Fund
145895;LIC MF Arbitrage Fund-Direct Plan-Growth;INF767K01PP0;;14.5714;;;25-Aug-2025
145894;LIC MF Arbitrage Fund-Direct Plan-Monthly IDCW;INF767K01PR6;INF767K01PS4;13.2476;;;25-Aug-2025
145891;LIC MF Arbitrage Fund-Direct Plan-Weekly IDCW;;INF767K01PQ8;13.6928;;;25-Aug-2025
145890;LIC MF Arbitrage Fund-Regular Plan-Growth;INF767K01PL9;;13.9251;;;25-Aug-2025
145892;LIC MF Arbitrage Fund-Regular Plan-Monthly IDCW;INF767K01PN5;INF767K01PO3;13.605;;;25-Aug-2025
145893;LIC MF Arbitrage Fund-Regular Plan-Weekly IDCW;;INF767K01PM7;13.5183;;;25-Aug-2025

Mahindra Manulife Mutual Fund
148470;Mahindra Manulife Arbitrage Fund - Direct Plan - IDCW;INF174V01AC6;INF174V01AB8;12.9490;;;25-Aug-2025
148468;Mahindra Manulife Arbitrage Fund - Direct Plan -Growth;INF174V01AA0;;12.9490;;;25-Aug-2025
148467;Mahindra Manulife Arbitrage Fund - Regular Plan - Growth;INF174V01978;;12.4268;;;25-Aug-2025
148469;Mahindra Manulife Arbitrage Fund - Regular Plan - IDCW;INF174V01994;INF174V01986;12.4268;;;25-Aug-2025

Mirae Asset Mutual Fund
148401;Mirae Asset Arbitrage Fund Direct Growth;INF769K01FS1;;13.636;;;25-Aug-2025
148402;Mirae Asset Arbitrage Fund Direct IDCW;INF769K01FR3;INF769K01FT9;13.617;;;25-Aug-2025
148400;Mirae Asset Arbitrage Fund Regular Growth;INF769K01FP7;;13.128;;;25-Aug-2025
148403;Mirae Asset Arbitrage Fund Regular IDCW;INF769K01FO0;INF769K01FQ5;13.127;;;25-Aug-2025

Motilal Oswal Mutual Fund
153187;Motilal Oswal Arbitrage Fund-Direct Plan-Growth;INF247L01ED1;;10.5121;;;25-Aug-2025
153185;Motilal Oswal Arbitrage Fund-Direct Plan-IDCW;INF247L01EE9;INF247L01EF6;10.5121;;;25-Aug-2025
153188;Motilal Oswal Arbitrage Fund-Regular Plan-Growth;INF247L01EG4;;10.4489;;;25-Aug-2025
153186;Motilal Oswal Arbitrage Fund-Regular Plan-IDCW;INF247L01EH2;INF247L01EI0;10.4489;;;25-Aug-2025

Nippon India Mutual Fund
118587;NIPPON INDIA ARBITRAGE FUND - DIRECT Plan - IDCW Option;INF204K01YA8;INF204K01YB6;17.8209;;;25-Aug-2025
128821;NIPPON INDIA ARBITRAGE FUND - DIRECT Plan - MONTHLY IDCW Option;INF204KA1MV7;INF204KA1MW5;15.1488;;;25-Aug-2025
118585;Nippon India Arbitrage Fund - Direct Plan Growth Plan - Growth Option;INF204K01XZ7;;28.9431;;;25-Aug-2025
113345;Nippon India Arbitrage Fund - Growth Plan - Growth Option;INF204K01IY1;;26.7579;;;25-Aug-2025
113346;NIPPON INDIA ARBITRAGE FUND - IDCW Option;INF204K01IZ8;INF204K01JA9;16.0359;;;25-Aug-2025
128820;NIPPON INDIA ARBITRAGE FUND - MONTHLY IDCW Option;INF204KA1MT1;INF204KA1MU9;13.9474;;;25-Aug-2025

NJ Mutual Fund
150367;NJ Arbitrage Fund - Direct Plan - Growth Option;INF0J8L01065;;12.3356;;;25-Aug-2025
150366;NJ Arbitrage Fund - Regular Plan - Growth Option;INF0J8L01057;;12.0739;;;25-Aug-2025

PGIM India Mutual Fund
138875;PGIM India Arbitrage Fund - Direct Plan - Growth;INF223J013N7;;19.7743;;;25-Aug-2025
138878;PGIM India Arbitrage Fund - Direct Plan - Monthly Dividend;INF223J011N1;INF223J016N0;11.3437;;;25-Aug-2025
138877;PGIM India Arbitrage Fund - Direct Plan - Regular Dividend;INF223J019M6;INF223J014N5;12.3703;;;25-Aug-2025
138876;PGIM India Arbitrage Fund - Regular Plan - Growth;INF223J019N4;;18.4837;;;25-Aug-2025
138883;PGIM India Arbitrage Fund - Regular Plan - Monthly Dividend;INF223J011M3;INF223J015M4;11.1877;;;25-Aug-2025
138887;PGIM India Arbitrage Fund - Regular Plan - Regular Dividend;INF223J019L8;INF223J013M9;11.6848;;;25-Aug-2025

PPFAS Mutual Fund
152109;Parag Parikh Arbitrage Fund - Direct Plan Growth;INF879O01225;;11.3802;;;25-Aug-2025
152110;Parag Parikh Arbitrage Fund - Regular Plan Growth;INF879O01217;;11.3082;;;25-Aug-2025

quant Mutual Fund
153426;quant Arbitrage Fund - Growth Option - Direct Plan;INF966L01DW8;;10.2709;;;25-Aug-2025
153428;quant Arbitrage Fund - Growth Option - Regular Plan;INF966L01DZ1;;10.2495;;;25-Aug-2025
153427;quant Arbitrage Fund - IDCW Option - Direct Plan;INF966L01DX6;INF966L01DY4;10.2699;;;25-Aug-2025
153429;quant Arbitrage Fund - IDCW Option - Regular Plan;INF966L01EA2;INF966L01EB0;10.2498;;;25-Aug-2025

Samco Mutual Fund
153090;Samco Arbitrage Fund - Direct Plan - Growth;INF0K1H01214;;10.40;;;25-Aug-2025
153091;Samco Arbitrage Fund - Regular Plan - Growth;INF0K1H01222;;10.34;;;25-Aug-2025

SBI Mutual Fund
119574;SBI Arbitrage Opportunities Fund - Direct Plan - Gr;INF200K01QU0;;36.2958;;;25-Aug-2025
119567;SBI Arbitrage Opportunities Fund - Direct Plan - Income Distribution cum Capital Withdrawal Option (IDCW);INF200K01QS4;INF200K01QT2;19.6111;;;25-Aug-2025
104457;SBI Arbitrage Opportunities Fund - Regular Plan - Gr;INF200K01156;;34.1130;;;25-Aug-2025
104458;SBI Arbitrage Opportunities Fund - Regular Plan - Income Distribution cum Capital Withdrawal Option (IDCW);INF200K01131;INF200K01149;17.9397;;;25-Aug-2025

Sundaram Mutual Fund
149552;Sundaram Arbitrage Fund (Formerly Know as Principal Arbitrage Fund) - Regular Plan - Growth;INF173K01NB6;;14.5584;;;25-Aug-2025
149551;Sundaram Arbitrage Fund (Formerly Known as Principal Arbitrage Fund)- Regular Plan - Monthly Income Distribution CUM Capital Withdrawal;INF173K01MY0;INF173K01NA8;12.7999;;;25-Aug-2025
149550;Sundaram Arbitrage Fund (Formerly Known as Prinicpal Arbitrage Fund) - Direct Plan - Growth;INF173K01NF7;;15.3771;;;25-Aug-2025
149549;Sundaram Arbitrage Fund( Formerly Known as Principal Arbitrage Fund) - Direct Plan- Monthly Income Distribution CUM Capital Withdrawal;INF173K01NC4;INF173K01NE0;13.2960;;;25-Aug-2025

Tata Mutual Fund
145727;TATA Arbitrage Fund Direct Plan - Monthly Payout of Income Distribution cum capital withdrawal option ;INF277K018Q1;;14.6609;;;25-Aug-2025
145725;TATA Arbitrage Fund Direct Plan - Monthly Reinvestment of Income Distribution cum capital withdrawal option;;INF277K019Q9;14.6609;;;25-Aug-2025
145728;TATA Arbitrage Fund Regular Plan - Monthly Payout of Income Distribution cum capital withdrawal option ;INF277K016Q5;;13.8512;;;25-Aug-2025
145726;TATA Arbitrage Fund Regular Plan - Monthly Reinvestment of Income Distribution cum capital withdrawal option ;;INF277K010R6;13.8512;;;25-Aug-2025
145724;Tata Arbitrage Fund-Direct Plan-Growth;INF277K017Q3;;15.2613;;;25-Aug-2025
145723;Tata Arbitrage Fund-Regular Plan-Growth;INF277K015Q7;;14.4903;;;25-Aug-2025

Union Mutual Fund
146297;Union Arbitrage Fund - Direct Plan - Growth Option;INF582M01ES7;;14.6566;;;25-Aug-2025
146296;Union Arbitrage Fund - Direct Plan - IDCW Option;INF582M01EU3;INF582M01ET5;14.3087;;;25-Aug-2025
146294;Union Arbitrage Fund - Regular Plan - Growth Option;INF582M01EW9;;14.1485;;;25-Aug-2025
146295;Union Arbitrage Fund - Regular Plan - IDCW Option;INF582M01EY5;INF582M01EX7;13.8150;;;25-Aug-2025

UTI Mutual Fund
120795;UTI Arbitrage Fund - Direct Plan - Growth Option;INF789FB1RG6;;37.641;;;25-Aug-2025
120796;UTI Arbitrage Fund - Direct Plan - IDCW;INF789FB1RE1;INF789FB1RF8;22.0184;;;25-Aug-2025
104075;UTI Arbitrage Fund - Regular Plan - Growth Option;INF789FB1RJ0;;35.3433;;;25-Aug-2025
104074;UTI Arbitrage Fund - Regular Plan - IDCW;INF789FB1RH4;INF789FB1RI2;19.9664;;;25-Aug-2025

WhiteOak Capital Mutual Fund
152849;WhiteOak Capital Arbitrage Fund Direct Plan Growth;INF03VN01910;;10.726;;;25-Aug-2025
152850;WhiteOak Capital Arbitrage Fund Regular Plan Growth;INF03VN01928;;10.649;;;25-Aug-2025

Open Ended Schemes ( Hybrid Scheme - Equity Savings )


Aditya Birla Sun Life Mutual Fund
132996;Aditya Birla Sun Life Equity Savings Fund - Direct - IDCW;INF209KA1TQ7;INF209KA1TR5;15.76;;;25-Aug-2025
132995;Aditya Birla Sun Life Equity Savings Fund - Direct Plan - Growth;INF209KA1TP9;;24.58;;;25-Aug-2025
132997;Aditya Birla Sun Life Equity Savings Fund - Regular - IDCW;INF209KA1TT1;INF209KA1TU9;13.39;;;25-Aug-2025
132998;Aditya Birla Sun Life Equity Savings Fund - Regular Plan - Growth;INF209KA1TS3;;22.18;;;25-Aug-2025

Axis Mutual Fund
135120;Axis Equity Savings Fund - Direct Plan - Growth;INF846K01VJ3;;25.18;;;25-Aug-2025
135121;Axis Equity Savings Fund - Direct Plan - Monthly IDCW;INF846K01VK1;INF846K01VL9;13.84;;;25-Aug-2025
135124;Axis Equity Savings Fund - Direct Plan - Quarterly IDCW;INF846K01VM7;INF846K01VN5;14.21;;;25-Aug-2025
139520;Axis Equity Savings Fund - Direct Plan - Regular IDCW;INF846K01XP6;INF846K01XQ4;13.60;;;25-Aug-2025
135122;Axis Equity Savings Fund - Regular Plan - Growth;INF846K01VO3;;22.22;;;25-Aug-2025
135123;Axis Equity Savings Fund - Regular Plan - Monthly IDCW;INF846K01VP0;INF846K01VQ8;11.77;;;25-Aug-2025
135125;Axis Equity Savings Fund - Regular Plan - Quarterly IDCW;INF846K01VR6;INF846K01VS4;12.27;;;25-Aug-2025
139521;Axis Equity Savings Fund - Regular Plan - Regular IDCW;INF846K01XR2;INF846K01XS0;12.79;;;25-Aug-2025

Bajaj Finserv Mutual Fund
153770;BAJAJ FINSERV EQUITY SAVINGS FUND -  DIRECT - IDCW;INF0QA701BU7;INF0QA701BV5;10.021;;;25-Aug-2025
153758;BAJAJ FINSERV EQUITY SAVINGS FUND - DIRECT - GROWTH;INF0QA701BT9;;10.021;;;25-Aug-2025
153769;BAJAJ FINSERV EQUITY SAVINGS FUND - REGULAR - GROWTH;INF0QA701BQ5;;10.019;;;25-Aug-2025
153771;BAJAJ FINSERV EQUITY SAVINGS FUND - REGULAR - IDCW;INF0QA701BR3;INF0QA701BS1;10.019;;;25-Aug-2025

Bandhan Mutual Fund
108995;BANDHAN Equity Savings Fund - Regular Plan - Growth;INF194K01581;;31.338;;;25-Aug-2025
108992;BANDHAN Equity Savings Fund - Regular Plan - Monthly IDCW;INF194K01599;INF194K01607;11.087;;;25-Aug-2025
133682;BANDHAN Equity Savings Fund - Regular Plan -Annual IDCW;INF194KA1XX2;INF194KA1XY0;12.931;;;25-Aug-2025
143259;BANDHAN Equity Savings Fund- Regular Plan -Quarterly IDCW;INF194KA16J0;INF194KA17J8;13.053;;;25-Aug-2025
143258;BANDHAN Equity Savings Fund-Direct Plan -Quarterly IDCW;INF194KA19J4;INF194KA10K1;13.570;;;25-Aug-2025
133681;BANDHAN Equity Savings Fund-Direct Plan-Annual IDCW;INF194KA1YA8;INF194KA1YB6;14.278;;;25-Aug-2025
118477;BANDHAN Equity Savings Fund-Direct Plan-Growth;INF194K01Z02;;34.821;;;25-Aug-2025
118476;BANDHAN Equity Savings Fund-Direct Plan-Monthly IDCW;INF194K01Z10;INF194K01Z28;11.724;;;25-Aug-2025

Baroda BNP Paribas Mutual Fund
147496;Baroda BNP Paribas Equity Savings Fund - Direct Plan - Growth;INF955L01IL3;;17.7518;;;25-Aug-2025
147498;Baroda BNP Paribas Equity Savings Fund - Direct Plan - IDCW;;INF955L01IN9;14.2736;;;25-Aug-2025
147494;Baroda BNP Paribas Equity Savings Fund - Regular Plan - Growth;INF955L01II9;;16.6168;;;25-Aug-2025
147495;Baroda BNP Paribas Equity Savings Fund - Regular Plan - IDCW;;INF955L01IK5;13.3639;;;25-Aug-2025

DSP Mutual Fund
136567;DSP Equity Savings Fund - Direct Plan - Growth;INF740KA1504;;24.463;;;25-Aug-2025
136568;DSP Equity Savings Fund - Direct Plan - IDCW;INF740KA1512;INF740KA1520;14.06;;;25-Aug-2025
136569;DSP Equity Savings Fund - Direct Plan - IDCW - Monthly;INF740KA1538;INF740KA1546;17.549;;;25-Aug-2025
136570;DSP Equity Savings Fund - Direct Plan - IDCW - Quarterly;INF740KA1553;INF740KA1561;17.465;;;25-Aug-2025
136563;DSP Equity Savings Fund - Regular Plan - Growth;INF740KA1439;;21.801;;;25-Aug-2025
136564;DSP Equity Savings Fund - Regular Plan - IDCW;INF740KA1447;INF740KA1454;12.656;;;25-Aug-2025
136565;DSP Equity Savings Fund - Regular Plan - IDCW - Monthly;INF740KA1462;INF740KA1470;13.999;;;25-Aug-2025
136566;DSP Equity Savings Fund - Regular Plan - IDCW - Quarterly;INF740KA1488;INF740KA1496;13.999;;;25-Aug-2025

Edelweiss Mutual Fund
140350;Edelweiss Equity Savings Fund - Direct Plan - Bonus Option;INF843K01KD6;;28.164;;;25-Aug-2025
140347;Edelweiss Equity Savings Fund - Direct Plan - Growth Option;INF843K01KC8;;28.1508;;;25-Aug-2025
140348;Edelweiss Equity Savings Fund - Direct Plan - IDCW Option;INF843K01KE4;INF843K01KF1;20.4633;;;25-Aug-2025
141933;Edelweiss Equity Savings Fund - Direct Plan - Monthly - IDCW Option;INF754K01IN8;INF754K01IO6;16.3973;;;25-Aug-2025
140351;Edelweiss Equity Savings Fund - Regular Plan - Growth Option;INF843K01KG9;;25.4768;;;25-Aug-2025
140349;Edelweiss Equity Savings Fund - Regular Plan - IDCW Option;INF843K01KI5;INF843K01KJ3;17.6081;;;25-Aug-2025
141934;Edelweiss Equity Savings Fund - Regular Plan - Monthly - IDCW Option;INF754K01IP3;INF754K01IQ1;14.4494;;;25-Aug-2025

Franklin Templeton Mutual Fund
144462;Franklin India Equity Savings Fund - Direct - IDCW ;INF090I01PC9;INF090I01PB1;14.6889;;;25-Aug-2025
144465;Franklin India Equity Savings Fund - Direct - Monthly - IDCW;INF090I01PH8;INF090I01PG0;13.9347;;;25-Aug-2025
144467;Franklin India Equity Savings Fund - Direct - Quarterly - IDCW;INF090I01PL0;INF090I01PK2;13.8849;;;25-Aug-2025
144468;Franklin India Equity Savings Fund - IDCW ;INF090I01OZ3;INF090I01OY6;13.4820;;;25-Aug-2025
144464;Franklin India Equity Savings Fund - Monthly - IDCW;INF090I01PF2;INF090I01PE5;13.3500;;;25-Aug-2025
144463;Franklin India Equity Savings Fund - Quarterly - IDCW;INF090I01PJ4;INF090I01PI6;12.3422;;;25-Aug-2025
144461;Franklin India Equity Savings Fund- Growth;INF090I01PA3;;16.4496;;;25-Aug-2025
144466;Franklin India Equity Savings Fund- Growth Direct;INF090I01PD7;;17.9943;;;25-Aug-2025

HDFC Mutual Fund
119128;HDFC Equity Savings Fund - Growth Option - Direct Plan;INF179K01XT4;;74.077;;;25-Aug-2025
101585;HDFC Equity Savings Fund - GROWTH PLAN;INF179K01AM7;;66.107;;;25-Aug-2025
119129;HDFC Equity Savings Fund - IDCW Option - Direct Plan;INF179K01XR8;INF179K01XS6;15.452;;;25-Aug-2025
101586;HDFC Equity Savings Fund - IDCW PLAN;INF179K01AK1;INF179K01AL9;12.94;;;25-Aug-2025

HSBC Mutual Fund
151060;HSBC Equity Savings Fund - Direct Growth;INF917K01GE4;;37.78;;;25-Aug-2025
151061;HSBC Equity Savings Fund - Direct Monthly IDCW;INF917K01E37;INF917K01GA2;17.4683;;;25-Aug-2025
151059;HSBC Equity Savings Fund - Direct Quarterly IDCW;INF917K01GD6;INF917K01GC8;18.2309;;;25-Aug-2025
151058;HSBC Equity Savings Fund - Regular Growth;INF917K01AA5;;34.0277;;;25-Aug-2025
151056;HSBC Equity Savings Fund - Regular Monthly IDCW;INF917K01965;INF917K01973;15.4395;;;25-Aug-2025
151057;HSBC Equity Savings Fund - Regular Quarterly IDCW;INF917K01981;INF917K01999;16.5031;;;25-Aug-2025

ICICI Prudential Mutual Fund
133051;ICICI Prudential Equity Savings Fund - Cumulative option;INF109KA14I5;;22.73;;;25-Aug-2025
133054;ICICI Prudential Equity Savings Fund - Direct Plan - Cumulative option;INF109KA11J9;;24.41;;;25-Aug-2025
133052;ICICI Prudential Equity Savings Fund - Direct Plan - Quarterly IDCW;INF109KA13J5;INF109KA16J8;16.14;;;25-Aug-2025
133053;ICICI Prudential Equity Savings Fund - Quarterly IDCW;INF109KA16I0;INF109KA19I4;13.65;;;25-Aug-2025

Invesco Mutual Fund
146457;Invesco India Equity Savings Fund - Direct Plan - Growth;INF205KA1049;;18.9223;;;25-Aug-2025
146458;Invesco India Equity Savings Fund - Direct Plan - IDCW (Payout / Reinvestment);INF205KA1064;INF205KA1031;18.8447;;;25-Aug-2025
146456;Invesco India Equity Savings Fund - Regular Plan - Growth;INF205KA1023;;16.9819;;;25-Aug-2025
146455;Invesco India Equity Savings Fund - Regular Plan - IDCW (Payout / Reinvestment);INF205KA1015;INF205KA1056;16.9803;;;25-Aug-2025

Kotak Mahindra Mutual Fund
131373;Kotak Equity Savings Fund - Direct - Growth;INF174K01D28;;28.9845;;;25-Aug-2025
131375;Kotak Equity Savings Fund - Direct - Monthly Payout of Income Distribution cum capital withdrawal option;INF174K01D36;INF174K01D51;20.808;;;25-Aug-2025
131372;Kotak Equity Savings Fund - Regular - Growth;INF174K01C78;;26.3575;;;25-Aug-2025
131374;Kotak Equity Savings Fund - Regular - Monthly Payout of Income Distribution cum capital withdrawal option;INF174K01C86;INF174K01D02;19.298;;;25-Aug-2025

LIC Mutual Fund
151952;LIC MF Equity Savings Fund-Direct Plan-Growth;INF397L01AZ5;;31.3724;;;25-Aug-2025
151953;LIC MF Equity Savings Fund-Direct Plan-Monthly IDCW;INF397L01BA6;INF397L01BB4;21.1901;;;25-Aug-2025
151954;LIC MF Equity Savings Fund-Direct Plan-Quarterly IDCW;INF397L01BD0;INF397L01BE8;17.4767;;;25-Aug-2025
151950;LIC MF Equity Savings Fund-Regular Plan-Growth;INF397L01315;;27.7714;;;25-Aug-2025
151949;LIC MF Equity Savings Fund-Regular Plan-Monthly IDCW;INF397L01257;INF397L01265;21.8801;;;25-Aug-2025
151951;LIC MF Equity Savings Fund-Regular Plan-Quarterly IDCW;INF397L01281;INF397L01299;20.6865;;;25-Aug-2025

Mahindra Manulife Mutual Fund
140444;Mahindra Manulife Equity Savings Fund - Direct Plan -Growth;INF174V01184;;24.0132;;;25-Aug-2025
140447;Mahindra Manulife Equity Savings Fund - Regular Plan - Growth;INF174V01150;;20.5411;;;25-Aug-2025
140442;Mahindra Manulife Equity Savings Fund -Direct Plan -Dividend;INF174V01192;INF174V01200;17.2220;;;25-Aug-2025
140446;Mahindra Manulife Equity Savings Fund -Regular Plan -Dividend;INF174V01168;INF174V01176;14.1323;;;25-Aug-2025

Mirae Asset Mutual Fund
145694;Mirae Asset Equity Savings Fund Direct IDCW;INF769K01EJ3;INF769K01EM7;14.140;;;25-Aug-2025
145696;Mirae Asset Equity Savings Fund Regular IDCW;INF769K01EH7;INF769K01EL9;13.057;;;25-Aug-2025
145693;Mirae Asset Equity Savings Fund- Direct Plan- Growth;INF769K01EK1;;21.750;;;25-Aug-2025
145695;Mirae Asset Equity Savings Fund- Regular Plan- Growth;INF769K01EI5;;20.295;;;25-Aug-2025

Nippon India Mutual Fund
148276;NIPPON INDIA EQUITY SAVINGS FUND -  SEGREGATED PORTFOLIO 2 - Direct Plan - IDCW Option;INF204KB11S7;INF204KB12S5;0.0000;;;25-Aug-2025
148277;NIPPON INDIA EQUITY SAVINGS FUND -  SEGREGATED PORTFOLIO 2 - Direct Plan - MONTHLY IDCW Option;INF204KB13S3;INF204KB14S1;0.0000;;;25-Aug-2025
148275;NIPPON INDIA EQUITY SAVINGS FUND -  SEGREGATED PORTFOLIO 2 - Direct Plan - QUARTERLY IDCW Option;INF204KB19R2;INF204KB10S9;0.0000;;;25-Aug-2025
148278;NIPPON INDIA EQUITY SAVINGS FUND -  SEGREGATED PORTFOLIO 2 - IDCW Option;INF204KB19S0;INF204KB10T7;0.0000;;;25-Aug-2025
148282;NIPPON INDIA EQUITY SAVINGS FUND -  SEGREGATED PORTFOLIO 2 - MONTHLY IDCW Option;INF204KB11T5;INF204KB12T3;0.0000;;;25-Aug-2025
148281;NIPPON INDIA EQUITY SAVINGS FUND -  SEGREGATED PORTFOLIO 2 - QUARTERLY IDCW Option;INF204KB17S4;INF204KB18S2;0.0000;;;25-Aug-2025
134597;NIPPON INDIA EQUITY SAVINGS FUND - Direct Plan - IDCW Option;INF204KA1W93;INF204KA1X01;15.2258;;;25-Aug-2025
134599;NIPPON INDIA EQUITY SAVINGS FUND - Direct Plan - MONTHLY IDCW Option;INF204KA1X35;INF204KA1X43;15.0063;;;25-Aug-2025
134601;NIPPON INDIA EQUITY SAVINGS FUND - Direct Plan - QUARTERLY IDCW Option;INF204KA1X19;INF204KA1X27;14.9917;;;25-Aug-2025
134596;NIPPON INDIA EQUITY SAVINGS FUND - IDCW Option;INF204KA1W10;INF204KA1W28;13.7195;;;25-Aug-2025
134598;NIPPON INDIA EQUITY SAVINGS FUND - MONTHLY IDCW Option;INF204KA1W51;INF204KA1W69;13.5329;;;25-Aug-2025
134600;NIPPON INDIA EQUITY SAVINGS FUND - QUARTERLY IDCW Option;INF204KA1W36;INF204KA1W44;13.5235;;;25-Aug-2025
148273;Nippon India Equity Savings Fund - Segregated Portfolio 2 - Direct Plan - Growth Plan - Bonus Option;INF204KB17R6;;0.0000;;;25-Aug-2025
148274;Nippon India Equity Savings Fund - Segregated Portfolio 2 - Direct Plan - Growth Plan - Growth Option;INF204KB18R4;;0.0000;;;25-Aug-2025
148279;Nippon India Equity Savings Fund - Segregated Portfolio 2 - Growth Plan - Bonus Option;INF204KB15S8;;0.0000;;;25-Aug-2025
148280;Nippon India Equity Savings Fund - Segregated Portfolio 2 - Growth Plan - Growth Option;INF204KB16S6;;0.0000;;;25-Aug-2025
134595;Nippon India Equity Savings Fund- Direct Plan- Growth Plan- Bonus Option;INF204KA1W85;;17.6631;;;25-Aug-2025
134594;Nippon India Equity Savings Fund- Direct Plan- Growth Plan-Growth Option;INF204KA1W77;;17.6631;;;25-Aug-2025
134602;Nippon India Equity Savings Fund- Growth Plan- Bonus Option;INF204KA1W02;;16.0151;;;25-Aug-2025
134593;Nippon India Equity Savings Fund- Growth Plan- Growth Option;INF204KA1V94;;16.0151;;;25-Aug-2025

PGIM India Mutual Fund
138371;PGIM India Equity Savings Fund - Annual Dividend option;INF223J01EZ9;INF223J01FA9;15.1947;;;25-Aug-2025
138375;PGIM India Equity Savings Fund - Direct Plan - Annual Dividend;INF223J01QA6;INF223J01QB4;16.1087;;;25-Aug-2025
138376;PGIM India Equity Savings Fund - Direct Plan - Growth;INF223J01QD0;;56.0509;;;25-Aug-2025
138377;PGIM India Equity Savings Fund - Direct Plan - Monthly Dividend;INF223J01QE8;INF223J01QF5;13.9602;;;25-Aug-2025
138372;PGIM India Equity Savings Fund - Growth Option;INF223J01FB7;;49.4459;;;25-Aug-2025
138369;PGIM India Equity Savings Fund - Monthly Dividend option;INF223J01FC5;INF223J01FD3;12.7193;;;25-Aug-2025

quant Mutual Fund
153705;quant Equity Savings Fund - Growth Option - Direct Plan;INF966L01EC8;;10.0666;;;25-Aug-2025
153707;quant Equity Savings Fund - Growth Option - Regular Plan;INF966L01EF1;;10.0522;;;25-Aug-2025
153706;quant Equity Savings Fund - IDCW Option - Direct Plan;INF966L01ED6;INF966L01EE4;10.0653;;;25-Aug-2025
153708;quant Equity Savings Fund - IDCW Option - Regular Plan;INF966L01EG9;INF966L01EH7;10.0521;;;25-Aug-2025

Sundaram Mutual Fund
149677;Sundaram Equity Savings Fund (Formerly Known as  Principal Equity Savings Fund) - Direct Plan - Income Distribution CUM Capital Withdrawal Option (IDCW);INF173K01HC6;INF173K01HD4;16.9716;;;25-Aug-2025
149679;Sundaram Equity Savings Fund (Formerly Known as Principal Equity Savings Fund) - Direct Plan - Growth Option;INF173K01GZ9;;82.1828;;;25-Aug-2025
149674;Sundaram Equity Savings Fund (Formerly Known as Principal Equity Savings Fund) - Growth Option;INF173K01213;;70.6836;;;25-Aug-2025
149675;Sundaram Equity Savings Fund (Formerly Known as Principal Equity Savings Fund)- Income Distribution CUM Capital Withdrawal (IDCW);INF173K01247;INF173K01254;15.7927;;;25-Aug-2025

Union Mutual Fund
144312;Union Equity Savings Fund - Direct Plan - Growth Option;INF582M01EC1;;17.53;;;25-Aug-2025
144313;Union Equity Savings Fund - Direct Plan - IDCW Option;INF582M01EE7;INF582M01ED9;17.53;;;25-Aug-2025
144310;Union Equity Savings Fund - Regular Plan - Growth Option;INF582M01EG2;;16.85;;;25-Aug-2025
144311;Union Equity Savings Fund - Regular Plan - IDCW Option;INF582M01EI8;INF582M01EH0;16.85;;;25-Aug-2025

UTI Mutual Fund
144490;UTI Equity Savings Fund - Direct Plan - Growth Option;INF789F1A777;;19.4249;;;25-Aug-2025
144491;UTI Equity Savings Fund - Direct Plan - IDCW;INF789F1A769;INF789F1A751;19.4249;;;25-Aug-2025
144489;UTI Equity Savings Fund - Direct Plan - Monthly IDCW;INF789F1A819;INF789F1A801;19.426;;;25-Aug-2025
144488;UTI Equity Savings Fund - Direct Plan - Quarterly IDCW;INF789F1A850;INF789F1A843;19.4249;;;25-Aug-2025
144484;UTI Equity Savings Fund - Regular Plan - Growth Option;INF789F1A744;;18.2411;;;25-Aug-2025
144485;UTI Equity Savings Fund - Regular Plan - IDCW;INF789F1A736;INF789F1A728;18.2411;;;25-Aug-2025
144486;UTI Equity Savings Fund - Regular Plan - Monthly IDCW;INF789F1A793;INF789F1A785;18.2412;;;25-Aug-2025
144487;UTI Equity Savings Fund - Regular Plan - Quarterly IDCW;INF789F1A835;INF789F1A827;18.2411;;;25-Aug-2025

WhiteOak Capital Mutual Fund
153355;WhiteOak Capital Equity Savings Fund Direct Plan Growth;INF03VN01AB7;;10.947;;;25-Aug-2025
153356;WhiteOak Capital Equity Savings Fund Regular Plan Growth;INF03VN01AC5;;10.874;;;25-Aug-2025

Open Ended Schemes ( Solution Oriented Scheme - Retirement Fund )


Aditya Birla Sun Life Mutual Fund
146576;Aditya Birla Sun Life Retirement Fund-The 30s Plan-Direct - Payout of IDCW;INF209KB1I31;INF209KB1I49;19.315;;;25-Aug-2025
146575;Aditya Birla Sun Life Retirement Fund-The 30s Plan-Direct Growth;INF209KB1I23;;22.312;;;25-Aug-2025
146574;Aditya Birla Sun Life Retirement Fund-The 30s Plan-Regular - Payout of IDCW;INF209KB1I07;INF209KB1I15;17.488;;;25-Aug-2025
146577;Aditya Birla Sun Life Retirement Fund-The 30s Plan-Regular Growth;INF209KB1H99;;20.2;;;25-Aug-2025
146927;Aditya Birla Sun Life Retirement Fund-The 40s Plan- Direct - Payout of IDCW;INF209KB1I98;INF209KB1J06;18.013;;;25-Aug-2025
146930;Aditya Birla Sun Life Retirement Fund-The 40s Plan-Direct Plan-Growth;INF209KB1I80;;20.807;;;25-Aug-2025
146928;Aditya Birla Sun Life Retirement Fund-The 40s Plan-Regular - Payout of IDCW;INF209KB1I64;;16.353;;;25-Aug-2025
146929;Aditya Birla Sun Life Retirement Fund-The 40s Plan-Regular Plan-Growth;INF209KB1I56;INF209KB1I72;18.889;;;25-Aug-2025
146937;Aditya Birla Sun Life Retirement Fund-The 50s Plan- Direct - Payout of IDCW;INF209KB1J55;INF209KB1J63;13.7601;;;25-Aug-2025
146939;Aditya Birla Sun Life Retirement Fund-The 50s Plan- Regular - Payout of IDCW;INF209KB1J22;INF209KB1J30;12.5884;;;25-Aug-2025
146940;Aditya Birla Sun Life Retirement Fund-The 50s Plan-Direct Plan-Growth;INF209KB1J48;;15.9022;;;25-Aug-2025
146938;Aditya Birla Sun Life Retirement Fund-The 50s Plan-Regular Plan-Growth;INF209KB1J14;;14.5484;;;25-Aug-2025
146944;Aditya Birla Sun Life Retirement Fund-The 50s Plus-Debt Plan - Direct - Payout of IDCW;INF209KB1K11;INF209KB1K29;12.3788;;;25-Aug-2025
146942;Aditya Birla Sun Life Retirement Fund-The 50s Plus-Debt Plan - Regular - Payout of IDCW;INF209KB1J89;INF209KB1J97;11.4031;;;25-Aug-2025
146943;Aditya Birla Sun Life Retirement Fund-The 50s Plus-Debt Plan-Direct Plan-Growth;INF209KB1K03;;14.3083;;;25-Aug-2025
146941;Aditya Birla Sun Life Retirement Fund-The 50s Plus-Debt Plan-Regular Plan-Growth;INF209KB1J71;;13.1795;;;25-Aug-2025

Axis Mutual Fund
147825;Axis Retirement Fund - Aggressive Plan - Direct Growth;INF846K01S86;;20.08;;;25-Aug-2025
147822;Axis Retirement Fund - Aggressive Plan - Direct Plan - IDCW;INF846K01S94;;20.03;;;25-Aug-2025
147823;Axis Retirement Fund - Aggressive Plan - Regular Growth;INF846K01T02;;18.40;;;25-Aug-2025
147824;Axis Retirement Fund - Aggressive Plan - Regular Plan - IDCW;INF846K01T10;;18.40;;;25-Aug-2025
147830;Axis Retirement Fund - Conservative Plan - Direct Growth;INF846K01T69;;17.2941;;;25-Aug-2025
147831;Axis Retirement Fund - Conservative Plan - Direct Plan - IDCW;INF846K01T77;;17.1052;;;25-Aug-2025
147832;Axis Retirement Fund - Conservative Plan - Regular Growth;INF846K01T85;;15.8070;;;25-Aug-2025
147833;Axis Retirement Fund - Conservative Plan - Regular Plan - IDCW;INF846K01T93;;15.8060;;;25-Aug-2025
147826;Axis Retirement Fund - Dynamic Plan - Direct Growth;INF846K01T28;;21.46;;;25-Aug-2025
147827;Axis Retirement Fund - Dynamic Plan - Direct Plan - IDCW;INF846K01T36;;21.22;;;25-Aug-2025
147828;Axis Retirement Fund - Dynamic Plan - Regular Growth;INF846K01T44;;19.57;;;25-Aug-2025
147829;Axis Retirement Fund - Dynamic Plan - Regular Plan - IDCW;INF846K01T51;;19.57;;;25-Aug-2025

Bandhan Mutual Fund
152102;Bandhan Retirement Fund - Direct Plan - Growth;INF194KB1GU2;;12.948;;;25-Aug-2025
152104;Bandhan Retirement Fund - Direct Plan - IDCW;INF194KB1GV0;INF194KB1GW8;12.942;;;25-Aug-2025
152103;Bandhan Retirement Fund - Regular Plan - Growth;INF194KB1GN7;;12.553;;;25-Aug-2025
152105;Bandhan Retirement Fund - Regular Plan - IDCW;INF194KB1GO5;INF194KB1GP2;12.553;;;25-Aug-2025

Baroda BNP Paribas Mutual Fund
152628;Baroda BNP Paribas Retirement Fund - Direct plan - Growth option;INF251K01TJ0;;11.3895;;;25-Aug-2025
152626;Baroda BNP Paribas Retirement Fund - Direct plan - IDCW option;INF251K01TK8;;11.3895;;;25-Aug-2025
152625;Baroda BNP Paribas Retirement Fund - Regular plan - Growth option;INF251K01TH4;;11.1278;;;25-Aug-2025
152627;Baroda BNP Paribas Retirement Fund - Regular plan - IDCW option;INF251K01TI2;;11.1278;;;25-Aug-2025

Franklin Templeton Mutual Fund
118548;Franklin India Retirement Fund - Direct - Growth;INF090I01JZ3;;240.5187;;;25-Aug-2025
118549;Franklin India Retirement Fund - Direct - IDCW;INF090I01KA4;INF090I01KB2;19.9304;;;25-Aug-2025
100536;Franklin India Retirement Fund - Growth;INF090I01510;;219.2938;;;25-Aug-2025
100535;Franklin India Retirement Fund - IDCW;INF090I01528;INF090I01536;18.0362;;;25-Aug-2025

HDFC Mutual Fund
136090;HDFC Retirement Savings Fund - Equity Plan - Growth Option;INF179KB1MG8;;50.669;;;25-Aug-2025
136094;HDFC Retirement Savings Fund - Equity Plan - Growth Option - Direct Plan;INF179KB1MF0;;57.443;;;25-Aug-2025
136466;HDFC Retirement Savings Fund - Hybrid-Debt Plan - Growth Option;INF179KB1MK0;;21.5309;;;25-Aug-2025
136465;HDFC Retirement Savings Fund - Hybrid-Debt Plan - Growth Option - Direct Plan;INF179KB1MJ2;;24.3173;;;25-Aug-2025
136463;HDFC Retirement Savings Fund - Hybrid-Equity Plan - Growth Option;INF179KB1MI4;;38.599;;;25-Aug-2025
136464;HDFC Retirement Savings Fund - Hybrid-Equity Plan - Growth Option - Direct Plan;INF179KB1MH6;;43.86;;;25-Aug-2025

ICICI Prudential Mutual Fund
146721;ICICI Prudential Retirement Fund - Hybrid Aggressive - Direct Plan - Growth Option;INF109KC1TW4;;28.86;;;25-Aug-2025
146720;ICICI Prudential Retirement Fund - Hybrid Aggressive - Direct Plan - IDCW Option;INF109KC1TX2;;28.87;;;25-Aug-2025
146722;ICICI Prudential Retirement Fund - Hybrid Aggressive - Growth Option;INF109KC1TU8;;26.09;;;25-Aug-2025
146723;ICICI Prudential Retirement Fund - Hybrid Aggressive - IDCW Option;INF109KC1TV6;;26.09;;;25-Aug-2025
146716;ICICI Prudential Retirement Fund - Hybrid Conservative - Direct Plan - Growth Option;INF109KC1UA8;;18.9525;;;25-Aug-2025
146718;ICICI Prudential Retirement Fund - Hybrid Conservative - Direct Plan - IDCW Option;INF109KC1UB6;;18.9521;;;25-Aug-2025
146717;ICICI Prudential Retirement Fund - Hybrid Conservative - Growth Option;INF109KC1TY0;;17.3774;;;25-Aug-2025
146719;ICICI Prudential Retirement Fund - Hybrid Conservative - IDCW Option;INF109KC1TZ7;;17.3773;;;25-Aug-2025
146727;ICICI Prudential Retirement Fund - Pure Debt - Direct Plan - Growth Option;INF109KC1UE0;;16.3738;;;25-Aug-2025
146725;ICICI Prudential Retirement Fund - Pure Debt - Direct Plan - IDCW Option;INF109KC1UF7;;16.3737;;;25-Aug-2025
146726;ICICI Prudential Retirement Fund - Pure Debt - Growth Option;INF109KC1UC4;;15.0717;;;25-Aug-2025
146724;ICICI Prudential Retirement Fund - Pure Debt - IDCW Option;INF109KC1UD2;;15.0719;;;25-Aug-2025
146349;ICICI Prudential Retirement Fund - Pure Equity - Direct Plan - Growth Option;INF109KC1TS2;;36.05;;;25-Aug-2025
146348;ICICI Prudential Retirement Fund - Pure Equity - Direct Plan - IDCW Option;INF109KC1TT0;;36.04;;;25-Aug-2025
146346;ICICI Prudential Retirement Fund - Pure Equity - Growth Option;INF109KC1TQ6;;32.66;;;25-Aug-2025
146347;ICICI Prudential Retirement Fund - Pure Equity - IDCW Option;INF109KC1TR4;;32.67;;;25-Aug-2025

Nippon India Mutual Fund
133570;NIPPON INDIA RETIREMENT FUND - INCOME GENERATION SCHEME - Direct Plan - IDCW Option;INF204KA1C71;;22.8255;;;25-Aug-2025
133571;NIPPON INDIA RETIREMENT FUND - INCOME GENERATION SCHEME - IDCW Option;INF204KA1C63;;20.0283;;;25-Aug-2025
133569;Nippon India Retirement Fund- Income Generation Scheme- Direct Plan- Growth Plan - Growth Option;INF204KA1C30;;22.8255;;;25-Aug-2025
133629;Nippon India Retirement Fund- Income Generation Scheme- Direct Plan-Growth Plan- Bonus Option;INF204KA1C55;;22.8255;;;25-Aug-2025
133628;Nippon India Retirement Fund- Income Generation Scheme- Growth Plan- Bonus Option;INF204KA1C48;;20.0256;;;25-Aug-2025
133572;Nippon India Retirement Fund- Income Generation Scheme-Growth Plan - Growth Option;INF204KA1C22;;20.0256;;;25-Aug-2025
133566;NIPPON INDIA RETIREMENT FUND - WEALTH CREATION SCHEME - Direct Plan - IDCW Option;INF204KA1C14;;24.0491;;;25-Aug-2025
133567;NIPPON INDIA RETIREMENT FUND - WEALTH CREATION SCHEME - IDCW Option;INF204KA1C06;;20.8836;;;25-Aug-2025
133568;Nippon India Retirement Fund- Wealth Creation Scheme- Direct Plan- Growth Plan - Growth Option;INF204KA1B72;;32.5295;;;25-Aug-2025
133630;Nippon India Retirement Fund- Wealth Creation Scheme- Direct Plan-Growth Plan- Bonus Option;INF204KA1B98;;32.5295;;;25-Aug-2025
133565;Nippon India Retirement Fund- Wealth Creation Scheme- Growth Plan - Growth Option;INF204KA1B64;;28.8474;;;25-Aug-2025
133631;Nippon India Retirement Fund- Wealth Creation Scheme- Growth Plan- Bonus Option;INF204KA1B80;;28.8474;;;25-Aug-2025

PGIM India Mutual Fund
152537;PGIM India Retirement Fund - Direct Plan - Growth Option;INF663L01Y61;;12.54;;;25-Aug-2025
152539;PGIM India Retirement Fund - Direct Plan - IDCW Payout Option;INF663L01Y79;;12.54;;;25-Aug-2025
152538;PGIM India Retirement Fund - Regular Plan - Growth Option;INF663L01Y46;;12.26;;;25-Aug-2025
152540;PGIM India Retirement Fund - Regular Plan - IDCW Payout Option;INF663L01Y53;;12.26;;;25-Aug-2025

SBI Mutual Fund
148685;SBI Retirement Benefit Fund - Aggressive Hybrid Plan - Direct Plan - Growth;INF200KA1S97;;19.8720;;;25-Aug-2025
148686;SBI Retirement Benefit Fund - Aggressive Hybrid Plan - Direct Plan - Income Distribution cum Capital Withdrawal Option (IDCW);INF200KA1T05;;19.8741;;;25-Aug-2025
148695;SBI Retirement Benefit Fund - Aggressive Hybrid Plan - Regular Plan - Growth;INF200KA1S71;;18.8432;;;25-Aug-2025
148684;SBI Retirement Benefit Fund - Aggressive Hybrid Plan - Regular Plan - Income Distribution cum Capital Withdrawal Option (IDCW);INF200KA1S89;;18.8427;;;25-Aug-2025
148683;SBI Retirement Benefit Fund - Aggressive Plan - Direct Plan - Growth;INF200KA1S55;;21.2597;;;25-Aug-2025
148694;SBI Retirement Benefit Fund - Aggressive Plan - Direct Plan - Income Distribution cum Capital Withdrawal Option (IDCW);INF200KA1S63;;21.2483;;;25-Aug-2025
148698;SBI Retirement Benefit Fund - Aggressive Plan - Regular Plan - Growth;INF200KA1S30;;20.0533;;;25-Aug-2025
148691;SBI Retirement Benefit Fund - Aggressive Plan - Regular Plan - Income Distribution cum Capital Withdrawal Option (IDCW);INF200KA1S48;;20.0538;;;25-Aug-2025
148690;SBI Retirement Benefit Fund - Conservative Hybrid Plan - Direct Plan - Growth;INF200KA1T70;;15.9113;;;25-Aug-2025
148693;SBI Retirement Benefit Fund - Conservative Hybrid Plan - Direct Plan - Income Distribution cum Capital Withdrawal Option (IDCW);INF200KA1T88;;15.9091;;;25-Aug-2025
148692;SBI Retirement Benefit Fund - Conservative Hybrid Plan - Regular Plan - Growth;INF200KA1T54;;15.4749;;;25-Aug-2025
148697;SBI Retirement Benefit Fund - Conservative Hybrid Plan - Regular Plan - Income Distribution cum Capital Withdrawal Option (IDCW);INF200KA1T62;;15.4766;;;25-Aug-2025
148688;SBI Retirement Benefit Fund - Conservative Plan - Direct Plan - Growth;INF200KA1T39;;14.5196;;;25-Aug-2025
148689;SBI Retirement Benefit Fund - Conservative Plan - Direct Plan - Income Distribution cum Capital Withdrawal Option (IDCW);INF200KA1T47;;14.5175;;;25-Aug-2025
148696;SBI Retirement Benefit Fund - Conservative Plan - Regular Plan - Growth;INF200KA1T13;;14.1949;;;25-Aug-2025
148687;SBI Retirement Benefit Fund - Conservative Plan - Regular Plan - Income Distribution cum Capital Withdrawal Option (IDCW);INF200KA1T21;;14.1948;;;25-Aug-2025

Tata Mutual Fund
119256;Tata Retirement Savings Fund- Conservative Plan-Direct Plan-Growth Option;INF277K01QM5;;37.0667;;;25-Aug-2025
115944;Tata Retirement Savings Fund- Conservative Plan-Regular Plan-Growth Option;INF277K01FI6;;31.6182;;;25-Aug-2025
119255;Tata Retirement Savings Fund- Moderate Plan -Direct Plan-Growth Option;INF277K01QN3;;76.7713;;;25-Aug-2025
115943;Tata Retirement Savings Fund- Moderate Plan-Regular Plan-Growth Option;INF277K01FH8;;64.3712;;;25-Aug-2025
115942;Tata Retirement Savings Fund - Progressive Plan -Regular Plan-Growth Option;INF277K01FG0;;65.2907;;;25-Aug-2025
119251;Tata Retirement Savings Fund- Progressive Plan -Direct Plan-Growth Option;INF277K01QO1;;79.4086;;;25-Aug-2025

Union Mutual Fund
150554;Union Retirement Fund - Direct Plan - Growth Option;INF582M01IK5;;16.37;;;25-Aug-2025
150555;Union Retirement Fund - Direct Plan - IDCW Option;INF582M01IL3;;16.37;;;25-Aug-2025
150552;Union Retirement Fund - Regular Plan - Growth Option;INF582M01IM1;;15.69;;;25-Aug-2025
150553;Union Retirement Fund - Regular Plan - IDCW Option;INF582M01IN9;;15.69;;;25-Aug-2025

UTI Mutual Fund
100682;UTI Retirement Fund - Regular Plan;;;49.4742;;;25-Aug-2025
120766;UTI Retirement Fund- Direct Plan;;;53.4275;;;25-Aug-2025

Open Ended Schemes ( Solution Oriented Scheme - Childrenâs Fund )


Aditya Birla Sun Life Mutual Fund
146407;ADITYA BIRLA SUN LIFE BAL BHAVISHYA YOJNA DIRECT GROWTH;INF209KB1E84;;22.11;;;25-Aug-2025
146409;ADITYA BIRLA SUN LIFE BAL BHAVISHYA YOJNA REGULAR GROWTH;INF209KB1E76;;19.81;;;25-Aug-2025
146408;ADITYA BIRLA SUN LIFE BAL BHAVISHYA YOJNA- Direct - IDCW;INF209KB1F18;INF209KB1F26;19.35;;;25-Aug-2025
146405;ADITYA BIRLA SUN LIFE BAL BHAVISHYA YOJNA- Regular - IDCW;INF209KB1E92;INF209KB1F00;17.36;;;25-Aug-2025

Axis Mutual Fund
135762;Axis Children's Fund - Lock in - Direct Growth;INF846K01WO1;;29.4946;;;25-Aug-2025
135765;Axis Children's Fund - Lock in - Direct Plan - IDCW;INF846K01WP8;;29.4696;;;25-Aug-2025
135759;Axis Children's Fund - Lock in - Regular Growth;INF846K01WJ1;;25.9341;;;25-Aug-2025
135760;Axis Children's Fund - Lock in - Regular Plan - IDCW;INF846K01WK9;;25.9482;;;25-Aug-2025
135764;Axis Children's Fund - No Lock in - Direct Growth;INF846K01WR4;;30.0587;;;25-Aug-2025
135763;Axis Children's Fund - No Lock in - Direct Plan - IDCW;INF846K01WS2;INF846K01WQ6;29.5308;;;25-Aug-2025
135766;Axis Children's Fund - No Lock in - Regular Plan - Growth;INF846K01WM5;;25.9309;;;25-Aug-2025
135761;Axis Children's Fund - No Lock in - Regular Plan - IDCW;INF846K01WN3;INF846K01WL7;25.9266;;;25-Aug-2025

Baroda BNP Paribas Mutual Fund
153171;Baroda BNP Paribas Children's Fund - Direct Plan - Growth Option;INF251K01UE9;;10.7966;;;25-Aug-2025
153170;Baroda BNP Paribas Children's Fund - Regular Plan - Growth Option;INF251K01UC3;;10.6561;;;25-Aug-2025
153169;Baroda BNP Paribas Children's Fund - Regular Plan - IDCW Option;INF251K01UD1;;10.6561;;;25-Aug-2025

HDFC Mutual Fund
119066;HDFC Childrens Fund - Direct Plan;;;324.001;;;25-Aug-2025
100900;HDFC Childrens Fund - Growth Plan;;;291.915;;;25-Aug-2025

ICICI Prudential Mutual Fund
120579;ICICI Prudential Children's Fund - Direct Plan;INF109K01Y49;;367.23;;;25-Aug-2025
101127;ICICI Prudential Children's Fund - Regular Plan;INF109K01605;;333.78;;;25-Aug-2025

LIC Mutual Fund
120285;LIC MF Children's Fund-Direct Plan-Growth;INF767K01FB1;;36.0297;;;25-Aug-2025
101271;LIC MF Children's Fund-Regular Plan-Growth;INF767K01048;;32.2957;;;25-Aug-2025

SBI Mutual Fund
119719;SBI Magnum Children's Benefit Fund - Savings Plan - DIRECT PLAN - GROWTH;INF200K01QR6;;119.2429;;;25-Aug-2025
101169;SBI Magnum Children's Benefit Fund - Savings Plan - REGULAR PLAN - GROWTH;INF200K01776;;109.3545;;;25-Aug-2025

Tata Mutual Fund
101491;Tata Childrens Fund -Regular Plan-Growth Option;INF277K01AJ5;;60.9519;;;25-Aug-2025
119312;Tata Childrens Fund-Direct Plan-Growth Option;INF277K01QW4;;67.8554;;;25-Aug-2025

Union Mutual Fund
152219;Union Children's Fund - Direct Plan - Growth Option;;;12.78;;;25-Aug-2025
152220;Union Children's Fund - Direct Plan - IDCW Option;;;12.78;;;25-Aug-2025
152217;Union Children's Fund - Regular Plan - Growth Option;;;12.49;;;25-Aug-2025
152218;Union Children's Fund - Regular Plan - IDCW Option;;;10.87;;;25-Aug-2025

UTI Mutual Fund
120724;UTI Children's Equity Fund - Direct Plan - Growth Option;;;94.3016;;;25-Aug-2025
120725;UTI Children's Equity Fund - Direct Plan - IDCW;;;94.4645;;;25-Aug-2025
102267;UTI Children's Equity Fund - Regular Plan - Growth Option;;;84.8017;;;25-Aug-2025
102266;UTI Children's Equity Fund - Regular Plan - IDCW;;;84.8068;;;25-Aug-2025
120771;UTI Children's Hybrid Fund - Direct Plan;;;41.2052;;;25-Aug-2025
100678;UTI Children's Hybrid Fund - Regular Plan;;;40.2893;;;25-Aug-2025

Open Ended Schemes ( Other Scheme - Index Funds )


Aditya Birla Sun Life Mutual Fund
153735;Aditya Birla Sun Life BSE 500 Momentum 50 Index Fund- Regular Growth;INF209KC1605;;10.3387;;;25-Aug-2025
153736;Aditya Birla Sun Life BSE 500 Momentum 50 Index Fund-Direct Growth;INF209KC1589;;10.3427;;;25-Aug-2025
153737;Aditya Birla Sun Life BSE 500 Momentum 50 Index Fund-Direct IDCW Payout;INF209KC1597;;10.3427;;;25-Aug-2025
153734;Aditya Birla Sun Life BSE 500 Momentum 50 Index Fund-Regular IDCW Payout;INF209KC1654;;10.3387;;;25-Aug-2025
153740;Aditya Birla Sun Life BSE 500 Quality 50 Index Fund - Direct Growth;INF209KC1613;;10.3067;;;25-Aug-2025
153741;Aditya Birla Sun Life BSE 500 Quality 50 Index Fund - Direct IDCW Payout;INF209KC1621;;10.3067;;;25-Aug-2025
153742;Aditya Birla Sun Life BSE 500 Quality 50 Index Fund - Regular Growth;INF209KC1639;;10.3028;;;25-Aug-2025
153743;Aditya Birla Sun Life BSE 500 Quality 50 Index Fund - Regular IDCW Payout;INF209KC1647;;10.3028;;;25-Aug-2025
153081;Aditya Birla Sun Life BSE India Infrastructure Index Fund-Direct Growth;INF209KC1332;;9.1572;;;25-Aug-2025
153078;Aditya Birla Sun Life BSE India Infrastructure Index Fund-Direct IDCW Payout;INF209KC1340;;9.1572;;;25-Aug-2025
153080;Aditya Birla Sun Life BSE India Infrastructure Index Fund-Regular Growth;INF209KC1357;;9.1148;;;25-Aug-2025
153079;Aditya Birla Sun Life BSE India Infrastructure Index Fund-Regular IDCW Payout;INF209KC1365;;9.1149;;;25-Aug-2025
150702;Aditya Birla Sun Life Crisil IBX 50:50 Gilt Plus SDL Apr 2028 Index Fund-Direct Growth;INF209KB14N1;;12.6195;;;25-Aug-2025
150704;Aditya Birla Sun Life Crisil IBX 50:50 Gilt Plus SDL APR 2028 Index Fund-Direct IDCW;INF209KB15N8;;12.6181;;;25-Aug-2025
150703;Aditya Birla Sun Life Crisil IBX 50:50 Gilt Plus SDL Apr 2028 Index Fund-Regular Growth;INF209KB12N5;;12.5637;;;25-Aug-2025
150705;Aditya Birla Sun Life Crisil IBX 50:50 Gilt Plus SDL Apr 2028 Index Fund-Regular IDCW;INF209KB13N3;;12.5648;;;25-Aug-2025
150938;Aditya Birla Sun Life Crisil IBX 60:40 SDL + AAA PSU APR 2026 Index Fund-Direct Growth;INF209KB10P4;;12.142;;;25-Aug-2025
150939;Aditya Birla Sun Life Crisil IBX 60:40 SDL+ AAA PSU APR 2026 Index Fund-Direct IDCW Payout;INF209KB11P2;;12.1416;;;25-Aug-2025
150936;Aditya Birla Sun Life Crisil IBX 60:40 SDL+AAA PSU APR 2026 Index Fund-Regular Growth;INF209KB18O0;;12.0633;;;25-Aug-2025
150937;Aditya Birla Sun Life Crisil IBX 60:40 SDL+AAA PSU APR 2026 Index Fund-Regular IDCW Payout;INF209KB19O8;;12.0643;;;25-Aug-2025
150353;Aditya Birla Sun Life Crisil IBX 60:40 SDL+AAA PSU-Apr 2027 Index Fund-Direct Growth;INF209KB19H2;;12.3801;;;25-Aug-2025
150352;Aditya Birla Sun Life Crisil IBX 60:40 SDL+AAA PSU-Apr 2027 Index Fund-Direct IDCW;INF209KB10I9;;12.3822;;;25-Aug-2025
150351;Aditya Birla Sun Life Crisil IBX 60:40 SDL+AAA PSU-Apr 2027 Index Fund-Regular Growth;INF209KB17H6;;12.3043;;;25-Aug-2025
150350;Aditya Birla Sun Life Crisil IBX 60:40 SDL+AAA PSU-Apr 2027 Index Fund-Regular IDCW;INF209KB18H4;;12.3008;;;25-Aug-2025
150780;Aditya Birla Sun Life Crisil IBX Gilt-Apr 2029 Index Fund-Direct IDCW;INF209KB13O1;;10.8173;;;25-Aug-2025
150777;Aditya Birla Sun Life Crisil IBX Gilt-Apr 2029 Index Fund-Regular Growth;INF209KB10O7;;12.6549;;;25-Aug-2025
150779;Aditya Birla Sun Life Crisil IBX Gilt-Apr 2029 Index Fund-Regular IDCW;INF209KB11O5;;10.734;;;25-Aug-2025
150778;Aditya Birla Sun Life Crisil IBX Gilt-Apr-2029 Index Fund-Direct Growth;INF209KB12O3;;12.7137;;;25-Aug-2025
151577;Aditya Birla Sun Life Crisil IBX Gilt Apr 2028 Index Fund-Direct Growth;INF209KB11U2;;12.0284;;;25-Aug-2025
151584;Aditya Birla Sun Life Crisil IBX Gilt Apr 2028 Index Fund-Direct IDCW;INF209KB12U0;;12.0321;;;25-Aug-2025
151583;Aditya Birla Sun Life Crisil IBX Gilt Apr 2028 Index Fund-Regular Growth;INF209KB19T7;;11.95;;;25-Aug-2025
151582;Aditya Birla Sun Life Crisil IBX Gilt Apr 2028 Index Fund-Regular IDCW;INF209KB10U4;;11.9494;;;25-Aug-2025
152267;Aditya Birla Sun Life Crisil IBX Gilt Apr 2033 Index Fund-Direct Growth;INF209KB19Y7;;11.5396;;;25-Aug-2025
152270;Aditya Birla Sun Life Crisil IBX Gilt Apr 2033 Index Fund-Direct IDCW Payout;INF209KB10Z3;;11.5392;;;25-Aug-2025
152268;Aditya Birla Sun Life Crisil IBX Gilt Apr 2033 Index Fund-Regular Growth;INF209KB17Y1;;11.4911;;;25-Aug-2025
152269;Aditya Birla Sun Life Crisil IBX Gilt Apr 2033 Index Fund-Regular IDCW payout;INF209KB18Y9;;11.4911;;;25-Aug-2025
152659;Aditya Birla Sun Life Crisil IBX Gilt June 2027 Index Fund-Direct Growth;INF209KC1076;;11.0551;;;25-Aug-2025
152662;Aditya Birla Sun Life Crisil Ibx Gilt June 2027 Index Fund-Direct IDCW Payout;INF209KC1084;;11.0557;;;25-Aug-2025
152660;Aditya Birla Sun Life Crisil IBX Gilt June 2027 Index Fund-Regular Growth;INF209KC1050;;11.0168;;;25-Aug-2025
152661;Aditya Birla Sun Life Crisil IBX Gilt June 2027 Index Fund-Regular IDCW Payout;INF209KC1068;;11.0168;;;25-Aug-2025
150699;Aditya Birla Sun Life Crisil IBX Gilt- April 2026 Index Fund-Direct IDCW;INF209KB11N7;;12.3336;;;25-Aug-2025
150698;Aditya Birla Sun Life Crisil IBX Gilt-April 2026 Index Fund-Direct Growth;INF209KB10N9;;12.3328;;;25-Aug-2025
150701;Aditya Birla Sun Life Crisil IBX Gilt-April 2026 Index Fund-Regular Growth;INF209KB18M4;;12.2756;;;25-Aug-2025
150700;Aditya Birla Sun Life Crisil IBX Gilt-April 2026 Index Fund-Regular IDCW;INF209KB19M2;;12.2761;;;25-Aug-2025
151427;Aditya Birla Sun Life CRISIL IBX SDL Jun 2032 INDEX FUND - Direct Growth;INF209KB14S0;;12.4112;;;25-Aug-2025
151425;Aditya Birla Sun Life CRISIL IBX SDL Jun 2032 INDEX FUND - Direct IDCW Payout;INF209KB15S7;;12.4132;;;25-Aug-2025
151428;Aditya Birla Sun Life CRISIL IBX SDL Jun 2032 INDEX FUND - Regular Growth;INF209KB12S4;;12.297;;;25-Aug-2025
151426;Aditya Birla Sun Life CRISIL IBX SDL Jun 2032 INDEX FUND - Regular IDCW Payout;INF209KB13S2;;12.2972;;;25-Aug-2025
153030;Aditya Birla Sun Life Crisil-IBX AAA Financial Services Index-Sep 2027 Fund-Direct Growth;INF209KC1290;;10.7055;;;25-Aug-2025
153031;Aditya Birla Sun Life Crisil-IBX AAA Financial Services Index-Sep 2027 Fund-Direct IDCW Payout;INF209KC1308;;10.7055;;;25-Aug-2025
153033;Aditya Birla Sun Life Crisil-IBX AAA Financial Services Index-Sep 2027 Fund-Regular Growth;INF209KC1316;;10.6808;;;25-Aug-2025
153032;Aditya Birla Sun Life Crisil-IBX AAA Financial Services Index-Sep 2027 Fund-Regular IDCW Payout;INF209KC1324;;10.6808;;;25-Aug-2025
152959;Aditya Birla Sun Life Crisil-IBX AAA NBFC--HFC Index-Dec 2025 Fund-Direct IDCW Payout;INF209KC1266;;10.6872;;;25-Aug-2025
152958;Aditya Birla Sun Life Crisil-IBX AAA NBFC-HFC Index-Dec 2025 Fund-Direct Growth;INF209KC1258;;10.6871;;;25-Aug-2025
152961;Aditya Birla Sun Life Crisil-IBX AAA NBFC-HFC Index-Dec 2025 Fund-Regular Growth;INF209KC1274;;10.6598;;;25-Aug-2025
152960;Aditya Birla Sun Life Crisil-IBX AAA NBFC-HFC Index-Dec 2025 Fund-Regular IDCW Payout;INF209KC1282;;10.6598;;;25-Aug-2025
152947;Aditya Birla Sun Life Crisil-IBX AAA NBFC-HFC Index-Sep 2026 Fund-Direct Growth;INF209KC1217;;10.7619;;;25-Aug-2025
152948;Aditya Birla Sun Life Crisil-IBX AAA NBFC-HFC INDEX-Sep 2026 Fund-Direct IDCW Payout;INF209KC1225;;10.7619;;;25-Aug-2025
152945;Aditya Birla Sun Life Crisil-IBX AAA NBFC-HFC Index-Sep 2026 Fund-Regular Growth;INF209KC1233;;10.7338;;;25-Aug-2025
152946;Aditya Birla Sun Life Crisil-IBX AAA NBFC-HFC Index-Sep 2026 Fund-Regular IDCW Payout;INF209KC1241;;10.7339;;;25-Aug-2025
153178;Aditya Birla Sun Life Crisil-IBX Financial Services 3 to 6 Months  Debt Index Fund-Regular IDCW Payout;INF209KC1480;;10.5211;;;25-Aug-2025
153179;Aditya Birla Sun Life Crisil-IBX financial Services 3 to 6 months Debt Index Fund-Direct Growth;INF209KC1456;;10.5369;;;25-Aug-2025
153176;Aditya Birla Sun Life Crisil-IBX Financial Services 3 to 6 months Debt Index Fund-Direct IDCW Payout;INF209KC1464;;10.5369;;;25-Aug-2025
153177;Aditya Birla Sun Life Crisil-IBX Financial Services 3 to 6 Months Debt Index Fund-Regular Growth;INF209KC1472;;10.5211;;;25-Aug-2025
153443;Aditya Birla Sun Life Crisil-IBX Financial Services 9-12 Months Debt Index Fund-Direct Growth;INF209KC1498;;10.3777;;;25-Aug-2025
153444;Aditya Birla Sun Life Crisil-IBX Financial Services 9-12 Months Debt Index Fund-Direct IDCW Payout;INF209KC1506;;10.3784;;;25-Aug-2025
153445;Aditya Birla Sun Life Crisil-IBX Financial Services 9-12 Months Debt Index Fund-Regular Growth;INF209KC1514;;10.3687;;;25-Aug-2025
148962;Aditya Birla Sun Life Nifty 50 Equal Weight Index Fund-Direct Growth;INF209KB1Z71;;18.2864;;;25-Aug-2025
148963;Aditya Birla Sun Life Nifty 50 Equal Weight Index Fund-Direct-IDCW;INF209KB1Z89;INF209KB1Z97;18.2866;;;25-Aug-2025
148965;Aditya Birla Sun Life Nifty 50 Equal Weight Index Fund-Regular Growth;INF209KB1Z48;;17.805;;;25-Aug-2025
148964;Aditya Birla Sun Life Nifty 50 Equal Weight Index Fund-Regular IDCW;INF209KB1Z55;INF209KB1Z63;17.8048;;;25-Aug-2025
119648;Aditya Birla Sun Life Nifty 50 Index Fund - Growth - Direct Plan;INF209K01VY3;;258.565;;;25-Aug-2025
101314;Aditya Birla Sun Life Nifty 50 Index Fund - Growth - Regular Plan;INF209K01LB2;;252.9497;;;25-Aug-2025
119649;Aditya Birla Sun Life Nifty 50 Index Fund -DIRECT - IDCW;INF209K01VX5;;26.7315;;;25-Aug-2025
101313;Aditya Birla Sun Life Nifty 50 Index Fund -REGULAR - IDCW;INF209K01LA4;INF209K01LC0;25.8491;;;25-Aug-2025
152798;Aditya Birla Sun Life Nifty India Defence Index Fund-Direct Growth;INF209KC1183;;11.0142;;;25-Aug-2025
152799;Aditya Birla Sun Life Nifty India Defence Index Fund-Direct IDCW Payout;INF209KC1191;;11.0146;;;25-Aug-2025
152801;Aditya Birla Sun Life Nifty India Defence Index Fund-Regular IDCW Payout;INF209KC1167;;10.932;;;25-Aug-2025
152800;Aditya Birla Sun Life Nifty India Defence Index Fund-Regular-Growth;INF209KC1159;;10.9342;;;25-Aug-2025
148809;Aditya Birla Sun Life Nifty Midcap 150 Index Fund - Direct - Payout of IDCW;INF209KB1W82;INF209KB1W90;24.1979;;;25-Aug-2025
148806;Aditya Birla Sun Life Nifty Midcap 150 Index Fund - Regular - Payout of IDCW;INF209KB1W58;INF209KB1W66;23.5414;;;25-Aug-2025
148807;Aditya Birla Sun Life Nifty Midcap 150 Index Fund-Direct Growth;INF209KB1W74;;24.1983;;;25-Aug-2025
148805;Aditya Birla Sun Life Nifty Midcap 150 Index Fund-Regular Growth;INF209KB1W41;;23.5451;;;25-Aug-2025
149838;Aditya Birla Sun Life Nifty Next 50 Index Fund-Direct Growth;INF209KB10G3;;16.7702;;;25-Aug-2025
149839;Aditya Birla Sun Life Nifty Next 50 Index Fund-Direct IDCW;INF209KB11G1;;16.7599;;;25-Aug-2025
149837;Aditya Birla Sun Life Nifty Next 50 Index Fund-Regular Growth;INF209KB12G9;;16.3985;;;25-Aug-2025
149836;Aditya Birla Sun Life Nifty Next 50 Index Fund-Regular IDCW;INF209KB13G7;;16.4124;;;25-Aug-2025
149794;Aditya Birla Sun Life Nifty SDL Apr 2027 Index Fund-Direct Growth;INF209KB11F3;;12.5558;;;25-Aug-2025
149793;Aditya Birla Sun Life Nifty SDL Apr 2027 Index Fund-Direct IDCW Payout;INF209KB12F1;;12.5555;;;25-Aug-2025
149792;Aditya Birla Sun Life Nifty SDL Apr 2027 Index Fund-Regular Growth;INF209KB19E9;;12.4195;;;25-Aug-2025
149791;Aditya Birla Sun Life Nifty SDL Apr 2027 Index Fund-Regular-IDCW Payout;INF209KB10F5;;12.4195;;;25-Aug-2025
149199;Aditya Birla Sun Life Nifty SDL Plus PSU Bond SEP 2026 60:40 Index Fund-Direct Growth;INF209KB18B7;;12.5404;;;25-Aug-2025
149200;Aditya Birla Sun Life Nifty SDL Plus PSU Bond SEP 2026 60:40 Index Fund-Direct IDCW;INF209KB19B5;;12.5405;;;25-Aug-2025
149198;Aditya Birla Sun Life Nifty SDL Plus PSU Bond SEP 2026 60:40 Index Fund-Regular Growth;INF209KB16B1;;12.4639;;;25-Aug-2025
149201;Aditya Birla Sun Life Nifty SDL Plus PSU Bond SEP 2026 60:40 Index Fund-Regular IDCW;INF209KB17B9;;12.4647;;;25-Aug-2025
150663;Aditya Birla Sun Life Nifty SDL Sep 2025 Index Fund-Direct Growth;INF209KB10M1;;12.2334;;;25-Aug-2025
150664;Aditya Birla Sun Life Nifty SDL Sep 2025 Index Fund-Direct IDCW;INF209KB11M9;;12.2332;;;25-Aug-2025
150665;Aditya Birla Sun Life Nifty SDL SEP 2025 Index Fund-Regular Growth;INF209KB18L6;;12.176;;;25-Aug-2025
150667;Aditya Birla Sun Life Nifty SDL Sep 2025 Index Fund-Regular IDCW;INF209KB19L4;;12.1762;;;25-Aug-2025
151562;Aditya Birla Sun Life Nifty SDL SEP 2027 Index Fund-Direct Growth;INF209KB16T3;;12.2208;;;25-Aug-2025
151563;Aditya Birla Sun Life Nifty SDL SEP 2027 Index Fund-Direct IDCW;INF209KB17T1;;12.22;;;25-Aug-2025
151560;Aditya Birla Sun Life Nifty SDL SEP 2027 Index Fund-Regular Growth;INF209KB14T8;;12.1486;;;25-Aug-2025
151561;Aditya Birla Sun Life Nifty SDL SEP 2027 Index Fund-Regular IDCW;INF209KB15T5;;12.1486;;;25-Aug-2025
148814;Aditya Birla Sun Life Nifty Smallcap 50 Index Fund-Direct - Payout of IDCW;INF209KB1W25;INF209KB1W33;21.0831;;;25-Aug-2025
148815;Aditya Birla Sun Life Nifty Smallcap 50 Index Fund-Direct Growth;INF209KB1W17;;21.0868;;;25-Aug-2025
148812;Aditya Birla Sun Life Nifty Smallcap 50 Index Fund-Regular - Payout of IDCW;INF209KB1V91;INF209KB1W09;20.5235;;;25-Aug-2025
148811;Aditya Birla Sun Life Nifty Smallcap 50 Index Fund-Regular Growth;INF209KB1V83;;20.5215;;;25-Aug-2025

Angel One Mutual Fund
153529;ANGEL ONE NIFTY 50 INDEX FUND-DIRECT-GROWTH;INF1J2R01072;;10.2075;;;25-Aug-2025
153530;ANGEL ONE NIFTY 50 INDEX FUND-REGULAR-GROWTH;INF1J2R01080;;10.1941;;;25-Aug-2025
153330;ANGEL ONE NIFTY TOTAL MARKET INDEX FUND DIRECT PLAN GROWTH OPTION;INF1J2R01023;;11.6609;;;25-Aug-2025
153331;ANGEL ONE NIFTY TOTAL MARKET INDEX FUND REGULAR PLAN GROWTH OPTION;INF1J2R01031;;11.618;;;25-Aug-2025

Axis Mutual Fund
152422;Axis BSE Sensex Index Fund - Direct Plan - Growth;INF846K012V6;;11.3737;;;25-Aug-2025
152424;Axis BSE Sensex Index Fund - Direct Plan - IDCW;INF846K013V4;INF846K015V9;11.3737;;;25-Aug-2025
152421;Axis BSE Sensex Index Fund - Regular Plan - Growth;INF846K014V2;;11.2793;;;25-Aug-2025
152423;Axis BSE Sensex Index Fund - Regular Plan - IDCW;INF846K010V0;INF846K011V8;11.2794;;;25-Aug-2025
151300;Axis CRISIL IBX 50:50 Gilt Plus SDL June 2028 Index Fund - Direct Plan - Growth;INF846K010N7;;12.2287;;;25-Aug-2025
151299;Axis CRISIL IBX 50:50 Gilt Plus SDL June 2028 Index Fund - Direct Plan - IDCW;INF846K011N5;INF846K012N3;12.2320;;;25-Aug-2025
151297;Axis CRISIL IBX 50:50 Gilt Plus SDL June 2028 Index Fund - Regular Plan - Growth;INF846K013N1;;12.1676;;;25-Aug-2025
151298;Axis CRISIL IBX 50:50 Gilt Plus SDL June 2028 Index Fund - Regular Plan - IDCW;INF846K014N9;INF846K015N6;12.1676;;;25-Aug-2025
151436;AXIS CRISIL IBX 50:50 Gilt Plus SDL September 2027 Index Fund- DIRECT PLAN- IDCW;INF846K013O9;INF846K014O7;12.2088;;;25-Aug-2025
151435;AXIS CRISIL IBX 50:50 Gilt Plus SDL September 2027 Index Fund- DIRECT PLAN-GROWTH;INF846K012O1;;12.2092;;;25-Aug-2025
151433;AXIS CRISIL IBX 50:50 Gilt Plus SDL September 2027 Index Fund- REGULAR PLAN-GROWTH;INF846K015O4;;12.1497;;;25-Aug-2025
151434;AXIS CRISIL IBX 50:50 Gilt Plus SDL September 2027 Index Fund- REGULAR PLAN-IDCW;INF846K016O2;INF846K017O0;12.1497;;;25-Aug-2025
152515;Axis CRISIL IBX SDL June 2034 Debt Index Fund - Direct Plan - Growth Option;INF846K019V1;;11.2188;;;25-Aug-2025
152514;Axis CRISIL IBX SDL June 2034 Debt Index Fund - Direct Plan - IDCW Option;INF846K010W8;INF846K011W6;11.2187;;;25-Aug-2025
152516;Axis CRISIL IBX SDL June 2034 Debt Index Fund - Regular Plan - Growth Option;INF846K016V7;;11.1995;;;25-Aug-2025
152513;Axis CRISIL IBX SDL June 2034 Debt Index Fund - Regular Plan - IDCW Option;INF846K017V5;INF846K018V3;11.1993;;;25-Aug-2025
149873;Axis CRISIL IBX SDL May 2027 Index Fund - Direct Plan - Growth;INF846K017G6;;12.4433;;;25-Aug-2025
149874;Axis CRISIL IBX SDL May 2027 Index Fund - Direct Plan - IDCW;INF846K018G4;INF846K019G2;12.4429;;;25-Aug-2025
149872;Axis CRISIL IBX SDL May 2027 Index Fund - Regular Plan - Growth;INF846K010H9;;12.3812;;;25-Aug-2025
149875;Axis CRISIL IBX SDL May 2027 Index Fund - Regular Plan - IDCW;INF846K011H7;INF846K012H5;12.3813;;;25-Aug-2025
153051;Axis CRISIL-IBX AAA Bond Financial Services - Sep 2027 Index Fund - Direct Plan - Growth Option;INF846K015Y3;;10.6949;;;25-Aug-2025
153052;Axis CRISIL-IBX AAA Bond Financial Services - Sep 2027 Index Fund - Direct Plan - IDCW Option;INF846K017Y9;INF846K019Y5;10.6949;;;25-Aug-2025
153050;Axis CRISIL-IBX AAA Bond Financial Services - Sep 2027 Index Fund - Regular Plan - Growth Option;INF846K014Y6;;10.6868;;;25-Aug-2025
153053;Axis CRISIL-IBX AAA Bond Financial Services - Sep 2027 Index Fund - Regular Plan - IDCW Option;INF846K016Y1;INF846K018Y7;10.6868;;;25-Aug-2025
152887;Axis CRISIL-IBX AAA Bond NBFC - Jun 2027 Index Fund - Direct Plan - Growth Option;INF846K017X1;;10.8325;;;25-Aug-2025
152888;Axis CRISIL-IBX AAA Bond NBFC - Jun 2027 Index Fund - Direct Plan - IDCW Option;INF846K019X7;INF846K011Y2;10.8325;;;25-Aug-2025
152886;Axis CRISIL-IBX AAA Bond NBFC - Jun 2027 Index Fund - Regular Plan - Growth Option;INF846K016X3;;10.7999;;;25-Aug-2025
152885;Axis CRISIL-IBX AAA Bond NBFC - Jun 2027 Index Fund - Regular Plan - IDCW Option;INF846K018X9;INF846K010Y4;10.7999;;;25-Aug-2025
153172;Axis CRISIL-IBX AAA Bond NBFC-HFC - Jun 2027 Index Fund - Direct Plan - Growth option;INF846KA1028;;10.6281;;;25-Aug-2025
153173;Axis CRISIL-IBX AAA Bond NBFC-HFC - Jun 2027 Index Fund - Direct Plan - IDCW option;INF846K018Z4;INF846KA1010;10.6328;;;25-Aug-2025
153174;Axis CRISIL-IBX AAA Bond NBFC-HFC - Jun 2027 Index Fund - Regular Plan - Growth option;INF846K016Z8;;10.6170;;;25-Aug-2025
153175;Axis CRISIL-IBX AAA Bond NBFC-HFC - Jun 2027 Index Fund - Regular Plan - IDCW option;INF846K017Z6;INF846K019Z2;10.6170;;;25-Aug-2025
147666;Axis Nifty 100 Index Fund - Direct Plan - Growth Option;INF846K01S29;;22.7793;;;25-Aug-2025
147668;Axis Nifty 100 Index Fund - Direct Plan - IDCW;INF846K01S37;INF846K01S45;22.8118;;;25-Aug-2025
147665;Axis Nifty 100 Index Fund - Regular Plan - Growth Option;INF846K01S52;;21.7718;;;25-Aug-2025
147667;Axis Nifty 100 Index Fund - Regular Plan - IDCW;INF846K01S60;INF846K01S78;21.7732;;;25-Aug-2025
149373;Axis Nifty 50 Index Fund - Direct Plan - Growth;INF846K013D2;;15.0503;;;25-Aug-2025
149374;Axis Nifty 50 Index Fund - Direct Plan - IDCW;INF846K014D0;INF846K015D7;15.0503;;;25-Aug-2025
149371;Axis Nifty 50 Index Fund - Regular Plan - Growth Option;INF846K016D5;;14.8911;;;25-Aug-2025
149372;Axis Nifty 50 Index Fund - Regular Plan - IDCW;INF846K017D3;INF846K018D1;14.8911;;;25-Aug-2025
152731;Axis Nifty 500 Index Fund - Direct Plan - Growth Option;INF846K019W9;;10.0771;;;25-Aug-2025
152730;Axis Nifty 500 Index Fund - Regular Plan - Growth Option;INF846K018W1;;9.9759;;;25-Aug-2025
152629;Axis Nifty Bank Index Fund - Direct Plan - Growth Option;INF846K015W7;;11.3651;;;25-Aug-2025
152631;Axis Nifty Bank Index Fund - Direct Plan - IDCW Option;INF846K016W5;INF846K017W3;11.3651;;;25-Aug-2025
152632;Axis Nifty Bank Index Fund - Regular Plan - Growth Option;INF846K012W4;;11.2428;;;25-Aug-2025
152630;Axis Nifty Bank Index Fund - Regular Plan - IDCW Option;INF846K013W2;INF846K014W0;11.2428;;;25-Aug-2025
151785;Axis Nifty IT Index Fund - Direct Plan - Growth;INF846K017R3;;12.5382;;;25-Aug-2025
151786;Axis Nifty IT Index Fund - Direct Plan - IDCW;INF846K018R1;INF846K019R9;12.5382;;;25-Aug-2025
151787;Axis Nifty IT Index Fund - Regular Plan - Growth;INF846K010S6;;12.3600;;;25-Aug-2025
151784;Axis Nifty IT Index Fund - Regular Plan - IDCW;INF846K011S4;INF846K012S2;12.3600;;;25-Aug-2025
149936;Axis Nifty Midcap 50 Index Fund - Direct Plan - Growth Option;INF846K019H0;;19.8405;;;25-Aug-2025
149935;Axis Nifty Midcap 50 Index Fund - Direct Plan - IDCW Option;INF846K010I7;INF846K011I5;19.8397;;;25-Aug-2025
149938;Axis Nifty Midcap 50 Index Fund - Regular Plan - Growth Option;INF846K012I3;;19.3475;;;25-Aug-2025
149937;Axis Nifty Midcap 50 Index Fund - Regular Plan - IDCW Option;INF846K013I1;INF846K014I9;19.3475;;;25-Aug-2025
149466;Axis Nifty Next 50 Index Fund - Direct Plan - Growth;INF846K019E7;;16.7150;;;25-Aug-2025
149469;Axis Nifty Next 50 Index Fund - Direct Plan - IDCW;INF846K010F3;INF846K011F1;16.7147;;;25-Aug-2025
149467;Axis Nifty Next 50 Index Fund - Regular Plan - Growth;INF846K012F9;;16.3343;;;25-Aug-2025
149468;Axis Nifty Next 50 Index Fund - Regular Plan - IDCW;INF846K013F7;INF846K014F5;16.3343;;;25-Aug-2025
150854;Axis Nifty SDL September 2026 Debt Index Fund - Direct Plan - Growth;INF846K018K6;;12.2790;;;25-Aug-2025
150852;Axis Nifty SDL September 2026 Debt Index Fund - Direct Plan - IDCW;INF846K019K4;INF846K010L1;12.2792;;;25-Aug-2025
150853;Axis Nifty SDL September 2026 Debt Index Fund - Regular Plan -  IDCW;INF846K012L7;INF846K013L5;12.2364;;;25-Aug-2025
150851;Axis Nifty SDL September 2026 Debt Index Fund - Regular Plan - Growth;INF846K011L9;;12.2364;;;25-Aug-2025
149894;Axis Nifty Smallcap 50 Index Fund - Direct Plan - Growth Option;INF846K013H3;;18.3112;;;25-Aug-2025
149895;Axis Nifty Smallcap 50 Index Fund - Direct Plan - IDCW;INF846K014H1;INF846K015H8;18.3111;;;25-Aug-2025
149896;Axis Nifty Smallcap 50 Index Fund - Regular Plan - Growth Option;INF846K016H6;;17.8532;;;25-Aug-2025
149897;Axis Nifty Smallcap 50 Index Fund - Regular Plan - IDCW;INF846K017H4;INF846K018H2;17.8532;;;25-Aug-2025
153244;Axis Nifty500 Momentum 50 Index Fund - Direct Plan - Growth Option;INF846KA1044;;10.7743;;;25-Aug-2025
153245;Axis Nifty500 Momentum 50 Index Fund - Regular Plan - Growth Option;INF846KA1036;;10.7236;;;25-Aug-2025
152949;Axis Nifty500 Value 50 Index Fund - Direct Plan - Growth Option;INF846K013Y8;;9.8628;;;25-Aug-2025
152950;Axis Nifty500 Value 50 Index Fund - Regular Plan - Growth Option;INF846K012Y0;;9.7905;;;25-Aug-2025

Bajaj Finserv Mutual Fund
153506;Bajaj Finserv Nifty 50 Index Fund - Direct - Growth;INF0QA701BA9;;10.1466;;;25-Aug-2025
153505;Bajaj Finserv Nifty 50 Index Fund - Direct - IDCW;INF0QA701BB7;INF0QA701BC5;10.1466;;;25-Aug-2025
153508;Bajaj Finserv Nifty 50 Index Fund - Regular - Growth;INF0QA701AY1;;10.1280;;;25-Aug-2025
153507;Bajaj Finserv Nifty 50 Index Fund - Regular - IDCW;INF0QA701BJ0;INF0QA701AZ8;10.1280;;;25-Aug-2025
153479;Bajaj Finserv Nifty Next 50 Index Fund - Direct - Growth;INF0QA701BG6;;10.8045;;;25-Aug-2025
153478;Bajaj Finserv Nifty Next 50 Index Fund - Direct - IDCW;INF0QA701BH4;INF0QA701BI2;10.8045;;;25-Aug-2025
153480;Bajaj Finserv Nifty Next 50 Index Fund - Regular - Growth;INF0QA701BD3;;10.7842;;;25-Aug-2025
153481;Bajaj Finserv Nifty Next 50 Index Fund - Regular - IDCW;INF0QA701BE1;INF0QA701BF8;10.7842;;;25-Aug-2025

Bandhan Mutual Fund
152844;Bandhan BSE Healthcare Index Fund Direct Plan - Growth;INF194KB1IS2;;10.3374;;;25-Aug-2025
152843;Bandhan BSE Healthcare Index Fund Regular Plan - Growth;INF194KB1IR4;;10.2575;;;25-Aug-2025
150871;BANDHAN CRISIL IBX 90:10 SDL PLUS GILT APRIL 2032 INDEX FUND - DIRECT GROWTH;INF194KB1EN2;;12.5562;;;25-Aug-2025
150872;BANDHAN CRISIL IBX 90:10 SDL PLUS GILT APRIL 2032 INDEX FUND - DIRECT IDCW;INF194KB1EO0;INF194KB1EP7;10.8923;;;25-Aug-2025
150873;BANDHAN CRISIL IBX 90:10 SDL PLUS GILT APRIL 2032 INDEX FUND - REGULAR GROWTH;INF194KB1EQ5;;12.4976;;;25-Aug-2025
150874;BANDHAN CRISIL IBX 90:10 SDL PLUS GILT APRIL 2032 INDEX FUND - REGULAR IDCW;INF194KB1ER3;INF194KB1ES1;10.8251;;;25-Aug-2025
150868;BANDHAN CRISIL IBX 90:10 SDL PLUS GILT - NOV 2026 INDEX FUND - DIRECT GROWTH;INF194KB1ET9;;12.3144;;;25-Aug-2025
150867;BANDHAN CRISIL IBX 90:10 SDL PLUS GILT - NOV 2026 INDEX FUND - DIRECT IDCW;INF194KB1EU7;INF194KB1EV5;10.6795;;;25-Aug-2025
150869;BANDHAN CRISIL IBX 90:10 SDL PLUS GILT - NOV 2026 INDEX FUND - REGULAR GROWTH;INF194KB1EW3;;12.2290;;;25-Aug-2025
150870;BANDHAN CRISIL IBX 90:10 SDL PLUS GILT - NOV 2026 INDEX FUND - REGULAR IDCW;INF194KB1EX1;INF194KB1EY9;10.4878;;;25-Aug-2025
150888;BANDHAN CRISIL IBX 90:10 SDL PLUS GILT - SEP27 INDEX FUND - DIRECT GROWTH;INF194KB1EZ6;;12.3881;;;25-Aug-2025
150889;BANDHAN CRISIL IBX 90:10 SDL PLUS GILT SEP27 INDEX FUND - DIRECT IDCW;INF194KB1FA6;INF194KB1FB4;10.5964;;;25-Aug-2025
150890;BANDHAN CRISIL IBX 90:10 SDL PLUS GILT SEP27 INDEX FUND - REGULAR GROWTH;INF194KB1FC2;;12.3031;;;25-Aug-2025
150891;BANDHAN CRISIL IBX 90:10 SDL PLUS GILT SEP27 INDEX FUND - REGULAR IDCW;INF194KB1FD0;INF194KB1FE8;10.5845;;;25-Aug-2025
150746;BANDHAN CRISIL IBX GILT APRIL 2026 INDEX FUND - DIRECT PLAN - GROWTH;INF194KB1EH4;;12.3132;;;25-Aug-2025
150747;BANDHAN CRISIL IBX GILT APRIL 2026 INDEX FUND - DIRECT PLAN - IDCW;INF194KB1EI2;INF194KB1EJ0;10.6239;;;25-Aug-2025
150744;BANDHAN CRISIL IBX GILT APRIL 2026 INDEX FUND - REGULAR PLAN - GROWTH;INF194KB1EK8;;12.2255;;;25-Aug-2025
150745;BANDHAN CRISIL IBX GILT APRIL 2026 INDEX FUND - REGULAR PLAN - IDCW;INF194KB1EL6;INF194KB1EM4;10.5895;;;25-Aug-2025
148792;BANDHAN CRISIL IBX Gilt April 2028 Index Fund Direct Plan-Growth;INF194KB1BV1;;13.2119;;;25-Aug-2025
148791;BANDHAN CRISIL IBX Gilt April 2028 Index Fund Direct Plan-IDCW;INF194KB1BW9;INF194KB1BX7;10.5206;;;25-Aug-2025
148790;BANDHAN CRISIL IBX Gilt April 2028 Index Fund Regular Plan-Growth;INF194KB1BS7;;13.0666;;;25-Aug-2025
148793;BANDHAN CRISIL IBX Gilt April 2028 Index Fund Regular Plan-IDCW;INF194KB1BT5;INF194KB1BU3;10.5076;;;25-Aug-2025
151408;BANDHAN CRISIL IBX GILT APRIL 2032 INDEX FUND - DIRECT GROWTH;INF194KB1FF5;;12.3967;;;25-Aug-2025
151411;BANDHAN CRISIL IBX GILT APRIL 2032 INDEX FUND - DIRECT IDCW;INF194KB1FG3;INF194KB1FH1;11.1836;;;25-Aug-2025
151409;BANDHAN CRISIL IBX GILT APRIL 2032 INDEX FUND - REGULAR GROWTH;INF194KB1FI9;;12.3182;;;25-Aug-2025
151410;BANDHAN CRISIL IBX GILT APRIL 2032 INDEX FUND - REGULAR IDCW;INF194KB1FJ7;INF194KB1FK5;10.7568;;;25-Aug-2025
148789;BANDHAN CRISIL IBX Gilt June 2027 Index Fund Direct Plan-Growth;INF194KB1BP3;;13.1338;;;25-Aug-2025
148788;BANDHAN CRISIL IBX Gilt June 2027 Index Fund Direct Plan-IDCW;INF194KB1BQ1;INF194KB1BR9;10.4872;;;25-Aug-2025
148786;BANDHAN CRISIL IBX Gilt June 2027 Index Fund Regular Plan-Growth;INF194KB1BL2;;12.9892;;;25-Aug-2025
148787;BANDHAN CRISIL IBX Gilt June 2027 Index Fund Regular Plan-IDCW;INF194KB1BM0;INF194KB1BO6;10.4742;;;25-Aug-2025
153389;Bandhan CRISIL-IBX 10:90 Gilt Plus SDL Index - Dec 2029 Fund-Direct Plan-Growth;INF194KB1JL5;;10.4545;;;25-Aug-2025
153390;Bandhan CRISIL-IBX 10:90 Gilt Plus SDL Index - Dec 2029 Fund-Direct Plan-IDCW;INF194KB1JM3;INF194KB1JN1;10.4545;;;25-Aug-2025
153391;Bandhan CRISIL-IBX 10:90 Gilt Plus SDL Index - Dec 2029 Fund-Regular Plan-Growth;INF194KB1JO9;;10.4424;;;25-Aug-2025
153392;Bandhan CRISIL-IBX 10:90 Gilt Plus SDL Index - Dec 2029 Fund-Regular Plan-IDCW;INF194KB1JP6;INF194KB1JQ4;10.4424;;;25-Aug-2025
153407;Bandhan CRISIL-IBX Financial Services 3-6 Months Debt Index Fund - Direct Plan - Growth;INF194KB1JR2;;10.3539;;;25-Aug-2025
153408;Bandhan CRISIL-IBX Financial Services 3-6 Months Debt Index Fund - Regular Plan - Growth;INF194KB1JS0;;10.3420;;;25-Aug-2025
149832;BANDHAN NIFTY 100 INDEX FUND - DIRECT PLAN - GROWTH;INF194KB1CR7;;15.2464;;;25-Aug-2025
149835;BANDHAN NIFTY 100 INDEX FUND - DIRECT PLAN - IDCW;INF194KB1CS5;INF194KB1CT3;15.2436;;;25-Aug-2025
149833;BANDHAN NIFTY 100 INDEX FUND - REGULAR PLAN - GROWTH;INF194KB1CO4;;14.9862;;;25-Aug-2025
149834;BANDHAN NIFTY 100 INDEX FUND - REGULAR PLAN - IDCW;INF194KB1CP1;INF194KB1CQ9;14.9885;;;25-Aug-2025
153114;Bandhan Nifty 200 Quality 30 Index Fund - Direct Plan - Growth;INF194KB1JA8;;9.7112;;;25-Aug-2025
153113;Bandhan Nifty 200 Quality 30 Index Fund - Regular Plan - Growth;INF194KB1IZ7;;9.6656;;;25-Aug-2025
112877;BANDHAN Nifty 50 Index Fund - Regular Plan - Growth;INF194K01920;;53.8048;;;25-Aug-2025
112878;BANDHAN Nifty 50 Index Fund - Regular Plan - IDCW;INF194K01938;INF194K01946;48.8342;;;25-Aug-2025
118482;BANDHAN Nifty 50 Index Fund-Direct Plan-Growth;INF194K012A8;;55.4272;;;25-Aug-2025
118483;BANDHAN Nifty 50 Index Fund-Direct Plan-IDCW;INF194K013A6;INF194K014A4;50.3772;;;25-Aug-2025
153003;Bandhan Nifty 500 Momentum 50 Index Fund Direct Plan-Growth;INF194KB1IY0;;8.7422;;;25-Aug-2025
153002;Bandhan Nifty 500 Momentum 50 Index Fund Regular Plan-Growth;INF194KB1IX2;;8.6956;;;25-Aug-2025
152990;Bandhan Nifty 500 Value 50 Index Fund Direct Plan - Growth;INF194KB1IW4;;9.7972;;;25-Aug-2025
152991;Bandhan Nifty 500 Value 50 Index Fund Regular Plan - Growth;INF194KB1IV6;;9.7448;;;25-Aug-2025
152177;Bandhan Nifty Alpha 50 Index Fund - Direct Plan - Growth;INF194KB1HA2;;13.5414;;;25-Aug-2025
152178;Bandhan Nifty Alpha 50 Index Fund - Direct Plan - IDCW;INF194KB1HB0;INF194KB1HC8;13.5354;;;25-Aug-2025
152179;Bandhan Nifty Alpha 50 Index Fund - Regular Plan - Growth;INF194KB1GX6;;13.3782;;;25-Aug-2025
152180;Bandhan Nifty Alpha 50 Index Fund - Regular Plan - IDCW;INF194KB1GY4;INF194KB1GZ1;13.3779;;;25-Aug-2025
153213;Bandhan Nifty Alpha Low Volatility 30 Index Fund - Direct Plan - Growth;INF194KB1JC4;;10.1699;;;25-Aug-2025
153212;Bandhan Nifty Alpha Low Volatility 30 Index Fund - Regular Plan - Growth;INF194KB1JB6;;10.1250;;;25-Aug-2025
152793;Bandhan Nifty Bank Index Fund - Direct Plan - Growth;INF194KB1IO1;;10.8151;;;25-Aug-2025
152792;Bandhan Nifty Bank Index Fund - Regular Plan - Growth;INF194KB1IN3;;10.7293;;;25-Aug-2025
152041;Bandhan Nifty IT Index Fund - Direct Plan - Growth;INF194KB1GK3;;12.1676;;;25-Aug-2025
152042;Bandhan Nifty IT Index Fund - Direct Plan - IDCW;INF194KB1GL1;INF194KB1GM9;12.1715;;;25-Aug-2025
152043;Bandhan Nifty IT Index Fund - Regular Plan - Growth;INF194KB1GH9;;12.0121;;;25-Aug-2025
152044;Bandhan Nifty IT Index Fund - Regular Plan - IDCW;INF194KB1GI7;INF194KB1GJ5;12.0110;;;25-Aug-2025
152855;Bandhan Nifty Midcap 150 Index Fund-Direct Plan-Growth;INF194KB1IT0;;9.7475;;;25-Aug-2025
152856;Bandhan Nifty Midcap 150 Index Fund-Regular Plan-Growth;INF194KB1IU8;;9.6839;;;25-Aug-2025
153350;Bandhan Nifty Next 50 Index Fund - Direct Plan - Growth;INF194KB1JK7;;11.8948;;;25-Aug-2025
153349;Bandhan Nifty Next 50 Index Fund - Regular Plan - Growth;INF194KB1JJ9;;11.8493;;;25-Aug-2025
152264;BANDHAN Nifty Smallcap 250 Index Fund - Direct Plan - Growth;INF194KB1HG9;;12.3644;;;25-Aug-2025
152263;BANDHAN Nifty Smallcap 250 Index Fund - Direct Plan - IDCW;INF194KB1HH7;INF194KB1HI5;12.3644;;;25-Aug-2025
152266;BANDHAN Nifty Smallcap 250 Index Fund - Regular Plan - Growth;INF194KB1HD6;;12.2216;;;25-Aug-2025
152265;BANDHAN Nifty Smallcap 250 Index Fund - Regular Plan - IDCW;INF194KB1HE4;INF194KB1HF1;12.2221;;;25-Aug-2025
152716;Bandhan Nifty Total Market Index Fund - Direct Plan - Growth;INF194KB1IK9;;10.0960;;;25-Aug-2025
152717;Bandhan Nifty Total Market Index Fund - Regular Plan - Growth;INF194KB1IH5;;10.0218;;;25-Aug-2025
150636;BANDHAN NIFTY100 LOW VOLATILITY 30 INDEX FUND - GROWTH - DIRECT PLAN;INF194KB1DV7;;16.0301;;;25-Aug-2025
150633;BANDHAN NIFTY100 LOW VOLATILITY 30 INDEX FUND - GROWTH - REGULAR PLAN;INF194KB1DY1;;15.6957;;;25-Aug-2025
150634;BANDHAN NIFTY100 LOW VOLATILITY 30 INDEX FUND - IDCW - DIRECT PLAN;INF194KB1DW5;INF194KB1DX3;15.9608;;;25-Aug-2025
150635;BANDHAN NIFTY100 LOW VOLATILITY 30 INDEX FUND - IDCW - REGULAR PLAN;INF194KB1DZ8;INF194KB1EA9;15.6953;;;25-Aug-2025
150591;BANDHAN NIFTY200 MOMENTUM 30 INDEX FUND - GROWTH - DIRECT PLAN;INF194KB1DP9;;15.6784;;;25-Aug-2025
150592;BANDHAN NIFTY200 MOMENTUM 30 INDEX FUND - GROWTH - REGULAR PLAN;INF194KB1DS3;;15.3925;;;25-Aug-2025
150590;BANDHAN NIFTY200 MOMENTUM 30 INDEX FUND - IDCW - DIRECT PLAN;INF194KB1DQ7;INF194KB1DR5;15.6602;;;25-Aug-2025
150593;BANDHAN NIFTY200 MOMENTUM 30 INDEX FUND - IDCW - REGULAR PLAN;INF194KB1DT1;INF194KB1DU9;15.3920;;;25-Aug-2025

Baroda BNP Paribas Mutual Fund
152329;Baroda BNP Paribas Nifty 50 Index Fund - Direct Plan - Growth option;INF251K01SY1;;11.7032;;;25-Aug-2025
152330;Baroda BNP Paribas Nifty 50 Index Fund - Direct Plan - IDCW option;INF251K01SZ8;INF251K01TA9;11.7032;;;25-Aug-2025
152331;Baroda BNP Paribas Nifty 50 Index Fund - Regular Plan - Growth option;INF251K01SV7;;11.6304;;;25-Aug-2025
152328;Baroda BNP Paribas Nifty 50 Index Fund - Regular Plan - IDCW option;INF251K01SW5;INF251K01SX3;11.6304;;;25-Aug-2025
153000;Baroda BNP Paribas Nifty Midcap 150 Index Fund - Direct Plan - Growth Option;INF251K01UA7;;10.3381;;;25-Aug-2025
153001;Baroda BNP Paribas Nifty Midcap 150 Index Fund - Regular Plan - Growth Option;INF251K01UB5;;10.2804;;;25-Aug-2025
151283;Baroda BNP Paribas Nifty SDL December 2026 Index Fund - Direct Plan - Growth Option;INF251K01RL0;;12.1631;;;25-Aug-2025
151279;Baroda BNP Paribas Nifty SDL December 2026 Index Fund - Regular Plan - Growth Option;INF251K01RI6;;12.0691;;;25-Aug-2025
151280;Baroda BNP Paribas Nifty SDL December 2026 Index Fund - Regular Plan - IDCW Option;INF251K01RJ4;;12.0692;;;25-Aug-2025
151574;Baroda BNP Paribas NIFTY SDL December 2028 Index Fund - Direct Plan - Growth Option;INF251K01RR7;;12.2247;;;25-Aug-2025
151575;Baroda BNP Paribas NIFTY SDL December 2028 Index Fund - Direct Plan - IDCW Option;INF251K01RS5;INF251K01RT3;11.4703;;;25-Aug-2025
151576;Baroda BNP Paribas NIFTY SDL December 2028 Index Fund - Regular Plan - Growth Option;INF251K01RO4;;12.1361;;;25-Aug-2025
151573;Baroda BNP Paribas NIFTY SDL December 2028 Index Fund - Regular Plan - IDCW Option;INF251K01RP1;INF251K01RQ9;11.3163;;;25-Aug-2025
152931;Baroda BNP Paribas Nifty200 Momentum 30 Index Fund - Direct Plan - Growth Option;INF251K01TY9;;8.1401;;;25-Aug-2025
152930;Baroda BNP Paribas Nifty200 Momentum 30 Index Fund - Regular Plan - Growth Option;INF251K01TZ6;;8.0967;;;25-Aug-2025

DSP Mutual Fund
153219;DSP BSE SENSEX Next 30 Index Fund - Direct - Growth;INF740KA1VB1;;11.1988;;;25-Aug-2025
153218;DSP BSE SENSEX Next 30 Index Fund - Direct - IDCW;INF740KA1VC9;INF740KA1VD7;11.1988;;;25-Aug-2025
153216;DSP BSE SENSEX Next 30 Index Fund - Regular - Growth;INF740KA1UY5;;11.1597;;;25-Aug-2025
153217;DSP BSE SENSEX Next 30 Index Fund - Regular - IDCW;INF740KA1UZ2;INF740KA1VA3;11.1597;;;25-Aug-2025
151329;DSP CRISIL-IBX 50:50 Gilt Plus SDL - April 2033 Index Fund - Direct - Growth;INF740KA1SB7;;12.4394;;;25-Aug-2025
151328;DSP CRISIL-IBX 50:50 Gilt Plus SDL - April 2033 Index Fund - Direct - IDCW;INF740KA1SC5;INF740KA1SD3;12.4394;;;25-Aug-2025
151327;DSP CRISIL-IBX 50:50 Gilt Plus SDL - April 2033 Index Fund - Regular - Growth;INF740KA1RY1;;12.3573;;;25-Aug-2025
151330;DSP CRISIL-IBX 50:50 Gilt Plus SDL - April 2033 Index Fund - Regular - IDCW;INF740KA1RZ8;INF740KA1SA9;12.3573;;;25-Aug-2025
141877;DSP Nifty 50 Equal Weight Index Fund - Direct Plan - Growth;INF740KA1CR7;;26.3548;;;25-Aug-2025
141878;DSP Nifty 50 Equal Weight Index Fund - Direct Plan - IDCW;INF740KA1CS5;INF740KA1CT3;22.7239;;;25-Aug-2025
141875;DSP Nifty 50 Equal Weight Index Fund - Regular Plan - Growth;INF740KA1CO4;;25.3626;;;25-Aug-2025
141876;DSP Nifty 50 Equal Weight Index Fund - Regular Plan - IDCW;INF740KA1CP1;INF740KA1CQ9;21.87;;;25-Aug-2025
146376;DSP Nifty 50 Index Fund - Direct Plan - Growth;INF740KA1MM7;;24.436;;;25-Aug-2025
146377;DSP Nifty 50 Index Fund - Direct Plan - IDCW;INF740KA1MN5;INF740KA1MO3;20.9089;;;25-Aug-2025
146379;DSP Nifty 50 Index Fund - Regular Plan - Growth;INF740KA1MJ3;;24.1254;;;25-Aug-2025
146378;DSP Nifty 50 Index Fund - Regular Plan - IDCW;INF740KA1MK1;INF740KA1ML9;20.7529;;;25-Aug-2025
152654;DSP Nifty Bank Index Fund - Direct - Growth;INF740KA1UO6;;11.336;;;25-Aug-2025
152653;DSP Nifty Bank Index Fund - Regular - Growth;INF740KA1UN8;;11.2441;;;25-Aug-2025
153593;DSP Nifty Healthcare Index Fund - Direct - IDCW;INF740KA1WG8;INF740KA1WH6;10.4822;;;25-Aug-2025
153594;DSP Nifty Healthcare Index Fund - Direct- Growth;INF740KA1WF0;;10.4822;;;25-Aug-2025
153592;DSP Nifty Healthcare Index Fund - Regular - Growth;INF740KA1WC7;;10.4677;;;25-Aug-2025
153595;DSP Nifty Healthcare Index Fund - Regular - IDCW;INF740KA1WD5;INF740KA1WE3;10.4677;;;25-Aug-2025
153590;DSP Nifty IT Index Fund - Direct - Growth;INF740KA1WL8;;9.3478;;;25-Aug-2025
153591;DSP Nifty IT Index Fund - Direct - IDCW;INF740KA1WM6;INF740KA1WN4;9.3478;;;25-Aug-2025
153588;DSP Nifty IT Index Fund - Regular - Growth;INF740KA1WI4;;9.335;;;25-Aug-2025
153589;DSP Nifty IT Index Fund - Regular - IDCW;INF740KA1WJ2;INF740KA1WK0;9.335;;;25-Aug-2025
150428;DSP Nifty Midcap 150 Quality 50 Index Fund - Direct - Growth;INF740KA1RB9;;14.8622;;;25-Aug-2025
150429;DSP Nifty Midcap 150 Quality 50 Index Fund - Direct - IDCW;INF740KA1RC7;INF740KA1RD5;14.1187;;;25-Aug-2025
150427;DSP Nifty Midcap 150 Quality 50 Index Fund - Regular - Growth;INF740KA1QY3;;14.5694;;;25-Aug-2025
150430;DSP Nifty Midcap 150 Quality 50 Index Fund - Regular - IDCW;INF740KA1QZ0;INF740KA1RA1;13.8284;;;25-Aug-2025
146381;DSP Nifty Next 50 Index Fund - Direct Plan - Growth;INF740KA1MG9;;26.7141;;;25-Aug-2025
146382;DSP Nifty Next 50 Index Fund - Direct Plan - IDCW;INF740KA1MH7;INF740KA1MI5;23.0696;;;25-Aug-2025
146380;DSP Nifty Next 50 Index Fund - Regular Plan - Growth;INF740KA1MD6;;26.1703;;;25-Aug-2025
146383;DSP Nifty Next 50 Index Fund - Regular Plan - IDCW;INF740KA1ME4;INF740KA1MF1;22.5462;;;25-Aug-2025
153348;DSP Nifty Private Bank Index Fund - Direct - Growth;INF740KA1VN6;;10.9983;;;25-Aug-2025
153345;DSP Nifty Private Bank Index Fund - Direct - IDCW;INF740KA1VO4;INF740KA1VP1;10.9983;;;25-Aug-2025
153347;DSP Nifty Private Bank Index Fund - Regular - Growth;INF740KA1VK2;;10.9593;;;25-Aug-2025
153346;DSP Nifty Private Bank Index Fund - Regular - IDCW;INF740KA1VL0;INF740KA1VM8;10.9593;;;25-Aug-2025
149970;DSP Nifty SDL Plus G-Sec Jun 2028 30:70 Index Fund - Direct - Growth;INF740KA1QV9;;12.6128;;;25-Aug-2025
149971;DSP Nifty SDL Plus G-Sec Jun 2028 30:70 Index Fund - Direct - IDCW;INF740KA1QW7;INF740KA1QX5;12.6128;;;25-Aug-2025
149968;DSP Nifty SDL Plus G-Sec Jun 2028 30:70 Index Fund - Regular - Growth;INF740KA1QS5;;12.5468;;;25-Aug-2025
149969;DSP Nifty SDL Plus G-Sec Jun 2028 30:70 Index Fund - Regular - IDCW;INF740KA1QT3;INF740KA1QU1;12.5468;;;25-Aug-2025
151373;DSP Nifty SDL Plus G-Sec Sep 2027 50:50 Index Fund - Direct - Growth;INF740KA1SH4;;12.2364;;;25-Aug-2025
151371;DSP Nifty SDL Plus G-Sec Sep 2027 50:50 Index Fund - Direct - IDCW;INF740KA1SI2;INF740KA1SJ0;12.2364;;;25-Aug-2025
151370;DSP Nifty SDL Plus G-Sec Sep 2027 50:50 Index Fund - Regular - Growth;INF740KA1SE1;;12.181;;;25-Aug-2025
151372;DSP Nifty SDL Plus G-Sec Sep 2027 50:50 Index Fund - Regular - IDCW;INF740KA1SF8;INF740KA1SG6;12.181;;;25-Aug-2025
152243;DSP Nifty Smallcap250 Quality 50 Index Fund - Direct - Growth;INF740KA1TW1;;11.8859;;;25-Aug-2025
152244;DSP Nifty Smallcap250 Quality 50 Index Fund - Direct - IDCW;INF740KA1TX9;INF740KA1TY7;11.8859;;;25-Aug-2025
152245;DSP Nifty Smallcap250 Quality 50 Index Fund - Regular - Growth;INF740KA1TT7;;11.7486;;;25-Aug-2025
152242;DSP Nifty Smallcap250 Quality 50 Index Fund - Regular - IDCW;INF740KA1TU5;INF740KA1TV3;11.111;;;25-Aug-2025
152814;DSP Nifty Top 10 Equal Weight Index Fund - Direct - Growth;INF740KA1UQ1;;9.8014;;;25-Aug-2025
152813;DSP Nifty Top 10 Equal Weight Index Fund - Regular - Growth;INF740KA1UP3;;9.7343;;;25-Aug-2025

Edelweiss Mutual Fund
153497;Edelweiss BSE Internet Economy Index Fund - Direct Plan - Growth;INF754K01UX2;;11.043;;;25-Aug-2025
153494;Edelweiss BSE Internet Economy Index Fund - Direct Plan - IDCW;INF754K01UY0;INF754K01UZ7;11.043;;;25-Aug-2025
153495;Edelweiss BSE Internet Economy Index Fund - Regular Plan - Growth;INF754K01VB6;;11.02;;;25-Aug-2025
153496;Edelweiss BSE Internet Economy Index Fund - Regular Plan - IDCW;INF754K01VC4;INF754K01VD2;11.02;;;25-Aug-2025
150671;Edelweiss CRISIL IBX 50:50 Gilt Plus SDL April 2037 Index Fund - Direct Plan - Growth;INF754K01PF9;;12.81;;;25-Aug-2025
150722;Edelweiss CRISIL IBX 50:50 Gilt Plus SDL April 2037 Index Fund - Direct Plan - IDCW Option;INF754K01PG7;INF754K01PH5;12.8099;;;25-Aug-2025
150720;Edelweiss CRISIL IBX 50:50 Gilt Plus SDL April 2037 Index Fund - Regular Plan - Growth;INF754K01PB8;;12.7096;;;25-Aug-2025
150721;Edelweiss CRISIL IBX 50:50 Gilt Plus SDL April 2037 Index Fund - Regular Plan - IDCW Option;INF754K01PC6;INF754K01PD4;12.7099;;;25-Aug-2025
150727;Edelweiss CRISIL IBX 50:50 Gilt Plus SDL June 2027 Index Fund - Direct Plan - Growth;INF754K01PN3;;12.4852;;;25-Aug-2025
150770;Edelweiss CRISIL IBX 50:50 Gilt Plus SDL June 2027 Index Fund - Direct Plan - IDCW;INF754K01PO1;INF754K01PP8;12.4847;;;25-Aug-2025
150771;Edelweiss CRISIL IBX 50:50 Gilt Plus SDL June 2027 Index Fund - Regular Plan - Growth;INF754K01PJ1;;12.3977;;;25-Aug-2025
150772;Edelweiss CRISIL IBX 50:50 Gilt Plus SDL June 2027 Index Fund - Regular Plan - IDCW;INF754K01PK9;INF754K01PL7;12.3982;;;25-Aug-2025
150807;Edelweiss CRISIL IBX 50:50 Gilt Plus SDL Sep 2028 Index Fund - Direct Plan - Growth;INF754K01PV6;;12.5509;;;25-Aug-2025
150850;Edelweiss CRISIL IBX 50:50 Gilt Plus SDL Sep 2028 Index Fund - Direct Plan - IDCW;INF754K01PW4;INF754K01PX2;12.5511;;;25-Aug-2025
150848;Edelweiss CRISIL IBX 50:50 Gilt Plus SDL Sep 2028 Index Fund - Regular Plan - Growth;INF754K01PR4;;12.4595;;;25-Aug-2025
150849;Edelweiss CRISIL IBX 50:50 Gilt Plus SDL Sep 2028 Index Fund - Regular Plan - IDCW;INF754K01PS2;INF754K01PT0;12.4595;;;25-Aug-2025
151365;Edelweiss CRISIL IBX 50:50 Gilt Plus SDL Short Duration Index fund - Direct Plan - Growth;INF754K01RK5;;12.1884;;;25-Aug-2025
151397;Edelweiss CRISIL IBX 50:50 Gilt Plus SDL Short Duration Index fund - Direct Plan - IDCW;INF754K01RL3;INF754K01RM1;12.1887;;;25-Aug-2025
151398;Edelweiss CRISIL IBX 50:50 Gilt Plus SDL Short Duration Index fund - Regular Plan - Growth;INF754K01RG3;;12.0547;;;25-Aug-2025
151399;Edelweiss CRISIL IBX 50:50 Gilt Plus SDL Short Duration Index fund - Regular Plan - IDCW;INF754K01RH1;INF754K01RI9;12.0557;;;25-Aug-2025
153335;Edelweiss CRISIL IBX AAA Bond NBFC HFC Jun 2027 Index Fund - Direct Plan - Growth Option;INF754K01UG7;;10.5065;;;25-Aug-2025
153333;Edelweiss CRISIL IBX AAA Bond NBFC HFC Jun 2027 Index Fund - Direct Plan - IDCW Option;INF754K01UH5;INF754K01UI3;10.5065;;;25-Aug-2025
153334;Edelweiss CRISIL IBX AAA Bond NBFC HFC Jun 2027 Index Fund - Regular Plan - Growth Option;INF754K01UK9;;10.4955;;;25-Aug-2025
153336;Edelweiss CRISIL IBX AAA Bond NBFC HFC Jun 2027 Index Fund - Regular Plan - IDCW Option;INF754K01UL7;INF754K01UM5;10.4955;;;25-Aug-2025
153115;Edelweiss CRISIL IBX AAA Financial Services - Jan 2028 Index Fund - Direct - Growth;INF754K01TP0;;10.693;;;25-Aug-2025
153128;Edelweiss CRISIL IBX AAA Financial Services - Jan 2028 Index Fund - Direct - IDCW - Payout;INF754K01TQ8;INF754K01TR6;10.693;;;25-Aug-2025
153130;Edelweiss CRISIL IBX AAA Financial Services - Jan 2028 Index Fund - Regular - Growth;INF754K01TT2;;10.675;;;25-Aug-2025
153129;Edelweiss CRISIL IBX AAA Financial Services - Jan 2028 Index Fund - Regular - IDCW - Payout;INF754K01TU0;INF754K01TV8;10.675;;;25-Aug-2025
149945;Edelweiss CRISIL PSU Plus SDL 50:50 Oct 2025 Index Fund - Direct Plan - IDCW Payout;INF754K01OH8;INF754K01OI6;12.2611;;;25-Aug-2025
149950;Edelweiss CRISIL PSU Plus SDL 50:50 Oct 2025 Index Fund - Direct Plan Growth;INF754K01OG0;;12.2608;;;25-Aug-2025
149947;Edelweiss CRISIL PSU Plus SDL 50:50 Oct 2025 Index Fund - Regular Plan - IDCW Payout;INF754K01OD7;INF754K01OE5;12.1801;;;25-Aug-2025
149949;Edelweiss CRISIL PSU Plus SDL 50:50 Oct 2025 Index Fund - Regular Plan Growth;INF754K01OC9;;12.1798;;;25-Aug-2025
149254;Edelweiss Nifty 100 Quality 30 Index Fund Direct Plan Growth;INF754K01NJ6;;14.653;;;25-Aug-2025
149255;Edelweiss Nifty 100 Quality 30 Index Fund Direct Plan IDCW;INF754K01NK4;INF754K01NL2;14.4481;;;25-Aug-2025
149256;Edelweiss Nifty 100 Quality 30 Index Fund Regular Plan Growth;INF754K01NF4;;14.3007;;;25-Aug-2025
149257;Edelweiss Nifty 100 Quality 30 Index Fund Regular Plan IDCW;INF754K01NG2;INF754K01NH0;14.2997;;;25-Aug-2025
149250;Edelweiss Nifty 50 Index Fund Direct Plan Growth;INF754K01NB3;;14.6656;;;25-Aug-2025
149251;Edelweiss Nifty 50 Index Fund Direct Plan IDCW;INF754K01NC1;INF754K01ND9;14.4627;;;25-Aug-2025
149252;Edelweiss Nifty 50 Index Fund Regular Plan Growth;INF754K01MX9;;14.2048;;;25-Aug-2025
149253;Edelweiss Nifty 50 Index Fund Regular Plan IDCW;INF754K01MY7;INF754K01MZ4;14.2046;;;25-Aug-2025
152616;Edelweiss Nifty Alpha Low Volatility 30 Index Fund - Direct Plan - Growth;INF754K01SS6;;10.0073;;;25-Aug-2025
152619;Edelweiss Nifty Alpha Low Volatility 30 Index Fund - Direct Plan - IDCW Payout;INF754K01ST4;INF754K01SU2;10.0073;;;25-Aug-2025
152617;Edelweiss Nifty Alpha Low Volatility 30 Index Fund - Regular Plan - Growth;INF754K01SO5;;9.9111;;;25-Aug-2025
152618;Edelweiss Nifty Alpha Low Volatility 30 Index Fund - Regular Plan - IDCW Payout;INF754K01SP2;INF754K01SQ0;9.9111;;;25-Aug-2025
149343;Edelweiss NIFTY Large Midcap 250 Index Fund - Direct Plan Growth;INF754K01NR9;;16.8445;;;25-Aug-2025
149339;Edelweiss NIFTY Large Midcap 250 Index Fund - Direct Plan Payout;INF754K01NS7;INF754K01NT5;16.8446;;;25-Aug-2025
149341;Edelweiss NIFTY Large Midcap 250 Index Fund - Regular Plan Growth;INF754K01NN8;;16.4363;;;25-Aug-2025
149342;Edelweiss NIFTY Large Midcap 250 Index Fund - Regular Plan Payout;INF754K01NO6;INF754K01NP3;16.4356;;;25-Aug-2025
150902;Edelweiss Nifty Midcap150 Momentum 50 Index Fund - Direct Plan - Growth;INF754K01QD2;;18.1746;;;25-Aug-2025
150903;Edelweiss Nifty Midcap150 Momentum 50 Index Fund - Direct Plan - IDCW;INF754K01QE0;INF754K01QF7;18.1776;;;25-Aug-2025
150900;Edelweiss Nifty Midcap150 Momentum 50 Index Fund - Regular Plan - Growth;INF754K01PZ7;;17.8221;;;25-Aug-2025
150901;Edelweiss Nifty Midcap150 Momentum 50 Index Fund - Regular Plan - IDCW;INF754K01QA8;INF754K01QB6;17.8222;;;25-Aug-2025
150899;Edelweiss Nifty Next 50 Index Fund - Direct Plan - Growth;INF754K01QL5;;15.7264;;;25-Aug-2025
150896;Edelweiss Nifty Next 50 Index Fund - Direct Plan - IDCW;INF754K01QM3;INF754K01QN1;15.726;;;25-Aug-2025
150897;Edelweiss Nifty Next 50 Index Fund - Regular Plan - Growth;INF754K01QH3;;15.4155;;;25-Aug-2025
150898;Edelweiss Nifty Next 50 Index Fund - Regular Plan - IDCW;INF754K01QI1;INF754K01QJ9;15.4155;;;25-Aug-2025
148794;Edelweiss NIFTY PSU Bond Plus SDL Apr 2026 50: 50 Index Fund - Regular Plan - IDCW Option;INF754K01MA7;INF754K01MB5;13.0878;;;25-Aug-2025
148795;Edelweiss NIFTY PSU Bond Plus SDL Apr 2026 50:50 Index Fund - Direct Plan - Growth;INF754K01MD1;;13.1932;;;25-Aug-2025
148796;Edelweiss NIFTY PSU Bond Plus SDL Apr 2026 50:50 Index Fund - Direct Plan - IDCW Option;INF754K01ME9;INF754K01MF6;13.1938;;;25-Aug-2025
148797;Edelweiss NIFTY PSU Bond Plus SDL Apr 2026 50:50 Index Fund - Regular Plan - Growth;INF754K01LZ6;;13.0867;;;25-Aug-2025
149246;Edelweiss NIFTY PSU Bond Plus SDL Apr 2027 50:50 Index Fund - Direct Plan - IDCW;INF754K01MU5;INF754K01MV3;12.6132;;;25-Aug-2025
149247;Edelweiss NIFTY PSU Bond Plus SDL Apr 2027 50:50 Index Fund - Direct Plan Growth;INF754K01MT7;;12.6149;;;25-Aug-2025
149249;Edelweiss NIFTY PSU Bond Plus SDL Apr 2027 50:50 Index Fund - Regular Plan - Growth;INF754K01MP5;;12.5216;;;25-Aug-2025
149248;Edelweiss NIFTY PSU Bond Plus SDL Apr 2027 50:50 Index Fund - Regular Plan - IDCW;INF754K01MQ3;INF754K01MR1;12.5222;;;25-Aug-2025
150892;Edelweiss Nifty Smallcap 250 Index Fund - Direct Plan - Growth;INF754K01QT8;;17.7372;;;25-Aug-2025
150895;Edelweiss Nifty Smallcap 250 Index Fund - Direct Plan - IDCW;INF754K01QU6;INF754K01QV4;17.7377;;;25-Aug-2025
150894;Edelweiss Nifty Smallcap 250 Index Fund - Regular Plan - Growth;INF754K01QP6;;17.4066;;;25-Aug-2025
150893;Edelweiss Nifty Smallcap 250 Index Fund - Regular Plan - IDCW;INF754K01QQ4;INF754K01QR2;17.4064;;;25-Aug-2025
152985;Edelweiss Nifty500 Multicap Momentum Quality 50 Index Fund - Direct - Growth;INF754K01TN5;;9.0096;;;25-Aug-2025
152982;Edelweiss Nifty500 Multicap Momentum Quality 50 Index Fund - Direct - IDCW - Payout;INF754K01TG9;INF754K01TH7;9.0096;;;25-Aug-2025
152988;Edelweiss Nifty500 Multicap Momentum Quality 50 Index Fund - Regular - Growth;INF754K01TJ3;;8.9597;;;25-Aug-2025
152983;Edelweiss Nifty500 Multicap Momentum Quality 50 Index Fund - Regular - IDCW - Payout;INF754K01TK1;INF754K01TL9;8.9597;;;25-Aug-2025

Franklin Templeton Mutual Fund
118580;Franklin India INDEX FUND- NSE Nifty 50 Index Fund - Direct - IDCW;INF090I01GQ8;INF090I01GR6;192.7734;;;25-Aug-2025
100484;Franklin India Index Fund- NSE Nifty 50 Index Fund - Growth;INF090I01890;;201.5183;;;25-Aug-2025
105067;Franklin India INDEX FUND- NSE NIFTY 50 INDEX FUND - IDCW;INF090I01874;INF090I01882;182.5698;;;25-Aug-2025
118581;Franklin India INDEX FUND- NSE NIFTY 50 INDEX FUND- Direct - Growth;INF090I01GS4;;211.7795;;;25-Aug-2025

Groww Mutual Fund
153704;Groww Nifty 50 Index Fund Direct Growth;INF666M01KT3;;9.9647;;;25-Aug-2025
153709;Groww Nifty 50 Index Fund Direct IDCW;INF666M01KU1;INF666M01KV9;9.9647;;;25-Aug-2025
153710;Groww Nifty 50 Index Fund Regular Growth;INF666M01KW7;;9.9578;;;25-Aug-2025
153711;Groww Nifty 50 Index Fund Regular IDCW;INF666M01LJ2;INF666M01LK0;9.9578;;;25-Aug-2025
153230;Groww Nifty India Railways PSU Index Fund - Direct Plan - Growth;INF666M01JK4;;9.3922;;;25-Aug-2025
153231;Groww Nifty India Railways PSU Index Fund - Direct Plan - IDCW;INF666M01JL2;INF666M01JM0;9.3922;;;25-Aug-2025
153232;Groww Nifty India Railways PSU Index Fund - Regular Plan - Growth;INF666M01JN8;;9.3637;;;25-Aug-2025
153233;Groww Nifty India Railways PSU Index Fund - Regular Plan - IDCW;INF666M01JO6;INF666M01JP3;9.3608;;;25-Aug-2025
152636;Groww Nifty Non-Cyclical Consumer Index Fund - Direct Plan - IDCW;INF666M01IF6;INF666M01IG4;11.3134;;;25-Aug-2025
152637;Groww Nifty Non-Cyclical Consumer Index Fund - Direct Plan Growth;INF666M01IE9;;11.3134;;;25-Aug-2025
152635;Groww Nifty Non-Cyclical Consumer Index Fund - IDCW;INF666M01IC3;INF666M01ID1;11.228;;;25-Aug-2025
152633;Groww Nifty Non-Cyclical Consumer Index Fund - Regular Plan - Growth;INF666M01IB5;;11.2292;;;25-Aug-2025
152431;Groww Nifty Smallcap 250 Index Fund - Direct Plan - Growth;INF666M01HY9;;11.3684;;;25-Aug-2025
152436;Groww Nifty Smallcap 250 Index Fund - Direct Plan - IDCW;INF666M01HZ6;INF666M01IA7;11.3731;;;25-Aug-2025
152433;Groww Nifty Smallcap 250 Index Fund - Regular Plan - Growth;INF666M01HV5;;11.2811;;;25-Aug-2025
152434;Groww Nifty Smallcap 250 Index Fund - Regular Plan - Regular Plan - IDCW;INF666M01HW3;INF666M01HX1;11.2675;;;25-Aug-2025
152092;Groww Nifty Total Market Index Fund - Direct Plan - Growth;INF666M01HM4;;13.8032;;;25-Aug-2025
152125;Groww Nifty Total Market Index Fund - Direct Plan - IDCW;INF666M01HN2;INF666M01HO0;13.8029;;;25-Aug-2025
152127;Groww Nifty Total Market Index Fund - Regular Plan - Growth;INF666M01HJ0;;13.6202;;;25-Aug-2025
152126;Groww Nifty Total Market Index Fund - Regular Plan - IDCW;INF666M01HK8;INF666M01HL6;13.6209;;;25-Aug-2025

HDFC Mutual Fund
151729;HDFC BSE 500 Index Fund - Regular Plan - Growth Option;INF179KC1GH7;;15.3392;;;25-Aug-2025
151728;HDFC S&P BSE 500 Index Fund - Growth Option - Direct Plan;INF179KC1GG9;;15.5558;;;25-Aug-2025
119065;HDFC BSE Sensex Index Fund - Direct Plan;INF179K01WN9;;775.4846;;;25-Aug-2025
101281;HDFC BSE Sensex Index Fund - Growth Plan;INF179K01LA9;;757.0226;;;25-Aug-2025
153517;HDFC CRISIL-IBX Financial Services 3-6 Months Debt Index Fund - Direct Growth Plan;INF179KC1JK5;;10.2181;;;25-Aug-2025
153518;HDFC CRISIL-IBX Financial Services 3-6 Months Debt Index Fund - Regular Growth Plan;INF179KC1JJ7;;10.2122;;;25-Aug-2025
149870;HDFC Nifty 100 Equal Weight Index Fund - Direct Plan - Growth Option;INF179KC1CA1;;16.6164;;;25-Aug-2025
149871;HDFC Nifty 100 Equal Weight Index Fund - Growth Option;INF179KC1CB9;;16.3405;;;25-Aug-2025
149868;HDFC NIFTY 100 Index Fund - Direct Plan - Growth Option;INF179KC1BY3;;15.1838;;;25-Aug-2025
149869;HDFC NIFTY 100 Index Fund - Growth Option;INF179KC1BZ0;;14.9193;;;25-Aug-2025
119063;HDFC Nifty 50 Index Fund - Direct Plan;INF179K01WM1;;242.3905;;;25-Aug-2025
101525;HDFC Nifty 50 Index Fund - Growth Plan;INF179K01KZ8;;237.0721;;;25-Aug-2025
151496;HDFC Nifty G-Sec Apr 2029 Index Fund - Growth Option;INF179KC1FR8;;12.2755;;;25-Aug-2025
151495;HDFC Nifty G-Sec Apr 2029 Index Fund - Growth Option - Direct Plan;INF179KC1FQ0;;12.3249;;;25-Aug-2025
150844;HDFC Nifty G-Sec Dec 2026 Index Fund - Growth Option;INF179KC1EG4;;12.2771;;;25-Aug-2025
150845;HDFC Nifty G-Sec Dec 2026 Index Fund - Growth Option - Direct Plan;INF179KC1EE9;;12.3298;;;25-Aug-2025
150846;HDFC Nifty G-Sec July 2031 Index Fund - Growth Option;INF179KC1EI0;;12.5609;;;25-Aug-2025
150847;HDFC Nifty G-Sec July 2031 Index Fund - Growth Option - Direct Plan;INF179KC1EH2;;12.6187;;;25-Aug-2025
151180;HDFC Nifty G-Sec Jun 2027 Index Fund - Growth Option;INF179KC1EK6;;12.2388;;;25-Aug-2025
151181;HDFC Nifty G-Sec Jun 2027 Index Fund - Growth Option - Direct Plan;INF179KC1EJ8;;12.2902;;;25-Aug-2025
151490;HDFC Nifty G-Sec Jun 2036 Index Fund - Growth Option;INF179KC1FT4;;12.3565;;;25-Aug-2025
151489;HDFC Nifty G-Sec Jun 2036 Index Fund - Growth Option - Direct Plan;INF179KC1FS6;;12.4141;;;25-Aug-2025
151182;HDFC Nifty G-Sec Sep 2032 Index Fund - Growth Option;INF179KC1EM2;;12.4449;;;25-Aug-2025
151183;HDFC Nifty G-Sec Sep 2032 Index Fund - Growth Option - Direct Plan;INF179KC1EL4;;12.5035;;;25-Aug-2025
153097;HDFC Nifty India Digital Index Fund - Growth Option - Direct;INF179KC1JB4;;9.2217;;;25-Aug-2025
153096;HDFC Nifty India Digital Index Fund - Growth Option - Regular;INF179KC1JA6;;9.1895;;;25-Aug-2025
152890;HDFC NIFTY LargeMidcap 250 Index Fund - Growth Option;INF179KC1IP6;;9.8188;;;25-Aug-2025
152889;HDFC NIFTY LargeMidcap 250 Index Fund - Growth Option - Direct;INF179KC1IQ4;;9.8614;;;25-Aug-2025
151725;HDFC NIFTY Midcap 150 Index Fund - Growth Option;INF179KC1GD6;;18.0301;;;25-Aug-2025
151724;HDFC NIFTY Midcap 150 Index Fund - Growth Option - Direct Plan;INF179KC1GC8;;18.282;;;25-Aug-2025
149288;HDFC NIFTY Next 50 Index Fund - Direct Plan - Growth Option;INF179KC1BQ9;;15.9563;;;25-Aug-2025
149287;HDFC NIFTY Next 50 Index Fund - Growth Option;INF179KC1BR7;;15.6894;;;25-Aug-2025
152522;HDFC NIFTY Reality Index Fund - Regular Plan;INF179KC1ID2;;10.2334;;;25-Aug-2025
152521;HDFC NIFTY Realty Index Fund - Direct Plan;INF179KC1IE0;;10.3047;;;25-Aug-2025
151455;HDFC Nifty SDL Oct 2026 Index Fund - Growth Option;INF179KC1FJ5;;12.0868;;;25-Aug-2025
151456;HDFC Nifty SDL Oct 2026 Index Fund - Growth Option - Direct Plan;INF179KC1FI7;;12.1351;;;25-Aug-2025
151571;HDFC NIFTY SDL Plus G-Sec Jun 2027 40:60 Index Fund - Growth Option;INF179KC1GB0;;12.0187;;;25-Aug-2025
151570;HDFC NIFTY SDL Plus G-Sec Jun 2027 40:60 Index Fund - Growth Option - Direct Plan;INF179KC1GA2;;12.0621;;;25-Aug-2025
151726;HDFC NIFTY Smallcap 250 Index Fund - Growth Option;INF179KC1GF1;;18.3396;;;25-Aug-2025
151727;HDFC NIFTY Smallcap 250 Index Fund - Growth Option - Direct Plan;INF179KC1GE4;;18.5923;;;25-Aug-2025
153405;HDFC Nifty Top 20 Equal Weight Index Fund - Direct;INF179KC1JI9;;10.4771;;;25-Aug-2025
153404;HDFC Nifty Top 20 Equal Weight Index Fund - Regular Growth;INF179KC1JH1;;10.4524;;;25-Aug-2025
152713;HDFC NIFTY100 Low Volatility 30 Index Fund - Direct Plan;INF179KC1IM3;HDFCNIVODG;10.5545;;;25-Aug-2025
152714;HDFC NIFTY100 Low Volatility 30 Index Fund - Regular Plan;INF179KC1IL5;;10.4941;;;25-Aug-2025
153264;HDFC Nifty100 Quality 30 Index Fund - Direct Plan;INF179KC1JF5;;10.7976;;;25-Aug-2025
153265;HDFC Nifty100 Quality 30 Index Fund - Regular Plan;INF179KC1JE8;;10.7707;;;25-Aug-2025
152430;HDFC NIFTY200 Momentum 30 Index Fund - Direct Plan;INF179KC1IC4;;10.28;;;25-Aug-2025
152429;HDFC NIFTY200 Momentum 30 Index Fund - Regular Plan;INF179KC1IB6;;10.2049;;;25-Aug-2025
149107;HDFC NIFTY50 Equal weight Index Fund - Direct Plan - Growth Option;INF179KC1BM8;;17.888;;;25-Aug-2025
149106;HDFC NIFTY50 Equal weight Index Fund - Growth Option;INF179KC1BN6;;17.516;;;25-Aug-2025
152778;HDFC NIFTY500 Multicap 50:25:25 Index Fund - Direct Plan;INF179KC1IO9;;9.8423;;;25-Aug-2025
152779;HDFC NIFTY500 Multicap 50:25:25 index Fund - Regular Plan;INF179KC1IN1;;9.7937;;;25-Aug-2025

HSBC Mutual Fund
149966;HSBC CRISIL IBX 50:50 Gilt Plus SDL Apr 2028 Index Fund - Direct - Growth;INF336L01QH7;;12.6062;;;25-Aug-2025
149962;HSBC CRISIL IBX 50:50 Gilt Plus SDL Apr 2028 Index Fund - Direct - Payout of IDCW;INF336L01QI5;INF336L01QJ3;12.6061;;;25-Aug-2025
149963;HSBC CRISIL IBX 50:50 Gilt Plus SDL Apr 2028 Index Fund - Regular - Growth;INF336L01QK1;;12.5218;;;25-Aug-2025
149964;HSBC CRISIL IBX 50:50 Gilt Plus SDL Apr 2028 Index Fund - Regular - payout of IDCW;INF336L01QL9;INF336L01QM7;12.5216;;;25-Aug-2025
151479;HSBC CRISIL IBX Gilt June 2027 Index Fund - Direct - Growth;INF336L01QT2;;12.0709;;;25-Aug-2025
151482;HSBC CRISIL IBX Gilt June 2027 Index Fund - Direct - IDCW;INF336L01QU0;INF336L01QV8;12.0711;;;25-Aug-2025
151480;HSBC CRISIL IBX Gilt June 2027 Index Fund - Regular - Growth;INF336L01QW6;;11.991;;;25-Aug-2025
151481;HSBC CRISIL IBX Gilt June 2027 Index Fund - Regular - IDCW;INF336L01QX4;INF336L01QY2;11.9912;;;25-Aug-2025
151157;HSBC NIFTY 50 INDEX FUND - Direct Growth;INF917K01D12;;29.319;;;25-Aug-2025
151156;HSBC NIFTY 50 INDEX FUND - Direct IDCW;INF917K01C96;INF917K01D04;29.319;;;25-Aug-2025
151158;HSBC NIFTY 50 INDEX FUND - Regular Growth;INF917K01D38;;28.8118;;;25-Aug-2025
151159;HSBC NIFTY 50 INDEX FUND - Regular IDCW;INF917K01D20;INF917K01D46;28.8117;;;25-Aug-2025
151160;HSBC NIFTY NEXT 50 INDEX FUND - Direct Growth;INF917K01D79;;29.6646;;;25-Aug-2025
151163;HSBC NIFTY NEXT 50 INDEX FUND - Direct IDCW;INF917K01D53;INF917K01D61;29.6647;;;25-Aug-2025
151162;HSBC NIFTY NEXT 50 INDEX FUND - Regular Growth;INF917K01D95;;28.963;;;25-Aug-2025
151161;HSBC NIFTY NEXT 50 INDEX FUND - Regular IDCW;INF917K01D87;INF917K01E03;28.9631;;;25-Aug-2025

ICICI Prudential Mutual Fund
141839;ICICI Prudential BSE Sensex Index Fund - Cumulative Option;INF109KB17W7;;26.7147;;;25-Aug-2025
141841;ICICI Prudential BSE Sensex Index Fund - Direct Plan - Cumulative Option;INF109KB10X0;;27.0593;;;25-Aug-2025
141842;ICICI Prudential BSE Sensex Index Fund - Direct Plan - IDCW Option;INF109KB12X6;;27.0590;;;25-Aug-2025
141840;ICICI Prudential BSE Sensex Index Fund - IDCW Option;INF109KB19W3;;26.7154;;;25-Aug-2025
153235;ICICI Prudential CRISIL-IBX AAA Bond Financial Services Index -Dec 2026 Fund - Annual IDCW;INF109KC19Z4;INF109K1A013;10.5084;;;25-Aug-2025
153234;ICICI Prudential CRISIL-IBX AAA Bond Financial Services Index -Dec 2026 Fund - Growth;INF109KC18Z6;;10.5084;;;25-Aug-2025
153237;ICICI Prudential CRISIL-IBX AAA Bond Financial Services Index -Dec 2026 Fund- Direct Plan - Annual IDCW;INF109KC16Z0;INF109KC17Z8;10.5198;;;25-Aug-2025
153236;ICICI Prudential CRISIL-IBX AAA Bond Financial Services Index -Dec 2026 Fund- Direct Plan - Growth;INF109KC15Z2;;10.5198;;;25-Aug-2025
153412;ICICI Prudential CRISIL-IBX Financial Services 3-6 Months Debt Index Fund - Annual IDCW;INF109K1A054;INF109K1A047;10.3267;;;25-Aug-2025
153410;ICICI Prudential CRISIL-IBX Financial Services 3-6 Months Debt Index Fund - Direct Plan - Annual IDCW;INF109K1A070;INF109K1A088;10.3371;;;25-Aug-2025
153411;ICICI Prudential CRISIL-IBX Financial Services 3-6 Months Debt Index Fund - Direct Plan - Growth;INF109K1A062;;10.3371;;;25-Aug-2025
153409;ICICI Prudential CRISIL-IBX Financial Services 3-6 Months Debt Index Fund - Growth;INF109K1A039;;10.3267;;;25-Aug-2025
150452;ICICI Prudential Nifty 200 Momentum 30 Index Fund - Direct Plan - Growth;INF109KC11D8;;16.6793;;;25-Aug-2025
150453;ICICI Prudential Nifty 200 Momentum 30 Index Fund - Direct Plan - IDCW;INF109KC12D6;INF109KC13D4;16.6767;;;25-Aug-2025
150454;ICICI Prudential Nifty 200 Momentum 30 Index Fund - Growth;INF109KC18C5;;16.3662;;;25-Aug-2025
150451;ICICI Prudential Nifty 200 Momentum 30 Index Fund - IDCW;INF109KC19C3;INF109KC10D0;16.3655;;;25-Aug-2025
101349;ICICI Prudential Nifty 50 Index Fund - Cumulative Option;INF109K01PI0;;251.4345;;;25-Aug-2025
120620;ICICI Prudential Nifty 50 Index Fund - Direct Plan Cumulative Option;INF109K012M7;;262.0115;;;25-Aug-2025
135391;ICICI Prudential Nifty 50 Index Fund - Direct Plan IDCW Option;INF109KB1NL1;INF109KB1NM9;35.2347;;;25-Aug-2025
135390;ICICI Prudential Nifty 50 Index Fund - IDCW Option;INF109KB1NN7;INF109KB1NO5;33.4969;;;25-Aug-2025
153161;ICICI Prudential Nifty 500 Index Fund - Direct Plan - Growth;INF109KC16Y3;;10.3908;;;25-Aug-2025
153159;ICICI Prudential Nifty 500 Index Fund - Direct Plan - IDCW;INF109KC18Y9;INF109KC17Y1;10.3906;;;25-Aug-2025
153162;ICICI Prudential Nifty 500 Index Fund - Growth;INF109KC13Y0;;10.3490;;;25-Aug-2025
153160;ICICI Prudential Nifty 500 Index Fund - IDCW;INF109KC15Y5;INF109KC14Y8;10.3491;;;25-Aug-2025
150643;ICICI Prudential Nifty Auto Index Fund - Direct Plan - Growth;INF109KC16J4;;20.4342;;;25-Aug-2025
150644;ICICI Prudential Nifty Auto Index Fund - Direct Plan - IDCW;INF109KC17J2;INF109KC18J0;20.4342;;;25-Aug-2025
150645;ICICI Prudential Nifty Auto Index Fund - Growth;INF109KC13J1;;20.1224;;;25-Aug-2025
150646;ICICI Prudential Nifty Auto Index Fund - IDCW;INF109KC14J9;INF109KC15J6;20.1228;;;25-Aug-2025
149858;ICICI Prudential Nifty Bank Index Fund - Direct Plan Growth;INF109KC11A4;;15.8615;;;25-Aug-2025
149861;ICICI Prudential Nifty Bank Index Fund - Direct Plan IDCW;INF109KC12A2;INF109KC13A0;15.8613;;;25-Aug-2025
149859;ICICI Prudential Nifty Bank Index Fund - Growth;INF109KC1Z89;;15.4990;;;25-Aug-2025
149860;ICICI Prudential Nifty Bank Index Fund - IDCW;INF109KC1Z97;INF109KC10A6;15.4989;;;25-Aug-2025
150734;ICICI Prudential Nifty G-Sec Dec 2030 Index Fund - Annual IDCW;INF109KC16K2;INF109KC17K0;12.6324;;;25-Aug-2025
150735;ICICI Prudential Nifty G-Sec Dec 2030 Index Fund - Direct Plan - Annual IDCW;INF109KC19K6;INF109KC10L3;12.7012;;;25-Aug-2025
150733;ICICI Prudential Nifty G-Sec Dec 2030 Index Fund - Direct Plan - Growth;INF109KC18K8;;12.7020;;;25-Aug-2025
150732;ICICI Prudential Nifty G-Sec Dec 2030 Index Fund - Growth;INF109KC15K4;;12.6322;;;25-Aug-2025
150468;ICICI Prudential Nifty IT Index Fund - Direct Plan - Growth;INF109KC13E2;;12.6681;;;25-Aug-2025
150469;ICICI Prudential Nifty IT Index Fund - Direct Plan - IDCW;INF109KC14E0;INF109KC15E7;12.6743;;;25-Aug-2025
150466;ICICI Prudential Nifty IT Index Fund - Growth;INF109KC10E8;;12.4672;;;25-Aug-2025
150467;ICICI Prudential Nifty IT Index Fund - IDCW;INF109KC11E6;INF109KC12E4;12.4674;;;25-Aug-2025
152482;ICICI Prudential Nifty LargeMidcap 250 Index Fund - Direct Plan - Growth;INF109KC12U0;;12.1157;;;25-Aug-2025
152483;ICICI Prudential Nifty LargeMidcap 250 Index Fund - Direct Plan - IDCW;INF109KC13U8;INF109KC14U6;12.1156;;;25-Aug-2025
152481;ICICI Prudential Nifty LargeMidcap 250 Index Fund - Growth;INF109KC15U3;;12.0175;;;25-Aug-2025
152484;ICICI Prudential Nifty LargeMidcap 250 Index Fund - IDCW;INF109KC16U1;INF109KC17U9;12.0175;;;25-Aug-2025
149389;ICICI Prudential Nifty Midcap 150 Index Fund - Direct Plan - Growth;INF109KC1W58;;19.1257;;;25-Aug-2025
149391;ICICI Prudential Nifty Midcap 150 Index Fund - Direct Plan - IDCW;INF109KC1W66;INF109KC1W74;19.1256;;;25-Aug-2025
149390;ICICI Prudential Nifty Midcap 150 Index Fund - Growth;INF109KC1W25;;18.6373;;;25-Aug-2025
149388;ICICI Prudential Nifty Midcap 150 Index Fund - IDCW;INF109KC1W33;INF109KC1W41;18.6369;;;25-Aug-2025
120684;ICICI Prudential Nifty Next 50 Index Fund - Direct Plan -  Growth;INF109K01Y80;;62.7929;;;25-Aug-2025
120683;ICICI Prudential Nifty Next 50 Index Fund - Direct Plan -  IDCW;INF109K01Y64;INF109K01Y72;62.7693;;;25-Aug-2025
112957;ICICI Prudential Nifty Next 50 Index Fund - Growth;INF109K01IF1;;59.5616;;;25-Aug-2025
112958;ICICI Prudential Nifty Next 50 Index Fund -IDCW;INF109K01PR1;INF109K01IE4;59.5609;;;25-Aug-2025
150930;ICICI Prudential Nifty Pharma Index Fund - Direct Plan - Growth;INF109KC11M9;;17.3130;;;25-Aug-2025
150928;ICICI Prudential Nifty Pharma Index Fund - Direct Plan - IDCW;INF109KC12M7;INF109KC13M5;17.3139;;;25-Aug-2025
150929;ICICI Prudential Nifty Pharma Index Fund - Growth;INF109KC18L6;;17.0190;;;25-Aug-2025
150931;ICICI Prudential Nifty Pharma Index Fund - IDCW;INF109KC19L4;INF109KC10M1;17.0190;;;25-Aug-2025
153679;ICICI Prudential Nifty Private Bank Index Fund - Direct Plan - Growth;INF109K1A369;;9.5957;;;25-Aug-2025
153676;ICICI Prudential Nifty Private Bank Index Fund - Growth;INF109K1A351;;9.5897;;;25-Aug-2025
149224;ICICI Prudential Nifty PSU Bond Plus SDL Sep 2027 40:60 Index Fund - Annual - IDCW;INF109KC1S62;INF109KC1S70;12.5183;;;25-Aug-2025
149227;ICICI Prudential Nifty PSU Bond Plus SDL Sep 2027 40:60 Index Fund - Direct Plan Annual - IDCW;INF109KC1T46;INF109KC1T53;12.6134;;;25-Aug-2025
149210;ICICI Prudential Nifty PSU Bond Plus SDL Sep 2027 40:60 Index Fund - Direct Plan Growth;INF109KC1S88;;12.6134;;;25-Aug-2025
149208;ICICI Prudential Nifty PSU Bond Plus SDL Sep 2027 40:60 Index Fund - Growth;INF109KC1S13;;12.5184;;;25-Aug-2025
150731;ICICI Prudential Nifty SDL Dec 2028 Index Fund - Annual IDCW;INF109KC12L9;INF109KC13L7;12.6121;;;25-Aug-2025
150730;ICICI Prudential Nifty SDL Dec 2028 Index Fund - Direct Plan - Annual IDCW;INF109KC15L2;INF109KC16L0;12.6781;;;25-Aug-2025
150729;ICICI Prudential Nifty SDL Dec 2028 Index Fund - Direct Plan - Growth;INF109KC14L5;;12.6777;;;25-Aug-2025
150728;ICICI Prudential Nifty SDL Dec 2028 Index Fund - Growth;INF109KC11L1;;12.6121;;;25-Aug-2025
151209;ICICI Prudential Nifty SDL Sep 2026 Index Fund - Annual IDCW;INF109KC11P2;INF109KC12P0;12.1226;;;25-Aug-2025
151210;ICICI Prudential Nifty SDL Sep 2026 Index Fund - Direct Plan - Annual IDCW;INF109KC14P6;INF109KC15P3;12.1879;;;25-Aug-2025
151211;ICICI Prudential Nifty SDL Sep 2026 Index Fund - Direct Plan - Growth;INF109KC13P8;;12.1879;;;25-Aug-2025
151208;ICICI Prudential Nifty SDL Sep 2026 Index Fund - Growth;INF109KC10P4;;12.1227;;;25-Aug-2025
149996;ICICI Prudential Nifty SDL Sep 2027 Index Fund - Annual IDCW;INF109KC12B0;INF109KC13B8;12.4362;;;25-Aug-2025
149997;ICICI Prudential Nifty SDL Sep 2027 Index Fund - Direct Plan - Annual IDCW;INF109KC15B3;INF109KC16B1;12.5013;;;25-Aug-2025
149999;ICICI Prudential Nifty SDL Sep 2027 Index Fund - Direct Plan - Growth;INF109KC14B6;;12.5013;;;25-Aug-2025
149998;ICICI Prudential Nifty SDL Sep 2027 Index Fund - Growth;INF109KC11B2;;12.4362;;;25-Aug-2025
149283;ICICI Prudential Nifty Smallcap 250 Index Fund - Direct Plan - Growth;INF109KC1V18;;17.5108;;;25-Aug-2025
149284;ICICI Prudential Nifty Smallcap 250 Index Fund - Direct Plan - IDCW;INF109KC1V26;INF109KC1V34;17.5102;;;25-Aug-2025
149281;ICICI Prudential Nifty Smallcap 250 Index Fund - Growth;INF109KC1U84;;17.1063;;;25-Aug-2025
149282;ICICI Prudential Nifty Smallcap 250 Index Fund - IDCW;INF109KC1U92;INF109KC1V00;17.1070;;;25-Aug-2025
153614;ICICI Prudential Nifty Top 15 Equal Weight Index Fund - Direct Plan - Growth;INF109K1A310;;9.8563;;;25-Aug-2025
153616;ICICI Prudential Nifty Top 15 Equal Weight Index Fund - Direct Plan - IDCW;INF109K1A336;INF109K1A328;9.8568;;;25-Aug-2025
153613;ICICI Prudential Nifty Top 15 Equal Weight Index Fund - Growth;INF109K1A286;;9.8458;;;25-Aug-2025
153615;ICICI Prudential Nifty Top 15 Equal Weight Index Fund - IDCW;INF109K1A302;INF109K1A294;9.8458;;;25-Aug-2025
153546;ICICI Prudential Nifty200 Quality 30 Index Fund - Direct Plan - Growth;INF109K1A252;;9.9411;;;25-Aug-2025
153547;ICICI Prudential Nifty200 Quality 30 Index Fund - Direct Plan - IDCW;INF109K1A278;INF109K1A260;9.9408;;;25-Aug-2025
153544;ICICI Prudential Nifty200 Quality 30 Index Fund - Growth;INF109K1A229;;9.9293;;;25-Aug-2025
153545;ICICI Prudential Nifty200 Quality 30 Index Fund - IDCW;INF109K1A245;INF109K1A237;9.9293;;;25-Aug-2025
152936;ICICI Prudential Nifty200 Value 30 Index Fund - Direct Plan - Growth;INF109KC13X2;;9.3754;;;25-Aug-2025
152933;ICICI Prudential Nifty200 Value 30 Index Fund - Direct Plan - IDCW;INF109KC15X7;INF109KC14X0;9.3753;;;25-Aug-2025
152934;ICICI Prudential Nifty200 Value 30 Index Fund - Growth;INF109KC10X8;;9.3274;;;25-Aug-2025
152935;ICICI Prudential Nifty200 Value 30 Index Fund - IDCW;INF109KC12X4;INF109KC11X6;9.3273;;;25-Aug-2025
150639;ICICI Prudential Nifty50 Equal Weight Index Fund- Direct Plan - Growth;INF109KC10J7;;16.4618;;;25-Aug-2025
150640;ICICI Prudential Nifty50 Equal Weight Index Fund- Direct Plan - IDCW;INF109KC11J5;INF109KC12J3;16.4615;;;25-Aug-2025
150637;ICICI Prudential Nifty50 Equal Weight Index Fund- Growth;INF109KC17I4;;16.1827;;;25-Aug-2025
150638;ICICI Prudential Nifty50 Equal Weight Index Fund- IDCW;INF109KC18I2;INF109KC19I0;16.1825;;;25-Aug-2025
152365;ICICI Prudential Nifty50 Value 20 Index Fund - Direct Plan - Growth;INF109KC16T3;;10.7646;;;25-Aug-2025
152367;ICICI Prudential Nifty50 Value 20 Index Fund - Direct Plan - IDCW;INF109KC17T1;INF109KC18T9;10.7646;;;25-Aug-2025
152366;ICICI Prudential Nifty50 Value 20 Index Fund - Growth;INF109KC19T7;;10.6863;;;25-Aug-2025
152364;ICICI Prudential Nifty50 Value 20 Index Fund - IDCW;INF109KC10U4;INF109KC11U2;10.6862;;;25-Aug-2025

Invesco Mutual Fund
151593;Invesco India Nifty G-sec Jul 2027 Index Fund - Direct - Growth;INF205KA1775;;1206.5564;;;25-Aug-2025
151592;Invesco India Nifty G-sec Jul 2027 Index Fund - Direct - IDCW Payout;INF205KA1783;;1206.5549;;;25-Aug-2025
151590;Invesco India Nifty G-sec Jul 2027 Index Fund - Regular - Growth;INF205KA1759;;1202.2413;;;25-Aug-2025
151591;Invesco India Nifty G-sec Jul 2027 Index Fund - Regular - IDCW Payout;INF205KA1767;;1202.2559;;;25-Aug-2025
151597;Invesco India Nifty G-sec Sep 2032 Index Fund - Direct - Growth;INF205KA1817;;1225.0386;;;25-Aug-2025
151596;Invesco India Nifty G-sec Sep 2032 Index Fund - Direct - IDCW Payout;INF205KA1825;;1225.0398;;;25-Aug-2025
151594;Invesco India Nifty G-sec Sep 2032 Index Fund - Regular - Growth;INF205KA1791;;1220.6891;;;25-Aug-2025
151595;Invesco India Nifty G-sec Sep 2032 Index Fund - Regular - IDCW Payout;INF205KA1809;;1220.6726;;;25-Aug-2025

Jio BlackRock Mutual Fund
153787;JioBlackRock Nifty 50 Index Fund - Direct Plan - Growth Option;INF22M001044;;10.0362;;;25-Aug-2025
153791;JioBlackRock Nifty 8-13 yr G-Sec Index Fund - Direct Plan - Growth Option;INF22M001069;;9.9593;;;25-Aug-2025
153788;JioBlackRock Nifty Midcap 150 Index Fund - Direct Plan - Growth Option;INF22M001077;;10.0752;;;25-Aug-2025
153789;JioBlackRock Nifty Next 50 Index Fund - Direct Plan - Growth Option;INF22M001085;;10.0481;;;25-Aug-2025
153790;JioBlackRock Nifty Smallcap 250 Index Fund - Direct Plan - Growth Option;INF22M001051;;10.1019;;;25-Aug-2025

Kotak Mahindra Mutual Fund
152038;Kotak  BSE Housing Index Fund - Regular Plan - Growth Option;INF174KA1OU1;;13.872;;;25-Aug-2025
152040;Kotak  BSE Housing Index Fund - Regular Plan - IDCW Option;INF174KA1OV9;INF174KA1OW7;13.872;;;25-Aug-2025
152039;Kotak BSE Housing Index Fund - Direct Plan - Growth Option;INF174KA1OX5;;14.025;;;25-Aug-2025
152037;Kotak BSE Housing Index Fund - Direct Plan - IDCW Option;INF174KA1OY3;INF174KA1OZ0;14.023;;;25-Aug-2025
152755;Kotak BSE PSU Index Fund - Direct Plan - Growth;INF174KA1SL1;;8.477;;;25-Aug-2025
152754;Kotak BSE PSU Index Fund - Direct Plan - IDCW Payout and Reinvestment;INF174KA1SM9;INF174KA1SN7;8.477;;;25-Aug-2025
152752;Kotak BSE PSU Index Fund - Regular Plan - Growth;INF174KA1SI7;;8.418;;;25-Aug-2025
152753;Kotak BSE PSU Index Fund - Regular Plan - IDCW Payout and Reinvestment;INF174KA1SJ5;INF174KA1SK3;8.418;;;25-Aug-2025
153284;Kotak BSE Sensex Index Fund - Regular - Growth;INF174KA1US2;;10.824;;;25-Aug-2025
153285;Kotak BSE Sensex Index Fund - Regular - IDCW;INF174KA1UT0;INF174KA1UU8;10.824;;;25-Aug-2025
153286;Kotak BSE Sensex Index Fund- Direct - Growth;INF174KA1UV6;;10.834;;;25-Aug-2025
153287;Kotak BSE Sensex Index Fund- Direct - IDCW;INF174KA1UQ6;INF174KA1UR4;10.834;;;25-Aug-2025
153313;Kotak CRISIL - IBX AAA Bond Financial Services Index Dec 2026 Fund - Direct - Growth;INF174KA1UX2;;10.4794;;;25-Aug-2025
153312;Kotak CRISIL - IBX AAA Bond Financial Services Index Dec 2026 Fund - Direct - IDCW;INF174KA1UY0;INF174KA1UZ7;10.4793;;;25-Aug-2025
153311;Kotak CRISIL - IBX AAA Bond Financial Services Index Dec 2026 Fund - Regular - Growth;INF174KA1VA8;;10.4684;;;25-Aug-2025
153310;Kotak CRISIL - IBX AAA Bond Financial Services Index Dec 2026 Fund - Regular - IDCW;INF174KA1VB6;INF174KA1VC4;10.4684;;;25-Aug-2025
152869;Kotak CRISIL -IBX AAA Financial Services Index Sep-2027 Fund-DIRECT PLAN-GROWTH Option;INF174KA1TF1;;10.8832;;;25-Aug-2025
152868;Kotak CRISIL -IBX AAA Financial Services Index Sep-2027 Fund-DIRECT PLAN-IDCW;INF174KA1SU2;INF174KA1SV0;10.8817;;;25-Aug-2025
152866;Kotak CRISIL -IBX AAA Financial Services Index Sep-2027 Fund-REGULAR PLAN-GROWTH;INF174KA1SW8;;10.8614;;;25-Aug-2025
152867;Kotak CRISIL-IBX AAA Financial Services Index Sep-2027 Fund-REGULAR PLAN-IDCW;INF174KA1SX6;INF174KA1SY4;10.8614;;;25-Aug-2025
153372;Kotak CRISIL-IBX Financial Services 3-6 Months Debt Index Fund-Direct-Growth;INF174KA1VK7;;10.361;;;25-Aug-2025
153373;Kotak CRISIL-IBX Financial Services 3-6 Months Debt Index Fund-Direct-IDCW;INF174KA1VL5;INF174KA1VM3;10.3613;;;25-Aug-2025
153375;Kotak CRISIL-IBX Financial Services 3-6 Months Debt Index Fund-Regular-Growth;INF174KA1VN1;;10.3497;;;25-Aug-2025
153374;Kotak CRISIL-IBX Financial Services 3-6 Months Debt Index Fund-Regular-IDCW;INF174KA1VO9;INF174KA1VP6;10.3497;;;25-Aug-2025
153146;Kotak Nifty 100 Equal Weight Index Fund - Direct Plan - Growth;INF174KA1TY2;;10.482;;;25-Aug-2025
153143;Kotak Nifty 100 Equal Weight index Fund - Direct Plan - IDCW Option;INF174KA1TZ9;INF174KA1UA0;10.481;;;25-Aug-2025
153145;Kotak Nifty 100 Equal Weight Index Fund - Regular Plan - Growth;INF174KA1UB8;;10.447;;;25-Aug-2025
153144;Kotak Nifty 100 Equal Weight Index Fund - Regular Plan - IDCW Option;INF174KA1UC6;INF174KA1UD4;10.447;;;25-Aug-2025
152663;Kotak NIFTY 100 Low Volatility 30 Index Fund - Direct plan - Growth option;INF174KA1RZ3;;10.9993;;;25-Aug-2025
152665;Kotak NIFTY 100 Low Volatility 30 Index Fund - Direct plan - IDCW option;INF174KA1SA4;INF174KA1SB2;10.9994;;;25-Aug-2025
152664;Kotak NIFTY 100 Low Volatility 30 Index Fund - Regular plan - Growth option;INF174KA1RW0;;10.9156;;;25-Aug-2025
152666;Kotak NIFTY 100 Low Volatility 30 Index Fund - Regular plan - IDCW option;INF174KA1RX8;INF174KA1RY6;10.9156;;;25-Aug-2025
151781;Kotak Nifty 200 Momentum 30 Index Fund - Direct Plan - Growth Option;INF174KA1OB1;;14.626;;;25-Aug-2025
151782;Kotak Nifty 200 Momentum 30 Index Fund - Direct Plan - IDCW Payout;INF174KA1OC9;INF174KA1OD7;14.626;;;25-Aug-2025
151783;Kotak Nifty 200 Momentum 30 Index Fund - Regular Plan - Growth Option;INF174KA1NY5;;14.469;;;25-Aug-2025
151780;Kotak Nifty 200 Momentum 30 Index Fund - Regular Plan - IDCW Payout;INF174KA1NZ2;INF174KA1OA3;14.469;;;25-Aug-2025
153660;KOTAK NIFTY 200 QUALITY 30 INDEX FUND - DIRECT PLAN - GROWTH;INF174KA1WN9;;9.954;;;25-Aug-2025
153658;KOTAK NIFTY 200 QUALITY 30 INDEX FUND - DIRECT PLAN - IDCW - PAYOUT AND REINVESTMENT;INF174KA1WO7;INF174KA1WP4;9.954;;;25-Aug-2025
153659;KOTAK NIFTY 200 QUALITY 30 INDEX FUND - REGULAR PLAN - GROWTH;INF174KA1WQ2;;9.95;;;25-Aug-2025
153661;KOTAK NIFTY 200 QUALITY 30 INDEX FUND - REGULAR PLAN - IDCW - PAYOUT AND REINVESTMENT;INF174KA1WR0;INF174KA1WS8;9.95;;;25-Aug-2025
153150;Kotak Nifty 50 Equal Weight Index Fund - Direct Plan - Growth;INF174KA1UE2;;10.775;;;25-Aug-2025
153147;Kotak Nifty 50 Equal Weight Index Fund - Direct Plan - IDCW Option;INF174KA1UF9;INF174KA1UG7;10.775;;;25-Aug-2025
153148;Kotak Nifty 50 Equal Weight Index Fund - Regular Plan - Growth;INF174KA1UH5;;10.739;;;25-Aug-2025
153149;Kotak Nifty 50 Equal Weight Index Fund - Regular Plan - IDCW Option;INF174KA1UI3;INF174KA1UJ1;10.739;;;25-Aug-2025
148978;Kotak Nifty 50 Index Fund - Direct Plan-Growth;INF174KA1HA7;;16.444;;;25-Aug-2025
148976;Kotak Nifty 50 Index Fund - Direct Plan-IDCW Payout;INF174KA1HB5;INF174KA1HC3;16.44;;;25-Aug-2025
148974;Kotak Nifty 50 Index Fund - Regular Plan-Growth;INF174KA1GX1;;16.227;;;25-Aug-2025
148979;Kotak Nifty 50 Index Fund - Regular Plan-IDCW Payout;INF174KA1GY9;INF174KA1GZ6;16.227;;;25-Aug-2025
153680;Kotak Nifty AAA Bond Financial Services Mar 2028 Index Fund - Direct Plan - Growth;INF174KA1WY6;;10.0618;;;25-Aug-2025
153681;Kotak Nifty AAA Bond Financial Services Mar 2028 Index Fund - Direct Plan - IDCW - Payout & Reinvestment;INF174KA1WZ3;INF174KA1WU4;10.0617;;;25-Aug-2025
153683;Kotak Nifty AAA Bond Financial Services Mar 2028 Index Fund - Regular Plan - Growth;INF174KA1WV2;;10.059;;;25-Aug-2025
153682;Kotak Nifty AAA Bond Financial Services Mar 2028 Index Fund - Regular Plan - IDCW - Payout & Reinvestment;INF174KA1WW0;INF174KA1WX8;10.059;;;25-Aug-2025
153781;Kotak Nifty Alpha 50 Index Fund - Direct Plan - Growth;INF174KA1XG1;;10.003;;;25-Aug-2025
153782;Kotak Nifty Alpha 50 Index Fund - Direct Plan - IDCW - Payout & Reinvestment;INF174KA1XH9;INF174KA1XI7;10.003;;;25-Aug-2025
153784;Kotak Nifty Alpha 50 Index Fund - Regular Plan - Growth;INF174KA1XJ5;;10.002;;;25-Aug-2025
153783;Kotak Nifty Alpha 50 Index Fund - Regular Plan - IDCW - Payout & Reinvestment;INF174KA1XK3;INF174KA1XL1;10.002;;;25-Aug-2025
153353;Kotak Nifty Commodities Index Fund-Direct Growth;INF174KA1VE0;;10.992;;;25-Aug-2025
153354;KOTAK NIFTY COMMODITIES INDEX FUND-DIRECT-IDCW-PAYOUT & REINVESTMENT;INF174KA1VF7;INF174KA1VG5;10.992;;;25-Aug-2025
153351;KOTAK NIFTY COMMODITIES INDEX FUND-REGULAR GROWTH;INF174KA1VH3;;10.979;;;25-Aug-2025
153352;KOTAK NIFTY COMMODITIES INDEX FUND-REGULAR-IDCW-PAYOUT & REINVESTMENT;INF174KA1VI1;INF174KA1VJ9;10.979;;;25-Aug-2025
151911;Kotak Nifty Financial Services Ex-Bank Index Fund - Direct Plan - Growth option;INF174KA1OR7;;15.406;;;25-Aug-2025
151912;Kotak Nifty Financial Services Ex-Bank Index Fund - Direct Plan - IDCW option;INF174KA1OS5;INF174KA1OT3;15.406;;;25-Aug-2025
151909;Kotak Nifty Financial Services Ex-Bank Index Fund - Regular Plan - Growth option;INF174KA1OO4;;15.233;;;25-Aug-2025
151910;Kotak Nifty Financial Services Ex-Bank Index Fund - Regular Plan - IDCW option;INF174KA1OP1;INF174KA1OQ9;15.233;;;25-Aug-2025
152098;Kotak Nifty G-Sec July 2033 Index Fund - Direct Plan - Growth;INF174KA1PJ1;;11.8064;;;25-Aug-2025
152099;Kotak Nifty G-Sec July 2033 Index Fund - Direct Plan - IDCW Payout;INF174KA1PK9;INF174KA1PL7;11.8065;;;25-Aug-2025
152100;Kotak Nifty G-Sec July 2033 Index Fund - Regular Plan - Growth;INF174KA1PG7;;11.7514;;;25-Aug-2025
152101;Kotak Nifty G-Sec July 2033 Index Fund - Regular Plan - IDCW Payout;INF174KA1PH5;INF174KA1PI3;11.7513;;;25-Aug-2025
152873;Kotak Nifty India Tourism Index Fund-Direct Plan-IDCW Option;INF174K1TA2;INF174KA1TB0;10.148;;;25-Aug-2025
152870;Kotak Nifty India Tourism Index Fund-Direct-Growth Option;INF174KA1SZ1;;10.148;;;25-Aug-2025
152872;Kotak Nifty India Tourism Index Fund-Regular plan-Growth;INF174KA1TC8;;10.089;;;25-Aug-2025
152871;Kotak Nifty India Tourism Index Fund-Regular Plan-IDCW Option;INF174KA1TD6;INF174KA1TE4;10.089;;;25-Aug-2025
153401;KOTAK NIFTY MIDCAP 150 INDEX FUND-DIRECT PLAN-GROWTH;INF174KA1VQ4;;11.009;;;25-Aug-2025
153402;KOTAK NIFTY MIDCAP 150 INDEX FUND-DIRECT PLAN-IDCW-PAYOUT AND REINVESTMENT;INF174KA1VR2;INF174KA1VS0;11.009;;;25-Aug-2025
153399;KOTAK NIFTY MIDCAP 150 INDEX FUND-REGULAR PLAN-GROWTH;INF174KA1VT8;;10.986;;;25-Aug-2025
153400;KOTAK NIFTY MIDCAP 150 INDEX FUND-REGULAR PLAN-IDCW PAYOUT AND REINVESTMENT;INF174KA1VU6;INF174KA1VV4;10.986;;;25-Aug-2025
152916;Kotak Nifty Midcap 150 Momentum 50 Index Fund-Direct Plan-Growth;INF174KA1TM7;;9.304;;;25-Aug-2025
152917;Kotak Nifty Midcap 150 Momentum 50 Index Fund-Direct Plan-IDCW option;INF174KA1TN5;INF174KA1TO3;9.304;;;25-Aug-2025
152918;Kotak Nifty Midcap 150 Momentum 50 Index Fund-Regular Plan-Growth;INF174KA1TP0;;9.251;;;25-Aug-2025
152919;Kotak Nifty Midcap 150 Momentum 50 Index Fund-Regular plan-IDCW option;INF174KA1TQ8;INF174KA1TR6;9.251;;;25-Aug-2025
152767;KOTAK NIFTY MIDCAP 50 INDEX FUND-DIRECT PLAN- GROWTH;INF174KA1SR8;;10.042;;;25-Aug-2025
152768;KOTAK NIFTY MIDCAP 50 INDEX FUND-DIRECT PLAN-IDCW PAYOUT AND REINVESTMENT;INF174KA1SS6;INF174KA1ST4;10.042;;;25-Aug-2025
152765;KOTAK NIFTY MIDCAP 50 INDEX FUND-REGULAR PLAN-GROWTH;INF174KA1SO5;;9.98;;;25-Aug-2025
152766;KOTAK NIFTY MIDCAP 50 INDEX FUND-REGULAR PLAN-IDCW PAYOUT AND REINVESTMENT;INF174KA1SP2;INF174KA1SQ0;9.979;;;25-Aug-2025
148745;Kotak Nifty Next 50 Index Fund - Direct Plan - Growth Option;INF174KA1GA9;;19.7453;;;25-Aug-2025
148746;Kotak Nifty Next 50 Index Fund - Direct Plan -Payout of Income Distribution cum capital withdrawal option;INF174KA1FZ8;INF174KA1GB7;19.745;;;25-Aug-2025
148743;Kotak Nifty Next 50 Index Fund - Regular Plan - Growth Option;INF174KA1FX3;;19.2992;;;25-Aug-2025
148744;Kotak Nifty Next 50 Index Fund - Regular Plan - Payout of Income Distribution cum capital withdrawal option;INF174KA1FW5;INF174KA1FY1;19.2997;;;25-Aug-2025
149855;Kotak Nifty SDL Apr  2027 Top 12 Equal Weight Index Fund-Direct Plan-Growth;INF174KA1IL2;;12.4556;;;25-Aug-2025
149852;Kotak Nifty SDL Apr  2027 Top 12 Equal Weight Index Fund-Regular Plan- Growth;INF174KA1II8;;12.3877;;;25-Aug-2025
149853;Kotak Nifty SDL Apr  2027 Top 12 Equal Weight Index Fund-Regular Plan-IDCW Option;INF174KA1IJ6;INF174KA1IK4;12.3879;;;25-Aug-2025
149854;Kotak Nifty SDL Apr 2027 Top 12 Equal Weight Index Fund-Direct Plan-IDCW Option;INF174KA1IM0;INF174KA1IN8;12.455;;;25-Aug-2025
149865;Kotak Nifty SDL Apr 2032 Top 12 Equal Weight Index Fund-Direct Plan- Growth;INF174KA1IR9;;12.8387;;;25-Aug-2025
149864;Kotak Nifty SDL Apr 2032 Top 12 Equal Weight Index Fund-Direct Plan-IDCW Option;INF174KA1IS7;INF174KA1IT5;12.8373;;;25-Aug-2025
149862;Kotak Nifty SDL Apr 2032 Top 12 Equal Weight Index Fund-Regular Plan-Growth;INF174KA1IO6;;12.7614;;;25-Aug-2025
149866;Kotak Nifty SDL Apr 2032 Top 12 Equal Weight Index Fund-Regular Plan-IDCW Option;INF174KA1IP3;INF174KA1IQ1;12.7653;;;25-Aug-2025
151218;Kotak Nifty SDL Jul 2026 Index Fund Direct Plan Growth;INF174KA1LC5;;12.1676;;;25-Aug-2025
151219;Kotak Nifty SDL Jul 2026 Index Fund Direct Plan IDCW;INF174KA1LD3;INF174KA1LE1;11.7413;;;25-Aug-2025
151216;Kotak Nifty SDL Jul 2026 Index Fund Regular Plan Growth;INF174KA1KZ8;;12.0999;;;25-Aug-2025
151217;Kotak Nifty SDL Jul 2026 Index Fund Regular Plan IDCW;INF174KA1LA9;INF174KA1LB7;12.1001;;;25-Aug-2025
151420;Kotak Nifty SDL Jul 2033 Index Fund Direct Plan Growth Option;INF174KA1MJ8;;12.3828;;;25-Aug-2025
151418;Kotak Nifty SDL Jul 2033 Index Fund Direct Plan IDCW;INF174KA1MK6;INF174KA1ML4;12.0188;;;25-Aug-2025
151417;Kotak Nifty SDL Jul 2033 Index Fund Regular Plan Growth Option;INF174KA1MG4;;12.3079;;;25-Aug-2025
151419;Kotak Nifty SDL Jul 2033 Index Fund Regular Plan IDCW;INF174KA1MH2;INF174KA1MI0;12.3078;;;25-Aug-2025
150725;Kotak Nifty SDL Plus AAA PSU Bond Jul 2028 60:40 Index Fund Direct Plan - Growth;INF174KA1JT3;;12.5349;;;25-Aug-2025
150726;Kotak Nifty SDL Plus AAA PSU Bond Jul 2028 60:40 Index Fund Direct Plan - IDCW;INF174KA1JU1;INF174KA1JV9;12.535;;;25-Aug-2025
150723;Kotak Nifty SDL Plus AAA PSU Bond Jul 2028 60:40 Index Fund Regular Plan - Growth;INF174KA1JQ9;;12.4651;;;25-Aug-2025
150724;Kotak Nifty SDL Plus AAA PSU Bond Jul 2028 60:40 Index Fund Regular Plan - IDCW;INF174KA1JR7;INF174KA1JS5;12.4612;;;25-Aug-2025
153220;Kotak Nifty SmallCap 250 Index Fund - Direct - IDCW;INF174KA1UL7;INF174KA1UM5;11.077;;;25-Aug-2025
153223;Kotak Nifty SmallCap 250 Index Fund- Direct - Growth;INF174KA1UK9;;11.077;;;25-Aug-2025
153221;Kotak Nifty SmallCap 250 Index Fund- Regular - Growth;INF174KA1UN3;;11.046;;;25-Aug-2025
153222;Kotak Nifty SmallCap 250 Index Fund- Regular - IDCW;INF174KA1UO1;INF174KA1UP8;11.046;;;25-Aug-2025
151649;Kotak Nifty Smallcap 50 Index Fund - Direct Plan - Growth;INF174KA1NB3;;20.163;;;25-Aug-2025
151650;Kotak Nifty Smallcap 50 Index Fund - Direct Plan - IDCW;INF174KA1NC1;INF174KA1ND9;20.174;;;25-Aug-2025
151647;Kotak Nifty Smallcap 50 Index Fund - Regular Plan - Growth;INF174KA1MY7;;19.859;;;25-Aug-2025
151648;Kotak Nifty Smallcap 50 Index Fund - Regular Plan - IDCW;INF174KA1MZ4;INF174KA1NA5;19.859;;;25-Aug-2025
153461;Kotak Nifty Top 10 Equal Weight Index Fund-Direct Plan-Growth;INF174KA1WD0;;9.929;;;25-Aug-2025
153462;Kotak Nifty Top 10 Equal Weight Index Fund-Direct Plan-IDCW-Payout and Reinvestment;INF174KA1WE8;INF174KA1WF5;9.929;;;25-Aug-2025
153463;Kotak Nifty Top 10 Equal Weight Index Fund-Regular Plan-Growth;INF174KA1WG3;;9.907;;;25-Aug-2025
153464;Kotak Nifty Top 10 Equal Weight Index Fund-Regular Plan-IDCW Payout and Reinvestment;INF174KA1WH1;INF174KA1WI9;9.906;;;25-Aug-2025

LIC Mutual Fund
120308;LIC MF BSE Sensex Index Fund-Direct Plan-Growth;INF767K01FJ4;;164.0937;;;25-Aug-2025
120312;LIC MF BSE Sensex Index Fund-Direct Plan-IDCW;INF767K01FI6;INF767K01FK2;55.0149;;;25-Aug-2025
101199;LIC MF BSE Sensex Index Fund-Regular Plan-Growth;INF767K01139;;152.8702;;;25-Aug-2025
101198;LIC MF BSE Sensex Index Fund-Regular Plan-IDCW;INF767K01121;INF767K01113;52.3973;;;25-Aug-2025
120307;LIC MF Nifty 50 Index Fund-Direct Plan-Growth;INF767K01FF2;;149.0003;;;25-Aug-2025
120309;LIC MF Nifty 50 Index Fund-Direct Plan-IDCW;INF767K01FG0;INF767K01FH8;54.903;;;25-Aug-2025
101201;LIC MF Nifty 50 Index Fund-Regular Plan-Growth;INF767K01162;;138.1264;;;25-Aug-2025
101200;LIC MF Nifty 50 Index Fund-Regular Plan-IDCW;INF767K01154;INF767K01147;50.9545;;;25-Aug-2025
151937;LIC MF Nifty Next 50 Index Fund-Direct Plan-Growth;INF397L01AW2;;55.1922;;;25-Aug-2025
151938;LIC MF Nifty Next 50 Index Fund-Direct Plan-IDCW;INF397L01AY8;INF397L01AX0;55.1921;;;25-Aug-2025
151935;LIC MF Nifty Next 50 Index Fund-Regular Plan-Growth;INF397L01174;;50.2824;;;25-Aug-2025
151936;LIC MF Nifty Next 50 Index Fund-Regular Plan-IDCW;INF397L01166;INF397L01182;50.2825;;;25-Aug-2025

Mirae Asset Mutual Fund
150792;Mirae Asset CRISIL IBX Gilt Index - April 2033 Index Fund - Direct Plan - Growth;INF769K01IX5;;12.7743;;;25-Aug-2025
150789;Mirae Asset CRISIL IBX Gilt Index - April 2033 Index Fund - Direct Plan - IDCW;INF769K01IW7;INF769K01IY3;12.7711;;;25-Aug-2025
150790;Mirae Asset CRISIL IBX Gilt Index - April 2033 Index Fund - Regular Plan - Growth;INF769K01IU1;;12.6695;;;25-Aug-2025
150791;Mirae Asset CRISIL IBX Gilt Index - April 2033 Index Fund - Regular Plan - IDCW;INF769K01IT3;INF769K01IV9;12.6704;;;25-Aug-2025
153634;Mirae Asset CRISIL-IBX Financial Services 9-12 Months Debt Index Fund - Direct Plan - Growth;INF769K01OS3;;10.1128;;;25-Aug-2025
153635;Mirae Asset CRISIL-IBX Financial Services 9-12 Months Debt Index Fund - Direct Plan - IDCW;INF769K01OU9;INF769K01OT1;10.1126;;;25-Aug-2025
153636;Mirae Asset CRISIL-IBX Financial Services 9-12 Months Debt Index Fund - Regular Plan - Growth;INF769K01OP9;;10.1094;;;25-Aug-2025
153637;Mirae Asset CRISIL-IBX Financial Services 9-12 Months Debt Index Fund - Regular Plan - IDCW;INF769K01OR5;INF769K01OQ7;10.1096;;;25-Aug-2025
152972;Mirae Asset Nifty 50 Index Fund - Direct Plan - Growth;INF769K01MQ1;;10.3330;;;25-Aug-2025
152973;Mirae Asset Nifty 50 Index Fund - Direct Plan - IDCW;INF769K01MN8;INF769K01MM0;10.3332;;;25-Aug-2025
152974;Mirae Asset Nifty 50 Index Fund - Regular Plan - Growth;INF769K01MO6;;10.2781;;;25-Aug-2025
152975;Mirae Asset Nifty 50 Index Fund - Regular Plan - IDCW;INF769K01MP3;INF769K01MR9;10.2775;;;25-Aug-2025
150788;Mirae Asset Nifty AAA PSU Bond Plus SDL Apr 2026 50:50 Index Fund - Direct Plan - Growth;INF769K01JD5;;12.3089;;;25-Aug-2025
150787;Mirae Asset Nifty AAA PSU Bond Plus SDL Apr 2026 50:50 Index Fund - Direct Plan - IDCW;INF769K01JC7;INF769K01JE3;12.3089;;;25-Aug-2025
150786;Mirae Asset Nifty AAA PSU Bond Plus SDL Apr 2026 50:50 Index Fund - Regular Plan - Growth;INF769K01JA1;;12.2342;;;25-Aug-2025
150785;Mirae Asset Nifty AAA PSU Bond Plus SDL Apr 2026 50:50 Index Fund - Regular Plan - IDCW;INF769K01IZ0;INF769K01JB9;12.2343;;;25-Aug-2025
152976;Mirae Asset Nifty LargeMidcap 250 Index Fund - Direct Plan - Growth;INF769K01MJ6;;10.2479;;;25-Aug-2025
152977;Mirae Asset Nifty LargeMidcap 250 Index Fund - Direct Plan - IDCW;INF769K01ML2;INF769K01MK4;10.2487;;;25-Aug-2025
152978;Mirae Asset Nifty LargeMidcap 250 Index Fund - Regular Plan - Growth;INF769K01MG2;;10.1906;;;25-Aug-2025
152979;Mirae Asset Nifty LargeMidcap 250 Index Fund - Regular Plan - IDCW;INF769K01MI8;INF769K01MH0;10.1901;;;25-Aug-2025
150359;Mirae Asset Nifty SDL Jun 2027 Index Fund - Direct Plan - IDCW;INF769K01IG0;INF769K01II6;12.4654;;;25-Aug-2025
150360;Mirae Asset Nifty SDL Jun 2027 Index Fund - Regular Plan - Growth;INF769K01IE5;;12.3966;;;25-Aug-2025
150361;Mirae Asset Nifty SDL Jun 2027 Index Fund - Regular Plan - IDCW;INF769K01ID7;INF769K01IF2;12.3972;;;25-Aug-2025
150358;Mirae Asset Nifty SDL Jun 2027 Index Fund -Direct Plan - Growth;INF769K01IH8;;12.4649;;;25-Aug-2025
151691;Mirae Asset Nifty SDL June 2028 Index Fund - Direct Plan - Growth;INF769K01JZ8;;12.1225;;;25-Aug-2025
151692;Mirae Asset Nifty SDL June 2028 Index Fund - Direct Plan - IDCW;INF769K01JY1;INF769K01KA9;12.1225;;;25-Aug-2025
151693;Mirae Asset Nifty SDL June 2028 Index Fund - Regular Plan - IDCW;INF769K01JV7;INF769K01JX3;12.0150;;;25-Aug-2025
151694;Mirae Asset Nifty SDL June 2028 Index Fund -Regular Plan - Growth;INF769K01JW5;;12.0147;;;25-Aug-2025
152968;Mirae Asset Nifty Total Market Index Fund - Direct Plan - Growth;INF769K01MD9;;10.2539;;;25-Aug-2025
152969;Mirae Asset Nifty Total Market Index Fund - Direct Plan - IDCW;INF769K01ME7;INF769K01MF4;10.2537;;;25-Aug-2025
152970;Mirae Asset Nifty Total Market Index Fund - Regular Plan - Growth;INF769K01MA5;;10.1938;;;25-Aug-2025
152971;Mirae Asset Nifty Total Market Index Fund - Regular Plan - IDCW;INF769K01MB3;INF769K01MC1;10.1934;;;25-Aug-2025

Motilal Oswal Mutual Fund
153596;Motilal Oswal BSE 1000 Index Fund - Direct Plan - Growth;INF247L01FM9;;9.9312;;;25-Aug-2025
153597;Motilal Oswal BSE 1000 Index Fund - Regular Plan - Growth;INF247L01FN7;;9.9186;;;25-Aug-2025
150518;Motilal Oswal BSE Enhanced Value Index Fund-Direct plan;INF247L01BF2;;24.6426;;;25-Aug-2025
150519;Motilal Oswal BSE Enhanced Value Index Fund-Regular plan;INF247L01BG0;;24.1459;;;25-Aug-2025
150443;Motilal Oswal BSE Financials ex Bank 30 Index Fund Direct Growth;INF247L01BC9;;17.2007;;;25-Aug-2025
150444;Motilal Oswal BSE Financials ex Bank 30 Index Fund Regular Growth;INF247L01BD7;;16.8343;;;25-Aug-2025
149919;Motilal Oswal BSE Low Volatility Index Fund-Direct plan;INF247L01AY5;;16.7837;;;25-Aug-2025
149920;Motilal Oswal BSE Low Volatility Index Fund-Regular plan;INF247L01AZ2;;16.4178;;;25-Aug-2025
150521;Motilal Oswal BSE Quality Index Fund-Direct plan;INF247L01BI6;;16.8980;;;25-Aug-2025
150522;Motilal Oswal BSE Quality Index Fund-Regular plan;INF247L01BJ4;;16.5501;;;25-Aug-2025
149800;Motilal Oswal Nifty 200 Momentum 30 Index Fund-Direct Plan;INF247L01AV1;;15.3270;;;25-Aug-2025
149799;Motilal Oswal Nifty 200 Momentum 30 Index Fund-Regular Plan;INF247L01AW9;;14.9665;;;25-Aug-2025
147794;Motilal Oswal Nifty 50 Index Fund - Direct plan - Growth;INF247L01AE7;;21.5956;;;25-Aug-2025
147795;Motilal Oswal Nifty 50 Index Fund - Regular plan - Growth;INF247L01AF4;;21.0996;;;25-Aug-2025
147625;Motilal Oswal Nifty 500 Index Fund - Direct Plan;INF247L01957;;26.7406;;;25-Aug-2025
147626;Motilal Oswal Nifty 500 Index Fund - Regular Plan;INF247L01940;;25.6953;;;25-Aug-2025
152875;Motilal Oswal Nifty 500 Momentum 50 Index Fund-Direct Plan-Growth;INF247L01DL6;;8.1135;;;25-Aug-2025
152876;Motilal Oswal Nifty 500 Momentum 50 Index Fund-Regular Plan-Growth;INF247L01DM4;;8.0612;;;25-Aug-2025
147619;Motilal Oswal Nifty Bank Index - Regular Plan;INF247L01882;;19.6151;;;25-Aug-2025
147620;Motilal Oswal Nifty Bank Index Fund - Direct Plan;INF247L01890;;20.4596;;;25-Aug-2025
153138;Motilal Oswal Nifty Capital Market Index Fund - Direct Plan - Growth;INF247L01EB5;;10.4479;;;25-Aug-2025
153137;Motilal Oswal Nifty Capital Market Index Fund - Regular Plan - Growth;INF247L01EC3;;10.3988;;;25-Aug-2025
152712;Motilal Oswal Nifty India Defence Index Fund Direct Plan Growth;INF247L01CW5;;10.0862;;;25-Aug-2025
152711;Motilal Oswal Nifty India Defence Index Fund Regular Plan Growth;INF247L01CV7;;9.9993;;;25-Aug-2025
151814;Motilal Oswal Nifty Microcap 250 Index Fund- Direct- Growth Option;INF247L01BQ9;;17.3536;;;25-Aug-2025
151815;Motilal Oswal Nifty Microcap 250 Index Fund- Regular- Growth Option;INF247L01BR7;;17.1119;;;25-Aug-2025
147622;Motilal Oswal Nifty Midcap 150 Index Fund - Direct Plan;INF247L01916;;38.7470;;;25-Aug-2025
147621;Motilal Oswal Nifty Midcap 150 Index Fund - Regular Plan;INF247L01908;;37.1028;;;25-Aug-2025
153027;Motilal Oswal Nifty MidSmall Financial Services Index Fund - Direct Plan- Growth;INF247L01DW3;;12.0805;;;25-Aug-2025
153026;Motilal Oswal Nifty MidSmall Financial Services Index Fund-Regular Plan-Growth;INF247L01DX1;;12.0355;;;25-Aug-2025
153023;Motilal Oswal Nifty MidSmall Healthcare Index Fund- Direct Plan-Growth;INF247L01EA7;;10.8046;;;25-Aug-2025
153022;Motilal Oswal Nifty MidSmall Healthcare Index Fund-Regular Plan-Growth;INF247L01DT9;;10.7654;;;25-Aug-2025
153025;Motilal Oswal Nifty MidSmall India Consumption Index Fund - Direct Plan- Growth;INF247L01DU7;;10.3959;;;25-Aug-2025
153024;Motilal Oswal Nifty MidSmall India Consumption Index Fund-Regular Plan-Growth;INF247L01DV5;;10.3572;;;25-Aug-2025
153029;Motilal Oswal Nifty MidSmall IT and Telecom Index Fund - Direct Plan- Growth;INF247L01DY9;;9.4065;;;25-Aug-2025
153028;Motilal Oswal Nifty MidSmall IT and Telecom Index Fund-Regular Plan-Growth;INF247L01DZ6;;9.3707;;;25-Aug-2025
147796;Motilal Oswal Nifty Next 50 Index Fund - Direct plan - Growth;INF247L01AC1;;24.2327;;;25-Aug-2025
147797;Motilal Oswal Nifty Next 50 Index Fund - Regular plan - Growth;INF247L01AD9;;23.3153;;;25-Aug-2025
147624;Motilal Oswal Nifty Smallcap 250 Index - Regular Plan;INF247L01924;;36.6356;;;25-Aug-2025
147623;Motilal Oswal Nifty Smallcap 250 Index Fund- Direct Plan;INF247L01932;;38.1781;;;25-Aug-2025

Navi Mutual Fund
152062;NAVI BSE SENSEX INDEX FUND - DIRECT PLAN - GROWTH;INF959L01HK9;;12.6288;;;25-Aug-2025
152061;NAVI BSE SENSEX INDEX FUND - REGULAR PLAN - GROWTH;INF959L01HJ1;;12.4469;;;25-Aug-2025
149039;Navi Nifty 50 Index Fund-Direct Plan-Growth;INF959L01FP2;;16.336;;;25-Aug-2025
149040;Navi Nifty 50 Index Fund-Regular Plan-Growth;INF959L01FQ0;;16.1997;;;25-Aug-2025
152751;NAVI NIFTY 500 MULTICAP 50-25-25 DIRECT PLAN;INF959L01HO1;;9.9032;;;25-Aug-2025
152750;NAVI NIFTY 500 MULTICAP 50-25-25 REGULAR PLAN;INF959L01HN3;;9.8275;;;25-Aug-2025
149804;Navi Nifty Bank Index Fund- Direct Plan- Growth;INF959L01FT4;;14.5076;;;25-Aug-2025
149805;Navi Nifty Bank Index Fund- Regular Plan- Growth;INF959L01FU2;;14.1426;;;25-Aug-2025
150515;Navi Nifty India Manufacturing Index Fund- Direct Plan- Growth;INF959L01GD6;;17.6569;;;25-Aug-2025
150516;Navi Nifty India Manufacturing Index Fund- Regular Plan- Growth;INF959L01GE4;;17.2302;;;25-Aug-2025
149892;Navi Nifty Midcap 150 Index Fund Direct Plan- Growth;INF959L01FX6;;20.2775;;;25-Aug-2025
149893;Navi Nifty Midcap 150 Index Fund Regular Plan- Growth;INF959L01FY4;;19.6779;;;25-Aug-2025
149447;Navi Nifty Next 50 Index Fund- Direct Plan- Growth;INF959L01FR8;;16.0731;;;25-Aug-2025
149448;Navi Nifty Next 50 Index Fund- Regular Plan- Growth;INF959L01FS6;;15.7842;;;25-Aug-2025
153362;Navi Nifty Smallcap 250 Momentum quality index fund- Direct Plan;INF959L01HQ6;;11.487;;;25-Aug-2025
153363;Navi Nifty Smallcap 250 Momentum quality index fund- Regular Plan;INF959L01HP8;;11.4519;;;25-Aug-2025
152535;Navi NiftyIT Index Fund - Direct Plan- Growth;INF959L01HM5;;10.6494;;;25-Aug-2025
152536;Navi NiftyIT Index Fund - Regular Plan -Growth;INF959L01HL7;;10.5354;;;25-Aug-2025

Nippon India Mutual Fund
153565;Nippon India BSE Sensex Next 30 Index -Direct Plan - IDCW Payout;INF204KC1FE5;INF204KC1FF2;10.0693;;;25-Aug-2025
153566;Nippon India BSE Sensex Next 30 Index Fund - Regular Plan-Growth Option;INF204KC1FA3;;10.0622;;;25-Aug-2025
153568;Nippon India BSE Sensex Next 30 Index Fund -Regular Plan- IDCW Payout;INF204KC1FB1;INF204KC1FC9;10.0622;;;25-Aug-2025
153567;Nippon India BSE Sensex Next 30 Index Fund- Direct Plan- Growth Option;INF204KC1FD7;;10.0693;;;25-Aug-2025
152992;Nippon India CRISIL - IBX AAA Financial Services - Dec 2026 Index Fund - Direct Plan - Growth Option;INF204KC1DM3;;10.7265;;;25-Aug-2025
152993;Nippon India CRISIL - IBX AAA Financial Services - Dec 2026 Index Fund - Direct Plan - IDCW Option;INF204KC1DN1;INF204KC1DO9;10.7265;;;25-Aug-2025
152994;Nippon India CRISIL - IBX AAA Financial Services - Dec 2026 Index Fund - Regular Plan - Growth Option;INF204KC1DJ9;;10.7078;;;25-Aug-2025
152995;Nippon India CRISIL - IBX AAA Financial Services - Dec 2026 Index Fund - Regular Plan - IDCW Option;INF204KC1DK7;INF204KC1DL5;10.7078;;;25-Aug-2025
152996;Nippon India CRISIL - IBX AAA Financial Services - Jan 2028 Index Fund - Direct Plan - Growth Option;INF204KC1DS0;;10.7669;;;25-Aug-2025
152997;Nippon India CRISIL - IBX AAA Financial Services - Jan 2028 Index Fund - Direct Plan - IDCW Option;INF204KC1DT8;INF204KC1DU6;10.7669;;;25-Aug-2025
152998;Nippon India CRISIL - IBX AAA Financial Services - Jan 2028 Index Fund - Regular Plan - Growth Option;INF204KC1DP6;;10.7472;;;25-Aug-2025
152999;Nippon India CRISIL - IBX AAA Financial Services - Jan 2028 Index Fund - Regular Plan - IDCW Option;INF204KC1DQ4;INF204KC1DR2;10.7472;;;25-Aug-2025
113295;NIPPON INDIA INDEX FUND - BSE SENSEX PLAN - ANNUAL - IDCW Option;INF204K01IQ7;INF204K01IT1;32.7718;;;25-Aug-2025
118786;NIPPON INDIA INDEX FUND - BSE SENSEX PLAN - DIRECT Plan - ANNUAL - IDCW Option;INF204K01K64;INF204K01K72;35.0591;;;25-Aug-2025
118788;NIPPON INDIA INDEX FUND - BSE SENSEX PLAN - DIRECT Plan - HALF YEARLY - IDCW Option;INF204K01K98;INF204K01L06;35.0137;;;25-Aug-2025
118790;NIPPON INDIA INDEX FUND - BSE SENSEX PLAN - DIRECT Plan - QUARTERLY - IDCW Option;INF204K01L14;INF204K01L22;35.0616;;;25-Aug-2025
118785;Nippon India Index Fund - BSE Sensex Plan - Direct Plan Growth Plan - Bonus Option;INF204K01K56;;44.0741;;;25-Aug-2025
118791;Nippon India Index Fund - BSE Sensex Plan - Direct Plan Growth Plan - Growth Option;INF204K01K80;;44.0741;;;25-Aug-2025
113270;Nippon India Index Fund - BSE Sensex Plan - Growth Plan - Bonus Option;INF204K01IN4;;41.5769;;;25-Aug-2025
113269;Nippon India Index Fund - BSE Sensex Plan - Growth Plan - Growth Option;INF204K01IM6;;41.5769;;;25-Aug-2025
113294;NIPPON INDIA INDEX FUND - BSE SENSEX PLAN - HALF YEARLY - IDCW Option;INF204K01IP9;INF204K01IS3;32.7829;;;25-Aug-2025
113271;NIPPON INDIA INDEX FUND - BSE SENSEX PLAN - QUARTERLY - IDCW Option;INF204K01IO2;INF204K01IR5;32.7754;;;25-Aug-2025
113300;NIPPON INDIA INDEX FUND - NIFTY 50 PLAN - ANNUAL - IDCW Option;INF204K01II4;INF204K01IL8;33.3262;;;25-Aug-2025
118743;NIPPON INDIA INDEX FUND - NIFTY 50 PLAN - DIRECT Plan - ANNUAL - IDCW Option;INF204K01H10;INF204K01H28;36.4450;;;25-Aug-2025
118745;NIPPON INDIA INDEX FUND - NIFTY 50 PLAN - DIRECT Plan - HALF YEARLY - IDCW Option;INF204K01H44;INF204K01H51;36.3925;;;25-Aug-2025
118740;NIPPON INDIA INDEX FUND - NIFTY 50 PLAN - DIRECT Plan - QUARTERLY - IDCW Option;INF204K01H69;INF204K01H77;36.3843;;;25-Aug-2025
118742;Nippon India Index Fund - Nifty 50 Plan - Direct Plan Growth Plan - Bonus Option;INF204K01H02;;45.6772;;;25-Aug-2025
118741;Nippon India Index Fund - Nifty 50 Plan - Direct Plan Growth Plan - Growth Option;INF204K01H36;;45.6772;;;25-Aug-2025
113297;Nippon India Index Fund - Nifty 50 Plan - Growth Plan - Bonus Option;INF204K01IF0;;42.3981;;;25-Aug-2025
113296;Nippon India Index Fund - Nifty 50 Plan - Growth Plan - Growth Option;INF204K01IE3;;42.3981;;;25-Aug-2025
113299;NIPPON INDIA INDEX FUND - NIFTY 50 PLAN - HALF YEARLY - IDCW Option;INF204K01IH6;INF204K01IK0;33.4369;;;25-Aug-2025
113298;NIPPON INDIA INDEX FUND - NIFTY 50 PLAN - QUARTERLY - IDCW Option;INF204K01IG8;INF204K01IJ2;33.4356;;;25-Aug-2025
148721;Nippon India Nifty 50 Value 20 Index Fund - Direct Plan - Growth Option;INF204KB12Z0;;18.8061;;;25-Aug-2025
148722;NIPPON INDIA NIFTY 50 VALUE 20 INDEX FUND - DIRECT Plan - IDCW Option;INF204KB13Z8;INF204KB14Z6;18.8061;;;25-Aug-2025
148720;NIPPON INDIA NIFTY 50 VALUE 20 INDEX FUND - IDCW Option;INF204KB10Z4;INF204KB11Z2;18.3339;;;25-Aug-2025
148719;Nippon India Nifty 50 Value 20 Index Fund - Regular Plan - Growth Option;INF204KB19Y8;;18.3339;;;25-Aug-2025
152842;Nippon India Nifty 500 Equal Weight Index Fund - Direct Plan - Growth Option;INF204KC1DA8;;9.4457;;;25-Aug-2025
152839;Nippon India Nifty 500 Equal Weight Index Fund - Direct Plan - IDCW Option;INF204KC1DB6;INF204KC1DC4;9.4457;;;25-Aug-2025
152840;Nippon India Nifty 500 Equal Weight Index Fund - Regular Plan - Growth Option;INF204KC1CX2;;9.3979;;;25-Aug-2025
152841;Nippon India Nifty 500 Equal Weight Index Fund - Regular Plan - IDCW Option;INF204KC1CY0;INF204KC1CZ7;9.3979;;;25-Aug-2025
153474;Nippon India Nifty 500 Low Volatility 50 Index Fund - Direct Plan - Growth Option;INF204KC1EQ2;;10.6383;;;25-Aug-2025
153473;Nippon India Nifty 500 Low Volatility 50 Index Fund - Direct Plan - IDCW Plan;INF204KC1ER0;INF204KC1ES8;10.6383;;;25-Aug-2025
153476;Nippon India Nifty 500 Low Volatility 50 Index Fund - Regular Pan - IDCW Option;INF204KC1EO7;INF204KC1EP4;10.6191;;;25-Aug-2025
153475;Nippon India Nifty 500 Low Volatility 50 Index Fund - Regular Plan - Growth Option;INF204KC1EN9;;10.6191;;;25-Aug-2025
152881;Nippon India Nifty 500 Momentum 50 Index Fund - Direct Plan - Growth Option;INF204KC1DG5;;8.1248;;;25-Aug-2025
152884;Nippon India Nifty 500 Momentum 50 Index Fund - Direct Plan - IDCW Option;INF204KC1DH3;INF204KC1DI1;8.1248;;;25-Aug-2025
152883;Nippon India Nifty 500 Momentum 50 Index Fund - Regular Plan - Growth Option;INF204KC1DD2;;8.0798;;;25-Aug-2025
152882;Nippon India Nifty 500 Momentum 50 Index Fund - Regular Plan - IDCW Option;INF204KC1DE0;INF204KC1DF7;8.0798;;;25-Aug-2025
153470;Nippon India Nifty 500 Quality 50 Index Fund - Direct Plan - Growth Option;INF204KC1EW0;;10.6572;;;25-Aug-2025
153471;Nippon India Nifty 500 Quality 50 Index Fund - Direct Plan - IDCW Option;INF204KC1EX8;INF204KC1EY6;10.6572;;;25-Aug-2025
153472;Nippon India Nifty 500 Quality 50 Index Fund - Regular Plan - Growth Option;INF204KC1ET6;;10.6384;;;25-Aug-2025
153469;Nippon India Nifty 500 Quality 50 Index Fund - Regular Plan - IDCW Option;INF204KC1EU4;INF204KC1EV2;10.6384;;;25-Aug-2025
150012;Nippon India Nifty AAA CPSE Bond Plus SDL - Apr 2027 Maturity 60:40 Index Fund - Direct Plan - Growth Option;INF204KC1527;;12.3628;;;25-Aug-2025
150008;Nippon India Nifty AAA CPSE Bond Plus SDL - Apr 2027 Maturity 60:40 Index Fund - Direct Plan - IDCW Option;INF204KC1535;;12.0334;;;25-Aug-2025
150011;Nippon India Nifty AAA CPSE Bond Plus SDL - Apr 2027 Maturity 60:40 Index Fund - Regular Plan - Growth Option;INF204KC1493;;12.2881;;;25-Aug-2025
150009;Nippon India Nifty AAA CPSE Bond Plus SDL - Apr 2027 Maturity 60:40 Index Fund - Regular Plan - IDCW Option;;INF204KC1519;11.9845;;;25-Aug-2025
150754;Nippon India Nifty AAA PSU Bond Plus SDL - Sep 2026 Maturity 50:50 Index Fund-Direct Plan-Growth Option;INF204KC1683;;12.3351;;;25-Aug-2025
150753;Nippon India Nifty AAA PSU Bond Plus SDL - Sep 2026 Maturity 50:50 Index Fund-Direct Plan-IDCW Option;INF204KC1691;;12.3351;;;25-Aug-2025
150752;Nippon India Nifty AAA PSU Bond Plus SDL - Sep 2026 Maturity 50:50 Index Fund-Regular Plan-Growth Option;INF204KC1659;;12.2707;;;25-Aug-2025
150755;Nippon India Nifty AAA PSU Bond Plus SDL - Sep 2026 Maturity 50:50 Index Fund-Regular Plan-IDCW Option;INF204KC1667;;12.2707;;;25-Aug-2025
150487;Nippon India Nifty Alpha Low Volatility 30 Index Fund - Direct Plan - Growth Option;INF204KC1584;;16.0151;;;25-Aug-2025
150488;Nippon India Nifty Alpha Low Volatility 30 Index Fund - Direct Plan - IDCW Option;INF204KC1592;;16.0151;;;25-Aug-2025
150490;Nippon India Nifty Alpha Low Volatility 30 Index Fund - Regular Plan - Growth Option;INF204KC1550;;15.7388;;;25-Aug-2025
150491;Nippon India Nifty Alpha Low Volatility 30 Index Fund - Regular Plan - IDCW Option;INF204KC1568;;15.7388;;;25-Aug-2025
153064;Nippon India Nifty Auto Index Fund - Direct Plan- Growth Option;INF204KC1EE8;;10.8320;;;25-Aug-2025
153067;Nippon India Nifty Auto Index Fund - Direct Plan- IDCW Option;INF204KC1EF5;INF204KC1EG3;10.8320;;;25-Aug-2025
153066;Nippon India Nifty Auto Index Fund - Regular Plan- Growth Option;INF204KC1EB4;;10.7922;;;25-Aug-2025
153065;Nippon India Nifty Auto Index Fund - Regular Plan- IDCW Option;INF204KC1EC2;INF204KC1ED0;10.7922;;;25-Aug-2025
152389;Nippon India Nifty Bank Index Fund - Direct Plan - Growth Option;INF204KC1BY2;;11.8789;;;25-Aug-2025
152386;Nippon India Nifty Bank Index Fund - Direct Plan - IDCW Option;INF204KC1BZ9;INF204KC1CA0;11.8789;;;25-Aug-2025
152387;Nippon India Nifty Bank Index Fund - Regular Plan - Growth Option;INF204KC1BV8;;11.7737;;;25-Aug-2025
152388;Nippon India Nifty Bank Index Fund - Regular Plan - IDCW Option;INF204KC1BW6;INF204KC1BX4;11.7737;;;25-Aug-2025
150920;Nippon India Nifty G-Sec Jun 2036 Maturity Index Fund-Direct Plan-Growth Option;INF204KC1AC0;;12.5245;;;25-Aug-2025
150921;Nippon India Nifty G-Sec Jun 2036 Maturity Index fund-Direct Plan-IDCW Option;INF204KC1AD8;INF204KC1AE6;12.5245;;;25-Aug-2025
150923;Nippon India Nifty G-Sec Jun 2036 Maturity Index Fund-Regular Plan-Growth Option;INF204KC1998;;12.4503;;;25-Aug-2025
150922;Nippon India Nifty G-Sec Jun 2036 Maturity Index Fund-Regular Plan-IDCW Option;INF204KC1AA4;INF204KC1AB2;12.4503;;;25-Aug-2025
151440;Nippon India Nifty G-Sec Oct 2028 Maturity Index Fund-Direct Plan-Growth Option;INF204KC1AO5;;12.2755;;;25-Aug-2025
151442;Nippon India Nifty G-Sec Oct 2028 Maturity Index Fund-Direct Plan-IDCW Option;INF204KC1AP2;;12.2755;;;25-Aug-2025
151439;Nippon India Nifty G-Sec Oct 2028 Maturity Index Fund-Regular Plan-Growth Option;INF204KC1AL1;;12.2245;;;25-Aug-2025
151441;Nippon India Nifty G-Sec Oct 2028 Maturity Index Fund-Regular Plan-IDCW Option;INF204KC1AM9;;12.2245;;;25-Aug-2025
150906;Nippon India Nifty G-Sec Sep 2027 Maturity Index Fund-Direct Plan-Growth Option;INF204KC1881;;12.2600;;;25-Aug-2025
150907;Nippon India Nifty G-Sec Sep 2027 Maturity Index Fund-Direct Plan-IDCW Option;INF204KC1899;INF204KC1907;12.2600;;;25-Aug-2025
150904;Nippon India Nifty G-Sec Sep 2027 Maturity Index Fund-Regular Plan-Growth Option;INF204KC1857;;12.1912;;;25-Aug-2025
150905;Nippon India Nifty G-Sec Sep 2027 Maturity Index Fund-Regular Plan-IDCW Option;INF204KC1865;INF204KC1873;12.1912;;;25-Aug-2025
152392;Nippon India Nifty IT Index Fund - Direct Plan - Growth Option;INF204KC1CE2;;9.7820;;;25-Aug-2025
152390;Nippon India Nifty IT Index Fund - Direct Plan - IDCW Option;INF204KC1CF9;INF204KC1CG7;9.7820;;;25-Aug-2025
152391;Nippon India Nifty IT Index Fund - Regular Plan - Growth Option;INF204KC1CB8;;9.6898;;;25-Aug-2025
152393;Nippon India Nifty IT Index Fund - Regular Plan - IDCW Option;INF204KC1CC6;INF204KC1CD4;9.6898;;;25-Aug-2025
148726;Nippon India Nifty Midcap 150 Index Fund - Direct Plan - Growth Option;INF204KB18Z7;;24.7521;;;25-Aug-2025
148725;NIPPON INDIA NIFTY MIDCAP 150 INDEX FUND - DIRECT Plan - IDCW Option;INF204KB19Z5;INF204KC1014;24.7521;;;25-Aug-2025
148724;NIPPON INDIA NIFTY MIDCAP 150 INDEX FUND - IDCW Option;INF204KB16Z1;INF204KB17Z9;24.1496;;;25-Aug-2025
148723;Nippon India Nifty Midcap 150 Index Fund - Regular Plan - Growth Option;INF204KB15Z3;;24.1496;;;25-Aug-2025
153060;Nippon India Nifty Realty Index Fund-Direct Plan- Growth Option;INF204KC1DY8;;8.4980;;;25-Aug-2025
153063;Nippon India Nifty Realty Index Fund-Direct Plan- IDCW Option;INF204KC1DZ5;INF204KC1EA6;8.4980;;;25-Aug-2025
153061;Nippon India Nifty Realty Index Fund-Regular Plan- Growth Option;INF204KC1DV4;;8.4624;;;25-Aug-2025
153062;Nippon India Nifty Realty Index Fund-Regular Plan- IDCW Option;INF204KC1DW2;INF204KC1DX0;8.4624;;;25-Aug-2025
150824;Nippon India Nifty SDL Plus G-Sec - Jun 2028 Maturity 70:30 Index Fund-Direct Plan-Growth Option;INF204KC1741;;12.4059;;;25-Aug-2025
150826;Nippon India Nifty SDL Plus G-Sec - Jun 2028 Maturity 70:30 Index Fund-Direct Plan-IDCW Option;INF204KC1758;INF204KC1766;12.4059;;;25-Aug-2025
150827;Nippon India Nifty SDL Plus G-Sec - Jun 2028 Maturity 70:30 Index Fund-Regular Plan IDCW Option;INF204KC1725;INF204KC1733;12.3376;;;25-Aug-2025
150825;Nippon India Nifty SDL Plus G-Sec - Jun 2028 Maturity 70:30 Index Fund-Regular Plan-Growth Option;INF204KC1717;;12.3376;;;25-Aug-2025
151389;Nippon India Nifty SDL Plus G-Sec - Jun 2029 Maturity 70:30 Index Fund-Regular Plan-IDCW Option;;INF204KC1AH9;12.2209;;;25-Aug-2025
151390;Nippon India Nifty SDL Plus G-Sec-Jun 2029 Maturity 70:30 Index Fund-Direct Plan-Growth Option;INF204KC1AI7;;12.2795;;;25-Aug-2025
151391;Nippon India Nifty SDL Plus G-Sec-Jun 2029 Maturity 70:30 Index Fund-Direct Plan-IDCW Option;INF204KC1AJ5;;12.2795;;;25-Aug-2025
151392;Nippon India Nifty SDL Plus G-Sec-Jun 2029 Maturity 70:30 Index Fund-Regular Plan-Growth Option;;INF204KC1AK3;12.2209;;;25-Aug-2025
148519;Nippon India Nifty Smallcap 250 Index Fund - Direct Plan - Growth Option;INF204KB15W0;;33.7996;;;25-Aug-2025
148521;NIPPON INDIA NIFTY SMALLCAP 250 INDEX FUND - DIRECT Plan - IDCW Option;INF204KB16W8;INF204KB17W6;33.7996;;;25-Aug-2025
148520;NIPPON INDIA NIFTY SMALLCAP 250 INDEX FUND - IDCW Option;INF204KB13W5;INF204KB14W3;32.6995;;;25-Aug-2025
148518;Nippon India Nifty Smallcap 250 Index Fund - Regular Plan - Growth Option;INF204KB12W7;;32.6995;;;25-Aug-2025

PGIM India Mutual Fund
151407;PGIM India CRISIL IBX Gilt Index - Apr 2028 Fund - Direct Plan, Growth Option;INF663L01X21;;12.209;;;25-Aug-2025
151406;PGIM India CRISIL IBX Gilt Index - Apr 2028 Fund - Direct Plan, IDCW Option;INF663L01X39;INF663L01X47;10.7029;;;25-Aug-2025
151404;PGIM India CRISIL IBX Gilt Index - Apr 2028 Fund - Regular Plan, Growth Option;INF663L01X54;;12.1562;;;25-Aug-2025
151405;PGIM India CRISIL IBX Gilt Index - Apr 2028 Fund - Regular Plan, IDCW Option;INF663L01X62;INF663L01X70;10.6533;;;25-Aug-2025

SBI Mutual Fund
153432;SBI BSE PSU BANK INDEX FUND- Direct Plan- Growth;INF200KB1688;;11.2633;;;25-Aug-2025
153433;SBI BSE PSU BANK INDEX FUND- Direct Plan- Income Distribution Cum Capital Withdrawal Option (IDCW);INF200KB1704;INF200KB1696;11.2634;;;25-Aug-2025
153434;SBI BSE PSU BANK INDEX FUND- Regular Plan- Growth;INF200KB1654;;11.2395;;;25-Aug-2025
153431;SBI BSE PSU BANK INDEX FUND- Regular Plan- Income Distribution Cum Capital Withdrawal Option (IDCW);INF200KB1662;INF200KB1670;11.2397;;;25-Aug-2025
151769;SBI BSE Sensex Index Fund - Direct Plan - Growth;INF200KA16Y4;;13.3844;;;25-Aug-2025
151770;SBI BSE Sensex Index Fund - Direct Plan - IDCW;INF200KA17Y2;INF200KA18Y0;13.3844;;;25-Aug-2025
151765;SBI BSE Sensex Index Fund - Regular Plan - Growth;INF200KA13Y1;;13.3141;;;25-Aug-2025
151766;SBI BSE Sensex Index Fund - Regular Plan - IDCW;INF200KA14Y9;INF200KA15Y6;13.3141;;;25-Aug-2025
149474;SBI CPSE Bond Plus SDL Sep 2026 50:50 Index Fund - Direct Plan - Growth;INF200KA13D5;;12.4436;;;25-Aug-2025
149475;SBI CPSE Bond Plus SDL Sep 2026 50:50 Index Fund - Direct Plan - Income Distribution cum Capital Withdrawal Option (IDCW);INF200KA14D3;INF200KA15D0;12.4974;;;25-Aug-2025
149472;SBI CPSE Bond Plus SDL Sep 2026 50:50 Index Fund - Regular Plan - Growth;INF200KA10D1;;12.3663;;;25-Aug-2025
149473;SBI CPSE Bond Plus SDL Sep 2026 50:50 Index Fund - Regular Plan - Income Distribution cum Capital Withdrawal Option (IDCW);INF200KA11D9;INF200KA12D7;12.3665;;;25-Aug-2025
150706;SBI CRISIL IBX Gilt Index - April 2029 Fund - Direct Plan - Growth;INF200KA18Q6;;12.6719;;;25-Aug-2025
150708;SBI CRISIL IBX Gilt Index - April 2029 Fund - Direct Plan - Income Distribution cum Capital Withdrawal Option (IDCW);INF200KA19Q4;INF200KA10R1;12.6720;;;25-Aug-2025
150707;SBI CRISIL IBX Gilt Index - April 2029 Fund - Regular Plan - Growth;INF200KA15Q2;;12.5865;;;25-Aug-2025
150709;SBI CRISIL IBX Gilt Index - April 2029 Fund - Regular Plan - Income Distribution cum Capital Withdrawal Option (IDCW);INF200KA16Q0;INF200KA17Q8;12.5873;;;25-Aug-2025
150681;SBI |CRISIL IBX Gilt Index - June 2036 Fund - Direct Plan - Growth;INF200KA12Q9;;12.7924;;;25-Aug-2025
150682;SBI CRISIL IBX Gilt Index - June 2036 Fund - Direct Plan - Income Distribution cum Capital Withdrawal Option (IDCW);INF200KA13Q7;INF200KA14Q5;12.7924;;;25-Aug-2025
150683;SBI CRISIL IBX Gilt Index - June 2036 Fund - Regular Plan - Growth;INF200KA19P6;;12.7005;;;25-Aug-2025
150680;SBI CRISIL IBX Gilt Index - June 2036 Fund - Regular Plan - Income Distribution cum Capital Withdrawal Option (IDCW);INF200KA10Q3;INF200KA11Q1;12.7009;;;25-Aug-2025
150711;SBI CRISIL IBX SDL Index - September 2027 Fund - Direct Plan - Growth;INF200KA14R3;;12.5026;;;25-Aug-2025
150713;SBI CRISIL IBX SDL Index - September 2027 Fund - Direct Plan - Income Distribution cum Capital Withdrawal Option (IDCW);INF200KA15R0;INF200KA16R8;12.5082;;;25-Aug-2025
150712;SBI CRISIL IBX SDL Index - September 2027 Fund - Regular Plan - Growth;INF200KA11R9;;12.4381;;;25-Aug-2025
150710;SBI CRISIL IBX SDL Index - September 2027 Fund - Regular Plan - Income Distribution cum Capital Withdrawal Option (IDCW);INF200KA12R7;INF200KA13R5;12.4383;;;25-Aug-2025
152908;SBI Nifty 500 Index Fund- Direct Plan- Growth;INF200KB1381;;9.5684;;;25-Aug-2025
152909;SBI Nifty 500 Index Fund- Direct Plan- Income Distribution Cum Capital Withdrawal (IDCW);INF200KB1399;INF200KB1407;9.5684;;;25-Aug-2025
152906;SBI Nifty 500 Index Fund- Regular Plan- Growth;INF200KB1357;;9.5260;;;25-Aug-2025
152907;SBI Nifty 500 Index Fund- Regular Plan- Income Distribution Cum Capital Withdrawal (IDCW);INF200KB1365;INF200KB1373;9.5257;;;25-Aug-2025
153251;SBI Nifty Bank Index Fund- Regular Plan- Income Distribution Cum Capital Withdrawal Option;INF200KB1548;INF200KB1555;10.9879;;;25-Aug-2025
153250;SBI Nifty Bank Index Fund-Direct Plan- Growth;INF200KB1563;;11.0181;;;25-Aug-2025
153252;SBI Nifty Bank Index Fund-Direct Plan- Income Distribution Cum Capital Withdrawal Option;INF200KB1571;INF200KB1589;11.0181;;;25-Aug-2025
153253;SBI Nifty Bank Index Fund-Regular Plan- Growth;INF200KB1530;;10.9879;;;25-Aug-2025
119827;SBI NIFTY INDEX FUND - DIRECT PLAN - GROWTH;INF200K01TE8;;231.7187;;;25-Aug-2025
119826;SBI Nifty Index Fund - Direct Plan - Income Distribution cum Capital Withdrawal Option (IDCW);INF200K01TC2;INF200K01TD0;119.0191;;;25-Aug-2025
102272;SBI NIFTY INDEX FUND - REGULAR PLAN - GROWTH;INF200K01537;;220.8550;;;25-Aug-2025
102273;SBI Nifty Index Fund - Regular Plan - Income Distribution cum Capital Withdrawal Option (IDCW);INF200K01545;INF200K01552;113.3109;;;25-Aug-2025
153015;SBI Nifty India Consumption Index Fund- Direct Plan- Growth;INF200KB1449;;10.6406;;;25-Aug-2025
153014;SBI Nifty India Consumption Index Fund- Direct Plan- IDCW Payout;INF200KB1456;INF200KB1464;10.6407;;;25-Aug-2025
153012;SBI Nifty India Consumption Index Fund- Regular Plan- Growth;INF200KB1415;;10.5984;;;25-Aug-2025
153013;SBI Nifty India Consumption Index Fund- Regular Plan- IDCW Payout;INF200KB1423;INF200KB1431;10.5984;;;25-Aug-2025
153320;SBI Nifty IT Index Fund - Direct Plan - Growth;INF200KB1621;;9.0295;;;25-Aug-2025
153321;SBI Nifty IT Index Fund - Direct Plan - Income Distribution Cum Withdrawal Option (IDCW);INF200KB1639;INF200KB1647;9.0294;;;25-Aug-2025
153323;SBI Nifty IT Index Fund - Regular Plan - Growth;INF200KB1597;;9.0065;;;25-Aug-2025
153322;SBI Nifty IT Index Fund - Regular Plan - Income Distribution Cum Capital Withdrawal Option (IDCW);INF200KB1605;INF200KB1613;9.0064;;;25-Aug-2025
150673;SBI Nifty Midcap 150 Index Fund - Direct Plan - Growth;INF200KA10P5;;18.6360;;;25-Aug-2025
150675;SBI Nifty Midcap 150 Index Fund - Direct Plan - Income Distribution cum Capital Withdrawal Option (IDCW);INF200KA11P3;INF200KA12P1;18.6354;;;25-Aug-2025
150672;SBI Nifty Midcap 150 Index Fund - Regular Plan - Growth;INF200KA17O3;;18.3459;;;25-Aug-2025
150674;SBI Nifty Midcap 150 Index Fund - Regular Plan - Income Distribution cum Capital Withdrawal Option (IDCW);INF200KA18O1;INF200KA19O9;18.3462;;;25-Aug-2025
148945;SBI Nifty Next 50 Index Fund - Direct Plan - Growth;INF200KA1W00;;18.7040;;;25-Aug-2025
148946;SBI Nifty Next 50 Index Fund - Direct Plan - Income Distribution cum Capital Withdrawal Option (IDCW);INF200KA1W18;INF200KA1W26;18.7029;;;25-Aug-2025
148943;SBI Nifty Next 50 Index Fund - Regular Plan - Growth;INF200KA1V76;;18.3252;;;25-Aug-2025
148944;SBI Nifty Next 50 Index Fund - Regular Plan - Income Distribution cum Capital Withdrawal Option (IDCW);INF200KA1V84;INF200KA1V92;18.3254;;;25-Aug-2025
150677;SBI Nifty Smallcap 250 Index Fund - Direct Plan - Growth;INF200KA16P2;;18.6089;;;25-Aug-2025
150678;SBI Nifty Smallcap 250 Index Fund - Direct Plan - Income Distribution cum Capital Withdrawal Option (IDCW);INF200KA17P0;INF200KA18P8;18.6084;;;25-Aug-2025
150676;SBI Nifty Smallcap 250 Index Fund - Regular Plan - Growth;INF200KA13P9;;18.3133;;;25-Aug-2025
150679;SBI Nifty Smallcap 250 Index Fund - Regular Plan - Income Distribution cum Capital Withdrawal Option (IDCW);INF200KA14P7;INF200KA15P4;18.3138;;;25-Aug-2025
153718;SBI Nifty100 Low Volatility 30 Index Fund- Direct Plan- Growth;INF200KB1936;;10.3126;;;25-Aug-2025
153716;SBI Nifty100 Low Volatility 30 Index Fund- Regular Plan- Growth;INF200KB1902;;10.3092;;;25-Aug-2025
153717;SBI Nifty100 Low Volatility 30 Index Fund- Regular Plan- Income Cum Distribution Capital Withdrawal Option (IDCW);INF200KB1910;INF200KB1928;10.3092;;;25-Aug-2025
153719;SBI Nifty100 Low Volatility 30 Index Fund-Direct  Plan- Income Cum Distribution Capital Withdrawal Option (IDCW);INF200KB1944;INF200KB1951;10.3126;;;25-Aug-2025
153662;SBI Nifty200 Momentum 30 Index Fund- Direct Plan- Growth;INF200KB1878;;9.7404;;;25-Aug-2025
153665;SBI Nifty200 Momentum 30 Index Fund- Direct Plan- Income Cum Distribution Capital Withdrawal Option (IDCW);INF200KB1886;INF200KB1894;9.7403;;;25-Aug-2025
153663;SBI Nifty200 Momentum 30 Index Fund- Regular Plan- Growth;INF200KB1845;;9.7352;;;25-Aug-2025
153664;SBI Nifty200 Momentum 30 Index Fund- Regular Plan- Income Distribution Cum Capital Withdrawal Option (IDCW);INF200KB1852;INF200KB1860;9.7352;;;25-Aug-2025
153557;SBI Nifty200 Quality 30 Index Fund- Direct Plan- Income Distribution Cum Capital Withdrawal Option;INF200KB1829;INF200KB1837;10.0930;;;25-Aug-2025
153556;SBI Nifty200 Quality 30 Index Fund- Regular Plan- Income Cum Distribution Withdrawal Option;INF200KB1795;INF200KB1803;10.0839;;;25-Aug-2025
153555;SBI Nifty200 Quality 30 Index Fund-Direct Plan- Growth;INF200KB1811;;10.0930;;;25-Aug-2025
153554;SBI Nifty200 Quality 30 Index Fund-Regular Plan- Growth;INF200KB1787;;10.0839;;;25-Aug-2025
152370;SBI Nifty50 Equal Weight Index Fund - Direct Plan - Growth;INF200KB1027;;11.7810;;;25-Aug-2025
152371;SBI Nifty50 Equal Weight Index Fund - Direct Plan - Income Distribution Cum Capital Withdrawal Option;INF200KB1035;INF200KB1043;11.7802;;;25-Aug-2025
152372;SBI Nifty50 Equal Weight Index Fund - Regular Plan - Growth;INF200KA18Z7;;11.6899;;;25-Aug-2025
152373;SBI Nifty50 Equal Weight Index Fund - Regular Plan - Income Distribution Cum Capital Withdrawal Option;INF200KA19Z5;INF200KB1019;11.6898;;;25-Aug-2025

Sundaram Mutual Fund
149483;Sundaram Nifty 100 Equal Weight Fund (Formerly Known as Principal Nifty 100 Equal Weight Fund) - Direct Plan - Growth Option;INF173K01EZ4;;183.6683;;;25-Aug-2025
149482;Sundaram Nifty 100 Equal Weight Fund (Formerly Known as Principal Nifty 100 Equal Weight Fund)- Direct Plan - Income Distribution CUM Capital Withdrawal Option;INF173K01EW1;INF173K01EX9;86.5940;;;25-Aug-2025
149481;Sundaram Nifty 100 Equal Weight Fund (Formerly Known as Principal Nifty 100 Equal Weight Fund)-Growth;INF173K01AG2;;174.2852;;;25-Aug-2025
149480;Sundaram Nifty 100 Equal Weight Fund (Formerly Known as Principal Nifty 100 Equal Weight Fund-Income Distribution CUM Capital Withdrawal;INF173K01AH0;INF173K01AI8;82.1735;;;25-Aug-2025

Tata Mutual Fund
153420;Tata BSE Quality Index Fund Direct plan Growth Option;INF277KA1DK1;;11.0267;;;25-Aug-2025
153421;Tata BSE Quality Index Fund Direct plan IDCW Payout Option;INF277KA1DO3;;11.0267;;;25-Aug-2025
153422;Tata BSE Quality Index Fund Direct plan IDCW Reinvestment Option;;INF277KA1DP0;11.0267;;;25-Aug-2025
153425;Tata BSE Quality Index Fund Regular plan Growth Option;INF277KA1DH7;;10.9930;;;25-Aug-2025
153424;Tata BSE Quality Index Fund Regular plan IDCW Payout Option;INF277KA1DJ3;;10.9930;;;25-Aug-2025
153423;Tata BSE Quality Index Fund Regular plan IDCW Reinvestment Option;;INF277KA1DI5;10.9930;;;25-Aug-2025
153132;Tata BSE Select Business Groups Index Fund - Direct Growth;INF277KA1DA2;;9.8917;;;25-Aug-2025
153131;Tata BSE Select Business Groups Index Fund - Direct IDCW Payout;INF277KA1DC8;;9.8917;;;25-Aug-2025
153135;Tata BSE Select Business Groups Index Fund - Direct IDCW Reinvestment;;INF277KA1DB0;9.8917;;;25-Aug-2025
153134;Tata BSE Select Business Groups Index Fund - Regular Growth;INF277KA1CX6;;9.8370;;;25-Aug-2025
153133;Tata BSE Select Business Groups Index Fund - Regular IDCW Payout;INF277KA1CZ1;;9.8370;;;25-Aug-2025
153136;Tata BSE Select Business Groups Index Fund - Regular IDCW Reinvestment;;INF277KA1CY4;9.8370;;;25-Aug-2025
119287;Tata S&P BSE Sensex Index Fund - Direct Plan;INF277K01PK1;;217.1879;;;25-Aug-2025
101746;Tata S&P BSE Sensex Index Fund -Regular Plan;INF277K01758;;205.1431;;;25-Aug-2025
150692;TATA CRISIL-IBX GILT INDEX - APRIL 2026 INDEX FUND - DIRECT PLAN - GROWTH;INF277KA1554;;12.3502;;;25-Aug-2025
150693;TATA CRISIL-IBX GILT INDEX - APRIL 2026 INDEX FUND - DIRECT PLAN - IDCW PAYOUT;INF277KA1570;;12.3502;;;25-Aug-2025
150697;TATA CRISIL-IBX GILT INDEX - APRIL 2026 INDEX FUND - DIRECT PLAN - IDCW REINVESTMENT;;INF277KA1562;12.3502;;;25-Aug-2025
150694;TATA CRISIL-IBX GILT INDEX - APRIL 2026 INDEX FUND - REGULAR PLAN - GROWTH;INF277KA1588;;12.2583;;;25-Aug-2025
150695;TATA CRISIL-IBX GILT INDEX - APRIL 2026 INDEX FUND - REGULAR PLAN - IDCW PAYOUT;INF277KA1604;;12.2583;;;25-Aug-2025
150696;TATA CRISIL-IBX GILT INDEX - APRIL 2026 INDEX FUND - REGULAR PLAN - IDCW REINVESTMENT;;INF277KA1596;12.2583;;;25-Aug-2025
119288;Tata Nifty 50 Index Fund -Direct Plan;INF277K01PJ3;;168.5846;;;25-Aug-2025
101659;Tata Nifty 50 Index Fund -Regular Plan;INF277K01741;;155.3906;;;25-Aug-2025
152557;Tata Nifty Auto Index Fund - Direct Plan - Growth;INF277KA1AU6;;11.5570;;;25-Aug-2025
152559;Tata Nifty Auto Index Fund - Direct Plan - IDCW payout;INF277KA1AV4;;11.5570;;;25-Aug-2025
152558;Tata Nifty Auto Index Fund - Direct Plan - IDCW Reinvestment;;INF277KA1AW2;11.5570;;;25-Aug-2025
152560;Tata Nifty Auto Index Fund - Regular Plan - Growth;INF277KA1AR2;;11.4507;;;25-Aug-2025
152561;Tata Nifty Auto Index Fund - Regular Plan - IDCW Payout;INF277KA1AS0;;11.4507;;;25-Aug-2025
152556;Tata Nifty Auto Index Fund - Regular Plan - IDCW Reinvestment;;INF277KA1AT8;11.4507;;;25-Aug-2025
152951;Tata Nifty Capital Markets Index Fund - Direct Plan Growth Option;INF277KA1CO5;;11.9808;;;25-Aug-2025
152953;Tata Nifty Capital Markets Index Fund - Direct Plan IDCW Payout Option;INF277KA1CQ0;;11.9808;;;25-Aug-2025
152952;Tata Nifty Capital Markets Index Fund - Direct Plan IDCW Reinvestment Option;;INF277KA1CP2;11.9808;;;25-Aug-2025
152954;Tata Nifty Capital Markets Index Fund - Regular Plan Growth Option;INF277KA1CL1;;11.9164;;;25-Aug-2025
152956;Tata Nifty Capital Markets Index Fund - Regular Plan IDCW Payout Option;INF277KA1CN7;;11.9164;;;25-Aug-2025
152955;Tata Nifty Capital Markets Index Fund - Regular Plan IDCW Reinvestment Option;;INF277KA1CM9;11.9164;;;25-Aug-2025
152577;Tata Nifty Financial Services Index Fund - Direct Plan - Growth;INF277KA1BA6;;12.3608;;;25-Aug-2025
152579;Tata Nifty Financial Services Index Fund - Direct Plan - IDCW Payout;INF277KA1BB4;;12.3608;;;25-Aug-2025
152578;Tata Nifty Financial Services Index Fund - Direct Plan - IDCW Reinvestment;;INF277KA1BC2;12.3608;;;25-Aug-2025
152574;Tata Nifty Financial Services Index Fund - Regular Plan - Growth;INF277KA1AX0;;12.2485;;;25-Aug-2025
152575;Tata Nifty Financial Services Index Fund - Regular Plan - IDCW Payout;INF277KA1AY8;;12.2485;;;25-Aug-2025
152576;Tata Nifty Financial Services Index Fund - Regular Plan - IDCW Reinvestment;;INF277KA1AZ5;12.2485;;;25-Aug-2025
151301;Tata Nifty G Sec Dec 2026 Index Fund-Direct Plan-Growth;INF277KA1794;;12.1471;;;25-Aug-2025
151302;Tata Nifty G Sec Dec 2026 Index Fund-Direct Plan-IDCW Payout;INF277KA1810;;12.1471;;;25-Aug-2025
151305;Tata Nifty G Sec Dec 2026 Index Fund-Direct Plan-IDCW Reinvestment;;INF277KA1802;12.1471;;;25-Aug-2025
151306;Tata Nifty G Sec Dec 2026 Index Fund-Regular Plan-Growth;INF277KA1828;;12.0410;;;25-Aug-2025
151304;Tata Nifty G Sec Dec 2026 Index Fund-Regular Plan-IDCW Payout;INF277KA1844;;12.0410;;;25-Aug-2025
151303;Tata Nifty G SEc Dec 2026 Index Fund-Regular Plan-IDCW Reinvestment;;INF277KA1836;12.0410;;;25-Aug-2025
151273;Tata Nifty G-Sec Dec 2029 Index Fund - Direct Plan - Growth;INF277KA1737;;12.3835;;;25-Aug-2025
151274;Tata Nifty G-Sec Dec 2029 Index Fund - Direct Plan - IDCW Payout;INF277KA1752;;12.3835;;;25-Aug-2025
151278;Tata Nifty G-Sec Dec 2029 Index Fund - Direct Plan - IDCW Reinvestment;;INF277KA1745;12.3835;;;25-Aug-2025
151275;Tata Nifty G-Sec Dec 2029 Index Fund - Regular Plan - Growth;INF277KA1760;;12.2720;;;25-Aug-2025
151277;Tata Nifty G-Sec Dec 2029 Index Fund - Regular Plan - IDCW Payout;INF277KA1786;;12.2720;;;25-Aug-2025
151276;Tata Nifty G-Sec Dec 2029 Index Fund - Regular Plan - IDCW Reinvestment;;INF277KA1778;12.2720;;;25-Aug-2025
152742;Tata Nifty India Tourism Index Fund - Direct - Growth;INF277KA1CC0;;10.7857;;;25-Aug-2025
152744;Tata Nifty India Tourism Index Fund - Direct - IDCW Payout;INF277KA1CD8;;10.7857;;;25-Aug-2025
152743;Tata Nifty India Tourism Index Fund - Direct - IDCW Reinvestment;;INF277KA1CE6;10.7857;;;25-Aug-2025
152746;Tata Nifty India Tourism Index Fund - Regular - Growth;INF277KA1BZ3;;10.7018;;;25-Aug-2025
152745;Tata Nifty India Tourism Index Fund - Regular - IDCW Payout;INF277KA1CA4;;10.7018;;;25-Aug-2025
152747;Tata Nifty India Tourism Index Fund - Regular - IDCW Reinvestment;;INF277KA1CB2;10.7018;;;25-Aug-2025
153581;Tata Nifty Midcap 150 Index Fund - Direct Plan - Growth Option;INF277KA1DZ9;;10.1855;;;25-Aug-2025
153579;Tata Nifty Midcap 150 Index Fund - Direct Plan - IDCW Payout Option;INF277KA1EB8;;10.1855;;;25-Aug-2025
153577;Tata Nifty Midcap 150 Index Fund - Direct Plan - IDCW Reinvestment Option;;INF277KA1EA0;10.1855;;;25-Aug-2025
153580;Tata Nifty Midcap 150 Index Fund - Regular Plan - Growth Option;INF277KA1DW6;;10.1672;;;25-Aug-2025
153582;Tata Nifty Midcap 150 Index Fund - Regular Plan - IDCW Payout Option;INF277KA1DY2;;10.1672;;;25-Aug-2025
153578;Tata Nifty Midcap 150 Index Fund - Regular Plan - IDCW Reinvestment Option;;INF277KA1DX4;10.1672;;;25-Aug-2025
150738;Tata Nifty Midcap 150 Momentum 50 Index Fund - Growth - Direct Plan;INF277KA1612;;18.1464;;;25-Aug-2025
150741;Tata Nifty Midcap 150 Momentum 50 Index Fund - Growth - Regular Plan;INF277KA1646;;17.7637;;;25-Aug-2025
150740;Tata Nifty Midcap 150 Momentum 50 Index Fund - IDCW Payout - Direct Plan;INF277KA1638;;18.1464;;;25-Aug-2025
150742;Tata Nifty Midcap 150 Momentum 50 Index Fund - IDCW Payout - Regular Plan;INF277KA1661;;17.7637;;;25-Aug-2025
150739;Tata Nifty Midcap 150 Momentum 50 Index Fund - IDCW Reinvestment - Direct Plan;;INF277KA1620;18.1464;;;25-Aug-2025
150743;Tata Nifty Midcap 150 Momentum 50 Index Fund - IDCW Reinvestment - Regular Plan;;INF277KA1653;17.7637;;;25-Aug-2025
152564;Tata Nifty MidSmall Healthcare Index Fund - Direct Plan - Growth;INF277KA1BG3;;13.1307;;;25-Aug-2025
152565;Tata Nifty MidSmall Healthcare Index Fund - Direct Plan - IDCW Payout;INF277KA1BH1;;13.1307;;;25-Aug-2025
152566;Tata Nifty MidSmall Healthcare Index Fund - Direct Plan - IDCW Reinvestment;;INF277KA1BI9;13.1307;;;25-Aug-2025
152567;Tata Nifty MidSmall Healthcare Index Fund - Regular Plan - Growth;INF277KA1BD0;;13.0113;;;25-Aug-2025
152562;Tata Nifty MidSmall Healthcare Index Fund - Regular Plan - IDCW Payout;INF277KA1BE8;;13.0113;;;25-Aug-2025
152563;Tata Nifty MidSmall Healthcare Index Fund - Regular Plan - IDCW Reinvestment;;INF277KA1BF5;13.0113;;;25-Aug-2025
152570;Tata Nifty Realty Index Fund - Direct Plan - Growth;INF277KA1AO9;;9.3965;;;25-Aug-2025
152571;Tata Nifty Realty Index Fund - Direct Plan - IDCW Payout;INF277KA1AP6;;9.3965;;;25-Aug-2025
152572;Tata Nifty Realty Index Fund - Direct Plan - IDCW Reinvestment;;INF277KA1AQ4;9.3965;;;25-Aug-2025
152573;Tata Nifty Realty Index Fund - Regular Plan - Growth;INF277KA1AL5;;9.3064;;;25-Aug-2025
152568;Tata Nifty Realty Index Fund - Regular Plan - IDCW Payout;INF277KA1AM3;;9.3064;;;25-Aug-2025
152569;Tata Nifty Realty Index Fund - Regular Plan - IDCW Reinvestment;;INF277KA1AN1;9.3064;;;25-Aug-2025
150331;Tata Nifty SDL Plus AAA PSU Bond Dec 6040 Index Fund -Regular Plan-IDCW Payout;INF277KA1414;;12.5179;;;25-Aug-2025
150326;Tata Nifty SDL Plus AAA PSU Bond Dec 6040 Index Fund- Direct Plan-Growth;INF277KA1372;;12.6362;;;25-Aug-2025
150328;Tata Nifty SDL Plus AAA PSU Bond Dec 6040 Index Fund-Direct Plan- IDCW Reinvestment;;INF277KA1398;12.6362;;;25-Aug-2025
150327;Tata Nifty SDL Plus AAA PSU Bond Dec 6040 Index Fund-Direct Plan-IDCW Payout;INF277KA1380;;12.6362;;;25-Aug-2025
150330;Tata Nifty SDL Plus AAA PSU Bond Dec 6040 Index Fund-Regular Plan -Growth;INF277KA1406;;12.5179;;;25-Aug-2025
150329;Tata Nifty SDL Plus AAA PSU Bond Dec 6040 Index Fund-Regular Plan- IDCW Reinvestment;;INF277KA1422;12.5179;;;25-Aug-2025
152837;Tata Nifty200 Alpha 30 Index Fund - Direct - IDCW Payout;INF277KA1CJ5;;8.6648;;;25-Aug-2025
152833;Tata Nifty200 Alpha 30 Index Fund - Direct - IDCW Reinvestment;;INF277KA1CK3;8.6648;;;25-Aug-2025
152836;Tata Nifty200 Alpha 30 Index Fund - Direct -Growth;INF277KA1CI7;;8.6648;;;25-Aug-2025
152835;Tata Nifty200 Alpha 30 Index Fund - Regular - IDCW Payout;INF277KA1CG1;;8.6053;;;25-Aug-2025
152838;Tata Nifty200 Alpha 30 Index Fund - Regular - IDCW Reinvestment;;INF277KA1CH9;8.6053;;;25-Aug-2025
152834;Tata Nifty200 Alpha 30 Index Fund - Regular -Growth;INF277KA1CF3;;8.6053;;;25-Aug-2025
152588;Tata Nifty500 Multicap India Manufacturing 50:30:20 Index Fund -Direct Plan-Growth;INF277KA1BM1;;11.3424;;;25-Aug-2025
152589;Tata Nifty500 Multicap India Manufacturing 50:30:20 Index Fund -Direct Plan-IDCW-Payout;INF277KA1BN9;;11.3424;;;25-Aug-2025
152593;Tata Nifty500 Multicap India Manufacturing 50:30:20 Index Fund -Direct Plan-IDCW-Reinvestment;;INF277KA1BO7;11.3424;;;25-Aug-2025
152592;Tata Nifty500 Multicap India Manufacturing 50:30:20 Index Fund -Regular Plan -IDCW-Reinvestment;;INF277KA1BL3;11.2400;;;25-Aug-2025
152590;Tata Nifty500 Multicap India Manufacturing 50:30:20 Index Fund -Regular Plan-Growth;INF277KA1BJ7;;11.2400;;;25-Aug-2025
152591;Tata Nifty500 Multicap India Manufacturing 50:30:20 Index Fund -Regular Plan-IDCW Payout;INF277KA1BK5;;11.2400;;;25-Aug-2025
152595;Tata Nifty500 Multicap Infrastructure 50:30:20 Index Fund - Direct Plan - Growth;INF277KA1BS8;;10.7073;;;25-Aug-2025
152598;Tata Nifty500 Multicap Infrastructure 50:30:20 Index Fund - Direct Plan - IDCW Payout;INF277KA1BT6;;10.7073;;;25-Aug-2025
152594;Tata Nifty500 Multicap Infrastructure 50:30:20 Index Fund - Direct Plan - IDCW Reinvestment;;INF277KA1BU4;10.7073;;;25-Aug-2025
152596;Tata Nifty500 Multicap Infrastructure 50:30:20 Index Fund - Regular Plan - Growth;INF277KA1BP4;;10.6073;;;25-Aug-2025
152597;Tata Nifty500 Multicap Infrastructure 50:30:20 Index Fund - Regular Plan - IDCW Payout;INF277KA1BQ2;;10.6073;;;25-Aug-2025
152599;Tata Nifty500 Multicap Infrastructure 50:30:20 Index Fund - Regular Plan - IDCW Reinvestment;;INF277KA1BR0;10.6073;;;25-Aug-2025

Taurus Mutual Fund
118881;Taurus Nifty 50 Index Fund - Direct Plan - Growth;INF044D01CQ5;;50.6434;;;25-Aug-2025
118882;Taurus Nifty 50 Index Fund - Direct Plan - Payout of Income Distribution cum Capital Withdrawal option;INF044D01CR3;INF044D01CS1;47.3966;;;25-Aug-2025
112948;Taurus Nifty 50 Index Fund - Regular Plan - Growth;INF044D01948;;47.5357;;;25-Aug-2025
112949;Taurus Nifty 50 Index Fund - Regular Plan - Payout of Income Distribution cum Capital Withdrawal option;INF044D01914;INF044D01922;30.3079;;;25-Aug-2025

UTI Mutual Fund
143341;UTI Nifty Next 50 Index Fund - Direct Plan - Growth Option;INF789FC12T1;;25.0234;;;25-Aug-2025
143340;UTI Nifty Next 50 Index Fund - Regular Plan - Growth Option;INF789FC11T3;;24.1316;;;25-Aug-2025
151764;UTI BSE Housing Index Fund - Direct Plan - Growth Option;INF789F1AYR1;;15.062;;;25-Aug-2025
151763;UTI BSE Housing Index Fund - Regular Plan - Growth Option;INF789F1AYS9;;14.913;;;25-Aug-2025
149881;UTI BSE Low Volatility Index Fund - Direct Plan  - Growth Option;INF789F1AVF2;;16.9016;;;25-Aug-2025
149880;UTI BSE Low Volatility Index Fund - Regular Plan - Growth Option;INF789F1AVE5;;16.6292;;;25-Aug-2025
149803;UTI BSE Sensex Index Fund - Direct Plan - Growth Option;INF789F1AVD7;;14.6459;;;25-Aug-2025
149802;UTI BSE Sensex Index Fund - Regular Plan  -Growth Option;INF789F1AVC9;;14.5949;;;25-Aug-2025
151185;UTI CRISIL SDL Maturity April 2033 Index Fund - Direct Plan - Growth Option;INF789F1AWX3;;12.4548;;;25-Aug-2025
151184;UTI CRISIL SDL Maturity April 2033 Index Fund - Regular Plan - Growth Option;INF789F1AWW5;;12.3693;;;25-Aug-2025
151239;UTI CRISIL SDL Maturity June 2027 Index Fund - Direct Plan - Growth Option;INF789F1AWZ8;;12.2164;;;25-Aug-2025
151238;UTI CRISIL SDL Maturity June 2027 Index Fund - Regular Plan - Growth Option;INF789F1AWY1;;12.1374;;;25-Aug-2025
148703;UTI Nifty 200 Momentum 30 Index Fund - Direct Plan - Growth Option;INF789F1AUT5;;21.232;;;25-Aug-2025
148704;UTI Nifty 200 Momentum 30 Index Fund - Regular Plan - Growth Option;INF789F1AUS7;;20.7676;;;25-Aug-2025
152859;UTI Nifty 200 Quality 30 Index Fund - Direct Plan - Growth Option;INF789F1AZH9;;9.0013;;;25-Aug-2025
152858;UTI Nifty 200 Quality 30 Index Fund - Regular Plan - Growth Option;INF789F1AZG1;;8.9519;;;25-Aug-2025
120717;UTI Nifty 50 Index Fund - Direct Plan - IDCW;INF789F01WY2;INF789F01WZ9;87.7866;;;25-Aug-2025
120716;UTI Nifty 50 Index Fund - Growth Option- Direct;INF789F01XA0;;174.244;;;25-Aug-2025
100822;UTI Nifty 50 Index Fund - Regular Plan - Growth Option;INF789F01JN2;;171.8049;;;25-Aug-2025
100823;UTI Nifty 50 Index Fund - Regular Plan - IDCW;INF789F01JL6;INF789F01JM4;86.5551;;;25-Aug-2025
151739;UTI Nifty 500 Value 50 Index Fund - Direct Plan - Growth Option;INF789F1AYN0;;19.2497;;;25-Aug-2025
151738;UTI Nifty 500 Value 50 Index Fund - Regular Plan - Growth Option;INF789F1AYO8;;19.0383;;;25-Aug-2025
153086;UTI Nifty Alpha Low-Volatility 30 Index Fund - Direct Plan - Growth Option;INF789F1AZM9;;9.7081;;;25-Aug-2025
153087;UTI Nifty Alpha Low-Volatility 30 Index Fund - Regular Plan - Growth Option;INF789F1AZL1;;9.6627;;;25-Aug-2025
153270;UTI Nifty India Manufacturing Index Fund - Direct Plan - Growth Option;INF789F1AB48;;11.3211;;;25-Aug-2025
153271;UTI Nifty India Manufacturing Index Fund - Regular Plan - Growth Option;INF789F1AB30;;11.2864;;;25-Aug-2025
153089;UTI Nifty Midcap 150 Index Fund - Direct Plan - Growth Option;INF789F1AZO5;;10.2812;;;25-Aug-2025
153088;UTI Nifty Midcap 150 Index Fund - Regular Plan - Growth Option;INF789F1AZN7;;10.2366;;;25-Aug-2025
150313;UTI Nifty Midcap 150 Quality 50 Index Fund - Direct Plan - Growth Option;INF789F1AVH8;;14.4352;;;25-Aug-2025
150312;UTI Nifty Midcap 150 Quality 50 Index Fund - Regular Plan - Growth Option;INF789F1AVG0;;14.2138;;;25-Aug-2025
153272;UTI Nifty Midsmallcap 400 Momentum Quality 100 Index Fund - Direct Plan - Growth Option;INF789F1AB22;;11.0728;;;25-Aug-2025
153273;UTI Nifty Midsmallcap 400 Momentum Quality 100 Index Fund - Regular Plan - Growth Option;INF789F1AB06;;11.036;;;25-Aug-2025
152864;UTI Nifty Private Bank Index Fund - Direct Plan - Growth Option;INF789F1AZJ5;;9.9228;;;25-Aug-2025
152865;UTI Nifty Private Bank Index Fund - Regular Plan - Growth Option;INF789F1AZI7;;9.8681;;;25-Aug-2025
151364;UTI NIFTY SDL Plus AAA PSU Bond Apr 2026 75:25 Index Fund - Direct Plan - Growth Option;INF789F1AXL6;;12.066;;;25-Aug-2025
151363;UTI NIFTY SDL Plus AAA PSU Bond Apr 2026 75:25 Index Fund - Regular Plan - Growth Option;INF789F1AXK8;;11.9911;;;25-Aug-2025
151487;UTI NIFTY SDL Plus AAA PSU Bond Apr 2028- 75:25 Index Fund - Direct Plan - Growth Option;INF789F1AXR3;;12.2223;;;25-Aug-2025
151488;UTI NIFTY SDL Plus AAA PSU Bond Apr 2028- 75:25 Index Fund - Regular Plan - Growth Option;INF789F1AXQ5;;12.1554;;;25-Aug-2025
151762;UTI Nifty50 Equal Weight Index Fund - Direct Plan - Growth Option;INF789F1AYP5;;14.5919;;;25-Aug-2025
151761;UTI Nifty50 Equal Weight Index Fund - Regular Plan - Growth Option;INF789F1AYQ3;;14.4472;;;25-Aug-2025

Zerodha Mutual Fund
152157;Zerodha ELSS Tax Saver Nifty LargeMidcap 250 Index Fund - Direct Plan - Growth option;INF0R8F01026;;13.8749;;;25-Aug-2025
152156;Zerodha Nifty LargeMidcap 250 Index Fund - Direct Plan - Growth option;INF0R8F01018;;13.8577;;;25-Aug-2025

Open Ended Schemes ( Other Scheme - Gold ETF )


360 ONE Mutual Fund
153357;360 ONE Gold ETF;INF579M01BB5;;98.9155;;;25-Aug-2025

Aditya Birla Sun Life Mutual Fund
115127;Aditya Birla Sun Life Gold ETF;INF209KB18D3;;88.4499;;;25-Aug-2025

Axis Mutual Fund
113434;Axis Gold ETF;INF846K01W80;;84.0343;;;25-Aug-2025

Baroda BNP Paribas Mutual Fund
152231;Baroda BNP Paribas Gold ETF;INF251K01SU9;;97.7950;;;25-Aug-2025
153795;Baroda BNP Paribas Gold ETF Fund of Funds Direct Growth;INF251K01VF4;;10.1823;;;25-Aug-2025
153794;Baroda BNP Paribas Gold ETF Fund of Funds Regular Growth;INF251K01VE7;;10.1817;;;25-Aug-2025

DSP Mutual Fund
151737;DSP Gold ETF;INF740KA1SW3;;97.8357;;;25-Aug-2025

Edelweiss Mutual Fund
152193;Edelweiss Gold ETF;INF754K01SE6;;100.8961;;;25-Aug-2025

Groww Mutual Fund
152957;Groww Gold ETF;INF666M01IW1;;98.8236;;;25-Aug-2025

HDFC Mutual Fund
113049;HDFC Gold ETF - Growth Option;INF179KC1981;;86.0521;;;25-Aug-2025

ICICI Prudential Mutual Fund
113076;ICICI Prudential Gold ETF;INF109KC1NT3;;86.1687;;;25-Aug-2025

Invesco Mutual Fund
112368;Invesco India Gold Exchange Traded Fund;INF205K01361;;8652.2441;;;25-Aug-2025

Kotak Mahindra Mutual Fund
106193;KOTAK GOLD ETF;INF174KA1HJ8;;84.0397;;;25-Aug-2025

LIC Mutual Fund
151961;LIC MF Gold Exchange Traded Fund;INF397L01554;;8958.5239;;;25-Aug-2025

Mirae Asset Mutual Fund
151416;Mirae Asset Gold ETF;INF769K01JP9;;97.9838;;;25-Aug-2025

Motilal Oswal Mutual Fund
153780;Motilal Oswal Gold ETF;INF247L01FY4;;99.9960;;;25-Aug-2025

Nippon India Mutual Fund
140088;Nippon India ETF Gold BeES;INF204KB17I5;;82.5345;;;25-Aug-2025

Quantum Mutual Fund
107693;Quantum Gold Fund;INF082J01408;;83.2559;;;25-Aug-2025

SBI Mutual Fund
111954;SBI Gold ETF;INF200KA16D8;;85.9645;;;25-Aug-2025

Tata Mutual Fund
152284;Tata Gold Exchange Traded Fund;INF277KA1976;;9.7917;;;25-Aug-2025

Union Mutual Fund
153337;Union Gold ETF;INF582M01KS4;;98.9249;;;25-Aug-2025

UTI Mutual Fund
105463;UTI GOLD Exchange Traded Fund;INF789F1AUX7;;83.6875;;;25-Aug-2025

Zerodha Mutual Fund
152476;Zerodha Gold ETF;INF0R8F01042;;15.8515;;;25-Aug-2025

Open Ended Schemes ( Other Scheme - Other  ETFs )


360 ONE Mutual Fund
153415;360 ONE Silver ETF;INF579M01BC3;;115.4230;;;25-Aug-2025

Aditya Birla Sun Life Mutual Fund
139581;Aditya Birla Sun Life BSE Sensex ETF;INF209KB10E8;;81.5322;;;25-Aug-2025
152802;Aditya Birla Sun Life Crisil 10 Year Gilt ETF;INF209KC1142;;108.2379;;;25-Aug-2025
152732;ADITYA BIRLA SUN LIFE CRISIL BROAD BASED GILT ETF;INF209KC1134;;108.8734;;;25-Aug-2025
151533;Aditya Birla Sun Life CRISIL Liquid Overnight ETF - IDCW Daily Reinvestment with Weekly Payout;INF209KB18T9;;1000.;;;25-Aug-2025
150498;Aditya Birla Sun Life Nifty 200 Momentum 30 ETF;INF209KB14K7;;31.014;;;25-Aug-2025
150497;Aditya Birla Sun Life Nifty 200 Quality 30 ETF;INF209KB15K4;;21.387;;;25-Aug-2025
115512;Aditya Birla Sun Life Nifty 50 ETF;INF209KB19D1;;28.9826;;;25-Aug-2025
147735;Aditya Birla Sun Life Nifty Bank ETF;INF209KB17D5;;56.3578;;;25-Aug-2025
149262;Aditya Birla Sun Life Nifty Healthcare ETF;INF209KB10C2;;15.1405;;;25-Aug-2025
149293;Aditya Birla Sun Life Nifty IT ETF;INF209KB11D8;;38.6502;;;25-Aug-2025
145881;Aditya Birla Sunlife Nifty Next 50 ETF;INF209KB16D7;;70.7925;;;25-Aug-2025
152620;Aditya Birla Sun Life Nifty PSE ETF;INF209KB19Z4;;9.6946;;;25-Aug-2025
149779;Aditya Birla Sun Life Silver ETF;INF209KB19F6;;116.654;;;25-Aug-2025

Angel One Mutual Fund
153451;ANGEL ONE NIFTY 1D RATE LIQUID ETF - GROWTH;INF1J2R01056;;1022.5257;;;25-Aug-2025
153531;ANGEL ONE NIFTY 50 ETF;INF1J2R01064;;10.2164;;;25-Aug-2025
153332;ANGEL ONE NIFTY TOTAL MARKET ETF;INF1J2R01015;;11.671;;;25-Aug-2025

Axis Mutual Fund
151585;Axis BSE Sensex ETF;INF846K010Q0;;83.9371;;;25-Aug-2025
141545;Axis Nifty 50 ETF;INF846K01W98;;273.7786;;;25-Aug-2025
148926;Axis Nifty AAA Bond Plus SDL Apr 2026 50:50 ETF;INF846K01Z04;;12.8928;;;25-Aug-2025
148559;Axis NIFTY Bank ETF;INF846K01X63;;567.3070;;;25-Aug-2025
148934;Axis NIFTY Healthcare ETF;INF846K01Z12;;150.0092;;;25-Aug-2025
149156;Axis NIFTY India Consumption ETF;INF846K016C7;;125.4328;;;25-Aug-2025
148799;Axis IT ETF;INF846K01Y96;;392.4670;;;25-Aug-2025
153414;Axis Nifty500 Value 50 ETF;INF846KA1119;;28.2915;;;25-Aug-2025
150610;Axis Silver ETF;INF846K011K1;;116.3817;;;25-Aug-2025

Bajaj Finserv Mutual Fund
152638;Bajaj Finserv Nifty 1D Rate Liquid ETF;INF0QA701854;;1044.9497;;;25-Aug-2025
152356;Bajaj Finserv Nifty 50 ETF;INF0QA701722;;254.5671;;;25-Aug-2025
152357;Bajaj Finserv Nifty Bank ETF;INF0QA701714;;55.8722;;;25-Aug-2025

Bandhan Mutual Fund
139840;BANDHAN BSE Sensex ETF;INF194KA1T91;;882.7622;;;25-Aug-2025
139839;BANDHAN Nifty 50 ETF;INF194KA1U07;;273.4730;;;25-Aug-2025

Baroda BNP Paribas Mutual Fund
152683;Baroda BNP Paribas Nifty Bank ETF;INF251K01TL6;;55.4388;;;25-Aug-2025

DSP Mutual Fund
152555;DSP BSE Liquid Rate ETF;INF740KA1UM0;;1087.6489;;;25-Aug-2025
151886;DSP BSE Sensex ETF;INF740KA1SZ6;;83.406;;;25-Aug-2025
153228;DSP BSE SENSEX Next 30 ETF;INF740KA1VE5;;38.9784;;;25-Aug-2025
142589;DSP NIFTY 1D Rate Liquid ETF;;INF740KA1EU7;1000;;;25-Aug-2025
149286;DSP Nifty 50 Equal Weight ETF;INF740KA1QK2;;328.0657;;;25-Aug-2025
149392;DSP Nifty 50 ETF;INF740KA1CL0;;260.5051;;;25-Aug-2025
151262;DSP Nifty Bank ETF;INF740KA1RX3;;56.2849;;;25-Aug-2025
152306;DSP Nifty Healthcare ETF;INF740KA1UF4;;148.6154;;;25-Aug-2025
151820;DSP Nifty IT ETF;INF740KA1SX1;;37.6628;;;25-Aug-2025
149403;DSP Nifty Midcap 150 Quality 50 ETF;INF740KA1QL0;;250.0017;;;25-Aug-2025
151887;DSP Nifty Private Bank ETF;INF740KA1TA7;;27.034;;;25-Aug-2025
151888;DSP Nifty PSU Bank ETF;INF740KA1SY9;;70.1871;;;25-Aug-2025
152812;DSP Nifty Top 10 Equal Weight ETF;INF740KA1UR9;;95.4066;;;25-Aug-2025
150523;DSP Silver ETF;INF740KA1RE3;;112.6137;;;25-Aug-2025

Edelweiss Mutual Fund
147849;Bharat Bond ETF - April 2030;INF754K01KO2;;1528.8779;;;25-Aug-2025
149398;BHARAT Bond ETF - April 2032;INF754K01OB1;;1282.9523;;;25-Aug-2025
150987;BHARAT Bond ETF - April 2033;INF754K01QX0;;1247.0443;;;25-Aug-2025
148445;BHARAT Bond ETF- April 2031;INF754K01LE1;;1368.3477;;;25-Aug-2025
153180;Edelweiss BSE Capital Markets & Insurance  ETF - Growth;INF754K01TX4;;23.4623;;;25-Aug-2025
152857;Edelweiss Nifty Bank ETF - Growth;INF754K01TE4;;55.4913;;;25-Aug-2025
152981;Edelweiss Nifty500 Multicap Momentum Quality 50 ETF - Growth;INF754K01TF1;;41.1548;;;25-Aug-2025
152212;Edelweiss Silver ETF;INF754K01SF3;;117.0278;;;25-Aug-2025

Groww Mutual Fund
153744;Groww BSE Power ETF;INF666M01LM6;;9.8079;;;25-Aug-2025
152891;Groww Nifty 1D Rate Liquid ETF;INF666M01IP5;;105.4463;;;25-Aug-2025
153329;Groww Nifty 200 ETF;INF666M01JV1;;11.2541;;;25-Aug-2025
153699;Groww Nifty 50 ETF;INF666M01LL8;;10.0101;;;25-Aug-2025
153583;Groww Nifty 500 Low Volatility 50 ETF;INF666M01LB9;;10.2589;;;25-Aug-2025
153452;Groww Nifty 500 Momentum 50 ETF;INF666M01KJ4;;10.4655;;;25-Aug-2025
152764;GROWW NIFTY EV & NEW AGE AUTOMOTIVE ETF;INF666M01IH2;;30.3267;;;25-Aug-2025
152845;Groww Nifty India Defence ETF;INF666M01IO8;;76.885;;;25-Aug-2025
153625;Groww Nifty India Internet ETF;INF666M01LI4;;10.8579;;;25-Aug-2025
153229;Groww Nifty India Railways PSU ETF;INF666M01JJ6;;34.4742;;;25-Aug-2025
153785;Groww Nifty Next 50 ETF;INF666M01LZ8;;67.7353;;;25-Aug-2025
153524;Groww Silver ETF;INF666M01LA1;;115.3093;;;25-Aug-2025

HDFC Mutual Fund
151376;HDFC BSE 500 ETF - Growth Option;INF179KC1EZ4;;36.9652;;;25-Aug-2025
135854;HDFC BSE Sensex ETF - Growth Plan;INF179KC1HX2;;91.7787;;;25-Aug-2025
150476;HDFC NIFTY 100 ETF - Growth Option;INF179KC1HR4;;26.2948;;;25-Aug-2025
153403;HDFC NIFTY 1D RATE LIQUID ETF GROWTH;INF179KC1JG3;;1024.8378;;;25-Aug-2025
135853;HDFC NIFTY 50 ETF - Growth Plan;INF179KC1965;;278.7544;;;25-Aug-2025
148461;HDFC NIFTY Bank ETF - GROWTH;INF179KC1HY0;;56.603;;;25-Aug-2025
150621;HDFC NIFTY GROWTH SECTORS 15 ETF - Growth Option;INF179KC1DJ0;;123.571;;;25-Aug-2025
150801;HDFC NIFTY IT ETF - Growth option;INF179KC1IA8;;38.0191;;;25-Aug-2025
151374;HDFC NIFTY Midcap 150 ETF - Growth Option;INF179KC1HT0;;21.6316;;;25-Aug-2025
150477;HDFC NIFTY NEXT 50 ETF - Growth Option;INF179KC1HS2;;68.833;;;25-Aug-2025
150802;HDFC NIFTY Private Bank ETF - Growth Option;INF179KC1HZ7;;27.1309;;;25-Aug-2025
152350;HDFC NIFTY PSU BANK ETF;INF179KC1HW4;;70.3915;;;25-Aug-2025
151375;HDFC NIFTY Smallcap 250 ETF - Growth Option;INF179KC1FB2;;171.6794;;;25-Aug-2025
150658;HDFC NIFTY100 Low Volatility 30 ETF - Growth Option;INF179KC1HU8;;20.851;;;25-Aug-2025
150620;HDFC NIFTY100 QUALITY 30 ETF - Growth Option;INF179KC1DL6;;57.9927;;;25-Aug-2025
150657;HDFC NIFTY200 MOMENTUM 30 ETF - Growth Option;INF179KC1HV6;;30.8785;;;25-Aug-2025
150619;HDFC NIFTY 50 VALUE 20 ETF - Growth Option;INF179KC1DK8;;133.4201;;;25-Aug-2025
150556;HDFC Silver ETF - Growth Option;INF179KC1DI2;;112.2307;;;25-Aug-2025

ICICI Prudential Mutual Fund
141957;BHARAT 22 ETF;INF109KB15Y7;;106.8895;;;25-Aug-2025
143247;ICICI Prudential BSE 500 ETF;INF109KC1V59;;38.9164;;;25-Aug-2025
153378;ICICI Prudential BSE Liquid Rate ETF - Growth;INF109K1A021;;1025.0077;;;25-Aug-2025
144947;ICICI Prudential BSE Liquid Rate ETF - IDCW;INF109KC1KT9;;1000.0000;;;25-Aug-2025
139519;ICICI Prudential BSE Midcap Select ETF;INF109KC10W0;;17.5329;;;25-Aug-2025
101705;ICICI Prudential BSE Sensex ETF;INF346A01034;;930.0780;;;25-Aug-2025
151196;ICICI Prudential Nifty 10 yr Benchmark G-sec ETF;INF109KC18O0;;254.6808;;;25-Aug-2025
123004;ICICI Prudential Nifty 100 ETF;INF109KC16V9;;28.4333;;;25-Aug-2025
141596;ICICI Prudential Nifty 100 Low Volatility 30 ETF;INF109KC19U5;;22.4208;;;25-Aug-2025
150455;ICICI Prudential Nifty 200 Momentum 30 ETF;INF109KC17C7;;31.1774;;;25-Aug-2025
151907;ICICI Prudential Nifty 200 Quality 30 ETF;INF109KC18V5;;21.1935;;;25-Aug-2025
149928;ICICI Prudential Nifty 5 yr Benchmark G-SEC ETF;INF109KC14A8;;62.5524;;;25-Aug-2025
121366;ICICI Prudential Nifty 50 ETF;INF109K012R6;;280.2893;;;25-Aug-2025
148456;ICICI Prudential Nifty Alpha Low- Volatility 30 ETF;INF109KC17V7;;27.4607;;;25-Aug-2025
149463;ICICI Prudential Nifty Auto ETF;INF109KC10V2;;26.1472;;;25-Aug-2025
147483;ICICI Prudential Nifty Bank ETF;INF109KC15I8;;56.4568;;;25-Aug-2025
151207;ICICI Prudential Nifty Commodities ETF;INF109KC19O8;;89.1839;;;25-Aug-2025
153397;ICICI Prudential Nifty EV & New Age Automotive ETF;INF109K1A153;;30.3817;;;25-Aug-2025
150879;ICICI Prudential Nifty Financial Services Ex-BaNk ETF;INF109KC17L8;;30.0670;;;25-Aug-2025
149072;ICICI Prudential Nifty FMCG ETF;INF109KC19V3;;59.4156;;;25-Aug-2025
148957;ICICI Prudential Nifty Healthcare ETF;INF109KC1Q72;;150.9116;;;25-Aug-2025
149285;ICICI Prudential Nifty India Consumption ETF;INF109KC1V42;;126.0618;;;25-Aug-2025
150526;ICICI Prudential Nifty Infrastructure ETF;INF109KC16E5;;93.5407;;;25-Aug-2025
148466;ICICI Prudential Nifty IT ETF;INF109KC16I6;;39.5303;;;25-Aug-2025
152769;ICICI Prudential Nifty Metal ETF;INF109KC19W1;;9.4711;;;25-Aug-2025
147921;ICICI Prudential Nifty Midcap 150 ETF;INF109KC11W8;;22.0711;;;25-Aug-2025
144587;ICICI Prudential Nifty Next 50 ETF;INF109KC1NS5;;71.0023;;;25-Aug-2025
152748;ICICI Prudential Nifty Oil & Gas ETF;INF109KC18W3;;11.2624;;;25-Aug-2025
147530;ICICI Prudential Nifty Private Bank ETF;INF109KC18U7;;26.8954;;;25-Aug-2025
151572;ICICI Prudential Nifty PSU Bank ETF;INF109KC10S8;;70.6166;;;25-Aug-2025
153617;ICICI Prudential Nifty Top 15 Equal Weight ETF;INF109K1A344;;10.3218;;;25-Aug-2025
152932;ICICI Prudential Nifty200 Value 30 ETF;INF109KC16X5;;12.9454;;;25-Aug-2025
139455;ICICI Prudential Nifty50 Value 20 ETF;INF109KC11V0;;14.4596;;;25-Aug-2025
149464;ICICI PRUDENTIAL SILVER ETF;INF109KC1Y56;;116.5346;;;25-Aug-2025

Invesco Mutual Fund
115284;Invesco India Nifty 50 Exchange Traded Fund;INF205K01DA9;;2837.5372;;;25-Aug-2025

Kotak Mahindra Mutual Fund
109010;Kotak BSE Sensex ETF;INF174KA1JD7;;88.8477;;;25-Aug-2025
153314;Kotak MSCI India ETF;INF174KA1VD2;;29.706;;;25-Aug-2025
153315;Kotak Nifty 100 Equal Weight ETF;INF174KA1UW4;;32.954;;;25-Aug-2025
150000;Kotak Nifty 100 Low Volatility 30 ETF;INF174KA1IY5;;21.2856;;;25-Aug-2025
151358;Kotak Nifty 1D Rate Liquid ETF;INF174KA1LV5;;1065.4535;;;25-Aug-2025
112351;Kotak Nifty 50 ETF;INF174K014P6;;274.3587;;;25-Aug-2025
135744;Kotak Nifty 50 Value 20 ETF - Payout of Income Distribution cum capital withdrawal option;INF174K01Z71;;147.8831;;;25-Aug-2025
149397;Kotak Nifty Alpha 50 ETF;INF174KA1IA5;;49.1429;;;25-Aug-2025
133122;Kotak Nifty Bank ETF;INF174K01F59;;570.5972;;;25-Aug-2025
150492;Kotak Nifty India Consumption ETF;INF174KA1JE5;;125.0158;;;25-Aug-2025
148763;Kotak Nifty IT ETF;INF174KA1GC5;;39.3957;;;25-Aug-2025
153398;Kotak Nifty Midcap 150 ETF;INF174KA1VW2;;21.691;;;25-Aug-2025
149757;Kotak Nifty Midcap 50 ETF;INF174KA1IB3;;166.2948;;;25-Aug-2025
150531;Kotak Nifty MNC ETF;INF174KA1JF2;;30.0857;;;25-Aug-2025
106929;Kotak Nifty PSU Bank ETF;INF373I01023;;697.6949;;;25-Aug-2025
153657;Kotak Nifty200 Quality 30 ETF;INF174KA1WT6;;20.741;;;25-Aug-2025
150948;Kotak Silver ETF;INF174KA1KU9;;113.417;;;25-Aug-2025

LIC Mutual Fund
135672;LIC MF BSE Sensex ETF;INF767K01OT5;;914.3195;;;25-Aug-2025
136473;LIC MF Nifty 100 ETF;INF767K01PC8;;278.6044;;;25-Aug-2025
135607;LIC MF Nifty 50 ETF;INF767K01OS7;;277.6138;;;25-Aug-2025
133307;LIC MF Nifty 8-13 yr G-Sec ETF;INF767K01MV5;;28.1116;;;25-Aug-2025
152404;LIC MF Nifty Midcap 100 ETF;INF767K01RN1;;57.9144;;;25-Aug-2025

Mirae Asset Mutual Fund
153379;Mirae Asset BSE 200 Equal Weight ETF;INF769K01OA1;;12.9547;;;25-Aug-2025
153384;Mirae Asset BSE Select IPO ETF;INF769K01ON4;;49.7184;;;25-Aug-2025
152097;Mirae Asset BSE Sensex ETF;INF769K01KT9;;83.4977;;;25-Aug-2025
149379;Mirae Asset Hang Seng TECH ETF;INF769K01HS7;;21.8886;;;25-Aug-2025
148572;Mirae Asset Nifty 100 ESG Sector Leaders ETF;INF769K01GS9;;42.9971;;;25-Aug-2025
151604;Mirae Asset Nifty 100 Low Volatility 30 ETF;INF769K01JU9;;208.8392;;;25-Aug-2025
153045;Mirae Asset Nifty 1D Rate Liquid ETF - Growth;INF769K01MY5;;1047.3245;;;25-Aug-2025
151908;Mirae Asset Nifty 1D Rate Liquid ETF-IDCW;;INF769K01KS1;1000.0000;;;25-Aug-2025
152134;Mirae Asset Nifty 200 Alpha 30 ETF;INF769K01KU7;;25.3474;;;25-Aug-2025
145633;Mirae Asset Nifty 50 ETF;INF769K01EG9;;269.0459;;;25-Aug-2025
151695;Mirae Asset Nifty 8-13 yr Gsec ETF;INF769K01KF8;;28.9352;;;25-Aug-2025
151857;Mirae Asset Nifty Bank ETF;INF769K01KR3;;559.8502;;;25-Aug-2025
152715;Mirae Asset Nifty EV and New Age Automotive ETF;INF769K01LQ3;;30.3901;;;25-Aug-2025
149105;Mirae Asset Nifty Financial Services ETF;INF769K01HI8;;27.1856;;;25-Aug-2025
153642;Mirae Asset Nifty India Internet ETF;INF769K01PB;;14.6368;;;25-Aug-2025
149786;Mirae Asset Nifty India Manufacturing ETF;INF769K01IB1;;147.7930;;;25-Aug-2025
153191;Mirae Asset Nifty India New Age Consumption ETF;INF769K01NS5;;12.2066;;;25-Aug-2025
152155;Mirae Asset Nifty IT ETF;INF769K01KV5;;37.6862;;;25-Aug-2025
152924;Mirae Asset Nifty Metal ETF;INF769K01LY7;;9.4789;;;25-Aug-2025
149918;Mirae Asset Nifty Midcap 150 ETF;INF769K01IC9;;21.7981;;;25-Aug-2025
152634;Mirae Asset Nifty MidSmallcap400 Momentum Quality 100 ETF;INF769K01LJ8;;48.5315;;;25-Aug-2025
147906;Mirae Asset Nifty Next 50 ETF;INF769K01FN2;;693.9544;;;25-Aug-2025
152929;Mirae Asset Nifty PSU Bank ETF;INF769K01LZ4;;70.0756;;;25-Aug-2025
152455;Mirae Asset Nifty Smallcap 250 Momentum Quality 100 ETF;INF769K01LC3;;45.5746;;;25-Aug-2025
153519;Mirae Asset Nifty 50 Equal Weight ETF;;;318.1361;;;25-Aug-2025
152811;Mirae Asset Nifty500 Multicap 50:25:25 ETF;INF769K01LX9;;16.1598;;;25-Aug-2025
151779;Mirae Asset Silver ETF;INF769K01KG6;;113.9705;;;25-Aug-2025

Motilal Oswal Mutual Fund
150517;Motilal Oswal BSE Enhanced Value ETF;INF247L01BE5;;101.4439;;;25-Aug-2025
150445;Motilal Oswal BSE Healthcare ETF;INF247L01BB1;;45.3497;;;25-Aug-2025
153564;Motilal Oswal BSE India Infrastructure ETF;INF247L01FL1;;58.3676;;;25-Aug-2025
149921;Motilal Oswal BSE Low Volatility ETF;INF247L01BL0;;37.9409;;;25-Aug-2025
150520;Motilal Oswal BSE Quality ETF;INF247L01BH8;;192.5349;;;25-Aug-2025
149801;Motilal Oswal Nifty 200 Momentum 30 ETF;INF247L01BK2;;62.1175;;;25-Aug-2025
148620;Motilal Oswal Nifty 5 year Benchmark G-sec ETF;INF247L01AK4;;61.7200;;;25-Aug-2025
153532;MOTILAL OSWAL NIFTY 50 EQUAL WEIGHT ETF;INF247L01FC0;;31.8449;;;25-Aug-2025
113069;Motilal Oswal Nifty 50 ETF;INF247L01536;;258.9281;;;25-Aug-2025
152106;Motilal Oswal Nifty 500 ETF;INF247L01BU1;;23.4233;;;25-Aug-2025
152874;Motilal Oswal Nifty 500 Momentum 50 ETF;INF247L01DK8;;51.7783;;;25-Aug-2025
153724;Motilal Oswal Nifty Alpha 50 ETF;INF247L01FR8;;51.2529;;;25-Aug-2025
153406;Motilal Oswal Nifty Capital Market ETF;INF247L01EV3;;44.1279;;;25-Aug-2025
152846;Motilal Oswal Nifty India Defence ETF;INF247L01DJ0;;84.4666;;;25-Aug-2025
153572;Motilal Oswal Nifty India Manufacturing ETF;INF247L01FK3;;145.1264;;;25-Aug-2025
153618;Motilal Oswal Nifty India Tourism ETF;INF247L01FP2;;93.6785;;;25-Aug-2025
114456;Motilal Oswal Nifty Midcap 100 ETF;INF247L01023;;62.0005;;;25-Aug-2025
153694;Motilal Oswal Nifty Midcap150 Momentum 50 ETF;INF247L01FQ0;;62.5412;;;25-Aug-2025
153535;MOTILAL OSWAL NIFTY NEXT 50 ETF;INF247L01FD8;;67.2947;;;25-Aug-2025
153608;Motilal Oswal Nifty PSE ETF;INF247L01FO5;;95.1680;;;25-Aug-2025
152541;Motilal Oswal Nifty Realty ETF;INF247L01CI4;;91.6932;;;25-Aug-2025
152546;Motilal Oswal Nifty Smallcap 250 ETF;INF247L01CH6;;17.1094;;;25-Aug-2025
153820;Motilal Oswal Silver ETF;INF247L01FZ1;;116.0407;;;25-Aug-2025

Nippon India Mutual Fund
140107;CPSE ETF;INF457M01133;;89.7979;;;25-Aug-2025
153569;Nippon India BSE Sensex Next 30 ETF;INF204KC1EZ3;;38.8874;;;25-Aug-2025
131331;Nippon India ETF BSE Sensex;INF204KA1UN7;;930.1327;;;25-Aug-2025
147579;Nippon India ETF BSE Sensex Next 50;INF204KB15D0;;88.0455;;;25-Aug-2025
140095;Nippon India ETF Hang Seng BeES;INF204KB19I1;;420.8766;;;25-Aug-2025
121146;Nippon India ETF Nifty 100;INF204K014N5;;270.3136;;;25-Aug-2025
140086;Nippon India ETF Nifty 1D Rate Liquid BeES - DAILY IDCW Option;INF732E01037;;1000.0000;;;25-Aug-2025
148800;Nippon India ETF Nifty 5 yr Benchmark G-Sec;INF204KC1030;;62.3396;;;25-Aug-2025
140084;Nippon India ETF Nifty 50 BeES;INF204KB14I2;;281.7418;;;25-Aug-2025
140094;Nippon India ETF Nifty 50 Shariah BeES;INF732E01128;;505.6246;;;25-Aug-2025
134782;Nippon India ETF Nifty 50 Value 20;INF204KA17D8;;148.3925;;;25-Aug-2025
139496;Nippon India ETF Nifty 8-13 yr G-Sec Long Term Gilt;INF204KB1882;;28.5601;;;25-Aug-2025
140087;Nippon India ETF Nifty Bank BeES;INF204KB15I9;;569.4945;;;25-Aug-2025
128639;Nippon India ETF Nifty Dividend Opportunities 50;INF204KA1MS3;;77.3167;;;25-Aug-2025
128331;Nippon India ETF Nifty India Consumption;INF204KA1LD7;;135.6461;;;25-Aug-2025
140102;Nippon India ETF Nifty Infrastructure BeES;INF732E01268;;941.3942;;;25-Aug-2025
148408;Nippon India ETF Nifty IT;INF204KB15V2;;39.5722;;;25-Aug-2025
146271;Nippon India ETF Nifty Midcap 150;INF204KB1V68;;220.6688;;;25-Aug-2025
140085;Nippon India ETF Nifty Next 50 Junior BeES;INF732E01045;;727.0462;;;25-Aug-2025
140089;Nippon India ETF Nifty PSU Bank BeES;INF204KB16I7;;77.8342;;;25-Aug-2025
148798;Nippon India ETF Nifty SDL Apr 2026 Top 20 Equal Weight;INF204KC1022;;132.8542;;;25-Aug-2025
153725;Nippon India Nifty 1D Rate Liquid ETF-Growth;INF204KC1FU1;;1005.0195;;;25-Aug-2025
149465;Nippon India Nifty Auto ETF;INF204KC1337;;261.2346;;;25-Aug-2025
149008;Nippon India Nifty Pharma ETF;INF204KC1089;;22.9163;;;25-Aug-2025
149758;Nippon India Silver ETF;INF204KC1402;;109.8046;;;25-Aug-2025

Quantum Mutual Fund
108479;Quantum Nifty 50 ETF;INF082J01028;;2723.7432;;;25-Aug-2025

SBI Mutual Fund
134014;SBI BSE 100 ETF;INF200KA1572;;288.1533;;;25-Aug-2025
153435;SBI BSE PSU BANK ETF;INF200KB1712;;40.5525;;;25-Aug-2025
121109;SBI BSE SENSEX ETF;INF200K01VT2;;901.7387;;;25-Aug-2025
144916;SBI BSE Sensex Next 50 ETF;INF200KA1VQ2;;901.1774;;;25-Aug-2025
139430;SBI Nifty 10 yr Benchmark G-Sec ETF;INF200KA1JT1;;255.1189;;;25-Aug-2025
153796;SBI Nifty 1D Rate Liquid ETF - Growth;INF200KB1969;;1002.6938;;;25-Aug-2025
152168;SBI NIFTY 1D Rate Liquid ETF - IDCW;;INF200KA13Z8;1000.0000;;;25-Aug-2025
145648;SBI Nifty 200 Quality 30 ETF;INF200KA1WX6;;222.9021;;;25-Aug-2025
135106;SBI Nifty 50 ETF;INF200KA1FS1;;266.3030;;;25-Aug-2025
134008;SBI Nifty Bank ETF;INF200KA1580;;564.9578;;;25-Aug-2025
149041;SBI Nifty Consumption ETF;INF200KA1X17;;125.6535;;;25-Aug-2025
148542;SBI Nifty IT ETF;INF200KA1S14;;395.0350;;;25-Aug-2025
134013;SBI Nifty Next 50 ETF;INF200KA1598;;720.4430;;;25-Aug-2025
148541;SBI Nifty Private Bank ETF;INF200KA1S22;;271.9217;;;25-Aug-2025
152749;SBI Nifty50 Equal Weight ETF;INF200KB1282;;31.9521;;;25-Aug-2025
152725;SBI Silver ETF;INF200KB1217;;114.6834;;;25-Aug-2025

Shriram Mutual Fund
152741;Shriram Nifty 1D Rate Liquid ETF - Growth;INF680P01422;;1067.5117;;;25-Aug-2025

Tata Mutual Fund
145801;Tata Nifty 50 Exchange Traded Fund;INF277K015R5;;269.3327;;;25-Aug-2025
149959;Tata Nifty India Digital Exchange Traded Fund;INF277KA1364;;94.9619;;;25-Aug-2025
147614;Tata Nifty Private Bank Exchange Traded Fund;INF277K010X4;;275.5668;;;25-Aug-2025
152285;Tata Silver Exchange Traded Fund;INF277KA1984;;11.3170;;;25-Aug-2025

UTI Mutual Fund
146388;UTI - BSE Sensex Next 50 Exchange Traded Fund;INF789F1AUU3;;89.8326;;;25-Aug-2025
141665;UTI Nifty Next 50 Exchange Traded Fund;INF789F1AUW9;;72.5718;;;25-Aug-2025
135321;UTI BSE Sensex ETF;INF789FB1X58;;896.1775;;;25-Aug-2025
152369;UTI Nifty 10 yr Benchmark G-Sec ETF;INF789F1AZF3;;25.6888;;;25-Aug-2025
152368;UTI Nifty 5 yr Benchmark G-Sec ETF;INF789F1AZE6;;62.5908;;;25-Aug-2025
135320;UTI Nifty 50 ETF;INF789F1AZC0;;274.1594;;;25-Aug-2025
148173;UTI Nifty Bank ETF;INF789F1AUV1;;56.8762;;;25-Aug-2025
152355;UTI Nifty IT ETF;INF789F1AZD8;;373.8846;;;25-Aug-2025
152050;UTI Nifty Midcap 150 Exchange Traded Fund;INF789F1AYX9;;215.8083;;;25-Aug-2025
151730;UTI Silver Exchange Traded Fund;INF789F1AYK6;;112.2461;;;25-Aug-2025

Zerodha Mutual Fund
152667;Zerodha Nifty 100 ETF;INF0R8F01067;;10.6532;;;25-Aug-2025
152327;Zerodha Nifty 1D Rate Liquid ETF - Growth Option;INF0R8F01034;;110.1149;;;25-Aug-2025
153811;Zerodha Nifty 8-13 Yr G-Sec ETF;INF0R8F01133;;29.0723;;;25-Aug-2025
152668;Zerodha Nifty Midcap 150 ETF;INF0R8F01059;;10.672;;;25-Aug-2025
153413;Zerodha Silver ETF;INF0R8F01091;;11.8814;;;25-Aug-2025

Open Ended Schemes ( Other Scheme - FoF Overseas )


Bandhan Mutual Fund
149098;BANDHAN US EQUITY FUND OF FUND - GROWTH - DIRECT PLAN;INF194KB1CF2;;17.775;;;25-Aug-2025
149100;BANDHAN US EQUITY FUND OF FUND - GROWTH - REGULAR PLAN;INF194KB1CC9;;17.042;;;25-Aug-2025
149099;BANDHAN US EQUITY FUND OF FUND - IDCW - DIRECT PLAN;INF194KB1CG0;;17.775;;;25-Aug-2025
149097;BANDHAN US EQUITY FUND OF FUND - IDCW - REGULAR PLAN;INF194KB1CD7;;17.042;;;25-Aug-2025

Invesco Mutual Fund
149961;Invesco India - Invesco EQQQ Nasdaq-100 ETF Fund of Fund - Direct Plan - Growth;INF205KA1585;;19.3125;;;25-Aug-2025
149960;Invesco India - Invesco EQQQ Nasdaq-100 ETF Fund of Fund - Regular Plan - Growth;INF205KA1577;;19.1579;;;25-Aug-2025
148614;Invesco India - Invesco Global Consumer Trends Fund of Fund - Direct Plan - Growth;INF205KA1270;;12.1679;;;25-Aug-2025
148615;Invesco India - Invesco Global Consumer Trends Fund of Fund - Direct Plan - IDCW (Payout / Reinvestment);INF205KA1262;INF205KA1288;12.1682;;;25-Aug-2025
148613;Invesco India - Invesco Global Consumer Trends Fund of Fund - Growth;INF205KA1247;;11.6115;;;25-Aug-2025
148612;Invesco India - Invesco Global Consumer Trends Fund of Fund - IDCW (Payout / Reinvestment);INF205KA1239;INF205KA1254;11.611;;;25-Aug-2025
129188;Invesco India - Invesco Global Equity Income Fund of Fund - Direct Plan - Growth;INF205K01B49;;34.5623;;;25-Aug-2025
129190;Invesco India - Invesco Global Equity Income Fund of Fund - Direct Plan - IDCW (Payout / Reinvestment);INF205K01B56;INF205K01B64;34.1533;;;25-Aug-2025
129187;Invesco India - Invesco Global Equity Income Fund of Fund - Regular Plan - Growth;INF205K01B15;;31.2598;;;25-Aug-2025
129189;Invesco India - Invesco Global Equity Income Fund of Fund - Regular Plan - IDCW (Payout / Reinvestment);INF205K01B23;INF205K01B31;31.2142;;;25-Aug-2025
126353;Invesco India - Invesco Pan European Equity Fund of Fund - Direct Plan - Growth Option;INF205K01A24;;22.1181;;;25-Aug-2025
126352;Invesco India - Invesco Pan European Equity Fund of Fund - Direct Plan - IDCW (Payout / Reinvestment);INF205K01A32;INF205K01A40;22.0527;;;25-Aug-2025
126351;Invesco India - Invesco Pan European Equity Fund of Fund - Regular Plan - Growth Option;INF205K01ZZ9;;20.3063;;;25-Aug-2025
126350;Invesco India - Invesco Pan European Equity Fund of Fund - Regular Plan - IDCW (Payout / Reinvestment);INF205K01A08;INF205K01A16;20.306;;;25-Aug-2025

Mahindra Manulife Mutual Fund
149230;Mahindra Manulife Asia Pacific REITs FOF - Direct Plan - Growth;INF174V01AY0;;10.1775;;;25-Aug-2025
149231;Mahindra Manulife Asia Pacific REITs FOF - Direct Plan - IDCW;INF174V01BA8;INF174V01AZ7;10.1775;;;25-Aug-2025
149228;Mahindra Manulife Asia Pacific REITs FOF - Regular Plan - Growth;INF174V01AV6;;9.8050;;;25-Aug-2025
149229;Mahindra Manulife Asia Pacific REITs FOF - Regular Plan - IDCW;INF174V01AX2;INF174V01AW4;9.8050;;;25-Aug-2025

Open Ended Schemes ( Other Scheme - FoF Domestic )


Aditya Birla Sun Life Mutual Fund
120546;Aditya Birla Sun Life Gold Fund - Growth - Direct Plan;INF209K01YU5;;30.4274;;;25-Aug-2025
120545;Aditya Birla Sun Life Gold Fund-DIRECT - IDCW;INF209K01YT7;;30.4266;;;25-Aug-2025
116796;Aditya Birla Sun Life Gold Fund-Growth;INF209K01PF4;;29.2641;;;25-Aug-2025
116795;Aditya Birla Sun Life Gold Fund-REGULAR - IDCW;INF209K01PG2;INF209K01PH0;29.2629;;;25-Aug-2025
149780;Aditya Birla Sun Life Silver ETF FOF-Direct Growth;INF209KB16F2;;18.3891;;;25-Aug-2025
149781;Aditya Birla Sun Life Silver ETF FOF-Direct IDCW;INF209KB17F0;INF209KB18F8;18.3851;;;25-Aug-2025
149783;Aditya Birla Sun Life Silver ETF FOF-Regular Growth;INF209KB13F9;;18.0805;;;25-Aug-2025
149784;Aditya Birla Sun Life Silver ETF FOF-Regular IDCW;INF209KB14F7;INF209KB15F4;18.078;;;25-Aug-2025

Axis Mutual Fund
120473;Axis Gold Fund - Direct Plan - Growth option;INF846K01DS2;;31.8801;;;25-Aug-2025
120472;Axis Gold Fund - Direct Plan - IDCW;INF846K01DQ6;INF846K01DR4;31.9101;;;25-Aug-2025
115897;Axis Gold Fund - Regular Plan - Growth Option;INF846K01AL3;;29.3106;;;25-Aug-2025
115898;Axis Gold Fund - Regular Plan - IDCW;INF846K01AM1;INF846K01AN9;29.3476;;;25-Aug-2025
149847;Axis Multi Factor Passive FoF - Direct Plan - Growth Option;INF846K011G9;;15.1682;;;25-Aug-2025
149846;Axis Multi Factor Passive FoF - Direct Plan - IDCW;INF846K012G7;INF846K013G5;15.1678;;;25-Aug-2025
149844;Axis Multi Factor Passive FoF - Regular Plan - Growth Option;INF846K014G3;;15.0288;;;25-Aug-2025
149845;Axis Multi Factor Passive FoF - Regular Plan - IDCW;INF846K015G0;INF846K016G8;15.0288;;;25-Aug-2025
149243;Axis Nifty AAA Bond Plus SDL Apr 2026 50:50 ETF FOF - Direct Plan - Growth Option;INF846K017C5;;12.4008;;;25-Aug-2025
149242;Axis Nifty AAA Bond Plus SDL Apr 2026 50:50 ETF FOF - Regular Plan - Growth Option;INF846K010D8;;12.3383;;;25-Aug-2025
149245;Axis Nifty AAA Bond Plus SDL Apr 2026 50:50 ETF FOF - Regular Plan - IDCW Option;INF846K011D6;INF846K012D4;12.3383;;;25-Aug-2025
149244;Axis Nifty AAA Bond Plus SDL April 2026 50:50 ETF FOF - Direct Plan - IDCW Option;INF846K018C3;INF846K019C1;12.4008;;;25-Aug-2025
150618;Axis Silver Fund of Fund - Regular Plan - IDCW Option;INF846K019J6;INF846K010K3;19.9512;;;25-Aug-2025
150617;Axis Silver Fund of Fund -Regular Plan- Growth Option;INF846K018J8;;19.9512;;;25-Aug-2025
150616;Axis Silver Fund of Fund- Direct Plan - IDCW Option;INF846K016J2;INF846K017J0;20.2502;;;25-Aug-2025
150615;Axis Silver Fund of Fund- Direct Plan-Growth Option;INF846K015J4;;20.2502;;;25-Aug-2025

Bandhan Mutual Fund
112332;BANDHAN Asset Allocation Fund - Regular Plan - Aggressive Plan - Growth;INF194K01953;;45.8333;;;25-Aug-2025
112331;BANDHAN Asset Allocation Fund - Regular Plan - Aggressive Plan - IDCW;INF194K01961;INF194K01979;25.7845;;;25-Aug-2025
118485;BANDHAN Asset Allocation Fund Of Fund-Aggressive Plan-Direct Plan-Growth;INF194K012B6;;49.5895;;;25-Aug-2025
118484;BANDHAN Asset Allocation Fund Of Fund-Aggressive Plan-Direct Plan-IDCW;INF194K013B4;INF194K014B2;34.1705;;;25-Aug-2025
112327;BANDHAN Asset Allocation Fund - Regular Plan - Conservative Plan - Growth;INF194K01987;;33.6637;;;25-Aug-2025
112328;BANDHAN Asset Allocation Fund - Regular Plan - Conservative Plan - IDCW;INF194K01995;INF194K01AA1;17.6475;;;25-Aug-2025
118486;BANDHAN Asset Allocation Fund Of Fund-Conservative Plan-Direct Plan-Growth;INF194K016A9;;36.1054;;;25-Aug-2025
118487;BANDHAN Asset Allocation Fund Of Fund-Conservative Plan-Direct Plan-IDCW;INF194K017A7;INF194K018A5;18.6328;;;25-Aug-2025
112329;BANDHAN Asset Allocation Fund - Regular Plan - Moderate Plan - Growth;INF194K01AB9;;40.6244;;;25-Aug-2025
112330;BANDHAN Asset Allocation Fund - Regular Plan - Moderate Plan - IDCW;INF194K01AC7;INF194K01AD5;21.8780;;;25-Aug-2025
118489;BANDHAN Asset Allocation Fund Of Fund-Moderate Plan-Direct Plan-Growth;INF194K019A3;;43.5270;;;25-Aug-2025
118488;BANDHAN Asset Allocation Fund Of Fund-Moderate Plan-Direct Plan-IDCW;INF194K010B0;INF194K011B8;22.9927;;;25-Aug-2025
118408;Bandhan Income Plus Arbitrage Fund of Funds - Direct Plan - Annual IDCW;INF194K01U98;INF194K01U80;15.1500;;;25-Aug-2025
118409;Bandhan Income Plus Arbitrage Fund of Funds - Direct Plan - Daily IDCW;;INF194K01V63;12.4262;;;25-Aug-2025
118414;Bandhan Income Plus Arbitrage Fund of Funds - Direct Plan - Fortnightly IDCW;INF194K01V55;INF194K01V48;12.3843;;;25-Aug-2025
118410;Bandhan Income Plus Arbitrage Fund of Funds - Direct Plan - Growth;INF194K01U72;;46.3351;;;25-Aug-2025
118411;Bandhan Income Plus Arbitrage Fund of Funds - Direct Plan - Half Yearly IDCW;INF194K01V14;INF194K01V06;16.0126;;;25-Aug-2025
131398;Bandhan Income Plus Arbitrage Fund of Funds - Direct Plan - Periodic IDCW;INF194KA1TV4;INF194KA1TW2;15.9262;;;25-Aug-2025
118413;Bandhan Income Plus Arbitrage Fund of Funds - Direct Plan - Quarterly IDCW;INF194K01V30;INF194K01V22;12.8651;;;25-Aug-2025
118412;Bandhan Income Plus Arbitrage Fund of Funds - Direct Plan - Weekly IDCW;;INF194K01V71;12.4388;;;25-Aug-2025
108547;Bandhan Income Plus Arbitrage Fund of Funds - Regular Plan - Annual IDCW;INF194K01SG0;INF194K01SF2;14.8527;;;25-Aug-2025
117868;Bandhan Income Plus Arbitrage Fund of Funds - Regular Plan - Daily IDCW;;INF194K01F55;12.3569;;;25-Aug-2025
115874;Bandhan Income Plus Arbitrage Fund of Funds - Regular Plan - Fortnightly IDCW;INF194K01SM8;INF194K01SL0;12.1455;;;25-Aug-2025
108545;Bandhan Income Plus Arbitrage Fund of Funds - Regular Plan - Growth;INF194K01SE5;;44.0509;;;25-Aug-2025
108546;Bandhan Income Plus Arbitrage Fund of Funds - Regular Plan - Half Yearly IDCW;INF194K01SI6;INF194K01SH8;13.2275;;;25-Aug-2025
131399;Bandhan Income Plus Arbitrage Fund of Funds - Regular Plan - Periodic IDCW;INF194KA1TS0;INF194KA1TT8;15.4046;;;25-Aug-2025
108544;Bandhan Income Plus Arbitrage Fund of Funds - Regular Plan - Quarterly IDCW;INF194K01SK2;INF194K01SJ4;12.7646;;;25-Aug-2025
117867;Bandhan Income Plus Arbitrage Fund of Funds - Regular Plan - Weekly IDCW;;INF194K01F63;12.3717;;;25-Aug-2025

Baroda BNP Paribas Mutual Fund
153536;Baroda BNP Paribas Income Plus Arbitrage Active FOF Direct Growth;INF251K01UT7;;10.1120;;;25-Aug-2025
153540;Baroda BNP Paribas Income Plus Arbitrage Active FOF Direct IDCW Payout;INF251K01UU5;INF251K01UV3;10.1120;;;25-Aug-2025
153541;Baroda BNP Paribas Income Plus Arbitrage Active FOF Regular Growth;INF251K01UR1;;10.1068;;;25-Aug-2025
153538;Baroda BNP Paribas Income Plus Arbitrage Active FOF Regular IDCW Payout;INF251K01UX9;INF251K01US9;10.1068;;;25-Aug-2025
153552;Baroda BNP Paribas Multi Asset Active FOF Direct Growth;INF251K01UO8;;10.1410;;;25-Aug-2025
153550;Baroda BNP Paribas Multi Asset Active FOF Direct IDCW Payout;INF251K01UP5;INF251K01UQ3;10.1410;;;25-Aug-2025
153548;Baroda BNP Paribas Multi Asset Active FOF Regular Growth;INF251K01UM2;;10.1198;;;25-Aug-2025
153549;Baroda BNP Paribas Multi Asset Active FOF Regular ICDW Payout;INF251K01UN0;INF251K01UW1;10.1198;;;25-Aug-2025

DSP Mutual Fund
152183;DSP Gold ETF Fund of Fund - Direct - Growth;INF740KA1TK6;;15.9284;;;25-Aug-2025
152184;DSP Gold ETF Fund of Fund - Direct - IDCW;INF740KA1TL4;INF740KA1TM2;15.9284;;;25-Aug-2025
152182;DSP Gold ETF Fund of Fund - Regular - Growth;INF740KA1TH2;;15.8233;;;25-Aug-2025
152181;DSP Gold ETF Fund of Fund - Regular - IDCW;INF740KA1TI0;INF740KA1TJ8;15.8233;;;25-Aug-2025
153487;DSP Silver ETF Fund of Fund - Direct - Growth;INF740KA1VZ0;;12.2619;;;25-Aug-2025
153489;DSP Silver ETF Fund of Fund - Direct - IDCW;INF740KA1WA1;INF740KA1WB9;12.2619;;;25-Aug-2025
153486;DSP Silver ETF Fund of Fund - Regular - Growth;INF740KA1VW7;;12.2463;;;25-Aug-2025
153488;DSP Silver ETF Fund of Fund - Regular - IDCW;INF740KA1VX5;INF740KA1VY3;12.2463;;;25-Aug-2025

Groww Mutual Fund
153745;Groww BSE Power ETF FOF Direct Growth;INF666M01LN4;;9.9606;;;25-Aug-2025
153746;Groww BSE Power ETF FOF Direct IDCW;INF666M01LO2;INF666M01LP9;9.9606;;;25-Aug-2025
153748;Groww BSE Power ETF FOF Regular Growth;INF666M01LQ7;;9.9582;;;25-Aug-2025
153747;Groww BSE Power ETF FOF Regular IDCW;INF666M01LR5;INF666M01LS3;9.9582;;;25-Aug-2025
152980;Groww Gold ETF FOF - DIRECT - GROWTH;INF666M01IX9;;12.5388;;;25-Aug-2025
153004;Groww Gold ETF FOF - DIRECT - IDCW;INF666M01IY7;INF666M01IZ4;12.5387;;;25-Aug-2025
153006;Groww Gold ETF FOF - REGULAR - GROWTH;INF666M01JA5;;12.5065;;;25-Aug-2025
153005;Groww Gold ETF FOF - REGULAR - IDCW;INF666M01JB3;INF666M01JC1;12.5066;;;25-Aug-2025
153328;Groww Nifty 200 ETF FOF - Direct - Growth;INF666M01JQ1;;11.6373;;;25-Aug-2025
153343;Groww Nifty 200 ETF FOF - Direct - IDCW;INF666M01JR9;INF666M01JS7;11.6372;;;25-Aug-2025
153342;Groww Nifty 200 ETF FOF - Regular - Growth;INF666M01JT5;;11.6058;;;25-Aug-2025
153344;Groww Nifty 200 ETF FOF - Regular - IDCW;INF666M01JU3;INF666M01JW9;11.6059;;;25-Aug-2025
153453;Groww Nifty 500 Momentum 50 ETF FOF - Direct Plan - Growth;INF666M01JX7;;10.4102;;;25-Aug-2025
153454;Groww Nifty 500 Momentum 50 ETF FOF - Direct Plan - IDCW;INF666M01JY5;INF666M01KB1;10.4217;;;25-Aug-2025
153455;Groww Nifty 500 Momentum 50 ETF FOF - Regular Plan - IDCW;INF666M01KH8;INF666M01KI6;10.3943;;;25-Aug-2025
153456;Groww Nifty 500 Momentum 50 ETF FOF - Regular Plan- Growth;INF666M01KC9;;10.3943;;;25-Aug-2025
152771;Groww Nifty EV & New Age Automotive ETF FOF - Direct Plan - IDCW;INF666M01IM2;INF666M01IN0;9.3202;;;25-Aug-2025
152773;Groww Nifty EV & New Age Automotive ETF FOF - Regular Plan - Growth;INF666M01II0;;9.278;;;25-Aug-2025
152772;Groww Nifty EV & New Age Automotive ETF FOF - Regular Plan - IDCW;INF666M01IJ8;INF666M01IK6;9.2781;;;25-Aug-2025
152770;Groww Nifty EV & New Age Automotive ETF FOF- Direct Plan - Growth;INF666M01IL4;;9.3197;;;25-Aug-2025
152926;Groww Nifty India Defence ETF FOF - Direct - IDCW;INF666M01IR1;INF666M01IS9;11.3771;;;25-Aug-2025
152925;Groww Nifty India Defence ETF FOF - Direct Growth;INF666M01IQ3;;11.3769;;;25-Aug-2025
152927;Groww Nifty India Defence ETF FOF - Regular - Growth;INF666M01IT7;;11.3372;;;25-Aug-2025
152928;Groww Nifty India Defence ETF FOF - Regular - IDCW;INF666M01IU5;INF666M01IV3;11.3356;;;25-Aug-2025
153626;Groww Nifty India Internet ETF FOF - Direct - Growth;INF666M01LC7;;10.8831;;;25-Aug-2025
153632;Groww Nifty India Internet ETF FOF - Direct - IDCW;INF666M01LD5;INF666M01LE3;10.8831;;;25-Aug-2025
153633;Groww Nifty India Internet ETF FOF - Regular - Growth;INF666M01LF0;;10.8758;;;25-Aug-2025
153631;Groww Nifty India Internet ETF FOF - Regular - IDCW;INF666M01LG8;INF666M01LH6;10.8757;;;25-Aug-2025
153525;Groww Silver ETF FOF - Direct - Growth;INF666M01KQ9;;11.6934;;;25-Aug-2025
153526;Groww Silver ETF FOF - Direct - IDCW;INF666M01KR7;INF666M01KS5;11.6935;;;25-Aug-2025
153527;Groww Silver ETF FOF - Regular - Growth;INF666M01KX5;;11.6797;;;25-Aug-2025
153528;Groww Silver ETF FOF - Regular - IDCW;INF666M01KY3;INF666M01KZ0;11.6797;;;25-Aug-2025

HDFC Mutual Fund
119132;HDFC Gold ETF Fund of Fund - Direct Plan;INF179K01VX0;;31.5134;;;25-Aug-2025
115934;HDFC Gold ETF Fund of Fund - Growth Option;INF179K01LC5;;30.0889;;;25-Aug-2025
130533;HDFC Income Plus Arbitrage Active FOF - Growth Option;INF179KA1SF8;;39.1322;;;25-Aug-2025
130543;HDFC Income Plus Arbitrage Active FOF - Growth Option - Direct Plan;INF179KA1SC5;;43.1592;;;25-Aug-2025
130540;HDFC Income Plus Arbitrage Active FOF - IDCW Option;INF179KA1SG6;;34.2907;;;25-Aug-2025
130547;HDFC Income Plus Arbitrage Active FOF - IDCW Option - Direct Plan;INF179KA1SD3;;37.9105;;;25-Aug-2025
148901;HDFC Multi-Asset Active FOF - Growth Option;INF179KC1BD7;;18.304;;;25-Aug-2025
148903;HDFC Multi-Asset Active FOF - Growth Option -Direct Plan;INF179KC1BA3;;19.251;;;25-Aug-2025
148900;HDFC Multi-Asset Active FOF - IDCW Option;INF179KC1BE5;;18.304;;;25-Aug-2025
148902;HDFC Multi-Asset Active FOF - IDCW Option - Direct Plan;INF179KC1BB1;;19.251;;;25-Aug-2025
150736;HDFC Silver ETF Fund of Fund - Growth Option;INF179KC1DV5;;19.3505;;;25-Aug-2025
150737;HDFC Silver ETF Fund of Fund - Growth Option - Direct Plan;INF179KC1DU7;;19.5512;;;25-Aug-2025

ICICI Prudential Mutual Fund
143904;ICICI Prudential BHARAT 22 FOF - Cumulative Option;INF109KC1FW3;;31.2131;;;25-Aug-2025
143903;ICICI Prudential BHARAT 22 FOF - Direct Plan Cumulative Option;INF109KC1FX1;;31.2232;;;25-Aug-2025
149331;ICICI Prudential BSE 500 ETF FOF - Direct Plan - Growth;INF109KC1V91;;15.8259;;;25-Aug-2025
149333;ICICI Prudential BSE 500 ETF FOF - Direct Plan - IDCW;INF109KC1W09;INF109KC1W17;15.8257;;;25-Aug-2025
149334;ICICI Prudential BSE 500 ETF FOF - Growth;INF109KC1V67;;15.5472;;;25-Aug-2025
149332;ICICI Prudential BSE 500 ETF FOF - IDCW;INF109KC1V75;INF109KC1V83;15.5470;;;25-Aug-2025
120313;ICICI Prudential Income plus Arbitrage Active FOF - Direct Plan - Growth;INF109K01W82;;67.5277;;;25-Aug-2025
120314;ICICI Prudential Income plus Arbitrage Active FOF - Direct Plan - IDCW;INF109K01W66;INF109K01W74;52.2183;;;25-Aug-2025
102139;ICICI Prudential Income Plus Arbitrage Active FOF - Growth;INF109K01811;;62.8634;;;25-Aug-2025
102140;ICICI Prudential Income plus Arbitrage Active FOF - IDCW;INF109K01EB9;INF109K01829;48.2376;;;25-Aug-2025
148822;ICICI Prudential Nifty 100 Low Volatility 30 ETF FOF - Direct Plan - Growth;INF109KC1P81;;18.7729;;;25-Aug-2025
148823;ICICI Prudential Nifty 100 Low Volatility 30 ETF FOF - Direct Plan - IDCW;INF109KC1Q07;INF109KC1P99;18.7730;;;25-Aug-2025
148821;ICICI Prudential Nifty 100 Low Volatility 30 ETF FOF - Growth;INF109KC1P57;;18.4146;;;25-Aug-2025
148824;ICICI Prudential Nifty 100 Low Volatility 30 ETF FOF - IDCW;INF109KC1P73;INF109KC1P65;18.4146;;;25-Aug-2025
149158;ICICI Prudential Nifty Alpha Low - Volatility 30 ETF FOF - Direct Plan - Growth;INF109KC1R89;;14.9696;;;25-Aug-2025
149160;ICICI Prudential Nifty Alpha Low - Volatility 30 ETF FOF - Direct Plan - IDCW;INF109KC1S05;INF109KC1R97;14.9691;;;25-Aug-2025
149157;ICICI Prudential Nifty Alpha Low - Volatility 30 ETF FOF - Growth;INF109KC1R55;;14.7009;;;25-Aug-2025
149159;ICICI Prudential Nifty Alpha Low - Volatility 30 ETF FOF - IDCW;INF109KC1R71;INF109KC1R63;14.7009;;;25-Aug-2025
153394;ICICI Prudential Nifty EV & New Age Automotive ETF FOF - Direct Plan - Growth;INF109K1A120;;11.5193;;;25-Aug-2025
153395;ICICI Prudential Nifty EV & New Age Automotive ETF FOF - Direct Plan - IDCW;INF109K1A146;INF109K1A138;11.5193;;;25-Aug-2025
153396;ICICI Prudential Nifty EV & New Age Automotive ETF FOF - Growth;INF109K1A096;;11.4988;;;25-Aug-2025
153393;ICICI Prudential Nifty EV & New Age Automotive ETF FOF - IDCW;INF109K1A112;INF109K1A104;11.4988;;;25-Aug-2025
102134;ICICI Prudential Passive Strategy Fund (FOF) - IDCW;INF109K01DW7;INF109K01803;126.2846;;;25-Aug-2025
120243;ICICI Prudential Passive Strategy Fund (FOF) - Direct Plan -  IDCW;INF109K01W33;INF109K01W41;133.5630;;;25-Aug-2025
120242;ICICI Prudential Passive Strategy Fund (FOF) - Direct Plan - Growth;INF109K01W58;;169.6149;;;25-Aug-2025
102133;ICICI Prudential Passive Strategy Fund (FOF) - Growth;INF109K01795;;162.0849;;;25-Aug-2025
120685;ICICI Prudential Regular Gold Savings Fund (FOF) - Direct Plan -  Growth;INF109K01U92;;32.2671;;;25-Aug-2025
120686;ICICI Prudential Regular Gold Savings Fund (FOF) - Direct Plan -  IDCW;INF109K01U76;INF109K01U84;32.2701;;;25-Aug-2025
115833;ICICI Prudential Regular Gold Savings Fund (FOF) - Growth;INF109K01TK8;;31.1754;;;25-Aug-2025
115834;ICICI Prudential Regular Gold Savings Fund (FOF) - IDCW;INF109K01TM4;INF109K01TL6;31.1759;;;25-Aug-2025
149775;ICICI PRUDENTIAL SILVER ETF FUND OF FUND - Direct Plan - Growth;INF109KC1Y98;;18.1163;;;25-Aug-2025
149776;ICICI PRUDENTIAL SILVER ETF FUND OF FUND - Direct Plan - IDCW;INF109KC1Z06;INF109KC1Z14;18.1165;;;25-Aug-2025
149777;ICICI PRUDENTIAL SILVER ETF FUND OF FUND - Growth;INF109KC1Y64;;17.7991;;;25-Aug-2025
149778;ICICI PRUDENTIAL SILVER ETF FUND OF FUND - IDCW;INF109KC1Y72;INF109KC1Y80;17.7988;;;25-Aug-2025

Invesco Mutual Fund
120530;Invesco India Gold ETF Fund of Fund - Direct Plan - IDCW (Payout / Reinvestment);INF205K01NH3;INF205K01NI1;29.4506;;;25-Aug-2025
120531;Invesco India Gold ETF Fund of Fund - Direct Plan- - Growth;INF205K01NJ9;;29.4958;;;25-Aug-2025
116077;Invesco India Gold ETF Fund of Fund - Growth;INF205K01FA4;;28.4137;;;25-Aug-2025
116075;Invesco India Gold ETF Fund of Fund - IDCW (Payout / Reinvestment);INF205K01FB2;INF205K01FC0;28.4172;;;25-Aug-2025
153697;Invesco India Income Plus Arbitrage Active Fund of Fund - Direct Plan - Growth;INF205KA1BA3;;1002.4137;;;25-Aug-2025
153698;Invesco India Income Plus Arbitrage Active Fund of Fund - Direct Plan - IDCW (Payout / Reinvestment);INF205KA1BB1;INF205KA1BC9;1002.4139;;;25-Aug-2025
153695;Invesco India Income Plus Arbitrage Active Fund of Fund - Growth Plan;INF205KA1AX7;;1002.0183;;;25-Aug-2025
153696;Invesco India Income Plus Arbitrage Active Fund of Fund - IDCW (Payout / Reinvestment);INF205KA1AY5;INF205KA1AZ2;1002.0183;;;25-Aug-2025

Kotak Mahindra Mutual Fund
114758;Kotak Gold Fund Growth;INF174K01AT3;;38.6779;;;25-Aug-2025
119781;Kotak Gold Fund Growth - Direct;INF174K01MP6;;40.7614;;;25-Aug-2025
114757;Kotak Gold Fund Payout of Income Distribution cum capital withdrawal option;INF174K01AU1;INF174K01AV9;38.6779;;;25-Aug-2025
119780;Kotak Gold Fund Payout of Income Distribution cum capital withdrawal option- Direct;INF174K01MQ4;INF174K01MR2;40.7611;;;25-Aug-2025
150822;Kotak Income Plus Arbitrage FOF-Direct Plan-Growth;INF174KA1KJ2;;12.4617;;;25-Aug-2025
150823;Kotak Income Plus Arbitrage FOF-Direct Plan-IDCW;INF174KA1KK0;INF174KA1KL8;12.4619;;;25-Aug-2025
150820;Kotak Income Plus Arbitrage FOF-Regular Plan-Growth;INF174KA1KG8;;12.4216;;;25-Aug-2025
150821;Kotak Income Plus Arbitrage FOF-Regular Plan-IDCW;INF174KA1KH6;INF174KA1KI4;12.4214;;;25-Aug-2025
151603;Kotak Silver ETF Fund of Fund - Direct Plan - Growth Option;INF174KA1MQ3;;15.6942;;;25-Aug-2025
151602;Kotak Silver ETF Fund of Fund - Regular Plan - Growth Option;INF174KA1MR1;;15.5224;;;25-Aug-2025

LIC Mutual Fund
151974;LIC MF Gold ETF Fund of Fund-Direct Plan-Growth;INF397L01BU4;;27.664;;;25-Aug-2025
151973;LIC MF Gold ETF Fund of Fund-Regular Plan-Growth;INF397L01992;;26.2291;;;25-Aug-2025

Mirae Asset Mutual Fund
153380;Mirae Asset BSE 200 Equal Weight ETF Fund of Fund - Direct Plan - Growth;INF769K01OE3;;11.124;;;25-Aug-2025
153381;Mirae Asset BSE 200 Equal Weight ETF Fund of Fund - Direct Plan - IDCW;INF769K01OG8;INF769K01OF0;11.122;;;25-Aug-2025
153382;Mirae Asset BSE 200 Equal Weight ETF Fund of Fund - Regular Plan - Growth;INF769K01OB9;;11.096;;;25-Aug-2025
153383;Mirae Asset BSE 200 Equal Weight ETF Fund of Fund - Regular Plan - IDCW;INF769K01OD5;INF769K01OC7;11.096;;;25-Aug-2025
153385;Mirae Asset BSE Select IPO ETF Fund of Fund - Direct Plan - Growth;INF769K01OK0;;12.214;;;25-Aug-2025
153386;Mirae Asset BSE Select IPO ETF Fund of Fund - Direct Plan - IDCW;INF769K01OM6;INF769K01OL8;12.212;;;25-Aug-2025
153387;Mirae Asset BSE Select IPO ETF Fund of Fund - Regular Plan - Growth;INF769K01OH6;;12.203;;;25-Aug-2025
153388;Mirae Asset BSE Select IPO ETF Fund of Fund - Regular Plan - IDCW;INF769K01OJ2;INF769K01OI4;12.183;;;25-Aug-2025
148500;Mirae Asset Diversified Equity Allocator Passive FOF - Direct Plan - Growth;INF769K01GE9;;24.937;;;25-Aug-2025
148501;Mirae Asset Diversified Equity Allocator Passive FOF - Direct Plan - IDCW;INF769K01GD1;INF769K01GF6;24.957;;;25-Aug-2025
148502;Mirae Asset Diversified Equity Allocator Passive FOF - Regular Plan - Growth;INF769K01GB5;;24.842;;;25-Aug-2025
148503;Mirae Asset Diversified Equity Allocator Passive FOF - Regular Plan - IDCW;INF769K01GA7;INF769K01GC3;24.845;;;25-Aug-2025
153007;Mirae Asset Gold ETF Fund of Fund - Direct Plan - Growth;INF769K01MV1;;12.748;;;25-Aug-2025
153008;Mirae Asset Gold ETF Fund of Fund - Direct Plan - IDCW;INF769K01MW9;INF769K01MX7;12.748;;;25-Aug-2025
153009;Mirae Asset Gold ETF Fund of Fund - Regular Plan - Growth;INF769K01MS7;;12.701;;;25-Aug-2025
153010;Mirae Asset Gold ETF Fund of Fund - Regular Plan - IDCW;INF769K01MT5;INF769K01MU3;12.692;;;25-Aug-2025
149380;Mirae Asset Hang Seng TECH ETF Fund of Fund Regular Plan - Growth Option;INF769K01HT5;;12.591;;;25-Aug-2025
149381;Mirae AssetHang Seng TECH ETF Fund of Fund Direct Plan - Growth Option;INF769K01HU3;;12.808;;;25-Aug-2025
153638;Mirae Asset Income plus Arbitrage Active FOF - Direct Plan - Growth;INF769K01OY1;;10.081;;;25-Aug-2025
153639;Mirae Asset Income plus Arbitrage Active FOF - Direct Plan - IDCW;INF769K01PA8;INF769K01OZ8;10.081;;;25-Aug-2025
153640;Mirae Asset Income plus Arbitrage Active FOF - Regular Plan - Growth;INF769K01OV7;;10.077;;;25-Aug-2025
153641;Mirae Asset Income plus Arbitrage Active FOF - Regular Plan - IDCW;INF769K01OX3;INF769K01OW5;10.077;;;25-Aug-2025
148575;Mirae Asset Nifty 100 ESG Sector Leaders Fund  of Fund Direct IDCW;INF769K01GP5;INF769K01GR1;19.056;;;25-Aug-2025
148573;Mirae Asset Nifty 100 ESG Sector Leaders Fund  of Fund Regular IDCW;INF769K01GM2;INF769K01GO8;18.706;;;25-Aug-2025
148574;Mirae Asset Nifty 100 ESG Sector Leaders Fund of Fund Direct Growth;INF769K01GQ3;;19.060;;;25-Aug-2025
148576;Mirae Asset Nifty 100 ESG Sector Leaders Fund of Fund Regular Growth;INF769K01GN0;;18.744;;;25-Aug-2025
149790;Mirae Asset Nifty India Manufacturing ETF FOF - Direct Plan - Growth;INF769K01HZ2;;18.556;;;25-Aug-2025
149787;Mirae Asset Nifty India Manufacturing ETF FOF - Direct Plan- IDCW;INF769K01HY5;INF769K01IA3;18.557;;;25-Aug-2025
149788;Mirae Asset Nifty India Manufacturing ETF FOF - Regular Plan - Growth;INF769K01HW9;;18.298;;;25-Aug-2025
149789;Mirae Asset Nifty India Manufacturing ETF FOF - Regular Plan - IDCW;INF769K01HV1;INF769K01HX7;18.367;;;25-Aug-2025
153192;Mirae Asset Nifty India New Age Consumption ETF Fund of Fund - Direct Plan - Growth;INF769K01NP1;;10.066;;;25-Aug-2025
153193;Mirae Asset Nifty India New Age Consumption ETF Fund of Fund - Direct Plan - IDCW;INF769K01NR7;INF769K01NQ9;10.066;;;25-Aug-2025
153194;Mirae Asset Nifty India New Age Consumption ETF Fund of Fund - Regular Plan - Growth;INF769K01NM8;;10.039;;;25-Aug-2025
153195;Mirae Asset Nifty India New Age Consumption ETF Fund of Fund - Regular Plan - IDCW;INF769K01NO4;INF769K01NN6;10.039;;;25-Aug-2025
152645;Mirae Asset Nifty MidSmallcap400 Momentum Quality 100 ETF Fund of Fund - Direct Plan - Growth;INF769K01LN0;;9.839;;;25-Aug-2025
152646;Mirae Asset Nifty MidSmallcap400 Momentum Quality 100 ETF Fund of Fund - Direct Plan - IDCW;INF769K01LO8;INF769K01LP5;9.839;;;25-Aug-2025
152647;Mirae Asset Nifty MidSmallcap400 Momentum Quality 100 ETF Fund of Fund - Regular Plan - Growth;INF769K01LK6;;9.774;;;25-Aug-2025
152648;Mirae Asset Nifty MidSmallcap400 Momentum Quality 100 ETF Fund of Fund - Regular Plan - IDCW;INF769K01LL4;INF769K01LM2;9.779;;;25-Aug-2025
152459;Mirae Asset Nifty Smallcap 250 Momentum Quality 100 ETF Fund of Fund - Direct Plan - Growth;INF769K01LG4;;10.117;;;25-Aug-2025
152456;Mirae Asset Nifty Smallcap 250 Momentum Quality 100 ETF Fund of Fund - Direct Plan - IDCW;INF769K01LH2;INF769K01LI0;10.116;;;25-Aug-2025
152457;Mirae Asset Nifty Smallcap 250 Momentum Quality 100 ETF Fund of Fund - Regular Plan - Growth;INF769K01LD1;;10.043;;;25-Aug-2025
152458;Mirae Asset Nifty Smallcap 250 Momentum Quality 100 ETF Fund of Fund - Regular Plan - IDCW;INF769K01LE9;INF769K01LF6;10.046;;;25-Aug-2025
152718;Mirae Asset Nifty200 Alpha 30 ETF Fund of Fund - Direct Plan - Growth;INF769K01LU5;;8.886;;;25-Aug-2025
152719;Mirae Asset Nifty200 Alpha 30 ETF Fund of Fund - Direct Plan - IDCW;INF769K01LV3;INF769K01LW1;8.892;;;25-Aug-2025
152720;Mirae Asset Nifty200 Alpha 30 ETF Fund of Fund - Regular Plan - Growth;INF769K01LR1;;8.850;;;25-Aug-2025
152721;Mirae Asset Nifty200 Alpha 30 ETF Fund of Fund - Regular Plan - IDCW;INF769K01LS9;INF769K01LT7;8.842;;;25-Aug-2025
148928;Mirae Asset NYSE FANG + ETF Fund of Fund Direct Growth;INF769K01HH0;;32.663;;;25-Aug-2025
148929;Mirae Asset NYSE FANG + ETF Fund of Fund Regular Growth;INF769K01HG2;;32.118;;;25-Aug-2025
149170;Mirae Asset S&P 500 Top 50 ETF Fund of Fund Direct Growth;INF769K01HR9;;22.539;;;25-Aug-2025
149171;Mirae Asset S&P 500 Top 50 ETF Fund of Fund Regular Growth;INF769K01HQ1;;22.179;;;25-Aug-2025

Motilal Oswal Mutual Fund
149240;Motilal Oswal 5 Year G-Sec Fund Of Fund Direct -Growth;INF247L01AQ1;;12.5840;;;25-Aug-2025
149241;Motilal Oswal 5 Year G-Sec Fund Of Fund Regular -Growth;INF247L01AR9;;12.5479;;;25-Aug-2025
150642;Motilal Oswal Gold and Silver ETFs Fund of Funds(Direct Plan);INF247L01BM8;;19.1539;;;25-Aug-2025
150641;Motilal Oswal Gold and Silver ETFs Fund of Funds(Regular Plan);INF247L01BN6;;18.9570;;;25-Aug-2025
145552;Motilal Oswal Nasdaq 100 Fund of Fund- Direct Plan Growth;INF247L01718;;43.0090;;;25-Aug-2025
145551;Motilal Oswal Nasdaq 100 Fund of Fund- Regular Plan Growth;INF247L01700;;41.8864;;;25-Aug-2025

Nippon India Mutual Fund
148642;Nippon India Diversified Equity Flexicap Passive FoF - Direct Plan - Growth Option;INF204KB16X6;;21.2610;;;25-Aug-2025
148643;Nippon India Diversified Equity Flexicap Passive FoF - IDCW Option;INF204KB14X1;INF204KB15X8;20.7983;;;25-Aug-2025
148641;Nippon India Diversified Equity Flexicap Passive FoF - Regular Plan - Growth Option;INF204KB13X3;;20.7983;;;25-Aug-2025
148644;Nippon India Diversified Equity Flexicap Passive FoF- DIRECT Plan - IDCW Option;INF204KB17X4;INF204KB18X2;21.2610;;;25-Aug-2025
118662;NIPPON INDIA GOLD SAVINGS FUND - Direct Plan - IDCW Option;INF204K01YD2;INF204K01YE0;40.3045;;;25-Aug-2025
118663;Nippon India Gold Savings Fund - Direct Plan Growth Plan - Growth Option;INF204K01YC4;;40.3045;;;25-Aug-2025
114617;NIPPON INDIA GOLD SAVINGS FUND - IDCW Option;INF204K01KO8;INF204K01KP5;38.5414;;;25-Aug-2025
114616;Nippon India Gold Savings Fund-Growth plan- Growth Option;INF204K01KN0;;38.5414;;;25-Aug-2025
153598;Nippon India Income Plus Arbitrage Active Fund of Fund - Direct Plan-IDCW Payout;INF204KC1FK2;INF204KC1FL0;10.0906;;;25-Aug-2025
153599;Nippon India Income Plus Arbitrage Active Fund of Fund - Regular Plan- IDCW Payout;INF204KC1FH8;INF204KC1FI6;10.0854;;;25-Aug-2025
153601;Nippon India Income Plus Arbitrage Active Fund of Fund -Regular Plan- Growth Option;INF204KC1FG0;;10.0854;;;25-Aug-2025
153600;Nippon India Income Plus Arbitrage Active Fund of Fund- Direct Plan- Growth Option;INF204KC1FJ4;;10.0906;;;25-Aug-2025
148666;Nippon India Multi Asset Active FoF - Direct Plan - Growth Option;INF204KB16Y4;;22.4702;;;25-Aug-2025
148664;Nippon India Multi Asset Active FoF - DIRECT Plan - IDCW Option;INF204KB17Y2;INF204KB18Y0;22.4702;;;25-Aug-2025
148665;Nippon India Multi Asset Active FoF - IDCW Option;INF204KB14Y9;INF204KB15Y6;21.4808;;;25-Aug-2025
148663;Nippon India Multi Asset Active FoF - Regular Plan - Growth Option;INF204KB13Y1;;21.4808;;;25-Aug-2025
146513;Nippon India Nifty Next 50 Junior BeES FoF - Direct Plan - Growth Plan - Growth Option;INF204KB1X25;;25.4486;;;25-Aug-2025
146515;NIPPON INDIA NIFTY NEXT 50 JUNIOR BEES FOF - DIRECT Plan - IDCW Option;INF204KB1X41;INF204KB1X33;25.4486;;;25-Aug-2025
146514;Nippon India Nifty Next 50 Junior BeES FoF - Growth Plan - Growth Option;INF204KB1W91;;25.0644;;;25-Aug-2025
146512;NIPPON INDIA NIFTY NEXT 50 JUNIOR BEES FOF - IDCW Option;INF204KB1X17;INF204KB1X09;25.0644;;;25-Aug-2025
149760;Nippon India Silver ETF FOF- Direct Plan-Growth Option;INF204KC1378;;18.0432;;;25-Aug-2025
149762;Nippon India Silver ETF FOF- Direct Plan-IDCW Option;INF204KC1386;INF204KC1394;18.0432;;;25-Aug-2025
149761;Nippon India Silver ETF FOF- Regular Plan-IDCW Option;INF204KC1352;INF204KC1360;17.7934;;;25-Aug-2025
149759;Nippon India Silver ETF FOF-Regular Plan- Growth Option;INF204KC1345;;17.7934;;;25-Aug-2025

Quantum Mutual Fund
112039;Quantum Equity Fund of Funds - Direct Plan Growth Option;INF082J01093;;85.048;;;25-Aug-2025
112038;Quantum Equity Fund Of Funds - Direct Plan IDCW;INF082J01101;INF082J01119;84.836;;;25-Aug-2025
141063;Quantum Equity Fund of Funds - Regular Plan Growth Option;INF082J01275;;83.548;;;25-Aug-2025
141062;Quantum Equity Fund Of Funds - Regular Plan IDCW;INF082J01283;INF082J01291;83.336;;;25-Aug-2025
115132;Quantum Gold Savings Fund - Direct Plan Growth Option;INF082J01150;;38.5616;;;25-Aug-2025
141064;Quantum Gold Savings Fund - Regular Plan Growth Option;INF082J01358;;38.1128;;;25-Aug-2025
117608;Quantum Multi Asset Fund of Funds - Direct Plan Growth Option;INF082J01168;;34.9155;;;25-Aug-2025
141072;Quantum Multi Asset Fund of Funds - Regular Plan Growth Option;INF082J01341;;34.1068;;;25-Aug-2025
150390;Quantum Nifty 50 ETF Fund of Fund - Direct Plan - Growth;INF082J01416;;14.7728;;;25-Aug-2025
150389;Quantum Nifty 50 ETF Fund of Fund - Regular Plan - Growth;INF082J01424;;14.7186;;;25-Aug-2025

SBI Mutual Fund
119789;SBI Gold Fund - Direct Plan - Income Distribution cum Capital Withdrawal Option (IDCW);INF200K01RN3;INF200K01RO1;30.7728;;;25-Aug-2025
115677;SBI Gold Fund - Regular Plan - Income Distribution cum Capital Withdrawal Option (IDCW);INF200K01HB9;INF200K01HC7;29.4476;;;25-Aug-2025
115676;SBI GOLD FUND REGULAR PLAN - GROWTH;INF200K01HA1;;29.4400;;;25-Aug-2025
119788;SBI GOLD FUND- DIRECT PLAN - GROWTH;INF200K01RP8;;30.8171;;;25-Aug-2025
153498;SBI Income Plus Arbitrage Active FOF- Direct Plan- Growth;INF200KB1753;;10.1505;;;25-Aug-2025
153501;SBI Income Plus Arbitrage Active FOF- Direct Plan- Income Distribution Cum Capital Withdrawal Option;INF200KB1761;INF200KB1779;10.1504;;;25-Aug-2025
153500;SBI Income Plus Arbitrage Active FOF- Regular Plan- Growth;INF200KB1720;;10.1440;;;25-Aug-2025
153499;SBI Income Plus Arbitrage Active FOF- Regular Plan- Income Distribution Cum Capital Withdrawal Option;INF200KB1738;INF200KB1746;10.1441;;;25-Aug-2025
152734;SBI Silver ETF FOF- Regular Plan - Income Distribution Cum Capital Withdrawal Option (IDCW);INF200KB1225;INF200KB1274;12.3912;;;25-Aug-2025
152735;SBI Silver ETF Fund of Fund- Direct Plan - Growth;INF200KB1233;;12.4427;;;25-Aug-2025
152736;SBI Silver ETF Fund of Fund- Direct Plan - Income Distribution Cum Capital Withdrawal Option (IDCW);INF200KB1241;INF200KB1258;12.4428;;;25-Aug-2025
152733;SBI Silver ETF Fund of Fund- Regular Plan - Growth;INF200KB1266;;12.3915;;;25-Aug-2025

Tata Mutual Fund
152287;Tata Gold ETF Fund of Fund Direct Plan Growth Option;INF277KA1869;;15.6245;;;25-Aug-2025
152288;Tata Gold ETF Fund of Fund Direct Plan IDCW Payout Option;INF277KA1885;;15.6245;;;25-Aug-2025
152289;Tata Gold ETF Fund of Fund Direct Plan IDCW Reinvestment Option;;INF277KA1877;15.6245;;;25-Aug-2025
152290;Tata Gold ETF Fund of Fund Regular Plan Growth Option;INF277KA1901;;15.4775;;;25-Aug-2025
152286;Tata Gold ETF Fund of Fund Regular Plan IDCW Payout Option;INF277KA1851;;15.4775;;;25-Aug-2025
152291;Tata Gold ETF Fund of Fund Regular Plan IDCW Reinvestment Option;;INF277KA1919;15.4775;;;25-Aug-2025
153513;Tata Income Plus Arbitrage Active FOF - Direct Plan Growth Option;INF277KA1DT2;;10.0962;;;25-Aug-2025
153512;Tata Income Plus Arbitrage Active FOF - Direct Plan IDCW Payout Option;INF277KA1DV8;;10.0962;;;25-Aug-2025
153509;Tata Income Plus Arbitrage Active FOF - Direct Plan IDCW Reinvestment Option;;INF277KA1DU0;10.0962;;;25-Aug-2025
153511;Tata Income Plus Arbitrage Active FOF - Regular Plan Growth Option;INF277KA1DQ8;;10.0828;;;25-Aug-2025
153510;Tata Income Plus Arbitrage Active FOF - Regular Plan IDCW Payout Option;INF277KA1DS4;;10.0828;;;25-Aug-2025
153514;Tata Income Plus Arbitrage Active FOF - Regular Plan IDCW Reinvestment Option;;INF277KA1DR6;10.0828;;;25-Aug-2025
150345;Tata Nifty India Digital ETF Fund of Fund -Regular Plan-Growth;INF277KA1463;;14.6973;;;25-Aug-2025
150341;Tata Nifty India Digital ETF Fund of Fund-Direct Plan- IDCW Reinvestment;;INF277KA1455;14.9249;;;25-Aug-2025
150344;Tata Nifty India Digital ETF Fund of Fund-Direct Plan-Growth;INF277KA1430;;14.9249;;;25-Aug-2025
150340;Tata Nifty India Digital ETF Fund of Fund-Direct Plan-IDCW Payout;INF277KA1448;;14.9249;;;25-Aug-2025
150342;Tata Nifty India Digital ETF Fund of Fund-Regular Plan-IDCW Payout;INF277KA1471;;14.6973;;;25-Aug-2025
150343;Tata Nifty India Digital ETF Fund of Fund-Regular Plan-IDCW Reinvestment;;INF277KA1489;14.6973;;;25-Aug-2025
152293;Tata Silver ETF Fund of Fund Direct Plan Growth Option;INF277KA1943;;15.7919;;;25-Aug-2025
152294;Tata Silver ETF Fund of Fund Direct Plan IDCW Payout Option;INF277KA1968;;15.7919;;;25-Aug-2025
152295;Tata Silver ETF Fund of Fund Direct Plan IDCW Reinvestment Option;;INF277KA1950;15.7919;;;25-Aug-2025
152297;Tata Silver ETF Fund of Fund Regular Plan Growth Option;INF277KA1893;;15.6720;;;25-Aug-2025
152296;Tata Silver ETF Fund of Fund Regular Plan IDCW Payout Option;INF277KA1935;;15.6720;;;25-Aug-2025
152292;Tata Silver ETF Fund of Fund Regular Plan IDCW Reinvestment Option;;INF277KA1927;15.6720;;;25-Aug-2025

Union Mutual Fund
153340;Union Gold ETF Fund of Fund - Direct Plan - Growth Option;INF582M01LA0;;11.6293;;;25-Aug-2025
153339;Union Gold ETF Fund of Fund - Direct Plan - IDCW Option;INF582M01KW6;;11.6293;;;25-Aug-2025
153338;Union Gold ETF Fund of Fund - Regular Plan - Growth Option;INF582M01KT2;;11.6149;;;25-Aug-2025
153341;Union Gold ETF Fund of Fund - Regular Plan - IDCW Option;INF582M01KU0;;11.6149;;;25-Aug-2025
153575;Union Income Plus Arbitrage Active FOF - Direct Plan - Growth Option;INF582M01LF9;;9.9863;;;25-Aug-2025
153576;Union Income Plus Arbitrage Active FOF - Direct Plan - IDCW Option;INF582M01LG7;INF582M01LH5;9.9863;;;25-Aug-2025
153573;Union Income Plus Arbitrage Active FOF - Regular Plan - Growth Option;INF582M01LB8;;9.9761;;;25-Aug-2025
153574;Union Income Plus Arbitrage Active FOF - Regular Plan - IDCW Option;INF582M01LC6;INF582M01LD4;9.9761;;;25-Aug-2025

UTI Mutual Fund
150714;UTI Gold ETF Fund of Fund - Direct Plan - Growth Option;INF789F1AWB9;;19.3724;;;25-Aug-2025
150715;UTI Gold ETF Fund of Fund - Regular Plan - Growth Opton;INF789F1AWA1;;19.1327;;;25-Aug-2025
153442;UTI Income Plus Arbitrage Active Fund of Fund - Direct Plan - Growth Option;INF789F1AB55;;10.274;;;25-Aug-2025
153441;UTI Income Plus Arbitrage Active Fund of Fund - Regular Plan - Growth Option;INF789F1AB63;;10.2557;;;25-Aug-2025
151731;UTI Silver ETF Fund of Fund - Direct Plan - Growth Option;INF789F1AYL4;;15.1063;;;25-Aug-2025
151732;UTI Silver ETF Fund of Fund - Regular Plan - Growth Option;INF789F1AYM2;;14.975;;;25-Aug-2025

Zerodha Mutual Fund
153011;Zerodha Gold ETF FoF-Direct Plan - Growth Option;INF0R8F01083;;13.1879;;;25-Aug-2025
153757;Zerodha Multi Asset Passive FoF - Direct - Growth;INF0R8F01117;;10.1017;;;25-Aug-2025
153656;Zerodha Silver ETF FoF - Direct Growth;INF0R8F01109;;10.7327;;;25-Aug-2025

Open Ended Schemes ( Equity Scheme - Flexi Cap Fund )


360 ONE Mutual Fund
151796;360 ONE FLEXICAP FUND-DIRECT PLAN- GROWTH;INF579M01AS1;;15.5446;;;25-Aug-2025
151798;360 ONE FLEXICAP FUND-DIRECT PLAN- IDCW;INF579M01AT9;INF579M01AU7;15.5446;;;25-Aug-2025
151799;360 ONE FLEXICAP FUND-REGULAR PLAN- GROWTH;INF579M01AP7;;15.0224;;;25-Aug-2025
151797;360 ONE FLEXICAP FUND-REGULAR PLAN- IDCW;INF579M01AQ5;INF579M01AR3;15.0224;;;25-Aug-2025

Aditya Birla Sun Life Mutual Fund
120564;Aditya Birla Sun Life Flexi Cap Fund - Growth - Direct Plan;INF209K01XX1;;2008.29;;;25-Aug-2025
103166;Aditya Birla Sun Life Flexi Cap Fund - Growth - Regular Plan;INF209K01AJ8;;1795.62;;;25-Aug-2025
120565;Aditya Birla Sun Life Flexi Cap Fund -DIRECT - IDCW;INF209KA1LE0;INF209K01XY9;232.74;;;25-Aug-2025
103165;Aditya Birla Sun Life Flexi Cap Fund -Regular - IDCW;INF209K01AQ3;INF209K01DT1;164.65;;;25-Aug-2025

Axis Mutual Fund
141925;Axis Flexi Cap Fund - Direct Plan - Growth;INF846K01B28;;29.73;;;25-Aug-2025
141926;Axis Flexi Cap fund - Direct Plan - IDCW;INF846K01B02;INF846K01B10;19.39;;;25-Aug-2025
141927;Axis Flexi Cap Fund - Regular Plan - Growth;INF846K01B51;;26.90;;;25-Aug-2025
141928;Axis Flexi Cap Fund - Regular Plan - IDCW;INF846K01B36;INF846K01B44;17.72;;;25-Aug-2025

Bajaj Finserv Mutual Fund
151898;Bajaj Finserv Flexi Cap Fund -Regular Plan-Growth;INF0QA701383;;14.654;;;25-Aug-2025
151895;Bajaj Finserv Flexi Cap Fund-Direct Plan-Growth;INF0QA701342;;15.087;;;25-Aug-2025
151896;Bajaj Finserv Flexi Cap Fund-Direct Plan-IDCW;INF0QA701359;INF0QA701367;15.087;;;25-Aug-2025
151897;Bajaj Finserv Flexi Cap Fund-Regular Plan-IDCW;INF0QA701409;INF0QA701417;14.654;;;25-Aug-2025

Bandhan Mutual Fund
108594;BANDHAN Flexi Cap Fund - Regular Plan - Growth;INF194K01391;;210.127;;;25-Aug-2025
108595;BANDHAN Flexi Cap Fund - Regular Plan - IDCW;INF194K01409;INF194K01417;50.179;;;25-Aug-2025
118424;BANDHAN Flexi Cap Fund-Direct Plan-Growth;INF194K01W62;;229.907;;;25-Aug-2025
118423;BANDHAN Flexi Cap Fund-Direct Plan-IDCW;INF194K01W70;INF194K01W88;54.706;;;25-Aug-2025

Bank of India Mutual Fund
148404;BANK OF INDIA Flexi Cap Fund Direct Plan -Growth;INF761K01FF5;;37.25;;;25-Aug-2025
148406;BANK OF INDIA Flexi Cap Fund Direct Plan -IDCW;INF761K01FE8;INF761K01FG3;31.84;;;25-Aug-2025
148405;BANK OF INDIA Flexi Cap Fund Regular Plan -Growth;INF761K01FI9;;34.35;;;25-Aug-2025
148407;BANK OF INDIA Flexi Cap Fund Regular Plan -IDCW;INF761K01FH1;INF761K01FJ7;31.21;;;25-Aug-2025

Baroda BNP Paribas Mutual Fund
150387;Baroda BNP Paribas Flexi Cap Fund - Direct Plan - Growth Option;INF251K01QZ2;;16.2184;;;25-Aug-2025
150388;Baroda BNP Paribas Flexi Cap Fund - Direct Plan - IDCW Option;INF251K01RA3;INF251K01RB1;14.7953;;;25-Aug-2025
150385;Baroda BNP Paribas Flexi Cap Fund - Regular Plan - Growth Option;INF251K01QW9;;15.5348;;;25-Aug-2025
150386;Baroda BNP Paribas Flexi Cap Fund - Regular Plan - IDCW Option;INF251K01QX7;INF251K01QY5;14.1732;;;25-Aug-2025

Canara Robeco Mutual Fund
118275;CANARA ROBECO FLEXICAP FUND - DIRECT PLAN - GROWTH OPTION;INF760K01EF0;;387.7900;;;25-Aug-2025
118276;CANARA ROBECO FLEXICAP FUND - DIRECT PLAN - IDCW (Payout/Reinvestment);INF760K01ED5;INF760K01EE3;96.3600;;;25-Aug-2025
101922;CANARA ROBECO FLEXICAP FUND - REGULAR PLAN - GROWTH OPTION;INF760K01019;;345.4000;;;25-Aug-2025
101923;CANARA ROBECO FLEXICAP FUND - REGULAR PLAN - IDCW (Payout/Reinvestment);INF760K01027;INF760K01035;63.3200;;;25-Aug-2025

Capitalmind Mutual Fund
153738;CAPITALMIND FLEXI CAP FUND DIRECT GROWTH;INF226401018;;9.9547;;;25-Aug-2025
153739;CAPITALMIND FLEXI CAP FUND REGULAR GROWTH;INF226401026;;9.9464;;;25-Aug-2025

DSP Mutual Fund
119076;DSP Flexi Cap Fund - Direct Plan - Growth;INF740K01PI2;;113.698;;;25-Aug-2025
119077;DSP Flexi Cap Fund - Direct Plan - IDCW;INF740K01PJ0;INF740K01PK8;91.255;;;25-Aug-2025
105875;DSP Flexi Cap Fund - Regular Plan - Growth;INF740K01037;;102.157;;;25-Aug-2025
100080;DSP Flexi Cap Fund - Regular Plan - IDCW;INF740K01011;INF740K01029;63.208;;;25-Aug-2025

Edelweiss Mutual Fund
140353;Edelweiss Flexi Cap Fund - Direct Plan - Growth Option;INF843K01KK1;;44.201;;;25-Aug-2025
140354;Edelweiss Flexi Cap Fund - Direct Plan - IDCW Option;INF843K01KL9;INF843K01KM7;36.289;;;25-Aug-2025
140356;Edelweiss Flexi Cap Fund - Regular - IDCW Option;INF843K01KO3;INF843K01KP0;31.33;;;25-Aug-2025
140355;Edelweiss Flexi Cap Fund - Regular Plan - Growth Option;INF843K01KN5;;38.156;;;25-Aug-2025

Franklin Templeton Mutual Fund
118535;Franklin India Flexi Cap Fund - Direct - Growth;INF090I01FK3;;1825.0198;;;25-Aug-2025
118534;Franklin India Flexi Cap Fund - Direct - IDCW ;INF090I01FL1;INF090I01FM9;75.9955;;;25-Aug-2025
100520;Franklin India Flexi Cap Fund - Growth;INF090I01239;;1638.0330;;;25-Aug-2025
100519;Franklin India Flexi Cap Fund - IDCW ;INF090I01213;INF090I01221;67.5398;;;25-Aug-2025

HDFC Mutual Fund
118955;HDFC Flexi Cap Fund - Growth Option - Direct Plan;INF179K01UT0;;2192.324;;;25-Aug-2025
101762;HDFC Flexi Cap Fund - Growth Plan;INF179K01608;;2003.924;;;25-Aug-2025
118954;HDFC Flexi Cap Fund - IDCW Option - Direct Plan;INF179K01VL5;INF179K01VM3;95.653;;;25-Aug-2025
101763;HDFC Flexi Cap Fund - IDCW Plan;INF179K01582;INF179K01590;79.435;;;25-Aug-2025

Helios Mutual Fund
152135;Helios Flexi Cap Fund - Direct Plan - Growth Option;INF0R8701046;;15.03;;;25-Aug-2025
152138;Helios Flexi Cap Fund - Direct Plan - IDCW Option;INF0R8701053;INF0R8701061;15.02;;;25-Aug-2025
152136;Helios Flexi Cap Fund - Regular Plan - Growth Option;INF0R8701012;;14.63;;;25-Aug-2025
152137;Helios Flexi Cap Fund - Regular Plan - IDCW Option;INF0R8701020;INF0R8701038;14.63;;;25-Aug-2025

HSBC Mutual Fund
120046;HSBC Flexi Cap Fund - Direct Growth;INF336L01DH5;;245.2708;;;25-Aug-2025
120045;HSBC Flexi Cap Fund - Direct IDCW;INF336L01DF9;INF336L01DG7;48.8482;;;25-Aug-2025
102252;HSBC Flexi Cap Fund - Regular Growth;INF336L01AF5;;219.7416;;;25-Aug-2025
102251;HSBC Flexi Cap Fund - Regular IDCW;INF336L01AE8;INF336L01AD0;45.1037;;;25-Aug-2025

ICICI Prudential Mutual Fund
148990;ICICI Prudential Flexicap Fund - Direct Plan - Growth;INF109KC1R14;;20.03;;;25-Aug-2025
148991;ICICI Prudential Flexicap Fund - Direct Plan - IDCW;INF109KC1R22;INF109KC1R30;18.39;;;25-Aug-2025
148989;ICICI Prudential Flexicap Fund - Growth;INF109KC1Q80;;19.07;;;25-Aug-2025
148988;ICICI Prudential Flexicap Fund - IDCW;INF109KC1Q98;INF109KC1R06;17.44;;;25-Aug-2025

Invesco Mutual Fund
149763;Invesco India Flexi Cap Fund - Direct Plan - Growth;INF205KA1494;;20.43;;;25-Aug-2025
149765;Invesco India Flexi Cap Fund - Direct Plan - IDCW;INF205KA1486;INF205KA1502;20.44;;;25-Aug-2025
149766;Invesco India Flexi Cap Fund - Growth;INF205KA1460;;19.34;;;25-Aug-2025
149764;Invesco India Flexi Cap Fund - IDCW;INF205KA1452;INF205KA1478;19.34;;;25-Aug-2025

ITI Mutual Fund
151379;ITI Flexi Cap Fund- Direct Plan- Growth;INF00XX01CO7;;18.6149;;;25-Aug-2025
151380;ITI Flexi Cap Fund- Direct Plan- IDCW;INF00XX01CP4;INF00XX01CQ2;18.6149;;;25-Aug-2025
151377;ITI Flexi Cap Fund- Regular Plan- Growth;INF00XX01CL3;;17.7990;;;25-Aug-2025
151378;ITI Flexi Cap Fund- Regular Plan- IDCW;INF00XX01CM1;INF00XX01CN9;17.7990;;;25-Aug-2025

JM Financial Mutual Fund
120492;JM Flexicap Fund (Direct) - Growth Option;INF192K01CC7;;111.5425;;;25-Aug-2025
120491;JM Flexicap Fund (Direct) - IDCW;INF192K01CA1;INF192K01CB9;101.3866;;;25-Aug-2025
109522;JM Flexicap Fund (Regular) - Growth option;INF192K01635;;97.9044;;;25-Aug-2025
109523;JM Flexicap Fund (Regular) - IDCW;INF192K01619;INF192K01627;75.4429;;;25-Aug-2025

Kotak Mahindra Mutual Fund
112090;Kotak Flexicap Fund - Growth;INF174K01336;;84.539;;;25-Aug-2025
120166;Kotak Flexicap Fund - Growth - Direct;INF174K01LS2;;95.319;;;25-Aug-2025
112089;Kotak Flexicap Fund - Payout of Income Distribution cum capital withdrawal option;INF174K01351;INF174K01344;51.048;;;25-Aug-2025
120165;Kotak Flexicap Fund - Payout of Income Distribution cum capital withdrawal option- Direct;INF174K01LQ6;INF174K01LR4;58.212;;;25-Aug-2025

LIC Mutual Fund
120264;LIC MF Flexi Cap Fund-Direct Plan-Growth;INF767K01EG3;;109.1682;;;25-Aug-2025
120263;LIC MF Flexi Cap Fund-Direct Plan-IDCW;INF767K01EF5;INF767K01EH1;36.7381;;;25-Aug-2025
100313;LIC MF Flexi Cap Fund-Regular Plan-Growth;INF767K01071;;98.9962;;;25-Aug-2025
100312;LIC MF Flexi Cap Fund-Regular Plan-IDCW;INF767K01063;INF767K01055;31.2394;;;25-Aug-2025

Mahindra Manulife Mutual Fund
149104;Mahindra Manulife Flexi Cap Fund - Direct Plan -Growth;INF174V01AS2;;17.4487;;;25-Aug-2025
149103;Mahindra Manulife Flexi Cap Fund - Direct Plan -IDCW;INF174V01AU8;INF174V01AT0;15.0959;;;25-Aug-2025
149101;Mahindra Manulife Flexi Cap Fund - Regular Plan -Growth;INF174V01AP8;;16.2112;;;25-Aug-2025
149102;Mahindra Manulife Flexi Cap Fund - Regular Plan -IDCW;INF174V01AR4;INF174V01AQ6;13.8956;;;25-Aug-2025

Mirae Asset Mutual Fund
151413;Mirae Asset Flexi Cap Fund - Direct Plan -  IDCW;INF769K01JI4;INF769K01JK0;16.341;;;25-Aug-2025
151412;Mirae Asset Flexi Cap Fund - Direct Plan - Growth;INF769K01JJ2;;16.389;;;25-Aug-2025
151414;Mirae Asset Flexi Cap Fund - Regular Plan - Growth;INF769K01JG8;;15.790;;;25-Aug-2025
151415;Mirae Asset Flexi Cap Fund - Regular Plan - IDCW;INF769K01JF0;INF769K01JH6;15.795;;;25-Aug-2025

Motilal Oswal Mutual Fund
129047;Motilal Oswal Flexi Cap Fund Direct - IDCW Payout/Reinvestment;INF247L01528;INF247L01510;36.7020;;;25-Aug-2025
129046;Motilal Oswal Flexi cap Fund Direct Plan-Growth Option;INF247L01502;;69.0269;;;25-Aug-2025
129049;Motilal Oswal Flexi cap Fund Regular - IDCW Payout/Reinvestment;INF247L01494;INF247L01486;35.1373;;;25-Aug-2025
129048;Motilal Oswal Flexi Cap Fund Regular Plan-Growth Option;INF247L01478;;62.2343;;;25-Aug-2025

Navi Mutual Fund
143793;Navi Flexi Cap Fund - Direct Plan - Growth;INF959L01DT9;;26.0572;;;25-Aug-2025
143798;NAVI FLEXI CAP FUND - DIRECT PLAN ANNUAL IDCW PAYOUT;INF959L01EC3;INF959L01ED1;25.8596;;;25-Aug-2025
143797;NAVI FLEXI CAP FUND - DIRECT PLAN HALF YEARLY IDCW PAYOUT;INF959L01EA7;INF959L01EB5;25.8604;;;25-Aug-2025
143796;NAVI FLEXI CAP FUND - DIRECT PLAN MONTHLY IDCW PAYOUT;INF959L01DW3;INF959L01DX1;25.8547;;;25-Aug-2025
143792;NAVI FLEXI CAP FUND - DIRECT PLAN NORMAL IDCW PAYOUT;INF959L01DU7;INF959L01DV5;25.8275;;;25-Aug-2025
143791;NAVI FLEXI CAP FUND - DIRECT PLAN QUARTERLY IDCW PAYOUT;INF959L01DY9;INF959L01DZ6;25.88;;;25-Aug-2025
143787;Navi Flexi Cap Fund - Regular Plan - Growth;INF959L01EE9;;22.6387;;;25-Aug-2025
143795;NAVI FLEXI CAP FUND - REGULAR PLAN ANNUAL IDCW PAYOUT;INF959L01EN0;INF959L01EO8;22.6393;;;25-Aug-2025
143794;NAVI FLEXI CAP FUND - REGULAR PLAN HALF YEARLY IDCW PAYOUT;INF959L01EL4;INF959L01EM2;22.6422;;;25-Aug-2025
143790;NAVI FLEXI CAP FUND - REGULAR PLAN MONTHLY IDCW PAYOUT;INF959L01EH2;INF959L01EI0;22.6476;;;25-Aug-2025
143789;NAVI FLEXI CAP FUND - REGULAR PLAN NORMAL IDCW PAYOUT;INF959L01EF6;INF959L01EG4;22.642;;;25-Aug-2025
143788;NAVI FLEXI CAP FUND - REGULAR PLAN QUARTERLY IDCW PAYOUT;INF959L01EJ8;INF959L01EK6;22.6361;;;25-Aug-2025

Nippon India Mutual Fund
149094;Nippon India Flexi Cap Fund - Direct Plan - Growth Plan - Growth Option;INF204KC1121;;17.6944;;;25-Aug-2025
149095;Nippon India Flexi Cap Fund - Direct Plan - IDCW Option;INF204KC1139;INF204KC1147;17.6944;;;25-Aug-2025
149089;Nippon India Flexi Cap Fund - Regular Plan - Growth Plan - Growth Option;INF204KC1097;;16.7102;;;25-Aug-2025
149096;Nippon India Flexi Cap Fund - Regular Plan - IDCW Option;INF204KC1105;INF204KC1113;16.7102;;;25-Aug-2025

NJ Mutual Fund
151917;NJ Flexi Cap Fund - Direct Plan - Growth Option;INF0J8L01156;;14.06;;;25-Aug-2025
151918;NJ Flexi Cap Fund - Direct Plan - IDCW Option;INF0J8L01164;;14.06;;;25-Aug-2025
151920;NJ Flexi Cap Fund - Regular Plan - Growth Option;INF0J8L01131;;13.62;;;25-Aug-2025
151919;NJ Flexi Cap Fund - Regular Plan - IDCW Option;INF0J8L01149;;13.62;;;25-Aug-2025

PGIM India Mutual Fund
133837;PGIM India Flexi Cap Fund - Direct Plan - Dividend Option;INF663L01FG9;INF663L01FH7;22.27;;;25-Aug-2025
133839;PGIM India Flexi Cap Fund - Direct Plan - Growth Option;INF663L01FF1;;43.06;;;25-Aug-2025
133838;PGIM India Flexi Cap Fund - Regular Plan - Dividend Option;INF663L01FK1;INF663L01FL9;19.69;;;25-Aug-2025
133836;PGIM India Flexi Cap Fund - Regular Plan - Growth Option;INF663L01FJ3;;36.79;;;25-Aug-2025

quant Mutual Fund
109830;quant Flexi Cap Fund - Growth Option - Regular Plan;INF966L01457;;94.9439;;;25-Aug-2025
120843;quant Flexi Cap Fund - Growth Option-Direct Plan;INF966L01911;;105.6464;;;25-Aug-2025
120842;quant Flexi Cap Fund - IDCW Option - Direct Plan;INF966L01895;INF966L01903;71.8127;;;25-Aug-2025
109831;quant Flexi Cap Fund - IDCW Option - Regular Plan;INF966L01432;INF966L01440;67.8582;;;25-Aug-2025

Samco Mutual Fund
149450;Samco Flexi Cap Fund - Direct Plan - Growth Option;INF0K1H01024;;10.70;;;25-Aug-2025
149449;Samco Flexi Cap Fund - Regular Plan - Growth Option;INF0K1H01016;;10.16;;;25-Aug-2025

Shriram Mutual Fund
144905;Shriram Flexi Cap Fund - Direct Growth;INF680P01109;;22.6687;;;25-Aug-2025
144906;Shriram Flexi Cap Fund - Direct-IDCW;INF680P01117;INF680P01125;22.4547;;;25-Aug-2025
144902;Shriram Flexi Cap Fund - Regular Growth;INF680P01075;;20.0528;;;25-Aug-2025
144903;Shriram Flexi Cap Fund - Regular-IDCW;INF680P01083;INF680P01091;20.0485;;;25-Aug-2025

Sundaram Mutual Fund
150571;Sundaram Flexicap Fund Direct Growth;INF903JA1LE2;;15.6705;;;25-Aug-2025
150573;Sundaram Flexicap Fund Direct Plan IDCW Payout;INF903JA1LF9;;14.8639;;;25-Aug-2025
150572;Sundaram Flexicap Fund Direct Plan IDCW Reinvestment;;INF903JA1LG7;14.8639;;;25-Aug-2025
150568;Sundaram Flexicap Fund Regular Growth;INF903JA1LB8;;14.9590;;;25-Aug-2025
150569;Sundaram Flexicap Fund Regular Plan IDCW Payout;INF903JA1LC6;;14.1893;;;25-Aug-2025
150570;Sundaram Flexicap Fund Regular Plan IDCW Reinvestment;;INF903JA1LD4;14.1893;;;25-Aug-2025

Tata Mutual Fund
144547;TATA Flexi Cap Fund - Direct Plan - Payout of Income Distribution cum capital withdrawal option ;INF277K017K6;;27.0365;;;25-Aug-2025
144548;Tata Flexi Cap Fund -Regular Plan-Growth;INF277K019K2;;24.3217;;;25-Aug-2025
144543;TATA Flexi Cap Fund Direct Plan - Reinvestment of Income Distribution cum capital withdrawal option;;INF277K016K8;27.0365;;;25-Aug-2025
144544;TATA Flexi Cap Fund Regular Plan - Payout of Income Distribution cum capital withdrawal option ;INF277K011L7;;24.3217;;;25-Aug-2025
144545;TATA Flexi Cap Fund Regular Plan - Reinvestment of Income Distribution cum capital withdrawal option ;;INF277K010L9;24.3217;;;25-Aug-2025
144546;Tata Flexi Cap Fund-Direct Plan-Growth;INF277K015K0;;27.0365;;;25-Aug-2025

Taurus Mutual Fund
118884;Taurus Flexi Cap Fund - Direct Plan -  Payout of Income Distribution cum Capital Withdrawal option;INF044D01BV7;INF044D01BW5;117.25;;;25-Aug-2025
118883;Taurus Flexi Cap Fund - Direct Plan - Growth;INF044D01BU9;;232.40;;;25-Aug-2025
100476;Taurus Flexi Cap Fund - Regular Plan - Growth ;INF044D01989;;223.39;;;25-Aug-2025
111640;Taurus Flexi Cap Fund - Regular Plan - Payout of Income Distribution cum Capital Withdrawal option;INF044D01955;INF044D01963;108.40;;;25-Aug-2025

Trust Mutual Fund
152584;TRUSTMF Flexi Cap Fund-Direct Plan- Growth;INF0GCD01743;;11.69;;;25-Aug-2025
152585;TRUSTMF Flexi Cap Fund-Direct Plan- IDCW;INF0GCD01750;INF0GCD01768;11.69;;;25-Aug-2025
152582;TRUSTMF Flexi Cap Fund-Regular Plan- Growth;INF0GCD01719;;11.43;;;25-Aug-2025
152583;TRUSTMF Flexi Cap Fund-Regular Plan- IDCW;INF0GCD01727;INF0GCD01735;11.43;;;25-Aug-2025

Unifi Mutual Fund
153543;Unifi Flexi Cap Fund - Direct Growth;INF1MIY01031;;10.1604;;;25-Aug-2025
153542;Unifi Flexi Cap Fund - Regular Growth;INF1MIY01049;;10.1311;;;25-Aug-2025

Union Mutual Fund
119292;Union Flexi Cap Fund - Direct Plan - Growth Option;INF582M01633;;56.96;;;25-Aug-2025
119293;Union Flexi Cap Fund - Direct Plan - IDCW Option;INF582M01658;INF582M01641;49.76;;;25-Aug-2025
115270;Union Flexi Cap Fund - Growth Option;INF582M01104;;51.10;;;25-Aug-2025
115290;Union Flexi Cap Fund - IDCW Option;INF582M01120;INF582M01112;32.27;;;25-Aug-2025

UTI Mutual Fund
100669;UTI - Flexi Cap Fund-Growth Option;INF789F01513;;329.1064;;;25-Aug-2025
120662;UTI - Flexi Cap Fund-Growth Option - Direct;INF789F01TC4;;353.1995;;;25-Aug-2025
120663;UTI Flexi Cap Fund - Direct Plan - IDCW;INF789F01TA8;INF789F01TB6;235.0486;;;25-Aug-2025
100668;UTI Flexi Cap Fund - Regular Plan - IDCW;INF189A01053;INF789F01505;217.5842;;;25-Aug-2025

WhiteOak Capital Mutual Fund
150349;WhiteOak Capital Flexi Cap Fund Direct Plan IDCW;INF03VN01555;INF03VN01548;18.184;;;25-Aug-2025
150346;WhiteOak Capital Flexi Cap Fund Direct Plan-Growth;INF03VN01530;;18.184;;;25-Aug-2025
150348;WhiteOak Capital Flexi Cap Fund Regular Plan IDCW;INF03VN01522;INF03VN01514;17.369;;;25-Aug-2025
150347;WhiteOak Capital Flexi Cap Fund Regular Plan-Growth;INF03VN01506;;17.369;;;25-Aug-2025

Close Ended Schemes ( Income )


Aditya Birla Sun Life Mutual Fund
149017;Aditya Birla Sun Life Fixed Term Plan - Series TI (1837 days) - Direct Plan - Growth Option;INF209KB12A2;;12.9237;;;25-Aug-2025
149018;Aditya Birla Sun Life Fixed Term Plan - Series TI (1837 days) - Direct Plan - Payout of IDCW option;INF209KB13A0;;12.9257;;;25-Aug-2025
149015;Aditya Birla Sun Life Fixed Term Plan - Series TI (1837 days) - Regular Plan - Growth Option;INF209KB10A6;;12.8701;;;25-Aug-2025
149016;Aditya Birla Sun Life Fixed Term Plan - Series TI (1837 days) - Regular Plan - Payout of IDCW option;INF209KB11A4;;12.8702;;;25-Aug-2025
149062;Aditya Birla Sun Life Fixed Term Plan - Series TJ (1838 days) - Direct Plan - Growth Option;INF209KB16A3;;12.9356;;;25-Aug-2025
149063;Aditya Birla Sun Life Fixed Term Plan - Series TJ (1838 days) - Direct Plan - Payout of IDCW Option;INF209KB17A1;;12.937;;;25-Aug-2025
149064;Aditya Birla Sun Life Fixed Term Plan - Series TJ (1838 days) - Regular Plan - Growth Option;INF209KB14A8;;12.886;;;25-Aug-2025
149065;Aditya Birla Sun Life Fixed Term Plan - Series TJ (1838 days) - Regular Plan - Payout of IDCW Option;INF209KB15A5;;12.886;;;25-Aug-2025
150316;Aditya Birla Sun Life Fixed Term Plan - Series TQ (1879 days) - Direct Plan - Growth Option;INF209KB14H3;;12.5149;;;25-Aug-2025
150314;Aditya Birla Sun Life Fixed Term Plan - Series TQ (1879 days) - Regular Plan - Growth Option;INF209KB12H7;;12.4836;;;25-Aug-2025
150315;Aditya Birla Sun Life Fixed Term Plan - Series TQ (1879 days) - Regular Plan - Payout of IDCW option;INF209KB13H5;;12.4833;;;25-Aug-2025
151186;Aditya Birla Sun Life Fixed Term Plan - Series UB (1224 days) - Direct Plan Growth Option;INF209KB18P7;;12.1373;;;25-Aug-2025
151189;Aditya Birla Sun Life Fixed Term Plan - Series UB (1224 days) - Regular Plan - Payout of IDCW Option;INF209KB17P9;;12.1046;;;25-Aug-2025
151188;Aditya Birla Sun Life Fixed Term Plan - Series UB (1224 days)- Regular Plan - Growth Option;INF209KB16P1;;12.1047;;;25-Aug-2025
151700;Aditya Birla Sun Life Fixed Term Plan - Series UJ (1110 days) - Direct Plan - Growth Option;INF209KB13V6;;11.9402;;;25-Aug-2025
151702;Aditya Birla Sun Life Fixed Term Plan - Series UJ (1110 days) - Direct Plan - Payout of IDCW Option;INF209KB14V4;;11.9512;;;25-Aug-2025
151703;Aditya Birla Sun Life Fixed Term Plan - Series UJ (1110 days) - Regular Plan - Growth Option;INF209KB11V0;;11.912;;;25-Aug-2025
151701;Aditya Birla Sun Life Fixed Term Plan - Series UJ (1110 days) - Regular Plan - Payout of IDCW Option;INF209KB12V8;;11.9128;;;25-Aug-2025
106412;Aditya Birla Sun Life Interval Income Fund - Quarterly Series 1 - Growth - Regular Plan;INF209K01HN5;;34.1692;;;25-Aug-2025
106413;Aditya Birla Sun Life Interval Income Fund - Quarterly Series 1 - institutional - IDCW;INF209K01HR6;INF209K01HS4;10.;;;25-Aug-2025
106411;Aditya Birla Sun Life Interval Income Fund - Quarterly Series 1 - Regular - IDCW;INF209K01HO3;INF209K01HP0;10.;;;25-Aug-2025
119535;Aditya Birla Sun Life Interval Income Fund - Quarterly Series I - Growth - Direct Plan;INF209K01YQ3;;34.4054;;;25-Aug-2025

Axis Mutual Fund
151501;Axis Fixed Term Plan - Series 112 (1143 Days) - Direct Plan - Growth;INF846K018O8;;12.0964;;;25-Aug-2025
151506;Axis Fixed Term Plan - Series 112 (1143 Days) - Regular  Plan - Growth;INF846K011P0;;12.0381;;;25-Aug-2025
151504;Axis Fixed Term Plan - Series 112 (1143 Days) - Regular Plan -  Half Yearly IDCW Payout;INF846K013P6;;12.0381;;;25-Aug-2025
151503;Axis Fixed Term Plan - Series 112 (1143 Days) - Regular Plan - Quarterly IDCW Payout;INF846K012P8;;12.0385;;;25-Aug-2025
151586;Axis Fixed Term Plan - Series 113 (1228 Days) - Direct Plan - Growth;INF846K011Q8;;11.9979;;;25-Aug-2025
151587;Axis Fixed Term Plan - Series 113 (1228 Days) - Direct Plan - Quarterly IDCW;INF846K012Q6;;11.9980;;;25-Aug-2025
151588;Axis Fixed Term Plan - Series 113 (1228 Days) - Regular Plan - Growth;INF846K014Q2;;11.9318;;;25-Aug-2025
151629;Axis Fixed Term Plan - Series 113 (1228 Days) - Regular Plan - Half Yearly IDCW;INF846K016Q7;;11.9318;;;25-Aug-2025
151589;Axis Fixed Term Plan - Series 113 (1228 Days) - Regular Plan - Quarterly IDCW;INF846K015Q9;;11.9378;;;25-Aug-2025

Bandhan Mutual Fund
146699;BANDHAN Fixed Term Plan Series 179 DIRECT PLAN HALF YEARLY-IDCW (3652 days);INF194KB1793;;11.6992;;;25-Aug-2025
146701;BANDHAN Fixed Term Plan Series 179 DIRECT PLAN-GROWTH (3652 days);INF194KB1777;;17.1212;;;25-Aug-2025
146702;BANDHAN Fixed Term Plan Series 179 REGULAR PLAN PERIODIC-IDCW (3652 days);INF194KB1769;;14.5101;;;25-Aug-2025
146695;BANDHAN Fixed Term Plan Series 179 REGULAR PLAN-GROWTH (3652 days);INF194KB1736;;16.8471;;;25-Aug-2025

DSP Mutual Fund
149190;DSP FMP Series - 264 - 60M - 17D - Direct - Growth;INF740KA1QH8;;12.6583;;;25-Aug-2025
149191;DSP FMP Series - 264 - 60M - 17D - Direct - IDCW;INF740KA1QI6;INF740KA1QJ4;12.6582;;;25-Aug-2025
149189;DSP FMP Series - 264 - 60M - 17D - Regular - IDCW;INF740KA1QF2;INF740KA1QG0;12.5831;;;25-Aug-2025
149188;DSP FMP Series - 264 - 60M - 17D - Regular Plan - Growth;INF740KA1QE5;;12.5835;;;25-Aug-2025
150842;DSP FMP Series - 267 - 1246 Days - Direct - Growth;INF740KA1RI4;;12.2738;;;25-Aug-2025
150840;DSP FMP Series - 267 - 1246 Days - Direct - IDCW;INF740KA1RK0;INF740KA1RJ2;12.2737;;;25-Aug-2025
150843;DSP FMP Series - 267 - 1246 Days - Regular - Growth;INF740KA1RF0;;12.2363;;;25-Aug-2025
150841;DSP FMP Series - 267 - 1246 Days - Regular - IDCW;INF740KA1RH6;INF740KA1RG8;12.2363;;;25-Aug-2025
150885;DSP FMP Series - 268 - 1281 Days - Direct - Growth;INF740KA1RO2;;12.2479;;;25-Aug-2025
150886;DSP FMP Series - 268 - 1281 Days - Direct - IDCW;INF740KA1RQ7;INF740KA1RP9;12.2469;;;25-Aug-2025
150884;DSP FMP Series - 268 - 1281 Days - Regular - Growth;INF740KA1RL8;;12.1975;;;25-Aug-2025
150887;DSP FMP Series - 268 - 1281 Days - Regular - IDCW;INF740KA1RN4;INF740KA1RM6;12.1975;;;25-Aug-2025
151449;DSP FMP Series - 270 - 1144 Days - Direct - Growth;INF740KA1SN2;;12.0461;;;25-Aug-2025
151450;DSP FMP Series - 270 - 1144 Days - Direct - IDCW;INF740KA1SO0;INF740KA1SP7;12.0467;;;25-Aug-2025
151447;DSP FMP Series - 270 - 1144 Days - Regular - Growth;INF740KA1SK8;;12.016;;;25-Aug-2025
151448;DSP FMP Series - 270 - 1144 Days - Regular - IDCW;INF740KA1SL6;INF740KA1SM4;12.016;;;25-Aug-2025

HDFC Mutual Fund
151865;HDFC Charity Fund for Cancer Cure - IDCW Option - 50% IDCW Donation Option;INF179KC1HC6;;10.3204;;;25-Aug-2025
151863;HDFC Charity Fund for Cancer Cure - IDCW Option - 75% IDCW Donation Option;INF179KC1HD4;;10.3204;;;25-Aug-2025
151862;HDFC Charity Fund for Cancer Cure - IDCW Option - Direct Plan - 50% IDCW Donation Option;INF179KC1HA0;;10.3205;;;25-Aug-2025
151864;HDFC Charity Fund for Cancer Cure - IDCW Option - Direct Plan - 75% IDCW Donation Option;INF179KC1HB8;;10.3205;;;25-Aug-2025
150396;HDFC FMP 1158D July 2022 - Growth Option;INF179KC1CX3;;12.2555;;;25-Aug-2025
150395;HDFC FMP 1158D July 2022 - Growth Option - Direct Plan;INF179KC1CU9;;12.3586;;;25-Aug-2025
150398;HDFC FMP 1158D July 2022 - IDCW Option;INF179KC1CY1;;12.2555;;;25-Aug-2025
150400;HDFC FMP 1158D July 2022 - IDCW Option - Direct Plan;INF179KC1CV7;;12.3586;;;25-Aug-2025
150399;HDFC FMP 1158D July 2022 - Quarterly IDCW Option;INF179KC1CZ8;;10.0925;;;25-Aug-2025
150397;HDFC FMP 1158D July 2022 - Quarterly IDCW Option - Direct Plan;INF179KC1CW5;;10.0975;;;25-Aug-2025
151224;HDFC FMP 1204D December - Growth Option;INF179KC1EQ3;;12.0336;;;25-Aug-2025
151225;HDFC FMP 1204D December - Growth Option - Direct Plan;INF179KC1EN0;;12.1137;;;25-Aug-2025
151220;HDFC FMP 1204D December - IDCW Option;INF179KC1ER1;;12.0336;;;25-Aug-2025
151221;HDFC FMP 1204D December - IDCW Option - Direct Plan;INF179KC1EO8;;12.1137;;;25-Aug-2025
151222;HDFC FMP 1204D December - Quarterly IDCW Option;INF179KC1ES9;;10.5122;;;25-Aug-2025
151223;HDFC FMP 1204D December - Quarterly IDCW Option - Direct Plan;INF179KC1EP5;;10.5173;;;25-Aug-2025
151564;HDFC FMP 1269D March 2023 - Growth Option;;;11.9201;;;25-Aug-2025
151565;HDFC FMP 1269D March 2023 - Growth Option - Direct Plan;;;11.9929;;;25-Aug-2025
151566;HDFC FMP 1269D March 2023 - IDCW Option;;;11.9201;;;25-Aug-2025
151567;HDFC FMP 1269D March 2023 - IDCW Option - Direct Plan;;;11.9929;;;25-Aug-2025
151568;HDFC FMP 1269D March 2023 - Quarterly IDCW Option;;;10.199;;;25-Aug-2025
151569;HDFC FMP 1269D March 2023 - Quarterly IDCW Option - Direct Plan;;;10.2038;;;25-Aug-2025
150651;HDFC FMP 1359D September - Growth Option;;;12.3224;;;25-Aug-2025
150655;HDFC FMP 1359D September - Growth Option - Direct Plan;;;12.4117;;;25-Aug-2025
150652;HDFC FMP 1359D September - IDCW Option;;;12.3224;;;25-Aug-2025
150653;HDFC FMP 1359D September - IDCW Option - Direct Plan;;;12.4117;;;25-Aug-2025
150656;HDFC FMP 1359D September - Quarterly IDCW Option;;;10.1859;;;25-Aug-2025
150654;HDFC FMP 1359D September - Quarterly IDCW Option - Direct Plan;;;10.191;;;25-Aug-2025
150546;HDFC FMP 1406D August 2022 - Growth Option;INF179KC1DF8;;12.2935;;;25-Aug-2025
150547;HDFC FMP 1406D August 2022 - Growth Option - Direct Plan;INF179KC1DC5;;12.3898;;;25-Aug-2025
150550;HDFC FMP 1406D August 2022 - IDCW Option;INF179KC1DG6;;12.2935;;;25-Aug-2025
150548;HDFC FMP 1406D August 2022 - IDCW Option - Direct Plan;INF179KC1DD3;;12.3898;;;25-Aug-2025
150551;HDFC FMP 1406D August 2022 - Quarterly IDCW Option;INF179KC1DH4;;10.0983;;;25-Aug-2025
150549;HDFC FMP 1406D August 2022 - Quarterly IDCW Option - Direct Plan;INF179KC1DE1;;10.1034;;;25-Aug-2025
149922;HDFC FMP 1861D March 2022 - Growth Option;INF179KC1CF0;;12.4941;;;25-Aug-2025
149924;HDFC FMP 1861D March 2022 - Growth Option - Direct Plan;INF179KC1CC7;;12.566;;;25-Aug-2025
149925;HDFC FMP 1861D March 2022 - IDCW Option;INF179KC1CG8;;12.4941;;;25-Aug-2025
149926;HDFC FMP 1861D March 2022 - IDCW Option - Direct Plan;INF179KC1CD5;;12.566;;;25-Aug-2025
149927;HDFC FMP 1861D March 2022 - Quarterly Dividend Option;INF179KC1CH6;;10.0756;;;25-Aug-2025
149923;HDFC FMP 1861D March 2022 - Quarterly Dividend Option - Direct Plan;INF179KC1CE3;;10.0787;;;25-Aug-2025
150001;HDFC FMP 1876D March 2022 - Growth Option;INF179KC1CR5;;12.4608;;;25-Aug-2025
150002;HDFC FMP 1876D March 2022 - Growth Option - Direct Plan;INF179KC1CO2;;12.5243;;;25-Aug-2025
150004;HDFC FMP 1876D March 2022 - IDCW Option;INF179KC1CS3;;12.4608;;;25-Aug-2025
150003;HDFC FMP 1876D March 2022 - IDCW Option - Direct Plan;INF179KC1CP9;;12.5243;;;25-Aug-2025
150005;HDFC FMP 1876D March 2022 - Quarterly Dividend Option;INF179KC1CT1;;10.0815;;;25-Aug-2025
150006;HDFC FMP 1876D March 2022 - Quarterly Dividend Option - Direct Plan;INF179KC1CQ7;;10.0842;;;25-Aug-2025
151465;HDFC FMP 2638D February 2023 - Growth Option;;;12.4001;;;25-Aug-2025
151470;HDFC FMP 2638D February 2023 - Growth Option - Direct Plan;;;12.4791;;;25-Aug-2025
151468;HDFC FMP 2638D February 2023 - IDCW Option;;;12.4001;;;25-Aug-2025
151467;HDFC FMP 2638D February 2023 - Quarterly IDCW Option;;;10.2911;;;25-Aug-2025
151469;HDFC FMP 2638D February 2023 - Quarterly IDCW Option - Direct Plan;;;10.2962;;;25-Aug-2025

ICICI Prudential Mutual Fund
146797;ICICI Prudential Fixed Maturity Plan - Series 85 - 10 Years Plan I - Cumulative Option;INF109KC1VQ2;;16.8587;;;25-Aug-2025
146795;ICICI Prudential Fixed Maturity Plan - Series 85 - 10 Years Plan I - Direct Plan Cumulative Option;INF109KC1VT6;;17.0667;;;25-Aug-2025
146800;ICICI Prudential Fixed Maturity Plan - Series 85 - 10 Years Plan I - Quarterly IDCW Option;INF109KC1VR0;;16.7565;;;25-Aug-2025
150950;ICICI Prudential Fixed Maturity Plan - Series 88 - 1226 Days Plan F - Direct Plan - Growth;INF109KC17M6;;12.1601;;;25-Aug-2025
150953;ICICI Prudential Fixed Maturity Plan - Series 88 - 1226 Days Plan F - Direct Plan - Half Yearly IDCW;INF109KC19M2;;12.1085;;;25-Aug-2025
150952;ICICI Prudential Fixed Maturity Plan - Series 88 - 1226 Days Plan F - Direct Plan - Quarterly IDCW;INF109KC18M4;;12.0558;;;25-Aug-2025
150949;ICICI Prudential Fixed Maturity Plan - Series 88 - 1226 Days Plan F - Growth;INF109KC14M3;;12.0903;;;25-Aug-2025
150954;ICICI Prudential Fixed Maturity Plan - Series 88 - 1226 Days Plan F - Half Yearly IDCW;INF109KC16M8;;12.0387;;;25-Aug-2025
150951;ICICI Prudential Fixed Maturity Plan - Series 88 - 1226 Days Plan F - Quarterly IDCW;INF109KC15M0;;11.9882;;;25-Aug-2025
151493;ICICI Prudential Fixed Maturity Plan - Series 88 - 1303 Days Plan S - Direct Plan - Growth;INF109KC14R2;;12.0946;;;25-Aug-2025
151492;ICICI Prudential Fixed Maturity Plan - Series 88 - 1303 Days Plan S - Direct Plan - IDCW;INF109KC15R9;;12.0946;;;25-Aug-2025
151491;ICICI Prudential Fixed Maturity Plan - Series 88 - 1303 Days Plan S - Growth;INF109KC12R6;;12.0207;;;25-Aug-2025
151494;ICICI Prudential Fixed Maturity Plan - Series 88 - 1303 Days Plan S - IDCW;INF109KC13R4;;12.0207;;;25-Aug-2025

Kotak Mahindra Mutual Fund
149139;Kotak FMP Series 292 - Direct Plan - Growth;INF174KA1HM2;;12.7878;;;25-Aug-2025
149138;Kotak FMP Series 292 - Direct Plan - IDCW Payout;INF174KA1HN0;;12.7878;;;25-Aug-2025
149136;Kotak FMP Series 292 - Regular Plan - Growth;INF174KA1HK6;;12.634;;;25-Aug-2025
149137;Kotak FMP Series 292 - Regular Plan - IDCW Payout;INF174KA1HL4;;12.634;;;25-Aug-2025
151174;Kotak FMP Series 300 - Direct Plan - Growth;INF174KA1KX3;;12.1456;;;25-Aug-2025
151175;Kotak FMP Series 300 - Direct Plan - IDCW Payout;INF174KA1KY1;;12.1457;;;25-Aug-2025
151172;Kotak FMP Series 300 - Regular Plan - Growth;INF174KA1KV7;;12.1127;;;25-Aug-2025
151173;Kotak FMP Series 300 - Regular Plan - IDCW Payout;INF174KA1KW5;;12.1131;;;25-Aug-2025
151286;Kotak FMP Series 304-Direct Plan-Growth Option;INF174KA1LP7;;12.5372;;;25-Aug-2025
151287;Kotak FMP Series 304-Direct Plan-Payout of IDCW;INF174KA1LQ5;;12.536;;;25-Aug-2025
151285;Kotak FMP Series 304-Regular Plan-Growth Option;INF174KA1LN2;;12.5265;;;25-Aug-2025
151288;Kotak FMP Series 304-Regular Plan-Payout of IDCW;INF174KA1LO0;;12.5264;;;25-Aug-2025
151316;Kotak FMP Series 305 - Direct Plan - Growth;INF174KA1LT9;;12.0762;;;25-Aug-2025
151317;Kotak FMP Series 305 - Direct Plan - IDCW;INF174KA1LU7;;12.0761;;;25-Aug-2025
151315;Kotak FMP Series 305 - Regular Plan - Growth;INF174KA1LR3;;12.0291;;;25-Aug-2025
151318;Kotak FMP Series 305 - Regular Plan - IDCW;INF174KA1LS1;;12.0291;;;25-Aug-2025
151681;Kotak FMP Series 308 - Direct Plan - Growth;INF174KA1NG2;;12.1281;;;25-Aug-2025
151682;Kotak FMP Series 308 - Direct Plan - IDCW Payout;INF174KA1NH0;;12.1274;;;25-Aug-2025
151679;Kotak FMP Series 308 - Regular Plan - Growth;INF174KA1NE7;;12.0354;;;25-Aug-2025
151680;Kotak FMP Series 308 - Regular Plan - IDCW Payout;INF174KA1NF4;;12.0354;;;25-Aug-2025
151686;Kotak FMP Series 310 - Direct Plan - Growth Option;INF174KA1NO6;;11.9317;;;25-Aug-2025
151683;Kotak FMP Series 310 - Regular Plan - Growth Option;INF174KA1NM0;;11.8589;;;25-Aug-2025
151685;Kotak FMP Series 310 - Regular Plan - IDCW Payout option;INF174KA1NN8;;11.8587;;;25-Aug-2025

Nippon India Mutual Fund
147095;NIPPON INDIA FIXED MATURITY  PLAN - XLI - SERIES 8 - DIRECT Plan - IDCW Option;INF204KB18B8;;16.7857;;;25-Aug-2025
147096;NIPPON INDIA FIXED MATURITY PLAN  - XLI - SERIES 8 - IDCW Option;INF204KB16B2;;16.4711;;;25-Aug-2025
147098;Nippon India Fixed Maturity Plan XLI - Series 8 - Direct Plan - Growth Option;INF204KB17B0;;16.7856;;;25-Aug-2025
147097;Nippon India Fixed Maturity Plan XLI - Series 8 - Growth Option;INF204KB15B4;;16.4711;;;25-Aug-2025
149130;Nippon India Fixed Maturity Plan - XLIII - Series 1 - Direct Plan - Income Distribution Cum Capital Withdrawal Plan;INF204KC1188;;12.7902;;;25-Aug-2025
149131;Nippon India Fixed Maturity Plan - XLIII - Series 1 - Regular Plan - Growth Option;INF204KC1154;;12.6645;;;25-Aug-2025
149128;Nippon India Fixed Maturity Plan - XLIII - Series 1 - Regular Plan - Income Distribution cum Capital Withdrawal Plan;INF204KC1162;;12.6645;;;25-Aug-2025
149129;Nippon India Fixed Maturity Plan - XLIII - Series 1- Direct Plan - Growth Option;INF204KC1170;;12.7902;;;25-Aug-2025
149917;Nippon India Fixed Maturity Plan-XLIII-Series 5- Direct Plan-Growth Option;INF204KC1477;;12.7830;;;25-Aug-2025
149914;Nippon India Fixed Maturity Plan-XLIII-Series 5- Direct Plan-Payout of IDCW;INF204KC1485;;12.7830;;;25-Aug-2025
149915;Nippon India Fixed Maturity Plan-XLIII-Series 5- Regular Plan-Growth Option;INF204KC1451;;12.6943;;;25-Aug-2025
149916;Nippon India Fixed Maturity Plan-XLIII-Series 5- Regular Plan-Payout of IDCW;INF204KC1469;;12.6943;;;25-Aug-2025
150627;Nippon India Fixed Maturity Plan-XLIV-Series 1-Direct Plan-Growth Option;INF204KC1634;;12.6131;;;25-Aug-2025
150628;Nippon India Fixed Maturity Plan-XLIV-Series 1-Direct Plan-Payout of IDCW;INF204KC1642;;12.6131;;;25-Aug-2025
150629;Nippon India Fixed Maturity Plan-XLIV-Series 1-Regular Plan-Growth Option;INF204KC1618;;12.5395;;;25-Aug-2025
150630;Nippon India Fixed Maturity Plan-XLIV-Series 1-Regular Plan-Payout of IDCW;INF204KC1626;;12.5395;;;25-Aug-2025
150932;Nippon India Fixed Maturity Plan - XLIV - Series 4-Direct Plan-Growth Option;INF204KC1931;;12.1440;;;25-Aug-2025
150934;Nippon India Fixed Maturity Plan - XLIV - Series 4-Regular Plan-Payout of IDCW;INF204KC1923;;12.0777;;;25-Aug-2025
150935;Nippon India Fixed Maturity Plan- XLIV - Series 4-Regular Plan-Growth Option;INF204KC1915;;12.0777;;;25-Aug-2025
151674;Nippon India Fixed Maturity Plan-XLV-Series 4-Direct Plan-Growth Option;INF204KC1BF1;;11.9388;;;25-Aug-2025
151671;Nippon India Fixed Maturity Plan-XLV-Series 4-Direct Plan-Payout of IDCW;INF204KC1BG9;;11.9387;;;25-Aug-2025
151672;Nippon India Fixed Maturity Plan-XLV-Series 4-Regular Plan-Growth Option;INF204KC1BD6;;11.8816;;;25-Aug-2025
151673;Nippon India Fixed Maturity Plan-XLV-Series 4-Regular Plan-Payout of IDCW;INF204KC1BE4;;11.8816;;;25-Aug-2025
151708;Nippon India Fixed Maturity Plan-XLV-Series 5-Direct Plan-Growth Option;INF204KC1BJ3;;12.3429;;;25-Aug-2025
151710;Nippon India Fixed Maturity Plan-XLV-Series 5-Regular Plan-Growth Option;INF204KC1BH7;;12.2578;;;25-Aug-2025
151711;Nippon India Fixed Maturity Plan-XLV-Series 5-Regular Plan-Payout of IDCW;INF204KC1BI5;;12.2578;;;25-Aug-2025

SBI Mutual Fund
146974;SBI Fixed Maturity Plan (FMP) - Series 1 (3668 Days) - Direct Plan - Growth;INF200KA1D03;;16.7622;;;25-Aug-2025
146975;SBI Fixed Maturity Plan (FMP) - Series 1 (3668 Days) - Direct Plan - Income Distribution cum Capital Withdrawal Option (IDCW);INF200KA1D11;;16.7752;;;25-Aug-2025
146976;SBI Fixed Maturity Plan (FMP) - Series 1 (3668 Days) - Regular Plan - Growth;INF200KA1C87;;16.5580;;;25-Aug-2025
146973;SBI Fixed Maturity Plan (FMP) - Series 1 (3668 Days) - Regular Plan - Income Distribution cum Capital Withdrawal Option (IDCW);INF200KA1C95;;16.5578;;;25-Aug-2025
148387;SBI Fixed Maturity Plan (FMP) - Series 34 (3682 Days) - Direct Plan - Growth;INF200KA1Q73;;14.0881;;;25-Aug-2025
148388;SBI Fixed Maturity Plan (FMP) - Series 34 (3682 Days) - Direct Plan - Income Distribution cum Capital Withdrawal Option (IDCW);INF200KA1Q81;;14.0881;;;25-Aug-2025
148389;SBI Fixed Maturity Plan (FMP) - Series 34 (3682 Days) - Regular Plan - Growth;INF200KA1Q57;;13.9166;;;25-Aug-2025
148390;SBI Fixed Maturity Plan (FMP) - Series 34 (3682 Days) - Regular Plan - Income Distribution cum Capital Withdrawal Option (IDCW);INF200KA1Q65;;13.9167;;;25-Aug-2025
149043;SBI Fixed Maturity Plan (FMP) - Series 46 (1850 Days) - Direct Plan - Growth;INF200KA1X41;;12.9069;;;25-Aug-2025
149044;SBI Fixed Maturity Plan (FMP) - Series 46 (1850 Days) - Direct Plan - Income Distribution cum Capital Withdrawal Option (IDCW);INF200KA1X58;;12.9069;;;25-Aug-2025
149045;SBI Fixed Maturity Plan (FMP) - Series 46 (1850 Days) - Regular Plan - Growth;INF200KA1X25;;12.8297;;;25-Aug-2025
149042;SBI Fixed Maturity Plan (FMP) - Series 46 (1850 Days) - Regular Plan - Income Distribution cum Capital Withdrawal Option (IDCW);INF200KA1X33;;12.8298;;;25-Aug-2025
149147;SBI Fixed Maturity Plan (FMP) - Series 49 (1823 Days) - Direct Plan - Growth;INF200KA1Z23;;12.7785;;;25-Aug-2025
149144;SBI Fixed Maturity Plan (FMP) - Series 49 (1823 Days) - Direct Plan - Income Distribution cum Capital Withdrawal Option (IDCW);INF200KA1Z31;;12.7785;;;25-Aug-2025
149145;SBI Fixed Maturity Plan (FMP) - Series 49 (1823 Days) - Regular Plan - Growth;INF200KA1Z07;;12.7045;;;25-Aug-2025
149146;SBI Fixed Maturity Plan (FMP) - Series 49 (1823 Days) - Regular Plan - Income Distribution cum Capital Withdrawal Option (IDCW);INF200KA1Z15;;12.7045;;;25-Aug-2025
149174;SBI Fixed Maturity Plan (FMP) - Series 50 (1843 Days) - Direct Plan - Growth;INF200KA1Z64;;12.6475;;;25-Aug-2025
149175;SBI Fixed Maturity Plan (FMP) - Series 50 (1843 Days) - Direct Plan - Income Distribution Capital Withdrawal Option (IDCW);INF200KA1Z72;;12.6475;;;25-Aug-2025
149172;SBI Fixed Maturity Plan (FMP) - Series 50 (1843 Days) - Regular Plan - Growth;INF200KA1Z49;;12.5633;;;25-Aug-2025
149173;SBI Fixed Maturity Plan (FMP) - Series 50 (1843 Days) - Regular Plan -Income Distribution Capital Withdrawal Option (IDCW);INF200KA1Z56;;12.5633;;;25-Aug-2025
149195;SBI Fixed Maturity Plan (FMP) - Series 51 (1846 Days) - Direct Plan - Growth;INF200KA10A7;;12.6363;;;25-Aug-2025
149194;SBI Fixed Maturity Plan (FMP) - Series 51 (1846 Days) - Direct Plan - Income Distribution Capital Withdrawal Option (IDCW);INF200KA11A5;;12.6367;;;25-Aug-2025
149197;SBI Fixed Maturity Plan (FMP) - Series 51 (1846 Days) - Regular Plan - Growth;INF200KA1Z80;;12.5670;;;25-Aug-2025
149196;SBI Fixed Maturity Plan (FMP) - Series 51 (1846 Days) - Regular Plan - Income Distribution Capital Withdrawal Option (IDCW);INF200KA1Z98;;12.5671;;;25-Aug-2025
149232;SBI Fixed Maturity Plan (FMP) - Series 52 (1848 Days) - Direct Plan - Growth;INF200KA14A9;;12.6151;;;25-Aug-2025
149234;SBI Fixed Maturity Plan (FMP) - Series 52 (1848 Days) - Direct Plan - Income Distribution Cum Withdrawal (IDCW);INF200KA15A6;;12.6151;;;25-Aug-2025
149235;SBI Fixed Maturity Plan (FMP) - Series 52 (1848 Days) - Regular Plan - Growth;INF200KA12A3;;12.5484;;;25-Aug-2025
149233;SBI Fixed Maturity Plan (FMP) - Series 52 (1848 Days) - Regular Plan - Income Distribution Cum Withdrawal (IDCW);INF200KA13A1;;12.5484;;;25-Aug-2025
149279;SBI Fixed Maturity Plan (FMP) - Series 53 (1839 Days) - Direct Plan - Growth;INF200KA18A0;;12.6286;;;25-Aug-2025
149277;SBI Fixed Maturity Plan (FMP) - Series 53 (1839 Days) - Direct Plan - Income Distribution Cum Withdrawal Option (IDCW);INF200KA19A8;;12.6285;;;25-Aug-2025
149278;SBI Fixed Maturity Plan (FMP) - Series 53 (1839 Days) - Regular Plan - Growth;INF200KA16A4;;12.5713;;;25-Aug-2025
149280;SBI Fixed Maturity Plan (FMP) - Series 53 (1839 Days) - Regular Plan - Income  Distribution Cum Withdrawal Option (IDCW);INF200KA17A2;;12.5713;;;25-Aug-2025
149307;SBI Fixed Maturity Plan (FMP) - Series 54 (1842 Days) - Direct Plan - Growth;INF200KA12B1;;12.6102;;;25-Aug-2025
149309;SBI Fixed Maturity Plan (FMP) - Series 54 (1842 Days) - Direct Plan - Income Distribution Cum Withdrawal Option (IDCW);INF200KA13B9;;12.6106;;;25-Aug-2025
149308;SBI Fixed Maturity Plan (FMP) - Series 54 (1842 Days) - Regular Plan - Growth;INF200KA10B5;;12.5505;;;25-Aug-2025
149306;SBI Fixed Maturity Plan (FMP) - Series 54 (1842 Days) - Regular Plan - Income Distribution Cum Capital Withdrawal Option (IDCW);INF200KA11B3;;12.5505;;;25-Aug-2025
149345;SBI Fixed Maturity Plan (FMP) - Series 55 (1849 Days) - Direct Plan - Growth;INF200KA16B2;;12.5838;;;25-Aug-2025
149348;SBI Fixed Maturity Plan (FMP) - Series 55 (1849 Days) - Direct Plan - Income Distribution cum Capital Withdrawal Option (IDCW);INF200KA17B0;;12.5839;;;25-Aug-2025
149347;SBI Fixed Maturity Plan (FMP) - Series 55 (1849 Days) - Regular Plan - Growth;INF200KA14B7;;12.5251;;;25-Aug-2025
149346;SBI Fixed Maturity Plan (FMP) - Series 55 (1849 Days) - Regular Plan - Income Distribution Cum Capital Withdrawal Option (IDCW);INF200KA15B4;;12.5250;;;25-Aug-2025
149431;SBI Fixed Maturity Plan (FMP) - Series 57 (1835 Days) - Direct Plan - Growth;INF200KA14C5;;12.5048;;;25-Aug-2025
149430;SBI Fixed Maturity Plan (FMP) - Series 57 (1835 Days) - Direct Plan - Income Distribution cum Capital Withdrawal Option (IDCW);INF200KA15C2;;12.5048;;;25-Aug-2025
149432;SBI Fixed Maturity Plan (FMP) - Series 57 (1835 Days) - Regular Plan - Growth;INF200KA12C9;;12.4475;;;25-Aug-2025
149433;SBI Fixed Maturity Plan (FMP) - Series 57 (1835 Days) - Regular Plan - Income Distribution cum Capital Withdrawal Option (IDCW);INF200KA13C7;;12.4477;;;25-Aug-2025
149460;SBI Fixed Maturity Plan (FMP) - Series 58 (1842 Days) - Direct Plan - Growth;INF200KA18C6;;12.6035;;;25-Aug-2025
149461;SBI Fixed Maturity Plan (FMP) - Series 58 (1842 Days) - Direct Plan - Income Distribution cum Capital withdrawal option (IDCW);INF200KA19C4;;12.6037;;;25-Aug-2025
149459;SBI Fixed Maturity Plan (FMP) - Series 58 (1842 Days) - Regular Plan - Growth;INF200KA16C0;;12.5476;;;25-Aug-2025
149462;SBI Fixed Maturity Plan (FMP) - Series 58 (1842 Days) - Regular Plan - Income Distribution cum Capital withdrawal option (IDCW);INF200KA17C8;;12.5476;;;25-Aug-2025
149822;SBI Fixed Maturity Plan (FMP) - Series 59 (1618 Days) - Direct Plan - Growth;INF200KA19D2;;12.4308;;;25-Aug-2025
149823;SBI Fixed Maturity Plan (FMP) - Series 59 (1618 Days) - Direct Plan - Income Distribution cum Capital Withdrawal Option (IDCW);INF200KA10E9;;12.4302;;;25-Aug-2025
149825;SBI Fixed Maturity Plan (FMP) - Series 59 (1618 Days) - Regular Plan - Growth;INF200KA17D6;;12.3785;;;25-Aug-2025
149824;SBI Fixed Maturity Plan (FMP) - Series 59 (1618 Days) - Regular Plan - Income Distribution cum Capital Withdrawal Option (IDCW);INF200KA18D4;;12.3785;;;25-Aug-2025
147248;SBI Fixed Maturity Plan (FMP) - Series 6 (3668 Days) - Direct Plan - Growth;INF200KA1F27;;16.3189;;;25-Aug-2025
147249;SBI Fixed Maturity Plan (FMP) - Series 6 (3668 Days) - Direct Plan - Income Distribution cum Capital Withdrawal Option (IDCW);INF200KA1F35;;16.3191;;;25-Aug-2025
147247;SBI Fixed Maturity Plan (FMP) - Series 6 (3668 Days) - Regular Plan - Growth;INF200KA1F01;;16.0738;;;25-Aug-2025
147250;SBI Fixed Maturity Plan (FMP) - Series 6 (3668 Days) - Regular Plan - Income Distribution cum Capital Withdrawal Option (IDCW);INF200KA1F19;;16.0765;;;25-Aug-2025
149878;SBI Fixed Maturity Plan (FMP) - Series 60 (1878 Days) - Direct Plan - Growth;INF200KA13E3;;12.5113;;;25-Aug-2025
149879;SBI Fixed Maturity Plan (FMP) - Series 60 (1878 Days) - Direct Plan - Income Distribution cum Capital Withdrwal Option (IDCW);INF200KA14E1;;12.5115;;;25-Aug-2025
149876;SBI Fixed Maturity Plan (FMP) - Series 60 (1878 Days) - Regular Plan - Growth;INF200KA11E7;;12.4571;;;25-Aug-2025
149877;SBI Fixed Maturity Plan (FMP) - Series 60 (1878 Days) - Regular Plan - Income Distribution cum Capital Withdrawal Option (IDCW);INF200KA12E5;;12.4571;;;25-Aug-2025
149993;SBI Fixed Maturity Plan (FMP)- Series 61 (1927 Days)- Direct Plan- Growth option;INF200KA13F0;;12.5527;;;25-Aug-2025
149995;SBI Fixed Maturity Plan (FMP)- Series 61 (1927 Days)- Direct Plan- Income Distribution Cum Capital withdrawal option;INF200KA14F8;;12.5528;;;25-Aug-2025
149994;SBI Fixed Maturity Plan (FMP)- Series 61 (1927 Days)- Regular Plan- Growth option;INF200KA11F4;;12.5001;;;25-Aug-2025
149992;SBI Fixed Maturity Plan (FMP)- Series 61 (1927 Days)- Regular Plan- Income Distribution Cum Capital withdrawal option;INF200KA12F2;;12.5000;;;25-Aug-2025
150602;SBI Fixed Maturity Plan (FMP) - Series 64 (1169 Days) - Direct Plan - Growth;INF200KA17N5;;12.1990;;;25-Aug-2025
150603;SBI Fixed Maturity Plan (FMP) - Series 64 (1169 Days) - Direct Plan - IDCW Payout;INF200KA18N3;;12.1992;;;25-Aug-2025
150604;SBI Fixed Maturity Plan (FMP) - Series 64 (1169 Days) - Regular Plan - Growth;INF200KA15N9;;12.1563;;;25-Aug-2025
150605;SBI Fixed Maturity Plan (FMP) - Series 64 (1169 Days) - Regular Plan - IDCW Payout;INF200KA16N7;;12.1563;;;25-Aug-2025
150379;SBI Fixed Maturity Plan (FMP) - Series 66 (1361 Days) - Direct Plan - Growth;INF200KA11M0;;12.4997;;;25-Aug-2025
150378;SBI Fixed Maturity Plan (FMP) - Series 66 (1361 Days) - Direct Plan - Income Distribution cum Capital Withdrawal Option (IDCW);INF200KA12M8;;12.4997;;;25-Aug-2025
150377;SBI Fixed Maturity Plan (FMP) - Series 66 (1361 Days) - Regular Plan - Growth;INF200KA19L5;;12.4541;;;25-Aug-2025
150380;SBI Fixed Maturity Plan (FMP) - Series 66 (1361 Days) - Regular Plan - Income Distribution cum Capital Withdrawal Option (IDCW);INF200KA10M2;;12.4542;;;25-Aug-2025
150460;SBI Fixed Maturity Plan (FMP) - Series 67 (1467 Days) - Direct Plan - Growth;INF200KA15M1;;12.4932;;;25-Aug-2025
150458;SBI Fixed Maturity Plan (FMP) - Series 67 (1467 Days) - Direct Plan - IDCW Payout;INF200KA16M9;;12.4932;;;25-Aug-2025
150461;SBI Fixed Maturity Plan (FMP) - Series 67 (1467 Days) - Regular Plan - Growth;INF200KA13M6;;12.4485;;;25-Aug-2025
150459;SBI Fixed Maturity Plan (FMP) - Series 67 (1467 Days) - Regular Plan - IDCW Payout;INF200KA14M4;;12.4489;;;25-Aug-2025
150649;SBI Fixed Maturity Plan (FMP) - Series 68 (1302 Days) - Direct Plan - Growth;INF200KA15O7;;12.3396;;;25-Aug-2025
150650;SBI Fixed Maturity Plan (FMP) - Series 68 (1302 Days) - Direct Plan - IDCW Payout;INF200KA16O5;;12.3425;;;25-Aug-2025
150647;SBI Fixed Maturity Plan (FMP) - Series 68 (1302 Days) - Regular Plan - Growth;INF200KA13O2;;12.2968;;;25-Aug-2025
150648;SBI Fixed Maturity Plan (FMP) - Series 68 (1302 Days) - Regular Plan - IDCW Payout;INF200KA14O0;;12.2968;;;25-Aug-2025
151559;SBI Fixed Maturity Plan (FMP) - Series 79 (1170 Days) - Direct Plan - Growth;INF200KA19W2;;12.0095;;;25-Aug-2025
151558;SBI Fixed Maturity Plan (FMP) - Series 79 (1170 Days) - Direct Plan - Income Distribution cum Capital Withdrawal Payout;INF200KA10X9;;12.0098;;;25-Aug-2025
151556;SBI Fixed Maturity Plan (FMP) - Series 79 (1170 Days) - Regular Plan - Growth;INF200KA17W6;;11.9729;;;25-Aug-2025
151557;SBI Fixed Maturity Plan (FMP) - Series 79 (1170 Days) - Regular Plan - Income Distribution cum Capital Withdrawal Payout;INF200KA18W4;;11.9730;;;25-Aug-2025
148848;SBI Fixed Maturity Plan (FMP) - Series 42 (1857 Days) Direct Plan - Income Distribution cum Capital Withdrawal Option (IDCW);INF200KA1V27;;13.0919;;;25-Aug-2025
148845;SBI Fixed Maturity Plan (FMP) - Series 42 (1857 Days) Regular Plan - Income Distribution cum Capital Withdrawal Option (IDCW);INF200KA1V01;;12.9991;;;25-Aug-2025
148846;SBI Fixed Maturity Plan (FMP) Series 42 (1857 Days) - Direct Plan - Growth;INF200KA1V19;;13.0917;;;25-Aug-2025
148847;SBI Fixed Maturity Plan (FMP) Series 42 (1857 Days) - Regular Plan - Growth;INF200KA1U93;;12.9991;;;25-Aug-2025
148941;SBI Fixed Maturity Plan (FMP) Series 43 (1616 Days) - Direct Plan - Growth;INF200KA1V50;;12.9086;;;25-Aug-2025
148942;SBI Fixed Maturity Plan (FMP) Series 43 (1616 Days) - Direct Plan - Income Distribution cum Capital Withdrawal Option (IDCW);INF200KA1V68;;12.9086;;;25-Aug-2025
148939;SBI Fixed Maturity Plan (FMP) Series 43 (1616 Days) - Regular Plan - Growth;INF200KA1V35;;12.8303;;;25-Aug-2025
148940;SBI Fixed Maturity Plan (FMP) Series 43 (1616 Days) - Regular Plan - Income Distribution cum Capital Withdrawal Option (IDCW);INF200KA1V43;;12.8303;;;25-Aug-2025
148967;SBI Fixed Maturity Plan (FMP) - Series 44 (1855 Days) - Direct Plan - Growth;INF200KA1W59;;12.9302;;;25-Aug-2025
148968;SBI Fixed Maturity Plan (FMP) - Series 44 (1855 Days) - Direct Plan - Income Distribution cum Capital Withdrawal Option (IDCW);INF200KA1W67;;12.9302;;;25-Aug-2025
148966;SBI Fixed Maturity Plan (FMP) - Series 44 (1855 Days) - Regular Plan - Growth;INF200KA1W34;;12.8554;;;25-Aug-2025
148969;SBI Fixed Maturity Plan (FMP) Series 44 (1855 Days) - Regular Plan - Income Distribution cum Capital Withdrawal Option (IDCW);INF200KA1W42;;12.8554;;;25-Aug-2025
148999;SBI Fixed Maturity Plan (FMP) Series 45 (1840 Days) - Direct Plan - Growth;INF200KA1W91;;12.9187;;;25-Aug-2025
148998;SBI Fixed Maturity Plan (FMP) Series 45 (1840 Days) - Direct Plan - Income Distribution cum Capital Withdrawal Option (IDCW);INF200KA1X09;;12.9187;;;25-Aug-2025
148996;SBI Fixed Maturity Plan (FMP) Series 45 (1840 Days) - Regular Plan - Growth;INF200KA1W75;;12.8471;;;25-Aug-2025
148997;SBI Fixed Maturity Plan (FMP) Series 45 (1840Days) - Regular Plan - Income Distribution cum Capital Withdrawal Option (IDCW);INF200KA1W83;;12.8472;;;25-Aug-2025
150919;SBI Fixed Maturity Plan (FMP)-Series 72 (1239 Days) Direct Plan- Growth;INF200KA17S4;;12.1994;;;25-Aug-2025
150916;SBI Fixed Maturity Plan (FMP)-Series 72 (1239 Days) Direct Plan- Income Distribution Cum Capital Withdrawal Payout;INF200KA18S2;;12.1994;;;25-Aug-2025
150917;SBI Fixed Maturity Plan (FMP)-Series 72 (1239 Days) Regular Plan- Growth;INF200KA15S8;;12.1585;;;25-Aug-2025
150918;SBI Fixed Maturity Plan (FMP)-Series 72 (1239 Days) Regular Plan- Income Distribution Cum Capital Withdrawal Payout;INF200KA16S6;;12.1585;;;25-Aug-2025
150984;SBI Fixed Maturity Plan (FMP) - Series 73 (1226 Days) - Direct Plan - Growth;INF200KA11T5;;12.1681;;;25-Aug-2025
150985;SBI Fixed Maturity Plan (FMP) - Series 73 (1226 Days) - Direct Plan - IDCW Payout;INF200KA12T3;;12.1680;;;25-Aug-2025
150986;SBI Fixed Maturity Plan (FMP) - Series 73 (1226 Days) - Regular Plan - Growth;INF200KA19S0;;12.1283;;;25-Aug-2025
150983;SBI Fixed Maturity Plan (FMP) - Series 73 (1226 Days) - Regular Plan - IDCW Payout;INF200KA10T7;;12.1283;;;25-Aug-2025
151252;SBI Fixed Maturity Plan (FMP)-Series 74 (1243 Days)- Direct Plan- Growth;INF200KA11U3;;12.1483;;;25-Aug-2025
151253;SBI Fixed Maturity Plan (FMP)-Series 74 (1243 Days)- Direct Plan- Income Distribution Cum Capital Withdrawal Payout;INF200KA12U1;;12.1483;;;25-Aug-2025
151254;SBI Fixed Maturity Plan (FMP)-Series 74 (1243 Days)- Regular Plan- Growth;INF200KA19T8;;12.1094;;;25-Aug-2025
151255;SBI Fixed Maturity Plan (FMP)-Series 74 (1243 Days)- Regular Plan- Income Distribution Cum Capital Withdrawal Payout;INF200KA10U5;;12.1094;;;25-Aug-2025
151351;SBI Fixed Maturity Plan (FMP) - Series 76 (1221 Days) - Direct Plan - Growth;INF200KA19U6;;12.0675;;;25-Aug-2025
151350;SBI Fixed Maturity Plan (FMP) - Series 76 (1221 Days) - Direct Plan - Income Distribution Cum Capital Withdrawal Payout;INF200KA10V3;;12.0675;;;25-Aug-2025
151349;SBI Fixed Maturity Plan (FMP) - Series 76 (1221 Days) - Regular Plan - Growth;INF200KA17U0;;12.0299;;;25-Aug-2025
151348;SBI Fixed Maturity Plan (FMP) - Series 76 (1221 Days) - Regular Plan - Income Distribution Cum Capital Withdrawal Payout;INF200KA18U8;;12.0299;;;25-Aug-2025
151451;SBI Fixed Maturity Plan (FMP)-Series 78 (1170 Days) Direct Plan- Growth;INF200KA19V4;;12.0529;;;25-Aug-2025
151452;SBI Fixed Maturity Plan (FMP)-Series 78 (1170 Days) Direct Plan- Income Distribution Cum Capital Withdrawal Payout;INF200KA10W1;;12.0519;;;25-Aug-2025
151454;SBI Fixed Maturity Plan (FMP)-Series 78 (1170 Days) Regular Plan- Growth;INF200KA17V8;;12.0152;;;25-Aug-2025
151453;SBI Fixed Maturity Plan (FMP)-Series 78 (1170 Days) Regular Plan- Income Distribution Cum Capital Withdrawal Payout;INF200KA18V6;;12.0143;;;25-Aug-2025
151639;SBI Fixed Maturity Plan (FMP)-Series 81 (1157 Days) Direct Plan- Growth;INF200KA17X4;;11.9608;;;25-Aug-2025
151640;SBI Fixed Maturity Plan (FMP)-Series 81 (1157 Days) Direct Plan- Income Distribution Cum Capital Withdrawal Payout;INF200KA18X2;;11.9607;;;25-Aug-2025
151641;SBI Fixed Maturity Plan (FMP)-Series 81 (1157 Days) Regular Plan- Growth;INF200KA15X8;;11.9256;;;25-Aug-2025
151642;SBI Fixed Maturity Plan (FMP)-Series 81 (1157 Days) Regular Plan- Income Distribution Cum Capital Withdrawal Payout;INF200KA16X6;;11.9256;;;25-Aug-2025

Trust Mutual Fund
151620;TRUSTMF FIXED MATURITY PLAN -SERIES II (1196 DAYS)-DIRECT PLAN -GROWTH;INF0GCD01651;;1226.5428;;;25-Aug-2025
151617;TRUSTMF FIXED MATURITY PLAN -SERIES II (1196 DAYS)-REGULAR PLAN -GROWTH;INF0GCD01636;;1223.3439;;;25-Aug-2025
151618;TRUSTMF FIXED MATURITY PLAN -SERIES II (1196 DAYS)-REGULAR PLAN -IDCW PAYOUT;INF0GCD01644;;1223.3435;;;25-Aug-2025

Union Mutual Fund
151622;Union Fixed Maturity Plan - Series 13 - Direct Plan - Growth Option;INF582M01IW0;;11.8986;;;25-Aug-2025
151624;Union Fixed Maturity Plan - Series 13 - Regular Plan - Growth Option;INF582M01IY6;;11.8130;;;25-Aug-2025
151623;Union Fixed Maturity Plan - Series 13 - Regular Plan - IDCW Payout Option;INF582M01IZ3;;11.8130;;;25-Aug-2025

UTI Mutual Fund
106185;UTI Annual Interval Fund - I - ( Instn Growth Option );INF789F01FJ8;;36.0358;;;25-Aug-2025
123663;UTI Annual Interval Fund - I - Direct Plan - Dividend Option;INF789F01VU2;INF789F01VV0;11.2354;;;25-Aug-2025
123646;UTI Annual Interval Fund - I - Direct Plan - Growth Option;INF789F01VW8;;35.063;;;25-Aug-2025
106183;UTI Annual Interval Fund - I - Regular Plan - Growth Option;INF789F01FG4;;34.6427;;;25-Aug-2025
106186;UTI Annual Interval Fund - I - Regular Plan - IDCW;INF789F01FE9;INF789F01FF6;10.881;;;25-Aug-2025
150835;UTI Fixed Term Income Fund - Series XXXV-I (1260 Days) - Direct Plan - Annual IDCW Option;INF789F1AWI4;;11.2372;;;25-Aug-2025
150833;UTI Fixed Term Income Fund - Series XXXV-I (1260 Days) - Direct Plan - Growth Option;INF789F1AWK0;;12.2751;;;25-Aug-2025
150837;UTI Fixed Term Income Fund - Series XXXV-I (1260 Days) - Direct Plan - Maturity IDCW Option;INF789F1AWJ2;;12.2751;;;25-Aug-2025
150834;UTI Fixed Term Income Fund - Series XXXV-I (1260 Days) - Direct Plan - Quarterly IDCW Option;INF789F1AWH6;;12.2751;;;25-Aug-2025
150831;UTI Fixed Term Income Fund - Series XXXV-I (1260 days) - Regular Plan - Annual IDCW Option;INF789F1AWD5;;10.9846;;;25-Aug-2025
150832;UTI Fixed Term Income Fund - Series XXXV-I (1260 Days) - Regular Plan - Flexi IDCW Option;INF789F1AWG8;;12.1451;;;25-Aug-2025
150828;UTI Fixed Term Income Fund - Series XXXV-I (1260 Days) - Regular Plan - Growth Option;INF789F1AWF0;;12.146;;;25-Aug-2025
150829;UTI Fixed Term Income Fund - Series XXXV-I (1260 Days) - Regular Plan - Maturity IDCW Option;INF789F1AWE3;;12.1461;;;25-Aug-2025
150830;UTI Fixed Term Income Fund - Series XXXV-I (1260 Days) - Regular Plan - Quarterly IDCW Option;INF789F1AWC7;;12.1461;;;25-Aug-2025
150965;UTI Fixed Term Income Fund - Series XXXV-II (1223 Days) - Direct Plan - Annual IDCW Option;INF789F1AWS3;;11.0733;;;25-Aug-2025
150970;UTI Fixed Term Income Fund - Series XXXV-II (1223 Days) - Direct Plan - Flexi IDCW Option;INF789F1AWV7;;12.1666;;;25-Aug-2025
150963;UTI Fixed Term Income Fund - Series XXXV-II (1223 Days) - Direct Plan - Growth Option;INF789F1AWU9;;12.1497;;;25-Aug-2025
150966;UTI Fixed Term Income Fund - Series XXXV-II (1223 Days) - Direct Plan - Maturity IDCW Option;INF789F1AWT1;;12.1495;;;25-Aug-2025
150964;UTI Fixed Term Income Fund - Series XXXV-II (1223 Days) - Direct Plan - Quarterly IDCW Option;INF789F1AWR5;;12.1514;;;25-Aug-2025
150967;UTI Fixed Term Income Fund - Series XXXV-II (1223 Days) - Regular Plan - Annual IDCW Option;INF789F1AWN4;;10.9564;;;25-Aug-2025
150968;UTI Fixed Term Income Fund - Series XXXV-II (1223 Days) - Regular Plan - Flexi IDCW Option;INF789F1AWQ7;;12.0294;;;25-Aug-2025
150971;UTI Fixed Term Income Fund - Series XXXV-II (1223 Days) - Regular Plan - Growth Option;INF789F1AWP9;;12.0284;;;25-Aug-2025
150969;UTI Fixed Term Income Fund - Series XXXV-II (1223 Days) - Regular Plan - Maturity IDCW Option;INF789F1AWO2;;12.0275;;;25-Aug-2025
150972;UTI Fixed Term Income Fund - Series XXXV-II (1223 Days) - Regular Plan - Quarterly IDCW Option;INF789F1AWM6;;12.0284;;;25-Aug-2025
151334;UTI Fixed Term Income Fund - Series XXXV-III (1176 Days) - Direct Plan - Annual IDCW Option;INF789F1AXF8;;11.0152;;;25-Aug-2025
151341;UTI Fixed Term Income Fund - Series XXXV-III (1176 Days) - Direct Plan - Growth Option;INF789F1AXH4;;12.0601;;;25-Aug-2025
151335;UTI Fixed Term Income Fund - Series XXXV-III (1176 Days) - Direct Plan - Maturity IDCW Option;INF789F1AXG6;;12.0601;;;25-Aug-2025
151333;UTI Fixed Term Income Fund - Series XXXV-III (1176 Days) - Direct Plan - Quarterly IDCW Option;INF789F1AXE1;;12.0619;;;25-Aug-2025
151339;UTI Fixed Term Income Fund - Series XXXV-III (1176 Days) - Regular Plan - Annual IDCW Option;INF789F1AXJ0;;10.9064;;;25-Aug-2025
151332;UTI Fixed Term Income Fund - Series XXXV-III (1176 Days) - Regular Plan - Flexi IDCW Option;INF789F1AXD3;;11.9468;;;25-Aug-2025
151338;UTI Fixed Term Income Fund - Series XXXV-III (1176 Days) - Regular Plan - Growth Option;INF789F1AXC5;;11.9467;;;25-Aug-2025
151331;UTI Fixed Term Income Fund - Series XXXV-III (1176 Days) - Regular Plan - Quarterly IDCW Option;INF789F1AXA9;;11.9479;;;25-Aug-2025
151485;UTI Fixed Term Income Fund Series XXXVI - I (1574 Days) - Direct Plan - Growth Option;INF789F1AXP7;;12.2811;;;25-Aug-2025
151484;UTI Fixed Term Income Fund Series XXXVI - I (1574 Days) - Direct Plan - Payout of IDCW Option;INF789F1AXO0;;11.7451;;;25-Aug-2025
151483;UTI Fixed Term Income Fund Series XXXVI - I (1574 Days) - Regular Plan - Growth Option;INF789F1AXN2;;12.1588;;;25-Aug-2025
151486;UTI Fixed Term Income Fund Series XXXVI - I (1574 Days) - Regular Plan - Payout of IDCW Option;INF789F1AXM4;;11.626;;;25-Aug-2025

Close Ended Schemes ( ELSS )


Bank of India Mutual Fund
141950;BANK OF INDIA Mid Cap Tax Fund Series 1 Direct Plan Growth;INF761K01DS3;;28.22;;;25-Aug-2025
141949;BANK OF INDIA Mid Cap Tax Fund Series 1 Direct Plan IDCW;INF761K01DT1;;28.22;;;25-Aug-2025
141952;BANK OF INDIA Mid Cap Tax Fund Series 1 Regular Plan Growth;INF761K01DU9;;27.27;;;25-Aug-2025
141951;BANK OF INDIA Mid Cap Tax Fund Series 1 Regular Plan IDCW;INF761K01DV7;;27.27;;;25-Aug-2025
144315;BANK OF INDIA Midcap Tax Fund Series 2 Direct Plan Growth;INF761K01EL6;;33.91;;;25-Aug-2025
144309;BANK OF INDIA Midcap Tax Fund Series 2 Direct Plan IDCW;INF761K01EK8;;33.91;;;25-Aug-2025
144314;BANK OF INDIA Midcap Tax Fund Series 2 Regular Plan Growth;INF761K01EN2;;32.62;;;25-Aug-2025
144316;BANK OF INDIA Midcap Tax Fund Series 2 Regular Plan IDCW;INF761K01EM4;;32.63;;;25-Aug-2025

ICICI Prudential Mutual Fund
142136;ICICI Prudential Long Term Wealth Enhancement Fund - Cumulative Option;INF109KC1077;;29.27;;;25-Aug-2025
142134;ICICI Prudential Long Term Wealth Enhancement Fund - Direct Plan Cumulative Option;INF109KC1093;;30.54;;;25-Aug-2025
142133;ICICI Prudential Long Term Wealth Enhancement Fund - Direct Plan IDCW Option;INF109KC1101;;30.54;;;25-Aug-2025
142135;ICICI Prudential Long Term Wealth Enhancement Fund - IDCW Option;INF109KC1085;;29.27;;;25-Aug-2025

SBI Mutual Fund
136007;SBI Long Term Advantage Fund - Series III - Direct Plan - Growth;INF200KA1HN8;;45.2860;;;25-Aug-2025
136006;SBI Long Term Advantage Fund - Series III - Direct Plan - Income Distribution cum Capital Withdrawal Option (IDCW);INF200KA1HO6;;38.1663;;;25-Aug-2025
136004;SBI Long Term Advantage Fund - Series III - Regular Plan - Growth;INF200KA1HL2;;42.4399;;;25-Aug-2025
136005;SBI Long Term Advantage Fund - Series III - Regular Plan - Income Distribution cum Capital Withdrawal Option (IDCW);INF200KA1HM0;;35.9365;;;25-Aug-2025
140487;SBI Long Term Advantage Fund - Series IV - Direct Plan - Growth;INF200KA1LS9;;48.7011;;;25-Aug-2025
140486;SBI Long Term Advantage Fund - Series IV - Direct Plan - Income Distribution cum Capital Withdrawal Option (IDCW);INF200KA1LT7;;41.3241;;;25-Aug-2025
140488;SBI Long Term Advantage Fund - Series IV - Regular Plan - Growth;INF200KA1LQ3;;46.3701;;;25-Aug-2025
140489;SBI Long Term Advantage Fund - Series IV - Regular Plan - Income Distribution cum Capital Withdrawal Option (IDCW);INF200KA1LR1;;39.2848;;;25-Aug-2025
142138;SBI Long Term Advantage Fund - Series V - Direct Plan - Growth;INF200KA1RW8;;32.7368;;;25-Aug-2025
142140;SBI Long Term Advantage Fund - Series V - Direct Plan - Income Distribution cum Capital Withdrawal Option (IDCW);INF200KA1RX6;;32.7380;;;25-Aug-2025
142137;SBI Long Term Advantage Fund - Series V - Regular Plan - Income Distribution cum Capital Withdrawal Option (IDCW);INF200KA1RV0;;31.4749;;;25-Aug-2025
142139;SBI Long Term Advantage Fund Series V - Regular Plan - Growth;INF200KA1RU2;;31.4881;;;25-Aug-2025
143178;SBI Long Term Advantage Fund - Series VI - Direct Plan - Growth;INF200KA1TO1;;31.9605;;;25-Aug-2025
143179;SBI Long Term Advantage Fund - Series VI - Direct Plan - Income Distribution cum Capital Withdrawal Option (IDCW);INF200KA1TP8;;31.9334;;;25-Aug-2025
143176;SBI Long Term Advantage Fund - Series VI - Regular Plan - Growth;INF200KA1TM5;;30.7562;;;25-Aug-2025
143177;SBI Long Term Advantage Fund - Series VI - Regular Plan - Income Distribution cum Capital Withdrawal Option (IDCW);INF200KA1TN3;;30.7627;;;25-Aug-2025

Sundaram Mutual Fund
139711;Sundaram Long Term Micro Cap Tax Advantage Fund Series III Direct Plan - Growth;INF903JA1443;;34.0262;;;25-Aug-2025
139710;Sundaram Long Term Micro Cap Tax Advantage Fund Series III Direct Plan - Payout of Income Distribution cum Capital Withdrawal (IDCW);INF903JA1450;;29.8397;;;25-Aug-2025
139709;Sundaram Long Term Micro Cap Tax Advantage Fund Series III Regular Plan - Growth;INF903JA1427;;33.0327;;;25-Aug-2025
139712;Sundaram Long Term Micro Cap Tax Advantage Fund Series III Regular Plan - Payout of Income Distribution cum Capital Withdrawal (IDCW);INF903JA1435;;28.9011;;;25-Aug-2025
139990;Sundaram Long Term Micro Cap Tax Advantage Fund Series IV Direct Plan - Growth;INF903JA1526;;29.4387;;;25-Aug-2025
139989;Sundaram Long Term Micro Cap Tax Advantage Fund Series IV Direct Plan - Payout of Income Distribution cum Capital Withdrawal (IDCW);INF903JA1534;;28.0197;;;25-Aug-2025
139992;Sundaram Long Term Micro Cap Tax Advantage Fund Series IV Regular Plan - Growth;INF903JA1500;;28.7870;;;25-Aug-2025
139991;Sundaram Long Term Micro Cap Tax Advantage Fund Series IV Regular Plan - Payout of Income Distribution cum Capital Withdrawal (IDCW);INF903JA1518;;27.3704;;;25-Aug-2025
141564;Sundaram Long Term Micro Cap Tax Advantage Fund Series VI Direct Plan - Growth;INF903JA1AZ0;;27.9650;;;25-Aug-2025
141567;Sundaram Long Term Micro Cap Tax Advantage Fund Series VI Direct Plan - Payout of Income Distribution cum Capital Withdrawal (IDCW);INF903JA1BA1;;27.0662;;;25-Aug-2025
141565;Sundaram Long Term Micro Cap Tax Advantage Fund Series VI Regular Plan - Growth;INF903JA1AX5;;26.6685;;;25-Aug-2025
141566;Sundaram Long Term Micro Cap Tax Advantage Fund Series VI Regular Plan - Payout of Income Distribution cum Capital Withdrawal (IDCW);INF903JA1AY3;;25.7734;;;25-Aug-2025
141141;Sundaram Long Term Micro Cap Tax Advantage Fund Series V Direct Plan - Growth;INF903JA1955;;28.7306;;;25-Aug-2025
141142;Sundaram Long Term Micro Cap Tax Advantage Fund Series V Direct Plan - Payout of Income Distribution cum Capital Withdrawal (IDCW);INF903JA1963;;27.3530;;;25-Aug-2025
141139;Sundaram Long Term Micro Cap Tax Advantage Fund Series V Regular Plan - Growth;INF903JA1930;;27.9284;;;25-Aug-2025
141140;Sundaram Long Term Micro Cap Tax Advantage Fund Series V Regular Plan - Payout of Income Distribution cum Capital Withdrawal (IDCW);INF903JA1948;;26.5561;;;25-Aug-2025
142153;Sundaram Long Term Tax Advantage Fund Series III Direct Plan - Growth;INF903JA1BT1;;29.1679;;;25-Aug-2025
142154;Sundaram Long Term Tax Advantage Fund Series III Direct Plan - Payout of Income Distribution cum Capital Withdrawal (IDCW);INF903JA1BU9;;27.7678;;;25-Aug-2025
142151;Sundaram Long Term Tax Advantage Fund Series III Regular Plan - Growth;INF903JA1BR5;;28.2520;;;25-Aug-2025
142152;Sundaram Long Term Tax Advantage Fund Series III Regular Plan - Payout of Income Distribution cum Capital Withdrawal (IDCW);INF903JA1BS3;;26.8574;;;25-Aug-2025
143079;Sundaram Long Term Tax Advantage Fund Series IV Direct Plan - Growth;INF903JA1CZ6;;33.6409;;;25-Aug-2025
143080;Sundaram Long Term Tax Advantage Fund Series IV Direct Plan - Payout of Income Distribution cum Capital Withdrawal (IDCW);INF903JA1DA7;;30.9086;;;25-Aug-2025
143077;Sundaram Long Term Tax Advantage Fund Series IV Regular Plan - Growth;INF903JA1CX1;;32.9801;;;25-Aug-2025
143078;Sundaram Long Term Tax Advantage Fund Series IV Regular Plan - Payout of Income Distribution cum Capital Withdrawal (IDCW);INF903JA1CY9;;30.2646;;;25-Aug-2025
135682;Sundaram Long Term Tax Advantage Fund Series II Direct Plan - Growth;INF903J011W9;;36.9859;;;25-Aug-2025
135681;Sundaram Long Term Tax Advantage Fund Series II Direct Plan - Payout of Income Distribution cum Capital Withdrawal (IDCW);INF903J012W7;;28.5748;;;25-Aug-2025
135684;Sundaram Long Term Tax Advantage Fund Series II Regular Plan - Growth;INF903J019V4;;35.8643;;;25-Aug-2025
135683;Sundaram Long Term Tax Advantage Fund Series II Regular Plan - Payout of Income Distribution cum Capital Withdrawal (IDCW);INF903J010W1;;27.5597;;;25-Aug-2025

UTI Mutual Fund
101834;UTI - Master Equity Plan Unit Scheme;;;230.4052;;;25-Aug-2025

Interval Fund Schemes ( Income )


Nippon India Mutual Fund
118804;Nippon India Annual Interval Fund - Series I - Direct Plan Growth Plan - Growth;INF204K01B81;-;27.5589;;;25-Aug-2025
105660;NIPPON INDIA ANNUAL INTERVAL FUND - SERIES I - IDCW Option;INF204K01ED4;INF204K01EE2;12.7939;;;25-Aug-2025
105662;NIPPON INDIA ANNUAL INTERVAL FUND - SERIES I - RETAIL Plan - IDCW Option;INF204K01EA0;INF204K01EB8;12.7348;;;25-Aug-2025
105663;Nippon India Interval Fund Annual Interval Fund Series-I- Growth Option;INF204K01EC6;;27.2457;;;25-Aug-2025
105661;Nippon India Interval Fund Annual Interval Fund Series-I-Retail Plan Growth Option;INF204K01DZ9;;36.5721;;;25-Aug-2025
105689;Nippon India Interval Fund-Quarterly Interval Fund Series-II-Growth Option;INF204K01DN5;;36.3191;;;25-Aug-2025
118689;NIPPON INDIA QUARTERLY INTERVAL FUND - SERIES II - Direct Plan - IDCW Option;INF204K01F46;INF204K01F53;12.7786;;;25-Aug-2025
118691;Nippon India Quarterly Interval Fund - Series II - Direct Plan Growth Plan - Growth;INF204K01F61;-;36.8762;;;25-Aug-2025
105692;NIPPON INDIA QUARTERLY INTERVAL FUND - SERIES II - IDCW Option;INF204K01DO3;INF204K01DP0;12.7352;;;25-Aug-2025
